  -0.193538   -0.319269    0.779888    0.367437    0.260014   0.0701801     0.19145  -0.0520584    0.179802    0.454176   0.0668818   -0.122959    0.672112    0.672315    0.920846    0.639528   -0.228275    0.239631   -0.470198   -0.545369     1.15466   -0.731409    0.145279   -0.800269    0.149297      0.4541    0.579586   -0.457393   -0.651468  -0.0881565    0.185042     -0.4141
   0.463114   -0.495495   -0.115493   -0.753686   -0.121943    0.405273   -0.463218    0.660601     0.98191  -0.0292155  -0.0373062    0.444265    0.456473   -0.663924   -0.186961  -0.0758398   -0.452081   -0.468327 -0.00399606   -0.343349   -0.544867   -0.349848    0.253342     0.55649  -0.0939036   0.0214537    0.948049   -0.375333   -0.362685    0.543936   -0.332043    0.969009
-0.00314996   -0.113243 0.000651242  -0.0123084   -0.384675   -0.725972  -0.0413991     0.65251    0.278274    0.621437   -0.689741   -0.411373    0.388876    0.784335    0.262676    0.563947   0.0324793    0.993192   0.0544063    -0.46631   -0.138695     -0.3901   -0.296807    0.468414    0.622168    -1.15549   -0.662572   -0.435791   -0.101871   -0.494294   -0.822467   0.0322016
   0.230102   -0.635032   -0.519236   -0.610361   -0.176495    0.196486   -0.159562   -0.354374   -0.294492    -0.39414   -0.097176    0.928883    0.633185   -0.697813  0.00240736    0.220878     1.30814     1.14291   -0.515656    0.706305   -0.280765    0.761906    0.514256  -0.0509138   -0.254042   -0.289167    0.245518   -0.782061  -0.0249756   -0.482447  -0.0604106    0.417152
   0.315992    0.162777   -0.155033   -0.120957    0.493701    0.287354   -0.492397    0.504052    0.355945    0.136975    0.357727  -0.0908785     0.51476   -0.457192  -0.0407392  -0.0646362     0.05051  -0.0938812   -0.154897   -0.404967  -0.0154385    -0.61037    0.649552   -0.411434    -0.23711    0.514204   -0.576142  -0.0702174     0.69052    -0.16514  -0.0410364     0.21197
   0.502186    0.369608    0.517778    0.530272    0.346658   -0.161921    -0.60053   -0.169953    0.785953    0.155222    -1.05102   -0.639248    0.131792   -0.889256   -0.208001   -0.579932   -0.200108  -0.0546512    0.356269   -0.911194    0.494827  -0.0746926   0.0371842   -0.261324   -0.082094     1.15395    -1.49709    0.107643    0.775539    0.337215  -0.0512463    0.145599
 -0.0138752   0.0270497   -0.014851     0.26791   0.0305632    0.293177    0.192239   -0.397148    0.286574   -0.560702   -0.255495   -0.192522   -0.768281    0.190791   -0.422534    0.797294     0.13479   -0.188829   -0.252305  -0.0653196    0.475335    0.571388    0.306906    0.537089    0.295156   -0.079015  -0.0545806     0.33725   -0.559882    0.673277    0.169182   -0.192829
   0.064763    0.494515   -0.112783    0.496993    0.169132   -0.593882   -0.283883    0.568647     0.13755   -0.144863    0.672434   -0.511613   -0.642975    0.220685   -0.365106   0.0438689   -0.294726    0.356929   -0.134737   0.0715449   -0.279391   0.0306683  -0.0741957   -0.410396   -0.779127   -0.149064   -0.479004    0.278646  0.00118028   -0.572158    0.135322   0.0668365
 -0.0159612     0.30964   -0.128279   -0.369365   0.0845035   -0.395978   -0.146722    0.473365   -0.314581    0.376519    0.896971  -0.0274725   -0.294923   -0.050841  -0.0900055  -0.0474188   -0.246429      0.3141   -0.452377   -0.161172   -0.501352  -0.0892277  -0.0935254   -0.315195   -0.779346    0.218619   -0.385377   0.0946835    0.141729   -0.124246  -0.0589842    0.392012
  -0.354548   -0.165298   -0.425876  -0.0771888   -0.151438   -0.221806    0.226943   0.0370722   -0.237549   -0.251081   -0.429972  -0.0662343   -0.205675    0.369912    0.271666    0.524868     -0.2187   -0.188889    0.308921  -0.0658851  -0.0137002    -0.20063    0.287068   -0.153886   0.0490534   -0.484023   -0.367659   -0.305064    0.157155  -0.0549147    0.581166   -0.371331
  -0.395714   -0.480796   0.0167196    0.415387   -0.287714  0.00788443   -0.573484   -0.878218    0.207663     -1.0675    -1.60979    0.473575  -0.0840337   -0.453133   -0.399751   -0.115551   0.0994242    0.117656     1.12978   -0.402693     0.86266    0.359492    0.272353     1.48915    0.530313     1.53453   -0.655472 0.000557157    0.852089   -0.305974  -0.0646521   0.0144639
  -0.217373    0.290184   -0.429351    0.288832   -0.511691   0.0199111   -0.322509    0.109184     -0.2706    0.297962   0.0430329    0.202358   -0.713658    0.672373    0.270853  -0.0681528   -0.130677   -0.588694    0.700209   -0.171806   0.0550936   -0.523374   -0.196229   -0.263272    0.363349    0.562287    0.143755   -0.190806   -0.523082    -0.27459     0.11118    -0.24692
   0.143502   -0.244412    0.254177    0.320179    0.480888  -0.0824213   -0.532316  -0.0150213    -1.35806     1.38798    0.935659      0.3858    0.133744     0.12076    0.405796     0.51314      -0.367    0.540259   -0.727083   0.0172756   -0.513681  -0.0899083   -0.182056   -0.598182   -0.603669   -0.155973   -0.587382   -0.699174  -0.0680539    0.117073   -0.364332    0.492429
   0.143107   -0.725762    0.543201   -0.696175   0.0719646    0.658631    0.250739   -0.337666    0.903186   -0.247665   0.0139938   -0.155497    0.404651    -1.18898    0.313539  -0.0865353     0.77808   -0.291557    0.345942   0.0949373 -0.00679059     0.37865  -0.0610106    0.065841    0.251597    0.539789    0.558506    0.969122    0.209954    0.912527   -0.174131     0.36363
    1.05435    0.231666   0.0387583   -0.118094     0.39426    0.368223    0.198775   0.0646474   -0.107275   -0.389108    -0.52368   -0.352851  -0.0891321   -0.423972  -0.0501499   -0.853764    0.315896    0.334349 -0.00068928   -0.158806   -0.344817    0.317092     -0.3069   -0.243922    -0.37492    0.151417   -0.467249   -0.705868    0.390042  -0.0818292   -0.470356    0.582343
  -0.464084    0.187313   -0.502904    0.428224   -0.028465   -0.861067   -0.887651    0.267155   -0.354057   -0.561234   0.0327243    0.779558 -0.00486017    0.375153   -0.972229    0.639181    -1.21066    0.970857   -0.888859    0.476832   -0.272467    0.130538    -1.09463   -0.327386    0.736872   -0.737353    -0.97729   -0.476193    0.128714   -0.253633    0.777677   -0.219781
   0.374444    0.687331     1.51804     0.15834    0.305087   -0.665588   -0.231236   -0.735406     1.05585   -0.191335   -0.660335   -0.751778     1.72808    -0.22233    0.966372   -0.453664   -0.622378   -0.384977   -0.555424     -0.5793   -0.490099   0.0345781     0.35644   -0.269756  -0.0524883     1.43924   0.0244191     0.44005   -0.911066    0.198848    0.566961    -1.15706
   0.170525    0.663338   -0.705934  -0.0548564   0.0464057   -0.423854   -0.302598   -0.533648   -0.705734    0.443298   -0.377894   -0.250043   -0.437152   0.0284938   -0.488754  -0.0334905    -1.00884  -0.0241837     1.26042    0.149219  -0.0832867   -0.011795    -1.19851    0.999557    0.316622     1.35089    -1.38298    0.741398    0.364206    0.399891    -0.74104    -0.48568
  -0.284845   -0.152724    0.392479    0.391136    0.123058   0.0891715   -0.549769    0.353258    0.727527   -0.644894   -0.841177    0.904778    0.821606   -0.673531   -0.473761  -0.0335279    0.861308   -0.504751   -0.265177  -0.0782943    0.511479    0.401631  -0.0698493    0.133707    0.553245     1.24148    0.984322    0.609331   -0.256796    0.877086    0.941903    0.343822
    1.01462   -0.498543   -0.147351    0.296526 -0.00577088   -0.120692    -0.37914   -0.727486   -0.111647  -0.0217975   -0.792952    0.509811    0.391353    -1.06302    -0.97809   -0.518358   -0.360729   -0.455124    0.782904    0.568311    0.158433     1.04027    -1.22108   -0.704303   0.0648436   -0.133895   -0.913883  -0.0381297   -0.471957    0.692684   -0.120148    0.442663
  -0.118231     1.12057   -0.350862    0.183274    0.137805   -0.672876    0.324277    0.777949    -1.01932     1.06689    0.810816   -0.628084   0.0396236    0.446836    0.166126    -0.17306   -0.666727    0.525907    -1.03354   0.0281768   -0.846747   -0.470523   -0.203338    -1.25549   -0.282999     -1.9608   -0.636946   -0.886934    0.155024   -0.600758   -0.386927 -0.00710883
  -0.551283   -0.390074   -0.758458  -0.0156135   -0.457175   -0.324665    0.412264   -0.514809   -0.225588   -0.103684    0.119519    -0.34017    -0.40544     1.16744   -0.275597    0.385681   -0.906408   -0.828554    0.584726    0.139424    0.304108   -0.052005   -0.245876     0.11901   0.0107266   -0.181493    0.395717    0.388601   -0.433113   -0.845828   -0.136669   -0.436071
  -0.125974    0.573566     0.31839    0.915585    0.644335   -0.371105   -0.989177      1.3805    0.218011  -0.0215711   -0.231336   -0.570146    0.453452    -1.29878   -0.242911     -0.4606    0.679833   -0.548541    0.276865   -0.593319    0.146691    0.580594    -1.37341     0.46628    0.363352    0.344316     -1.5101   -0.807777    0.792317   -0.288317  -0.0041418    0.452431
   -1.38132   -0.853187   -0.513142   -0.685321   -0.114279   -0.153281    0.188235   -0.303661    0.374346   -0.382511   -0.189146   -0.294774   -0.497587    0.357663    0.427308   -0.380331    0.357815    -0.39113     0.51493    0.686134    0.499242    -1.22851     1.12408     1.23321   0.0517545   0.0358744     1.37313    0.538332    0.430601   -0.177178    0.496687    -0.48182
   0.425156    -1.70923    0.397034   -0.777493    0.414836    0.342978   -0.500104   -0.598044    0.655333   -0.942016   -0.286824   0.0111045    0.428631   -0.960519   -0.372518   -0.176778    0.988708   -0.229643    0.709558    0.761674    0.796345     0.27587   -0.455967    0.553146    0.423229    0.945789    0.547932     1.24865    0.211487     1.24539    0.563513   -0.591456
  -0.749685   -0.147058  0.00972881   -0.460274    -0.24682   -0.134407    0.121654    0.212469   -0.319165   -0.151005    0.664875  -0.0106454   -0.297329    0.144735   -0.321712   -0.154524    0.153316    0.600205   -0.355936   0.0624542   -0.352593  -0.0273277    0.185466    0.614856    0.133105   -0.935844    0.691773   -0.318773     0.65023   -0.392101    0.173707     0.35729
   0.808486   -0.293177   0.0490393   -0.273335   0.0127813    0.176756  -0.0862476   -0.655108   -0.120502   -0.955131   -0.996559   -0.135776   -0.233839   -0.110881    0.523995   -0.144399    0.608572   -0.041129    0.241824     0.86182  -0.0172919    0.726508    0.721519     1.01849    0.662039     1.40072    0.771786    0.367687   0.0578234     1.10785   -0.333734    0.304884
   0.077546   -0.554604     0.85578    0.285756    0.436066   0.0805667   -0.513393   -0.260929    0.706346   -0.515144   -0.684222    0.275572     1.35177    -1.46989  -0.0461177   0.0488604    0.860616    0.358178    0.605624   -0.402216   -0.351809    0.375892   -0.712663    0.111175    0.176301    0.723766    0.246804   -0.180649    0.283948    0.710979    0.645102   -0.546288
    0.29004    -0.46135  -0.0783629   -0.129505   -0.393007   -0.326099   -0.394565   -0.339391   -0.180063  -0.0616385   -0.793166    0.272114   -0.110289 -0.00944343  -0.0182363  -0.0160324   -0.534354   -0.135985   0.0267497  -0.0188314    0.989802   0.0335184   -0.428758    0.422807    0.321427   -0.393065    0.226788   -0.648514   0.0358627    -0.55925   0.0454701   -0.497222
 -0.0274738     1.04182   -0.148329   -0.182291  -0.0322874   -0.152934   -0.503277      0.5712   -0.915982   0.0463896    0.296173    0.765259   -0.671664     1.53064    0.110665    0.760705     0.25677    0.157227    -1.24493  -0.0324209    0.236604   -0.225458    0.577706   -0.349861  0.00172404    -0.30891   -0.448767   -0.856068    0.233329   -0.331967    0.131892  -0.0344612
  -0.648268    0.999446    -0.37901    0.995193  -0.0972875    -0.47674   -0.752338   -0.252054   -0.554576   -0.410411    0.696323   -0.236593   -0.752915     1.33295    0.429582   0.0349461   -0.136177    0.467302   -0.786507    -0.45258    0.254424    -1.10822     1.00147   -0.436346   -0.636373    0.575508   -0.398347    0.523376    0.431974   -0.306242    0.254519   -0.962604
    1.00287    -1.03477    0.743226    0.170502    0.574532   0.0951777   -0.405974    0.290247  -0.0597541   -0.961663   -0.368997    0.141793     1.46492   -0.800865   -0.144335    0.145432   -0.485874   -0.285494     -1.3813    0.498299    0.668714    0.239215    0.029058   -0.372096    0.172647    0.587545     1.02907    -0.69173    0.415388    0.944057   -0.414454     1.17593
