   0.305658   0.0496372    0.538134  -0.0441751    0.340139   -0.164913   -0.675557    0.933186  -0.0614661   -0.244684  -0.0968376   0.0135261    0.916016   -0.402196   -0.528586   -0.471526   -0.249916   -0.227801   -0.990642   -0.161239    -0.06392   0.0556668    0.312235   -0.460391   -0.510343    0.106444   -0.352179   -0.249987     0.57261   -0.147713   -0.286841    0.707288
   0.514191    0.805371   -0.272577   -0.110362    0.118881   -0.286521   0.0489865    0.539774    0.703051   -0.191942   -0.621641  0.00760536   0.0211876   0.0316313    0.273198    0.916524  -0.0508382   -0.926456   -0.172935   -0.804611  -0.0459493   0.0794575   -0.519348   -0.941252    -0.25925     0.14401    -0.82713    0.590003    -1.55311    0.343468    0.224322   -0.460761
 -0.0449781   -0.361287    0.453813   0.0259399   -0.492831   -0.518495   -0.839723  -0.0627139    -0.21148   -0.673928   -0.102895    0.547374    0.727313       1.024    0.428566    0.362553    0.532513   0.0548603    -1.19487       0.742  -0.0205067    0.366005   0.0432233   0.0594854     1.13639   -0.508778    0.213069   -0.510246   -0.259874   -0.358257    0.699362   -0.739583
  -0.214589    0.441786 -0.00447832    0.694833   -0.183756   -0.324361    0.878126   -0.559368    0.419981   -0.319351    0.380308   -0.177036   -0.476457    0.504045    0.424495    0.936533    -1.00036    0.271724    0.234588    0.484907  -0.0762975    0.648946    0.335753   -0.750365   0.0588603    0.848379    0.724499      1.1532   -0.602047    0.600647    0.576902   -0.853708
   0.916065   0.0599239    0.358807     0.37855    0.455117    0.133056    0.131347    0.418044    0.698804   -0.337143   -0.148053    -0.56296    0.153548    -1.14543    0.637026   -0.268037    0.273671    0.594147    -0.98635    0.465744   -0.027266     1.10455   0.0276406    0.522651   0.0131587    0.440514   -0.108219    0.119164   -0.690122    0.479156   -0.638058     1.23775
   -1.00024    -0.73707   -0.119584   -0.613681   -0.653819   -0.514354   -0.632735  0.00723474    0.582516    0.445315    0.055303   -0.105653    0.507525     1.25647     0.46411   -0.357465    0.821698   -0.220512    0.139602   -0.108357   -0.427658   -0.849819    0.611903    0.809412    0.299683    0.114056    0.658416   -0.652389   -0.463902    -1.01412    0.423074   -0.668396
   0.372014    0.255183    0.293872  -0.0987373   -0.232479  -0.0927256   -0.768629   -0.206367    -0.54032   -0.313567    0.152955    0.271996   -0.308733   -0.302642    -1.12152     1.28189   -0.200369   -0.542732   -0.304016   -0.354108   -0.596667   -0.144086    0.182486   -0.665708   -0.790588    0.215847   -0.368815    0.824554  -0.0460133     0.63234     0.33856   -0.613657
   0.172526  -0.0122052   -0.890131   -0.199092   -0.486999   -0.245921    0.682461    0.508948    0.745055    -1.06026    0.670178   -0.333335    -1.20834    0.654355   -0.657798    0.219314   -0.532089   -0.931884   -0.556974  -0.0215591    0.706372    -0.68462   -0.127893  -0.0284522   -0.687119   -0.794562    0.576621    0.248045    0.385214    0.248852    0.700244     0.28279
  0.0205012    0.386463    0.715508    0.144438    0.170583    0.530784  -0.0891383    0.213929    0.207569   0.0657237    0.234651   -0.146189 -0.00246695  -0.0403047   -0.192922    0.128757    0.238344     0.41082   -0.168781   -0.489765  -0.0691394   -0.346096    0.113318    -0.61637   -0.546131  -0.0506164 -0.00947394   0.0409514    0.328571    0.556333 -0.00150632    0.239839
  -0.501357   -0.982418   -0.575005    0.471987  -0.0186307    0.166194   -0.451593   -0.663633    -1.12796     1.46779    0.287796  -0.0202013    -0.23597    0.293675    0.646836   -0.362456   -0.346724  0.00830321    0.728758    0.552384    0.292411   -0.609595    0.326452    0.739285    0.760535    0.215656  -0.0151137   -0.484796   -0.172959   -0.169283    0.122465  -0.0625611
   -1.26118   -0.627522   0.0910471    0.030099   -0.540597    0.363324   -0.197579   -0.684103  -0.0233219    0.612586    0.813609    0.521025   -0.140489   -0.186461   -0.552678    0.230712     0.26749    0.150793  -0.0318469   -0.423899  -0.0706596   -0.302566    0.251349   -0.744274   -0.366969     -1.0171    -0.34282   0.0156088   -0.364323  -0.0789864    0.583169    0.117584
  -0.127748    0.519619    0.347252    0.538564    0.186979   -0.698098   -0.328218   -0.374112    0.122863   -0.515821   -0.574318    0.201525    0.326239  -0.0271703    0.469746    0.717038  -0.0547966     0.07676  -0.0182001    0.348941   -0.730325    0.592857   -0.411642    0.218784     0.48771     1.42714   -0.186283    0.477049   -0.854206    0.387882    0.131098   -0.935333
   -1.09047    0.105188   -0.458508    0.230825   -0.532735    0.177773    0.581081  -0.0901651    -0.27511    0.285972    0.620128    0.115225   -0.563705    0.581153      0.3103    0.172819   -0.117049    0.614898    0.207283    0.655846  -0.0141746     0.95318   -0.711593     1.01613    0.596159    0.448245    0.370371   0.0897427   -0.882844    -1.03242   -0.653671  0.00762612
  -0.340058     0.18965   -0.638383    0.389004   -0.343654   -0.285407   -0.127641   0.0518909    0.781242   0.0664238   -0.252936   -0.143548   -0.228371     1.00892  0.00195791   0.0938747   -0.414553   -0.460882   -0.200779   -0.309691    0.819438     -1.2226    0.469992    -0.60242    0.303985    0.563975   -0.141001  -0.0910704    0.117549   -0.578688    0.402375   -0.391501
  -0.767303   0.0203096    0.723614     1.22122    0.755562  -0.0607715   -0.321183   -0.400015    0.965255   -0.111064   -0.126345   -0.956201   0.0579995   -0.398723    0.518264   -0.834716    0.149738    0.189375    0.800258   -0.729722    0.232225   -0.525898    0.371674   0.0330974    0.297574     0.41683    0.369729   0.0449508    0.433934   -0.147886    0.977659   -0.583054
   0.434095    0.559042   -0.266323  -0.0427784   0.0623917     0.21177    0.773868   0.0935474     0.26797    0.253201   -0.190616   -0.654215   -0.380691   -0.280895    0.711463   -0.647149   0.0100894    0.782124  -0.0454587    0.280271   -0.286223    0.414306   -0.426997    0.261467    0.191092    -0.44126  -0.0107907  -0.0241449   -0.863006   -0.372846   -0.573489    0.207353
 -0.0622288   -0.419328    0.391489   -0.140202   -0.208652     0.22636   -0.013571    0.353332    0.257304    0.547139    0.554781    0.104065    0.425635   -0.125915   -0.617182    0.272775   -0.126111    -0.73188   -0.851417   -0.710274 -0.00315564   -0.613443   -0.275338   -0.832252   -0.670008    0.247925    0.387524    0.226403   -0.444535    0.369158    0.104527    0.376669
   0.477889    0.219481   -0.824028   0.0461221  -0.0557769   -0.156599    0.744297   -0.158273    0.493771  -0.0723254   -0.609165   0.0913327   -0.251968    0.887069   -0.287863   -0.461047   0.0431444     -0.2147   0.0461068   -0.162816     1.20461  -0.0584546   -0.571916    0.171267    0.152875   -0.633228   0.0699559   -0.608845    0.264866   -0.593667    0.164737   -0.442593
  0.0163849   -0.121073   -0.361651    0.580621   -0.292156   -0.861703    -0.73488   0.0462961   -0.827224    0.483827   -0.750831    0.374221   -0.219015    0.449841    -0.24608    0.113014    -0.86178   -0.774753    0.268779    0.598963   -0.100431   -0.241558    0.544179    0.212992    0.161915    0.306768    -1.26019    0.456213   -0.146349    0.361565   0.0354295    0.254467
   0.855892   -0.482182    0.253198    0.183029   -0.480067  -0.0479943   -0.383129   0.0279342  -0.0850418    0.278653     0.46268    0.463937    0.237549   0.0068791    0.409016   -0.120819  -0.0474176  -0.0173858   -0.341302    0.494485   -0.562529    0.389192   -0.166412    0.366201   0.0734388    0.180495    0.582855   0.0281429   -0.481713  -0.0643859   -0.685004    0.265726
   0.145142   0.0371263   -0.216758    0.606862 -0.00467164  -0.0973655   -0.415666   -0.460257  -0.0482305    0.622703    0.161756    0.514648    0.274785    0.186737    0.103338  0.00368046    0.615716   0.0900619   -0.148699    0.193709   -0.216418    0.211507   -0.292748   -0.144545    0.328663   -0.290879  -0.0326473     0.26292    -0.32748    0.193052   -0.276242   0.0846599
   0.171047     0.58068   -0.414518    0.216111   -0.175447   0.0535543    0.867083   -0.624354     1.50676   -0.636197   -0.893012   -0.567961   -0.944949    0.310058    0.294965   -0.988222    0.328985    0.433793     0.33382    0.042653    0.586699    0.236307   0.0274297 0.000507951     1.01836    -1.12907     0.10991   -0.180578   -0.103629   -0.149344    0.324914   -0.422573
   0.122139    0.290684   0.0604237   -0.191605   -0.143708  0.00821302   -0.133746    0.252673     1.43129    0.462334    0.634567   -0.209337  -0.0891445    0.171649    0.585426   -0.674436    0.823487    0.292713    0.141269   -0.317719   -0.697176    -0.56789    -0.10738   -0.193857  -0.0086417   -0.239233     1.18042   -0.523641   -0.285101   -0.796175    0.285184   -0.165321
   0.212104   -0.485203   -0.608971     -0.8277   -0.121588    0.328765    0.905083   0.0960535    0.530476   -0.772964   -0.363989   -0.268194   -0.658217    0.832383   -0.528004    0.884567     0.43803   -0.478743   -0.760201   -0.330476    0.905295   0.0553791    0.961244   -0.761639   -0.137517   -0.350586    0.139348 -0.00818597  -0.0744202   0.0991655    0.764146   -0.556377
  0.0418437  -0.0100145    0.332087  -0.0577024   -0.100526    0.129547   -0.516364    0.467535    0.669669   -0.565986   -0.334893   -0.240923   -0.130692   -0.463525   -0.483647   0.0111665    0.165689    0.253912   -0.259117   -0.281403    0.102899   -0.315456    0.164488   -0.325845     -0.7212    0.650522  -0.0330647      0.3095    0.529988   0.0462494   0.0572023    0.401421
  0.0173131   -0.180211   0.0432992  0.00783919   -0.424141  -0.0629714     0.26104     0.27018    -0.62792   -0.955544   -0.253273    0.321568    0.287083   -0.065726   -0.598217    0.429376   0.0684377   -0.271473  -0.0114452   -0.117296  -0.0656903    0.934238   -0.203721     0.70286   -0.283413    -0.58892    0.459996   -0.215604   -0.684228   -0.654775   -0.556822   -0.166299
   0.249008    0.295176    0.226376   0.0349179   0.0930375 -0.00209169   -0.101868   0.0743542   -0.251626    0.269697    0.681182    -0.28405    0.133014   -0.126513    0.124369   -0.227203   0.0771218    0.373301   -0.661526   0.0775108   -0.213135  -0.0906421  -0.0766899   -0.746112   -0.430593   -0.135468   -0.309641   -0.229092     0.20689    -0.46112   -0.129155    0.216405
   0.322651     0.43672    0.152659    0.474771  -0.0201843   0.0426177    0.428007  -0.0481537   -0.327305    -0.23925    0.142235   -0.556101   -0.877582   -0.428534    0.728451    0.138981    0.267009   -0.523494    0.557727   0.0359884    0.342662  -0.0118769    0.766888   -0.753278   -0.470957     0.30366   -0.465019    0.313327   -0.150509   -0.279183   0.0209688   0.0274042
  -0.623357     0.32371   -0.421753    0.328297   -0.211604   -0.686885   -0.060087    0.136267    0.275422   -0.560792    0.175218   -0.332402   -0.410513     0.18247    0.178628   -0.331624   -0.357983   -0.107935    0.324849    0.154295   0.0347775   -0.256588    0.165846    0.283853   -0.202278   -0.181635   -0.240215   -0.107056   -0.438547   -0.484511    0.328917   -0.445904
    0.51173     0.97477    0.133169  -0.0415601    0.284363   -0.137701     1.05157   -0.156192    0.914149   -0.505935    -0.39196   -0.398208   -0.257868  -0.0173254    0.893358   -0.197463    0.886521    0.887287  -0.0289426    0.207057   -0.244908      1.1244    0.152061   -0.401885    0.197177   -0.222601    0.266637   -0.424805    -0.25363   -0.464049   -0.225823   -0.248697
   0.555461  -0.0472686   -0.197907    0.160928    0.800477    0.155318   -0.602595    0.378707    0.929764   -0.368343  -0.0599321   -0.540372   -0.338069    -1.31819  -0.0932129  0.00402761    -0.09873   -0.238199   -0.784058   -0.404271    0.193256   -0.433801    0.329932   -0.605927    -0.91996    0.712816   -0.624985  -0.0424292    0.449138    0.195634    0.521507    0.778653
   0.359855    0.400359   -0.205911    -0.18355   -0.367922   -0.247128  -0.0930534    0.308235    0.461632   -0.348786   -0.604786   -0.228193  -0.0114106     1.11448   -0.368159  0.00421707   -0.156595   -0.373037   -0.636526   -0.469751    0.445499    0.204917  -0.0314851   0.0976091    0.831256  -0.0525617    0.227724    -0.12164    -0.52401   0.0510163    0.220192   -0.341173
