    0.926262   -0.0538836     0.411311    -0.593762     0.213549     0.377904    0.0778723     0.781756     0.831043      1.75011    -0.766178     0.586918      1.93589    0.0415201      0.47057     -0.14663     0.498128     0.043888    -0.732101     0.280908    -0.410709     0.486631     0.193992     0.523651      1.16312     -0.91059     0.289564      0.19106     -1.27812    -0.728698    -0.707933    -0.432424
    0.644502    -0.673469      1.35289    -0.118814     0.542518    -0.390074    -0.194016    -0.749147    -0.513748     -1.34297    -0.363005    -0.315528      1.12412    -0.563197     0.083055    -0.166485     0.464659      1.33185     -1.07381    -0.318608    -0.531747      1.45137     0.924228    -0.544037    -0.412726    -0.795227     -0.55154    -0.371641    0.0903708     0.442414     0.321273     0.218852
   0.0118931     0.696556     -1.15286     0.534711    -0.391586    -0.767453    -0.343832     0.480291      1.05482    -0.607825     -1.12258    -0.130121     -1.06226       0.3443    -0.585352     0.186201    -0.109423     -1.23435       1.2748    -0.820244     0.914792     -1.12219    -0.871754     0.355535      0.94034     0.902986    -0.691157     0.488499       1.0621     0.929134      0.75831    -0.591935
    0.851939      0.52377     0.738567    -0.174294     0.428807      1.16875      1.01805     -0.43733      1.48514      1.22725     0.271826     -0.54156     0.365605     -1.72511     0.364654     -0.93923      1.03622     0.770091     0.546532     -0.52685    -0.244958   0.00872241    -0.913686    -0.535953    -0.162744    0.0332136     0.245401    -0.417659    -0.136015    -0.227142    -0.992939     -0.17943
    -0.31189    -0.502504      -1.2204     0.892498     -0.64141    -0.966839     0.158979    -0.144572   -0.0133996     -1.42091    -0.189466     0.341193     -1.54953     0.487159    -0.721931     0.379453    -0.739313   -0.0734983   -0.0437773     0.592801     0.873885     0.782008    -0.427685     0.266895     0.313651    -0.146256    -0.387639    -0.103659     -0.40925    -0.580115     0.716464    -0.222865
   0.0533179      1.30048     0.372323     0.844067      0.32079    -0.398124      0.75284     0.161393       0.5724     0.416083     0.253755    -0.437884   -0.0449975    -0.190377       0.2345    -0.361834    -0.538341      0.14742      1.22512    -0.353498    -0.837698   0.00470795    -0.411118     -1.27621    0.0276221    0.0254051     0.260693       1.1303     0.437217    -0.122386     -0.04181    -0.997316
     0.50974     -1.09295   -0.0375499    -0.852463   -0.0548541     0.822226     -1.18286    -0.494237     -1.14515      1.23032     0.818364    -0.204543       1.0603    -0.908561     -1.52083    -0.467196      0.18314   -0.0186506    -0.094942    -0.375797    -0.912659     -0.88151    -0.235946    -0.470922    -0.785469     0.165246    -0.874953     0.441647     0.739125      1.23326    -0.362486      1.12903
    -0.16607  -0.00971747    -0.740727     -1.67183    -0.314147     0.220168     0.184864      0.69132    -0.910254     0.537897     0.461107     0.101515    -0.171468     0.559293    -0.465439     0.484179      0.87296     0.113272     0.263556     0.211806    -0.622271      1.67773    -0.726171     0.878459     0.378328     0.290817   -0.0945193    -0.710794      0.02177     -1.77153    -0.737336    -0.854984
   -0.279465     0.874104    -0.164816     0.283465    -0.495101    -0.638483     -1.03879     0.261714    -0.230234    0.0306935     0.276086    -0.396952    -0.567353     0.445162   -0.0969104     0.451191    -0.870336    -0.623758     0.210739    -0.206273    -0.484047    -0.951079     0.375417   -0.0730192    -0.189121    0.0206071    0.0507438       0.8823    -0.404194      1.39891     0.874283     0.235553
    0.187282    -0.459427    -0.122239     0.465203    -0.477675    -0.676338     0.054671    -0.210857    -0.536895    -0.876086    -0.355862      1.29676     0.249092     0.679294     -1.11029     0.963428     -1.09405    0.0148583     -1.23167   -0.0217568     0.601105      1.02763    -0.662354     -1.12108     0.213213     -1.38959     -1.05161    -0.830427    -0.843103     -0.22959     0.732328    -0.610483
  -0.0564266     0.769673    -0.414708    -0.168115     0.342526     0.473375    0.0382507      1.15149     0.695574    -0.108771    0.0952507    -0.796291     0.185111     -1.45199     -0.66321     -1.52958      1.36337   -0.0844455     0.118294    -0.603019     0.506337    -0.689965    -0.313563     0.427563     0.154087     0.724301      -0.4622    -0.621297      1.51438      -1.1665    -0.756067     0.661525
    0.197475 -0.000335454     0.537601     0.153143     -0.23147    0.0838254     0.131249     0.152936   -0.0507225     0.391539     0.566277    -0.922079   -0.0849751   -0.0240665    0.0461127   -0.0511982    -0.274732     -0.12458    0.0292218     0.282909    -0.401277     0.391123     -0.38916   -0.0760652     0.358629    -0.646161     0.457139     0.388632    -0.773223   -0.0683427   -0.0548283    -0.322993
   -0.370912     0.866683     0.806801      -0.0446       0.6858  -0.00772088     0.849622    0.0647157     0.637564     0.801433      1.03267     -1.16227     0.500602    -0.458816     0.392727    -0.815841     0.303116    -0.169987     -0.57944    -0.492085    -0.238227    -0.707285     0.605467     -1.33848    -0.786589     0.171031     0.170256     0.768852    0.0140329     0.672341   -0.0526334     0.150064
   -0.318462    -0.289035    -0.580543     0.102284    -0.424619     0.300768     0.299462     0.472529     0.154507    -0.388567     -1.50223     0.031836    -0.448549    -0.717958      -0.7555    -0.509334    -0.212422     -1.45325      2.04749    -0.666016     0.864353     0.396246    -0.293093      1.60256     0.305126     0.119098   -0.0700384     0.152466      0.27676    -0.527773    -0.107167    -0.296014
   -0.141479    -0.438162    -0.295863     0.367684    -0.439568    -0.125921    0.0731266    -0.352244    -0.735533     0.494796     0.719927    -0.417245    -0.732685      0.92485      0.30933    0.0988849     -0.48909     -0.43573     0.704419     0.849042     0.565013    -0.275599    0.0354112     0.149763      0.38466    -0.384472    -0.197237     0.903654     -0.12392   -0.0925648    -0.312687    -0.248782
    0.526624   -0.0819668      1.30978     -1.06339    -0.167174   -0.0124028    -0.880696    0.0915807      -1.4146   -0.0397951    -0.374212      0.26752      1.30893    -0.161871    -0.803829     0.058382     -1.05029    -0.772692    -0.771592    -0.311596    -0.507618    -0.128596    -0.650906    -0.725073    -0.113567    -0.501827    -0.288145    -0.852224    -0.198952     0.271934     -0.55207      -0.0413
     0.54394     0.238846    -0.125481     0.920127     0.700286    -0.732258     0.163749     0.144527     0.965454      1.05136     0.495388    -0.534545     0.482107   0.00545066     0.626113    -0.831514    -0.425211    -0.729646       1.1179     0.303575     -0.43518    -0.910417    -0.269067    -0.993088    -0.011103     0.323441      0.12538      1.11724     0.606107    -0.138393    -0.143135    -0.589127
    0.271856    -0.666758    -0.267644     -0.46572    -0.209752    -0.546099    -0.586095    -0.413799    -0.377798     0.212919    -0.375435   0.00247829     0.281115     0.957738     0.129487    0.0569329    -0.417641     0.233626    -0.413117      0.45132    -0.454936     0.154593     0.342854     0.509071     0.421088     -1.04752     0.321411     0.162587    -0.563823     0.820124      0.31472   -0.0705771
    0.965119      1.03676     0.319449     0.603894    0.0917026    -0.428513   -0.0938899     0.668841      1.09162    -0.718245    -0.549338    -0.102287     0.559176     -1.58048    -0.589435    -0.578799        0.844     0.595814    -0.940223     -1.52182    -0.768738      0.45467    -0.606968    -0.505917    -0.570365    -0.276299    -0.997456    -0.186649    0.0226993     0.588765      0.50673     0.135263
   -0.213892     0.791959    -0.984757     0.222411   -0.0853877     0.507158     -0.24696     0.529428     0.199195      1.17922     0.334312      0.39669    -0.744823     0.577972    -0.273802     0.675606    -0.130307    -0.353569     0.323633    -0.605141     0.196268    -0.754748      0.13373    -0.678577    -0.184952     0.571948    -0.645517      0.92825    -0.469114    -0.412765    -0.618205    -0.671872
   -0.972966    -0.164183     0.448316    -0.493403     0.359282     0.613647    -0.574868     0.234114    -0.990418     0.949946     0.480861    0.0935037   -0.0290334    -0.822072    0.0688015     0.501746     -0.13665     0.658757    -0.168986     0.166307    -0.302612    -0.561336      0.13394     0.450633    -0.251784     0.860634     -0.14579    -0.876334     0.467694    -0.431758    -0.172388     0.197163
   -0.702446     -1.17391     -1.60643    -0.165107    -0.352614     -0.47275     0.472909    -0.121742    -0.887134      0.50544      1.62383     -0.34494    -0.988848      1.33641    -0.725947    -0.267275      0.29484    -0.646191    -0.788984     0.696071      0.44305    -0.237177     0.471767     0.207143    -0.493935     -1.29336     0.423599     0.851764     -0.29694    -0.804095   -0.0661554     0.175799
   -0.204591    -0.120988     0.160574    -0.668918     0.400342     0.355656    -0.614825    -0.268183    -0.519537     0.606224   0.00427155      0.67684     0.850516    -0.159218     0.473255    -0.334611   -0.0420705     0.547615     0.597211     0.285455     -1.32247    -0.300589    -0.638335     0.273002    0.0400849     -1.59976     0.700299     -1.02376    -0.154813     -0.16541   -0.0604739     -0.61929
   -0.311981      1.20515    -0.054798     0.306993     0.254992    -0.762385     -0.46239     0.479162     0.693365    -0.907614      1.02503    -0.635155    -0.690899    -0.484258     0.904282      1.40962    -0.787759     -0.12268    -0.638828     0.158833     -1.00172    -0.367873    0.0439045    -0.625748    -0.305215     0.784998     -0.21138    -0.131568     -1.00485       0.3681     0.103871    -0.343059
     1.01567    0.0218318    -0.275642  0.000177113    -0.489086     -0.56901    -0.140843     0.286619     0.173034     0.107906     0.379889     0.452146    -0.056002     0.677366     0.486889    0.0584509     0.178571     0.267383     -1.44178      1.14954    -0.667308     0.665398     0.061306     0.304769    -0.189574    -0.126212     0.511009   -0.0524414    -0.850867    -0.127275    -0.287348     0.616146
   -0.262217   -0.0790355    -0.653227     0.782288    -0.508105    -0.310157     0.104319     0.186767     0.450413    -0.461055     -1.37488      0.54455    -0.100481    -0.636813    -0.753327    -0.594591    -0.279872    -0.420066     0.956589    -0.333861     0.880153      0.44722    -0.125211      1.82351      1.52237     0.672481    -0.337624    -0.639846     0.337708     -0.81521     0.310788     0.377823
  -0.0213021      1.01942     0.361983    -0.496124     0.865367      0.11392    -0.293446     0.174998     0.488384    -0.721323     -1.75159   -0.0610348     0.456929    0.0577651     0.381784      0.25299     0.100773    -0.367138     -0.14543     -1.41544     0.261255     -0.57214     0.638976    -0.362785    -0.554657      1.39749     -1.01135    -0.374909       0.3721   -0.0268432    0.0164446    -0.117306
   -0.439995     0.392686     -0.12921     0.827421     0.225919    -0.444089     0.461706     -1.09964    -0.105265    -0.340697     0.840708    -0.362226    -0.528789       1.3082     0.940024   -0.0642212    -0.191776      0.71947    -0.731507     0.186096     0.255579    0.0799138      1.16607    -0.861128    -0.827872   -0.0267172  -0.00873589     0.932002    -0.372594    -0.480849     0.389395    -0.661376
   -0.709902       0.5168   -0.0987658    -0.186971  -0.00205589    -0.167467     0.886164     0.341436      1.11829    -0.748655    -0.483946     -1.13492     -0.66297    -0.316069    -0.207131     0.425841    -0.454251    -0.983403    -0.608693    -0.522009     0.813537    -0.771555     0.767663    -0.256467    -0.352884     0.113454    -0.217884     0.703466    -0.775761     0.442501     0.635215    -0.322822
     1.94827    -0.433887    -0.181161   -0.0536991      1.04747     0.679948    0.0906592    -0.318591     0.345069     0.199689   -0.0316326   0.00618634    0.0164723     -1.33127    -0.535954     -0.68835      1.04198     0.290733     0.213065    0.0907927    0.0676142      0.13477    -0.376469    -0.912885     -0.65785    -0.158821     -0.75075   -0.0663877     0.804422     0.510376    -0.429689      0.88419
    0.342351     0.391454    -0.734678   -0.0889135    -0.549926    -0.832195     -1.00526    -0.725026    0.0485154     -1.45533    -0.499434     0.231257    -0.208979      1.46169    -0.374339    -0.769976    0.0473302    -0.271452     0.281192     0.234433   -0.0938231    -0.679964    -0.361683     0.377408    -0.527153    -0.059061    0.0845997     0.574446     0.826853    -0.118511    -0.127593    -0.969704
    -1.02573    -0.459001     0.580899    -0.608914    -0.122285     0.765333    -0.363528   -0.0543839     -1.08615     0.966785     0.300469    0.0878255     0.515786     0.506652    -0.374919   -0.0188831     0.231386    -0.262328     0.923747    -0.352201    -0.064897    -0.226772     0.151438     0.351214   -0.0906984     0.101046    0.0721939     0.455652     0.350683    -0.118702    -0.101888    -0.359129
