 -0.00484903    0.0090899   0.00743468  -0.00978088  0.000796225   0.00819241    0.0016616   0.00654937    -0.001003  -0.00892042    0.0030211  -0.00140713  0.000275178  -0.00747091 -0.000587521   0.00926335    0.0093551   0.00114654  -0.00916954   0.00570342  2.71774e-07  -0.00720489  -0.00547854   0.00367391  -0.00316474  -0.00457662   -0.0092493  -0.00190408   0.00679508  -0.00719663   0.00548242  -0.00805396
 -0.00810674    0.0029171  -0.00783484   0.00268949   0.00110951   0.00382676 -0.000761141   -0.0098935   0.00490634  -0.00774005  -0.00130062  -0.00481849  -0.00521095   0.00811185  -0.00555514  -0.00585585 -0.000741601  -0.00472468   0.00984757   0.00925867  -0.00192957  -0.00563097   0.00293258   0.00490569 -0.000207588   0.00368328  -0.00699838  -0.00341251   0.00648664   0.00848403  -0.00146647   0.00837991
  0.304769  -0.213302   0.173101   0.191062  -0.135381  -0.131059  -0.343129   0.140601   0.343644   0.376926   0.124492  -0.673935  0.0893491   0.507463   0.373868 -0.0327925  -0.209702    1.28958  -0.832617  -0.537032   0.220013  -0.467703   0.776167  -0.512103 -0.0347321  -0.745588   -0.45333    -1.0157  -0.343955   -1.14087   0.283838   -0.08168
  0.186035   0.289588   0.266139   0.379376  -0.140927  -0.460869   0.301694    0.61917  -0.131534  -0.191287   0.596772  -0.165863  -0.457596    0.35193  -0.187177  -0.190918  -0.428696   0.333087  -0.515367  -0.252634  -0.244843   0.381989   0.584224  -0.372291  -0.245515   -1.12675 -0.0779011  -0.189777     0.1059  -0.591192 0.00744632  -0.185682
  0.246605   0.270205  -0.578043  0.0511919  -0.538587  -0.397496  0.0475091   0.228933   -1.00898   0.150416   0.251786   0.141346  0.0420494   0.152916   0.376054   0.309546  -0.370956 -0.0244988  -0.461028 0.00969041   0.114287  -0.316648   0.125545  -0.635414   0.112821  -0.686412  -0.963869  -0.717842   0.172729  -0.441213  0.0348636   0.353746
   0.111866  -0.0612373   0.0697324   0.0744657   0.0505507   -0.542972    0.201953    0.323098   -0.382898    0.169957    0.577019    0.363287    -0.34684     0.68732  -0.0645846   -0.239715   -0.290106    0.526748   -0.769137    0.539322   -0.283416   -0.222614    0.470803   -0.190932   -0.572013    -1.03491   -0.926721   0.0463318 -0.00365342   -0.519006   -0.189326    0.520426
 -0.366034   0.675871  -0.143045   0.666536   0.145021  -0.310796  0.0558081  0.0852401  -0.400863    1.25416   0.755732  -0.037672  -0.759958   0.329581     -0.355  -0.329067  -0.175816  -0.216499  0.0745075  -0.367687  -0.676687   0.672473  -0.556915  -0.232777  -0.489957  -0.417633   -0.81307  -0.282003 -0.0901353   0.244523  -0.262026  -0.263925
  -0.35554   0.683129  -0.881123  0.0696255 -0.0711184 -0.0245054   0.703641  -0.709937  -0.990128    1.19609  0.0113713   0.775214  -0.571865   0.349232   0.155213   0.391443    0.16448   0.341662   0.195139   0.121625  -0.107865  -0.492655    0.29616  -0.391914  -0.282393  -0.657408   0.229615  -0.578414  -0.853677  -0.903613  -0.348067  -0.397457
 -0.920151   0.518868  -0.463156 -0.0511677  -0.491013  -0.403422 0.00562354  -0.288911   -0.50333  -0.109869  0.0226891  -0.114302  -0.613537   0.879558   0.340393   0.220914  -0.433406  -0.248975  -0.277191   0.218043 -0.0865205  -0.469817  0.0228567  -0.175059   -0.32696   -1.41542  0.0224881   -0.41172  -0.354459  -0.169253  -0.310444  -0.210741
  0.721663   0.462811  -0.015031 -0.0685066 -0.0805474  -0.183469  -0.273937   0.169742  -0.788855   0.120413   0.517345   0.246741  0.0112878   0.528683   0.152073  -0.179325  -0.619178    0.56464  -0.880638 -0.0473528  0.0146483   -0.44681 -0.0478734 -0.0760815   0.149392  -0.712849  -0.793455    -1.0882  0.0342032  -0.172535   0.281201  0.0067483
-0.276213 -0.252567 -0.239968 -0.287586  0.218713  0.613323  0.615265  0.330378 0.0808372  0.594958   1.22174 -0.639482 -0.480186  0.232334 -0.098325  0.190913  0.349949 -0.111821 -0.900699    0.3455  0.883657 -0.347426   0.89908 -0.490294 -0.288115   1.18359  0.459094  0.762561  0.698882  0.240277 -0.569167   1.01102
  0.602153  -0.113234   0.299095   0.240182 -0.0206206  -0.123236   0.449895 -0.0983583   0.617118  -0.418961 -0.0950391   0.191974   0.173326 -0.0753748   0.523426   0.269785   0.242789   0.308793  -0.626077   0.323787  -0.131378   0.830787  -0.166009  -0.212085   0.169649  -0.473974    0.55951  -0.166918  -0.896593  0.0531555   0.139208 -0.0815289
  0.0371277   -0.636482 -0.00200142  -0.0815853   -0.167061   0.0986132   -0.517127   0.0270208   -0.874626   0.0330297   -0.169034    0.973586    0.525137   -0.314585   -0.316485   -0.191775    0.398121     0.49353   0.0817549    0.345172   -0.268514    0.804973   -0.398139    0.745276   0.0116583    0.310573   -0.173104   -0.566528    0.379912   -0.845689   -0.535796    0.217652
  -0.590167   -0.229976   -0.684366    0.180779   -0.373675   -0.435668   0.0192451   -0.227369   -0.101597   -0.467346   -0.154596   0.0395577   -0.628134    0.902267    0.019668    0.151933   -0.462084   -0.293006    0.262223    0.467462     0.42886   -0.269031    0.212228    0.558413    0.408537 -0.00673618    0.246237     0.18871  -0.0561582     -0.2436    0.501046   -0.433895
 0.332868  0.161459  0.166238 0.0118361  0.238866 -0.414296 -0.564261 0.0881096 -0.452228 -0.712555 -0.548876  0.158541  0.106521 -0.240713 -0.329591   0.80505 -0.536626 -0.471135 -0.319367 -0.298308 -0.129686  0.160808  0.174266 -0.389685 -0.529994   0.65174 -0.764815  0.393438 -0.204842  0.831806  0.266685 0.0366894
 -0.443242  -0.678732  -0.541089   0.633192    1.07082   0.139468   0.154174   -1.19911 -0.0250396   0.270246  -0.549277  -0.388318  -0.355995  -0.528023  0.0346383  -0.709292   0.610519     1.8055   0.348561  0.0994949   0.433634   0.356775  -0.150629   0.497898   0.133419  -0.196258   -1.11724  -0.291322   0.190284   0.299735   0.267162   0.513985
  0.181854  -0.375406  -0.247777   -0.55014  -0.174328 -0.0126903  -0.219472  -0.415566   0.293271  -0.402637   0.708278  -0.242247  -0.147174  0.0500164  -0.188489  -0.363679    1.89696  0.0573493  -0.192455  -0.229452  -0.554523  -0.319196   0.961501   0.143706  -0.644168  -0.750328   0.633847   0.588802    1.17753   0.546952   0.303449  -0.377513
  -0.58871    1.19099  0.0486457   -1.09402  -0.144373   0.489566   0.195028   0.900549   0.916692 -0.0278052  -0.556572  -0.141323   0.276827   0.108005    0.22729   0.575079   0.631651 -0.0992521   0.108184  -0.997577  -0.144406 -0.0190222  -0.807269    1.04981    0.54556    0.99722   0.369599  -0.428653  -0.434728  -0.202036  -0.641386  -0.431652
 -0.759075  0.0090776    1.42228  -0.435758   0.107558   0.235741  -0.476997  -0.302901   0.133049  -0.580316 0.00309845  -0.784109   0.452649 -0.0779585   0.905278  -0.544189   0.624679   0.406969   -0.33637  -0.433579 -0.0347556  -0.391853    1.29213   -0.41661  -0.378043   0.787341   0.371937  -0.834358   0.368644   0.123356   0.285708   0.338153
   -1.00022    -0.25118    0.872323    0.246275   -0.046151    0.333411   -0.281445   -0.425232 -0.00985952     1.56872     1.14067   0.0708247    0.588659    0.219647    0.778047    0.532519   -0.029997  -0.0558978    0.465637   0.0788812   -0.577817    -0.79184     0.37129   -0.228881  -0.0283365    0.407828    0.849055    0.863939   -0.604368    0.344798     0.16398   -0.620282
  0.423953  -0.141542  0.0500717  -0.383699   0.112517  -0.583111 -0.0588529   0.075276   -0.50547   0.157454   0.121654  0.0761121   0.135714  -0.236503  -0.390822  -0.471899  -0.310727   0.271046  -0.226737   0.803544   -0.17384   0.190356  -0.730322   -0.96983  -0.111602  -0.395509  -0.234039    -0.2982  -0.157868   0.524676    0.10217   0.508026
   0.591463     1.01395  -0.0418517   -0.118057    0.369324   -0.374247  -0.0629464     1.00466   -0.577246   0.0396883    0.651531    -1.18342     0.03413     1.15942   -0.448432  -0.0888519   -0.113892    0.605393    -0.64212   -0.667423   -0.866741  -0.0185223    0.590678   -0.436143   -0.140318 -0.00963534   -0.959288    0.353058    0.294515   -0.400728   -0.228762    0.478809
0.0769576  0.537524 -0.689136 0.0529692 -0.122927  0.174141 -0.668627 -0.104364 -0.346668 -0.227939  0.462171  0.328231  0.138928  0.146777  0.146687   0.22979  0.207225  0.065129 -0.755763 -0.477795  0.369595 -0.181706 0.0753181 -0.659933 -0.645471  -1.18235 -0.193084 -0.747756 0.0801081 -0.440598  -0.42465  0.389943
  -1.01712   0.689036  -0.272144   0.301597   0.623867   0.116048  -0.494635   0.186101  0.0744584   0.836247    1.34468   0.597076   0.819287   0.295851  -0.139822  -0.135808  -0.317558  -0.493009  -0.975115   -0.51512   -1.18843   0.190379  -0.210815  -0.360155 -0.0780003  0.0382783   0.842718  -0.631439  -0.123071  -0.643733   0.106004  -0.700116
 0.304381  0.659678 0.0746035  0.770051  0.288706  -0.13181 -0.295755  0.452153 -0.535788  0.295795  0.189993  0.194882 -0.134606  0.312588  0.322432  0.414336 -0.342176   0.42128 -0.877762  0.181088 -0.418905 -0.372189 -0.111751 -0.660769  0.391965  -1.04881  -1.08787 -0.442792 0.0792337 -0.656312 -0.016268  0.402183
 -0.162468   0.571166  -0.164729   0.153403  -0.556077  -0.322654  0.0660295   0.912615  -0.277049   0.721071   0.867248  -0.186012  -0.252734   0.339966   0.105213   0.676293 -0.0921214   0.983953  -0.620682  -0.106407   0.226637  -0.236096   0.125496  -0.245362   0.059349  -0.616753   0.484921  -0.240638  -0.114256  -0.171173  -0.380688 0.00496891
  0.213875 -0.0198404  -0.205729   0.234154   0.010182  0.0447081  -0.594864   0.173463    0.25473  -0.262136   0.218977  -0.272851  -0.808803   -1.61892  0.0392172 0.00815345  -0.237349    0.18288   0.486848   0.361321  -0.706737 -0.0945463  -0.479119   0.785474   0.249347   0.124821   0.113111  -0.319556   0.114821   0.681215  -0.202455   0.588067
  0.130684    1.05577 -0.0549654   0.651524   0.457019   0.134346   0.758312   -0.10803   0.708378   -0.28395   -0.31785  -0.367712  -0.494598  -0.333818   0.681435  -0.395896   0.268606  0.0955454   0.930788  -0.352716   0.377337  -0.208094  0.0507966  -0.416591 -0.0887067    1.08101  -0.254959   0.120968      0.582  -0.209235  0.0639949  -0.337767
   0.162663    0.586558    0.424314    0.178414   0.0170643   -0.144825   0.0945262    0.733641   -0.249226    0.643225    0.156722  -0.0238341   -0.403898    0.592837    0.532451    0.242605   -0.522457    0.235529    -0.75467   -0.472267   -0.457232    0.024439 -0.00846238    0.102099     0.26249   -0.397435   -0.974775   0.0623042   -0.064625   -0.598471   -0.259188   -0.248931
   1.07506  -0.484211  -0.361748 -0.0656217   0.317626  -0.170431  -0.645517   0.094749    0.91662   0.975695   -1.18701   0.173548   0.842886 -0.0847211   0.279217  -0.942003   0.063524  -0.524732   0.145647  -0.122218   0.108519  -0.834517  -0.255717   0.236067   0.312015   0.338536  -0.257447 -0.0593954 -0.0282122   0.323398  -0.303645   0.412734
-0.0602625  -0.401402  -0.217692  -0.136084  -0.291842   0.401237   0.112731   0.314884   0.780588  0.0199799 -0.0262772    0.68495  0.0732024  -0.652623   -1.18101   0.348312  0.0869465  -0.290865   -0.13827  -0.886144    1.04272  -0.576557  -0.590849  -0.483736  -0.274417  0.0112611   -0.40568  -0.903477   0.550063  -0.345654   0.719709   0.322253
   0.11019   0.328536   0.506933   0.208329  -0.525066  -0.366512   0.301159 -0.0929131  -0.486963   0.322759  -0.526046   0.333105  -0.203577   0.380382   0.471251  -0.389481  -0.672575   0.888262  -0.615169  -0.184559  -0.109688   0.144323  -0.050692 -0.0711901 -0.0155551  -0.893084    0.45136   -1.16343  -0.186578  -0.426249  0.0864654  -0.360751
  0.19049 -0.296357   1.11461  0.369543  0.326791  0.356032  0.472356 -0.279159 -0.749142 0.0902991 -0.290342 -0.962718  0.672744 -0.669724 -0.454954 -0.734644  0.066052 -0.756799  0.201209 -0.726294   1.03989 0.0465058 -0.400119  0.786998  0.323521 -0.503637  0.287551 -0.397145  0.220246  0.137217 -0.123065 0.0715446
 -0.164355   0.187329   0.591669   0.340253  -0.339198  -0.559705  -0.112901 -0.0174887    0.62021  -0.429221   0.919512  -0.837855   0.157523 -0.0523063   -0.99888   -0.66522 -0.0260138  -0.399208   0.110794  -0.407598  -0.262666 -0.0991957   -1.21109  -0.967994  -0.705027   0.131232   0.223605   0.761177  -0.539807  -0.571556  0.0222142  -0.793216
     0.32981       0.6892      0.34772    -0.670275     0.149991      1.66947    -0.932633    0.0775999    -0.794886      0.80692     -1.85975   -0.0190226    -0.208255    0.0966573    -0.944338     0.143743     0.590508   -0.0677198     0.433176    -0.215059     0.820334 -0.000420994    0.0490886    -0.509953      1.99611     0.605014     -1.89959    -0.683591     0.608377    -0.267122    -0.387665     -1.34385
 0.374806  0.579864 -0.192483  0.435496 -0.505456 0.0207822 0.0142267  0.439532  -1.16139  0.324644  0.539386 -0.139589 -0.338607  0.200757  0.210526  0.674734 -0.284169  0.688229 -0.855089 -0.548932 -0.199594 -0.117838 -0.180731 -0.659793 0.0755579 -0.575439 -0.594791 -0.318527  0.195492 0.0647622 -0.681447  0.692855
-0.0681489  -0.615989   0.437071  -0.320474   0.806692   0.438578  0.0558954   0.653431  -0.258403 0.00696536 -0.0783387  -0.300051    0.27949  -0.689473 -0.0189432  -0.414542   0.454315  -0.960905   0.143139   0.487842   0.303888  -0.571095   -0.11041  0.0962453  -0.601644   -0.21086   0.918211   0.592497  -0.100644 -0.0948235   0.283519  0.0373392
   0.293847    0.715458   -0.296529    0.139442   -0.071169   -0.154231   -0.212955    0.372033   -0.554923 -0.00951736    0.943268   -0.222356  -0.0463205    0.164117   0.0731479    0.258673   -0.182007    0.402637   -0.780429   -0.213787     0.05573   -0.371923   -0.104473   -0.396212   -0.356362   -0.813813   -0.593255   -0.351368    0.540825   -0.372113    0.107008   0.0302716
 -0.31566 -0.061947   0.63435 -0.782721  0.216011  0.474856   0.83284 -0.234715  0.661938 -0.603667  -1.15677  0.217131   1.05246 -0.634887 -0.629877 -0.821713 -0.541876  0.289502 -0.455541 -0.068014 -0.402925 0.0836264   1.11797  0.792091 -0.302036 -0.858616  0.154793  0.690111  0.156334 -0.156002  -0.49379  0.296934
   0.378606     0.98988   -0.272235   0.0807983  -0.0311058   -0.262052   -0.229959     1.09341     -1.1274   0.0509049    0.343708    0.235546   -0.235093    0.440879  -0.0535145  -0.0515707   -0.298734   0.0214773    -0.39871    0.272079    -0.46947    0.332835 -0.00983239    0.283084    0.467508   -0.998408   -0.566372    -1.12331    0.455924   -0.569568  -0.0353521  -0.0161744
 -0.0240778    0.862466   -0.302607     0.28734   -0.229934   -0.187422   -0.845022    0.148545   -0.673884    0.307468     0.81113   -0.468849 -0.00445071    0.461949     0.07894    0.303875   -0.338692    0.331403   -0.347091    0.117543   -0.242245   -0.270271   -0.185381   -0.105403   -0.516538   -0.538035   -0.733886   0.0254201    0.393033   -0.394087   -0.557759    0.543456
 -0.406368   0.855337  -0.145861   0.133894   0.531664  -0.241476   0.102185   0.719195  -0.799361   0.126482    0.10094   -0.26556  -0.500286   0.252596   -0.15948   0.122659  0.0417996 -0.0428729  -0.330618  -0.250503  -0.529468   0.131602   0.232877  -0.111833  -0.392207   -1.02972  -0.532833  -0.481443  -0.143097  -0.710749  -0.124082 -0.0863939
   0.363533   -0.708613   -0.459485    -1.07737   -0.123879    0.817094    0.668851   -0.384339   -0.374491    0.681002    0.174014  -0.0568709   -0.762924 -0.00672085    0.149797   0.0748272   -0.323124   -0.330925    0.916217    0.343842  -0.0593886    0.268617   0.0424024    0.234765   -0.657132   -0.643572    0.216428    0.311083   -0.614285   -0.201794    -0.63293    0.120223
 -0.313416   0.440305   -0.35152   0.711951   0.151949  0.0661462   0.230715   0.373361   -0.21481   0.116194   0.679622  -0.157184 -0.0243523   0.421328  -0.625782   0.428608   -0.40675 -0.0320917  -0.188782  -0.217457  -0.644973  -0.599778   0.223557  -0.043256  -0.353414  -0.296039   -0.85443  -0.455472  -0.176693   0.295831  -0.123091    1.00313
  -0.201085    0.267088   -0.610132   -0.772049     0.49735    0.708228   -0.350329   -0.383848 -0.00180617    0.316758     1.04897   -0.544831   -0.155966    0.629196   -0.033541   -0.470886    0.977918   -0.465921   -0.299663   0.0728977    0.365579    -1.30527   0.0215579   -0.234975  -0.0504523   0.0940969    -0.21923    0.250776    0.145538   -0.103654     -0.8551   -0.330155
    0.134667    -0.151642    -0.822092 -0.000983077     0.399886    0.0569226    0.0618798     -0.25229     0.709718    -0.169773    -0.185411      0.15718    -0.358475    -0.310407    -0.143889     0.306236     0.740481     0.505194     -0.16823     -0.29826      0.23648    -0.169784     0.136808    0.0404708    -0.554314    -0.304193    -0.300156     0.260971     0.293462     0.433531    -0.251408    -0.347548
   0.346846   -0.837267    0.210008   -0.707129   0.0683293     0.92831    0.415318   -0.101136   -0.379046   0.0364272   -0.312412    -0.19513    0.818736    0.119063  -0.0771331    0.582256    0.841052  0.00706132    0.654796   -0.670702    0.166973     1.26436    0.929379   0.0252159     1.05163     -0.2605    0.248892   -0.664484   -0.486461 -0.00204076   -0.334662     0.66739
   0.752561   0.0591926    0.454105    0.122515   -0.144074    0.524524    0.150307   -0.195631   -0.281243   -0.167154    -0.96345    0.505437   -0.265599    0.520149   -0.916009   -0.270467   -0.414131    0.178024    0.719075   -0.604217  -0.0431087   0.0155059    -0.68747   -0.250341     0.21032   -0.238645    0.600088 -0.00851138     1.00369     1.00441   -0.131241    0.181072
  0.574427  -0.337932   0.766597  0.0663255   0.116376   0.282173  -0.868713   -1.80613  -0.415046  -0.620042    0.23681   0.055867   0.364387   0.181774   0.206867   0.266985  -0.486243    1.00366  -0.526518   0.748353 -0.0147427    0.34513  -0.223571   0.224899 -0.0043665   0.181339  -0.097145 -0.0257006   0.243805   0.743564   -1.09099  -0.558389
  0.286496 -0.0481359   0.961853   -2.54413    1.27854  -0.255975   0.247687   0.387067    -1.5651    2.14743   0.820312   -1.76459    2.96264   -1.07379  -0.587035  -0.994783  -0.549422    1.27286    0.88466  0.0136268   -1.01197   0.654059   -1.64679  -0.949437    1.18144  -0.430055   -1.25719  -0.401365    1.90211   0.510552 -0.0449446   -1.19491
   -1.07738   -0.155441    0.465875   -0.314409   -0.888721    0.297159    0.996519   -0.201629    -1.14217    0.281642 -0.00757244    0.716847    0.394438   -0.608844   -0.508613    -1.08957     0.35834     -1.5705     0.68376   -0.157385     1.18972   0.0644078   -0.528466  -0.0141952    0.216431   -0.582084   -0.432154   -0.257535    0.607761    0.986757   -0.584862    0.735073
  0.213442   0.479698  -0.102721  0.0886939   -1.12795 -0.0827901  -0.125708   0.263738   0.837778    0.89595  0.0195229  -0.584139    -0.1383  -0.635455  -0.561769    -0.5065   0.565871  -0.764554   0.937915  -0.536891  0.0456023    1.03491   0.403126   0.162108   0.559951   0.552648   -0.37771    1.73729   -0.24802   0.853002 -0.0766974  0.0280807
   0.271078     0.50273   -0.351768   -0.380542   -0.588418   -0.296489  -0.0617914    0.602702   0.0339561   0.0601164  -0.0800022   -0.525644    0.227614    0.370822    0.257122   0.0862707   -0.415692    0.170671   -0.910677  -0.0971637   -0.251199   -0.348614   -0.219029   -0.236337   -0.260999    -1.01997    0.667727    -1.29051   -0.385475 -0.00177518    0.227474     0.32672
  0.142005   0.382364  -0.387114  -0.148894   0.533601  0.0510183  0.0415655   0.126372  0.0359935   0.552957   0.762879  -0.305359  -0.101583   0.179691   0.131701  -0.316485   0.514747    0.13039  0.0536156  0.0911026  -0.355517  0.0895355  -0.332086  -0.176023  -0.228654  0.0935284 -0.0161034   0.497471   0.435285 -0.0671211  -0.436013  -0.142852
   0.203998     0.43118   -0.253671    0.357002    0.280553  -0.0515614    0.270838    0.206296   -0.433049    0.191113   0.0679481    0.141116   -0.075824    0.577171  -0.0154518  -0.0406896   -0.497536   -0.168649   -0.191444   0.0619665   -0.175255   0.0719307   -0.179471   -0.391421 -0.00551383   -0.376067   -0.621438   -0.601568   0.0730959   -0.845308  -0.0763108    0.265033
    0.107384      0.16699       0.2458   -0.0841381     0.529457     0.265391    0.0217998     0.531766     0.344743      0.25009     0.179159    -0.363939     0.214306    -0.345329    0.0385489    0.0614557     0.152167    -0.388309    0.0449549    -0.318233 -0.000678631    -0.578189    -0.341535    -0.255376    -0.061737     0.230306     0.400496      0.09872     0.245204     0.356468   -0.0649951     0.265028
  0.341193    0.11465  -0.876694   0.240026  -0.164171   0.554677   0.880841   0.201386   0.675351  -0.331546    1.16903  0.0936557  -0.791876 -0.0273727  -0.205328  -0.850191   0.713936   0.170189  -0.690719   0.649644  -0.361998  -0.774751   0.313376   0.023041  -0.165232 -0.0103317  0.0194253    1.40373  -0.795202  0.0415256   0.311841   0.686259
  0.345401   0.517788  -0.540249  -0.165509   0.678813    0.52643   -1.06407   0.602601   -0.44107  -0.638262   0.458703   0.305677   -0.21553   0.626859   0.462472   0.349718  0.0577198  -0.396723    1.31923   0.932077  -0.438981  -0.238187  0.0380594  -0.238056   0.369111   0.226197 -0.0927948   0.415385    1.20303   0.702299   -0.11375   0.630264
    0.377422   -0.0588841     0.171891    -0.876305    -0.324096     -0.16648    -0.619443     0.020627     -1.38973     0.236795     0.102873     0.761156     0.684294     0.367632    -0.399065    -0.735075    -0.114501    0.0135224      0.29688     0.890941     -0.10223 -0.000365934     -0.71966    -0.652744   -0.0686518    -0.526555     0.589774     0.277116     0.522274       1.6555     0.376591     0.765075
-0.0230059  -0.615167   -0.13722   0.608999   0.525636  -0.571984  0.0915798   0.316503   0.351093  -0.181276  -0.712733  -0.206905  -0.106448  0.0405113  -0.515974   0.533796   -0.01137  -0.464941   0.559219  0.0977729    0.63964    0.83988  -0.518045   0.189024  -0.086582  -0.746159   0.139001  -0.134442   0.571868  -0.863726  -0.355372   0.467528
  0.604892  -0.142312  -0.130786  -0.569837   0.252176   0.120912  -0.159728   0.369224  -0.301445   0.230505   0.380107   0.189189   0.234019  -0.780333   -0.45533  -0.107079  -0.275012  -0.030516  -0.314622   0.305257  -0.493083   0.245011  -0.525948  -0.469206  -0.112181  -0.705894  0.0313256  -0.282837 -0.0578327   0.687016 -0.0356505    0.56228
   0.37132  -0.273756  0.0643539  -0.295364   0.315975  -0.166044 -0.0735974   0.137856  -0.709906   0.268596   0.395497   0.396251   0.459709   -0.65569  -0.185622 -0.0509774  -0.166162  0.0307553  -0.293115    0.53106  -0.216321   0.445163  -0.489145   -0.67523  -0.259628  -0.571353 -0.0170121    0.14636  0.0180578   0.453629  -0.123053    0.39889
   1.10121   0.105276  -0.288434  -0.721577   0.827633    0.26049  -0.527428   0.224441   -1.23295    0.12736 -0.0643502   0.164473   0.641693   -1.40255 -0.0600679  0.0758737  0.0856662 -0.0845396  -0.626569 -0.0788019  -0.358817  -0.197994  -0.976358   -1.04161  -0.597254  -0.661364   0.335717 -0.0520023 0.00670049   0.617518  -0.123321  0.0145509
  -0.460117    0.933576   -0.657391  -0.0761846    0.352668    0.359053   0.0946705    0.186145   -0.787325   -0.184742    0.878891    0.657542  0.00496791    0.867952   -0.977547  -0.0164027    0.797818 -0.00746052   0.0641701  -0.0969122   -0.724141    0.484474  -0.0245849    -1.06688   -0.537003   -0.137118   -0.888766   -0.248516   0.0303579   -0.608028    0.389782    0.362953
   0.415576   -0.183048    0.329681   -0.564589    0.243004   -0.442041   -0.252387   0.0365693   -0.800023    0.125858   0.0284617    0.255362    0.166444   -0.489466   -0.151115  -0.0973665   -0.139309  -0.0375796   -0.671369    0.682417   -0.167966    0.431223   -0.886762   -0.783273    -0.16081   -0.586406   -0.237446   -0.101291   -0.144001    0.580993 -0.00190369    0.287375
 -0.188081 -0.0770047 -0.0632116  -0.782542   0.413437     0.9425  -0.567558   0.469476   0.111589   0.932464   0.462338   0.775172   0.588855  -0.801299  -0.429008  -0.728235  -0.435752  0.0320458  -0.736104   0.421686  -0.180878   0.111381  -0.143635  -0.377521  -0.177368  -0.131156  -0.513964  0.0267144   0.641398   0.692848  -0.555666    1.03786
  -1.60263  -0.171662  -0.197394   0.479225   0.203287   0.400004  -0.374946    0.78607   0.742892   -1.55578  -0.675058    1.13412 -0.0513133  -0.361882  -0.306933   -0.37446  0.0426212 -0.0276036  -0.190067   -1.04727    1.50072   0.448953   0.508634   0.225894  -0.731751  -0.505704  -0.738542   0.513139   0.790845  -0.101617   0.217835   0.500666
  -0.133884   -0.475703    0.241567    -0.31688   -0.156581     -0.1774   -0.129589  -0.0631639   -0.954559      0.2564    0.620037  -0.0424013    0.515103   -0.541419    -0.63692    -0.39303   -0.329117 -0.00400663   -0.452379     0.63486   -0.464779    0.188017    -0.32325   -0.446841    0.136024   -0.892288   0.0378339   -0.056206   -0.176004    0.715591     0.40027    0.498865
  0.280732  -0.134823 0.00955921  -0.225232   0.315373  -0.336593  -0.101662 -0.0730526  -0.410944   0.107502   0.198936    0.13868   0.383375  -0.687451  -0.178524  -0.159553   -0.37909    0.13234  -0.556861   0.676837  -0.312132   0.155999  -0.813822  -0.617783  -0.324981   -0.53863   0.100537  -0.269623  -0.183479   0.401748   0.220193  0.0937787
-0.0364322   0.425147   -0.48531 -0.0637868  0.0341214 -0.0757002  -0.120004   0.219793  -0.500328   0.311669   0.493394   0.325382  -0.118515   0.399364  -0.220807   0.378186 0.00625217    0.30388  -0.379525  -0.167323  -0.645641  -0.279723   0.106013  -0.550287  -0.487058 -0.0759603  -0.744791 -0.0655208   0.250052  -0.171737  -0.358119   0.588999
 0.0534211   0.450355 -0.0911429   0.341881  -0.186787  -0.143347   0.181329  0.0467623  -0.274867   0.197833   0.243142   0.234998   -0.45937   0.348994   0.236882   0.180677  -0.208431   0.203567  -0.321002  -0.113838  -0.138507  -0.116217   0.198823  -0.452678  0.0340947  -0.383562  -0.389184  -0.463097 -0.0781661  -0.495501  0.0108858  0.0293329
  0.279331  -0.253822   0.263648  -0.496898   0.454615   0.354201  -0.245739 -0.0121817  -0.330425  0.0741214   0.456993   0.526388   0.346734  -0.764815  -0.329441  -0.216642  -0.377017  0.0282655  -0.425622   0.194712  -0.541103   0.147508   0.162121  -0.646871  -0.335117   -0.24551  -0.391596  -0.165346   0.119138   0.299668  -0.418741   0.512943
  0.123271  0.0420857  -0.110915   0.129267   0.124498  -0.111433  0.0613797  0.0642764   0.108179   0.174234   0.181118  -0.158454 -0.0188148  -0.038665 0.00692103 0.00679884   0.121112   -0.12605 -0.0663806 -0.0642016  0.0117338  -0.150054 -0.0728684  -0.255109  -0.088229  -0.074097 -0.0173082   0.208896  0.0283991  0.0681381  0.0518426 -0.0412611
   0.189229  -0.0908915   -0.199971   -0.123609   -0.342259   -0.818974    0.924885    0.938562   -0.327259    0.661243    0.237736   -0.299719    0.695476   -0.457183   -0.240182    0.232425     -1.1447   -0.420994    0.407936 -0.00172671   -0.746321    0.058016    -1.71819   -0.957463  0.00788698   -0.628297   -0.499658    -0.17781   -0.437459   -0.803531    -1.36354   -0.454933
  0.228481  0.0633139   0.355353 -0.0762385  -0.180593  -0.143863   0.169599   0.093494  -0.344612   0.312965 -0.0703427  -0.317741   0.290221   0.233489    0.19664  0.0474113  -0.400834   0.368222  -0.702646  -0.153418  -0.201514  -0.130589  0.0802745  -0.497166  -0.206832  -0.636206    0.45927  -0.784259  -0.490524 -0.0731202 -0.0200001 -0.0190804
 -0.362526  0.0674586  0.0510773   0.207495 -0.0247475  -0.168033   0.262366   -0.15363  -0.202693   0.734886   0.327787  -0.130755   0.523552   0.385447  0.0141959  -0.240605  -0.645321   0.095551  -0.409288 -0.0468183  -0.949196  0.0251599  -0.186861   -0.45996  -0.150586  -0.059781   0.395666  -0.247733  -0.119148 -0.0924126  -0.156391   0.148884
 -0.0311299   0.0128023  -0.0173939   0.0340401   0.0129158  -0.0138603   0.0154514  -0.0189657   0.0147366   0.0174807   0.0405823  -0.0310843  -0.0274484   0.0309431   0.0226794 -0.00697936  0.00648384   0.0119508 -0.00578083   0.0194594  -0.0018327  -0.0194422   0.0117372  -0.0122714  0.00257946  -0.0178885    0.010077   0.0324167 -0.00155956  -0.0098432    0.014208  -0.0189134
  0.112641   0.168318  -0.307092    0.24139  0.0875343  -0.166155 -0.0460689    0.27524   -0.40505   0.169575   0.534296 0.00741331  -0.176841   0.418292 -0.0621651  0.0599446  -0.140008  0.0213332  -0.700388   0.120965  -0.230854 0.00227204   0.263854  -0.160838  -0.351139  -0.540995  -0.207621  -0.367541   0.011051  -0.290335    -0.1953   0.379153
 -0.167332   0.295337   -0.33424   0.186773 -0.0332201  -0.275457  0.0688036   0.370762   -0.28836   0.227319   0.275206   0.127611  -0.513988   0.445059   0.239531    0.37685  -0.226788    0.20993  -0.317716  0.0559372  0.0754828  -0.114004    0.27037   -0.25732 -0.0909078  -0.447908  -0.140606  -0.464814 -0.0369223  -0.404928  0.0421725 -0.0269649
-0.0650226   0.174863 -0.0255879 -0.0270982  0.0397815 -0.0602775  0.0616543   0.111182  -0.186018   0.209685   0.321355  -0.101831 -0.0215168   0.200723 0.00183256 0.00257628  -0.105522   0.121308  -0.339616 0.00657518  -0.145811 -0.0955091  0.0156055  -0.254209  -0.108645  -0.298957 -0.0375752 -0.0789803 -0.0569474  -0.107193 -0.0678896  0.0789461
 0.0185485  -0.488228  0.0305902 -0.0756216   0.377123   0.055483   0.304315   0.267865   0.121123   0.800988   0.791711  -0.553617   0.446768  -0.393142  -0.345083  -0.196651   0.634448    0.24339   0.190506 -0.0857674  -0.238199  0.0292653  -0.592146  -0.166744   0.173008  -0.887902  -0.531987  -0.560951   0.738832  -0.059611  -0.137783   0.493613
    0.028778    -0.108947    0.0219412    0.0011443    0.0697828   -0.0289809 -0.000873999     0.009868   -0.0879357     0.153362      0.17291   -0.0998477    0.0581339   -0.0307378   -0.0934949   -0.0426656   -0.0643282    -0.157478   -0.0103207   -0.0302744   -0.0368276   -0.0297027    -0.040239    -0.135891   -0.0854347    -0.184904    -0.076292    0.0822674    0.0304543    0.0589822   -0.0100662    -0.024438
  0.228734 -0.0697475   0.286356  -0.132227   0.139398  0.0395206 0.00671105 -0.0326438 -0.0724687    0.29418   0.412176  -0.103595   0.289724  -0.272635  0.0615881  0.0577066   0.124056   0.163989  -0.248128   0.036442   -0.32248   0.123709  0.0591417   -0.40909  -0.263318    -0.2677  0.0387974   0.221461  -0.121869   0.157248 -0.0328177 -0.0335466
  -0.52615  -0.288701   0.857665   0.290532 -0.0403018  -0.491063  0.0151299 -0.0771231   0.791898  -0.280672  -0.453611   -0.11451   0.828717  -0.742134   0.021501   -0.34694    0.25753  0.0014201  0.0396212  -0.060272 -0.0605014   0.550636  -0.284195   0.459923   0.309613  -0.414017  -0.355221  -0.250729 -0.0109428 -0.0760112   0.217971  0.0136761
  0.173228   0.313148  -0.446497  0.0590676  0.0576663   -0.13536  -0.188066  0.0942637  -0.560001   0.207732   0.357776   0.298328  -0.468157   0.587827 -0.0753715    0.19633  -0.236419 -0.0723341  -0.535952   0.116566  -0.214114  -0.271363   0.201064  -0.329487  -0.465466  -0.299959  -0.315555  -0.321823   0.221868  -0.187329  -0.186381    0.21094
  -0.185028    0.629241    0.109444     0.20965    0.235501 -0.00968228   -0.171364     0.35954    0.407824   0.0362471   -0.463304   0.0325319    0.434588   -0.025401   -0.122275   -0.164184    0.141922   -0.171888    0.250522   -0.711495    0.160508   -0.234568   -0.281616  -0.0428012    0.290664    0.140204    -0.60741    0.263525   0.0753703   -0.153553   0.0476865    -0.57933
 -0.319007   0.032723   0.335583    0.16992 -0.0657999   -0.20944  0.0105902    0.16575   0.451305  -0.254814  -0.352051  -0.229596   0.206541  -0.369208   0.138965  0.0616137  0.0402262  0.0030656   0.240822  -0.135602    0.23156   0.121302  -0.202975   0.193443   0.538503 -0.0591484   -0.16033  -0.129312 -0.0681484  0.0601709   0.427175  -0.179004
 -0.129588  0.0520638   0.245425   0.135927  -0.028227  -0.165332  -0.103094  0.0492458   0.444833  -0.243871  -0.507578 -0.0834258   0.194918  -0.218829   0.102628  -0.028276   0.110762  0.0675256   0.277509  -0.129874   0.158028   0.259383  -0.141195   0.269549   0.383357   0.069036  -0.132513  -0.104529 -0.0387915 -0.0503796   0.198064  -0.244663
   0.0194179   -0.0141711    0.0136051  -0.00229346   -0.0173672   0.00684027   0.00959844    0.0324936   0.00637604    0.0188089   0.00672499 -0.000123776    0.0112915   -0.0232651  -0.00810491   0.00679057     0.021955   -0.0101904  -0.00121755  -0.00875123   -0.0174217    0.0210503   -0.0173341   0.00464066  -0.00457235   -0.0106563    0.0351797   -0.0239743   -0.0097131 -0.000827088  -0.00678417     0.031432
   0.196598   -0.416095   -0.140734    0.047542    0.199536   0.0484914  -0.0972173   -0.208321   -0.010133   -0.564562  0.00687306   -0.232185    0.231767  0.00395216    -0.20625  -0.0912543    0.117103   0.0252749   -0.230986   0.0579892    0.207961 0.000114442    0.216788  -0.0576886   -0.137843    0.227473    0.034807    0.367245     0.17046  -0.0619741   0.0565552    0.114407
  -0.0247365   -0.0118713   -0.0290397     0.024219  -0.00940132   -0.0262088    0.0119555   -0.0174574   -0.0168487   -0.0137583    0.0250736   -0.0104841   -0.0471457     0.040243 -0.000399738    0.0187285  -0.00932029   0.00708297    0.0054948   0.00619686    0.0192207   -0.0214378    0.0135635   0.00041199  -0.00323185   0.00404451  -0.00773404    0.0124754   0.00845588 -6.65828e-05    0.0179698  -0.00881994
 0.0557115  -0.115311 -0.0251238   0.048525  0.0505015  0.0985378 -0.0831768 0.00255908  0.0804297 -0.0340994  -0.142216  0.0695337  0.0171547  -0.242067  -0.292749 -0.0492755  0.0761418  -0.174579   0.184514  -0.125803  0.0583596  0.0558106  -0.180131  0.0653826  0.0356737     0.2002  -0.222084   0.032118   0.187291  0.0950843  0.0446712   0.125918
 -0.0382701  -0.0212389    0.023294   0.0955369   0.0821759 -0.00180075   -0.132934   0.0731217   0.0658066  0.00624652  -0.0742989  -0.0326919   0.0175768   -0.170038  -0.0970434  -0.0550477   0.0958821  -0.0603916   0.0825557  -0.0919362    0.063099   0.0037434   -0.115846   0.0828402   0.0553466   0.0405713    -0.20172  -0.0470791    0.157908   0.0236153   0.0535713    0.101065
  0.0184539  -0.0200597  0.00272732  0.00940409   0.0101538   0.0110823  0.00985784 -0.00808608   0.0179321 -0.00907877  -0.0202841  0.00558792   0.0113341  -0.0358437   -0.010087 -0.00288796   0.0133591 -0.00493684    0.012188   -0.011569   0.0155599  0.00326453 -0.00279058  0.00582943  0.00526213   0.0156108  0.00244002  -0.0096322 -0.00207534  0.00810195  -0.0144529   0.0172086
 -0.00470123   -0.0183135    0.0100099   0.00604378    0.0063846   0.00655959   0.00298674    0.0039219    0.0173532  -0.00336975  -0.00639782  -0.00383745   0.00795498   -0.0161144   0.00879342 -0.000747661    0.0150307  -0.00290311   0.00538484   0.00765073   0.00906453    0.0108348   0.00088757  -0.00302808  0.000844138   -0.0121141   0.00536572  -0.00864203  -0.00595524    -0.010215  -0.00190627    0.0071533
 0.0294716 -0.0575239   0.245994  0.0705758  0.0926043 -0.0518323  0.0654158 -0.0235697   0.321723  -0.186764  -0.346285 -0.0230189   0.207267  -0.196552  0.0315124 -0.0813554   0.069062  -0.124954   0.142814 -0.0458732  0.0892235   0.272154  -0.114055   0.168149   0.241693   0.137349 0.00309508 -0.0744852 -0.0377168 -0.0360724  0.0818897 -0.0977136
 -0.0140457   0.0172275  -0.0288502   0.0301585  -0.0893213   -0.134525     0.10647   -0.311872    0.147663   -0.480446   -0.182434   0.0723741    -0.03463    0.235098    0.171493  -0.0348577   0.0788366 -0.00135674  -0.0264862   0.0523206    0.144798  0.00193686    0.268944    0.167792   0.0598338    0.196903    0.185183    0.143057  -0.0885506  -0.0564217   0.0669328   -0.190196
  -0.336358   -0.764611    0.586596  -0.0118861    0.791552    0.115038    -0.49241     0.69642   -0.401026    0.334938  0.00217493     0.25724     1.25007    -1.37973   -0.514471     0.56002   0.0285614    0.160853  -0.0616853   -0.583328  -0.0346237  -0.0571077   -0.965809   -0.803089   0.0270111    -1.31847     -1.1632   -0.708925   0.0812728   0.0774414   -0.137044 -0.00328238
 -0.103066  0.0476026 -0.0769052  0.0722929  -0.064311 -0.0634944 -0.0240005  -0.215964   0.225927 -0.0500675   0.278965  -0.210868  0.0741858   0.159496   0.116307  -0.225533   0.255173  0.0272878 -0.0225428   0.035446  -0.111563  -0.216402   0.287397   0.103693   -0.12186   0.435403    0.23118   0.502775  0.0671324 -0.0548318 -0.0200916  -0.017543
   0.0344536    0.0117042    0.0319855    0.0473967    0.0279289  -0.00534764   -0.0478597    0.0223186    0.0265354   0.00160753   -0.0587518    -0.022362     0.028213   -0.0830379   -0.0304023   -0.0366393    0.0392683 -0.000956349    0.0231766  -0.00517322   0.00699378    0.0305562   -0.0286463    0.0347658    0.0314198    0.0537857    -0.105295    -0.011372    0.0677995    0.0282558   -0.0118031    0.0583903
0.000449894   0.0454043  -0.0123516 -0.00371843   0.0084255  -0.0101387  0.00992331   0.0198511  -0.0236159   0.0239042   0.0898061  -0.0434096  -0.0297164    0.029922   0.0497942   0.0105028  -0.0174459   0.0407597  -0.0619514   0.0179111  -0.0486202  -0.0186075   0.0194893  -0.0439077  -0.0205964  -0.0599105 -0.00766638 -0.00410368  -0.0204442  -0.0601713 -0.00987396  0.00738729
 -0.00133902  0.000833193   0.00757228   0.00321517    0.0118686   0.00590697   0.00535017   -0.0103161    0.0322214   -0.0253404   -0.0182714    0.0105831   -0.0157316   -0.0194503   -0.0127816    -0.002107    0.0212418  -0.00193285    0.0298612   -0.0218428   0.00599757   0.00477067    0.0154211    0.0220761  -0.00987121    0.0360359  -0.00787549    0.0264165   0.00406489    0.0086123 -0.000106101   0.00095755
 -0.0492696 -0.00692255 -0.00626746  -0.0262944  -0.0272881  0.00800463   0.0196076  0.00930567  -0.0010029   0.0214455   0.0797729  -0.0120346  -0.0229988   0.0637886   0.0346549   0.0198755  0.00620337 -0.00140896  -0.0323779  0.00904099  -0.0156334  -0.0566525   0.0631348   -0.012814  -0.0278923  -0.0192808   0.0523174   0.0285137  0.00403895  -0.0234907 -0.00949938  -0.0283455
   0.0444514  -0.00445486   0.00956907   -0.0782504   0.00369019    0.0227425    0.0170054    0.0637596 -0.000132519     0.026851    0.0529559    0.0253994    0.0279079   -0.0161992   -0.0184106    0.0108105   0.00447051   -0.0228825   -0.0351899    0.0318117   -0.0565464     0.035922   -0.0206424   -0.0577987   -0.0358801    -0.084726    0.0416785  -0.00601114   -0.0582974    0.0170509   -0.0102523   0.00372056
