    0.372492    -0.107748     0.464927    -0.206055     0.270723   -0.0496317      0.19184     -0.12694    -0.197113   0.00639663    -0.614351     0.119546    -0.198818    0.0874891   -0.0539704     0.291452    -0.105985  0.000896139    -0.314398    -0.074749     0.615652    0.0448749     0.607338    -0.373604     -1.14994      0.11538    -0.450609    0.0874247    -0.298873     0.276457     0.282224   -0.0188031
   -0.221171    -0.331107     -0.17009     -0.15862  -0.00447851    -0.126254     0.211827    -0.266255     0.127779   -0.0901985    -0.747869    -0.418369     0.456107    -0.238841    0.0966655     0.393398    0.0647627   -0.0542475    0.0918902    -0.110923      1.78444    -0.225887    -0.316573    -0.386149     -1.38764     0.148674  -0.00604582    0.0625168   -0.0442592     0.353687     0.747237    -0.140555
    0.254823    0.0946055    -0.130387    -0.569262     0.373019    -0.206334    0.0859687   -0.0167873    -0.265302   0.00267907    0.0515406     0.431346    -0.464167   -0.0796378    -0.194123    -0.214068     0.285445     0.133518     0.216452     0.120697    -0.637954    -0.183041     0.501615     0.299042     0.995738     0.223422   -0.0569197     0.903005     0.173635    -0.301963   -0.0561384     0.170745
    0.115126    -0.239665      0.25903     0.297264    -0.399748    -0.386557     0.295371      -0.3309    0.0266108    -0.325969     0.200101     0.138511    0.0600396    -0.403982    0.0411774    -0.335021    -0.221172     0.488609     0.335005     0.342439    -0.166068     0.251912     0.501496     0.250637     0.232385  0.000532464     0.374212   -0.0104118    0.0188535     0.631917     0.101477     0.395963
 -0.00467684    -0.232887   -0.0717351     -0.44514     0.492513    0.0924541     0.561935    -0.305293    -0.171628    0.0926892    0.0874724     0.513066     0.106033    0.0176254     0.235797    -0.599485     0.218662     0.680778      0.46089    -0.322456   -0.0879417    -0.257722    -0.114538   -0.0881801    -0.234259    -0.122898   -0.0380584   -0.0841447    0.0310628     0.433017     0.283721      0.15348
   -0.582679     0.281311   0.00561375      0.45618   -0.0343268   -0.0759442    -0.231784     0.221106   -0.0830672    -0.269542    -0.436937    -0.131085      0.31462    0.0815072    -0.205994     0.231445   -0.0149256   -0.0332806   -0.0421641     0.135298     0.450272    0.0392807     0.153897   -0.0243042    -0.362988    -0.275225    0.0748274    -0.191606    -0.407085    0.0920785     0.122021      0.22594
    0.101992     -0.30629    -0.176272    0.0399387     0.470134    0.0917194     0.147738    -0.147742    -0.199259    -0.167562   -0.0565255      0.18572    -0.346216    -0.173575    0.0502721      -0.2634    -0.596999      0.19622     0.151543    0.0295146     0.203724    -0.212667     -0.19884    -0.484663    -0.271436    0.0991287     0.512247     0.029626      -0.2013     0.644069    0.0283947   -0.0353613
     0.30435     0.327535    0.0276062     0.217936     0.175796     0.114945   -0.0874473     0.348723   -0.0905063     0.131501    -0.013577    -0.242457    0.0455092     0.308805    0.0371252   -0.0400278     0.260438     -0.25664    -0.284797   -0.0135268    -0.114714      -0.3262     0.530196    -0.490343      0.12203    -0.412381     0.469081     0.514872    -0.182279    -0.680112    -0.623075     0.416363
   0.0961128    -0.217203    -0.451255     -0.23851   -0.0230168    -0.220939     0.170678     0.185639    0.0433956   -0.0408767     0.477211    0.0318395    -0.253691    0.0936312    0.0156972     0.149578   0.00395316    -0.301227     -0.16971    -0.159434    -0.181562     0.167756    -0.488564     0.186698     0.788407     0.282161    -0.584747     0.379302     0.154943    -0.369985    -0.118124    0.0559304
   -0.228205    -0.330598     0.236286   -0.0544278    -0.244907     0.645385     0.180815     -0.48313     -0.13432    0.0936914    -0.186658      -0.2485     0.682495    -0.280643     0.131639    -0.216128    -0.781301    -0.254072    -0.480409     0.354761     0.566682     0.225246    0.0643705    -0.223784    -0.405694     0.005752    0.0730147     -1.02221   -0.0466615     0.636288    -0.609109    -0.792167
    0.463081    -0.870094     0.598163     0.681757     0.197276     0.552955     0.348019    -0.075063    -0.874173     -0.25351   -0.0169463     0.479892     0.155701    -0.415161     0.302028     0.628786    -0.249719     0.237173     0.135357   -0.0872602     0.636188      -0.5036     0.485976    -0.727682    -0.999846     0.701745      0.29243     0.313498     0.326098   -0.0473256     0.494551     0.476722
    0.322741     0.318121    -0.178065    -0.522324      0.12106    0.0335728     0.154148   -0.0814448     0.293237     0.536842    -0.387862    -0.168294   -0.0928487    -0.285312   -0.0973381     0.102008    0.0373885     0.123822     0.250987    0.0948744     0.552817   -0.0659789    0.0623652   -0.0423657    -0.371896    -0.129654     0.317285    -0.283602   0.00311308    -0.333863     0.528563   -0.0241455
    -0.15624   -0.0996425    -0.102605     0.435943    -0.421034     0.193253    -0.148694    -0.174834     -0.36748    0.0288801    0.0163495      0.23164   -0.0143833    -0.595282    -0.078324     0.341033    -0.336541   -0.0191266    -0.416366     0.377199    -0.119464     0.439614    -0.169234    -0.262174    -0.215297   -0.0168983       0.4909   -0.0136604   -0.0114259     0.197379     0.148108    -0.190027
    0.208731    -0.015101    -0.106277      0.14387    -0.270896      0.44536    -0.442859    -0.321282   -0.0857219    0.0357054    0.0598626    -0.132274    -0.419676   -0.0969693      0.24729    -0.133954    -0.170792    -0.121716    0.0753782    0.0125469    -0.564804     0.190819    -0.283801     0.367869    0.0913519     0.216226    -0.374075    0.0849996   -0.0818641    0.0556759     0.116009    -0.223206
  -0.0267268    -0.042988     0.448447     0.397319    -0.767426    0.0706733   -0.0227637     0.199771   -0.0221501   -0.0821818    -0.287936   -0.0582769    -0.146614     0.119496    -0.015425    -0.190995     0.594277      -0.3387      0.21792     0.193671    -0.531005    0.0288964     0.675576    -0.262371    -0.280322     0.106577    0.0356614    -0.171563    -0.237559     -0.42098     -0.45245     0.480838
   -0.719159     0.426071     0.108714    -0.146624     0.257206   -0.0806959   -0.0569459  -0.00141368    0.0340822      0.50416     0.391065    -0.350582    -0.295961     0.645661    0.0891289    -0.167136    -0.596596    -0.254083    -0.278252     0.154943     0.516958    -0.101614     -0.25704    -0.191256     0.810943    -0.829196     0.737209     -1.28745    -0.380111     -1.07949    -0.948144     -0.17295
  -0.0596175     0.562038    -0.215841     -0.58531    -0.142293    -0.406255    0.0846113   -0.0378713     0.193212    0.0397819   -0.0282152   -0.0248031    0.0856348     0.234617    -0.186029     0.455006     0.596643   0.00155715     -0.19439   -0.0108816      0.48744    -0.452679     0.412977    -0.302538  -0.00248268     0.377644     0.559206     0.231744  -0.00144204    -0.294416     0.212941    -0.325187
  0.00321039    -0.205175    0.0314581     0.684762     0.295659     0.562952    -0.301104    -0.839753    -0.489022    -0.545515   -0.0875899     0.164422    0.0698544    -0.282696     0.662701     0.249206    -0.477397     0.368067    -0.145479     0.161094    -0.201803    -0.244379     0.426312   -0.0521854    0.0314957    0.0903461    -0.194658     0.330188     0.282223     0.139204    -0.357008     0.292064
    0.364568     0.158512    -0.205048     0.134131     0.191572    -0.445581     0.252398    -0.295016     0.274414     0.461503     0.018114     0.579852    -0.228448    -0.125073     0.147474     0.788707    -0.510469    -0.445607     0.351446    0.0265117     0.550538     0.176638  0.000277602    -0.205795    -0.798161     0.153909    -0.126429     0.083127    -0.619705     -0.08465    -0.139948     0.266015
   0.0461186   -0.0218158     -0.24104    -0.671824    0.0508452    0.0200605     -0.24397    -0.284428    -0.280405   -0.0906399     0.497311    0.0801997   -0.0227785     0.350309   -0.0630641      -1.0332     0.107747     0.547013     0.119483    0.0377034     -1.07685    -0.112017    -0.135906     0.410939      1.01005     0.245837    -0.533255    -0.215317    -0.163444    -0.293459    -0.496392      0.34268
    0.405834   -0.0347521    0.0287528     0.568577  -0.00231817     0.308344     0.156467    -0.374417    -0.458148   -0.0581179    0.0171634     0.706835    -0.062669   -0.0349425   -0.0272581    -0.145246   -0.0957978    -0.094712    -0.496947     0.383467     0.155306  -0.00540914     0.200633     0.333843     0.209573     0.101053     -0.27801    -0.102594     0.384358     0.287516     0.327497      0.25675
    0.535317      0.49629    -0.405812    -0.111906    0.0244145   -0.0322576    -0.173186    -0.462044    -0.521565     0.678664    -0.279709    0.0492892     0.259911    -0.432565    -0.209387     0.230704    0.0711648   -0.0403168     0.735989     0.235915     0.998289     -0.32214    -0.343975   -0.0657932      -1.1962   -0.0582021    -0.449872    -0.287374     0.732136     -1.49355    -0.281063    -0.386948
  -0.0848844     0.270145     0.183201    -0.289586    -0.199589     -1.06284   0.00928602     0.230186     0.142771     0.337694    -0.897673    -0.265555    -0.131514     0.186289     0.250633     0.137571     0.470828     -0.43493    0.0227551    0.0988453     0.321139    -0.436601     0.566116     0.321192    -0.340715     0.156967     0.559936    0.0314836     0.406362    -0.555105     -0.81528     0.118666
   -0.236963       -0.196    -0.292343    -0.785333     0.276291     0.207062     0.698991    -0.177721     0.039477     0.517053    0.0841197   -0.0201337    -0.627706     0.026031    0.0186175    -0.742195    -0.272094     0.857618     0.302545    0.0591052      -1.3379    -0.178962     0.251594    -0.246673      1.14826    0.0873019     0.936325     0.423533    -0.455771     0.118542     0.290116     0.157588
   0.0377446   -0.0747576    -0.178384    -0.273009   0.00571425    0.0901796     0.189797    -0.142214     0.311838     0.313119     0.782238    -0.135712    -0.439027     0.468424  -0.00536768     0.386825     0.247526     0.217647     0.195036    -0.295272     -0.32991   -0.0618148    0.0979983     0.212912     0.597672    -0.299083    0.0965093     0.559648    -0.301419    -0.215257  -0.00765062    -0.155998
   -0.165627    -0.140526    -0.225117    -0.175989    -0.483753     0.406646    -0.323786    -0.177693    0.0185583     0.179851     0.122658    -0.227791    -0.298975     0.518025    -0.324535     -0.61596     0.825697    -0.340049    -0.101917    -0.208775    -0.546119    0.0597726     0.228921     0.415406     0.407551     0.154268     0.421109    0.0263717     -0.20809   -0.0793257    0.0906613    -0.462319
    0.107919     0.105575    0.0382746     0.347332   -0.0976266   -0.0217431     0.361337     0.192034    -0.339405     0.289555    -0.556025     0.961352     0.202257    -0.141789   -0.0354866      0.35557    -0.609434     0.139804    -0.188859    -0.289451     0.416826     0.136854  -0.00121252    0.0683572    -0.690454     0.114719    -0.401963    -0.186126     0.041907   -0.0141802     0.276753    -0.868415
   -0.357054   -0.0468834    -0.503356     0.203919    -0.229588    -0.490878     0.105839      0.04551    -0.118746  -0.00889249   -0.0385633     0.473907   -0.0948394   -0.0493976    0.0318998    -0.107068    -0.399139     0.148911   -0.0699655    -0.293456     -0.14734    -0.118801     -0.44715     0.496544      0.67211    0.0476777     0.447243    -0.316172    -0.511633    -0.135953   -0.0610912    -0.140287
    0.656781   -0.0413693    -0.137618     0.278604     0.226537    -0.651048     0.413526   -0.0291842    -0.223802     0.247138    -0.277144    0.0212961    -0.193186     -0.78514  -0.00127592      0.11851    -0.606173     0.213453     0.308851    -0.266916     0.349781     0.281046    -0.244213    -0.552451     -1.23438     0.637357    -0.435937     -0.24259    0.0238371     0.596975     0.276184    -0.330981
  -0.0160962   -0.0551338     0.164686     0.321687    0.0633965  -0.00994875    -0.262866     -0.42794   -0.0360285   -0.0233596    -0.960916     0.132238     0.220575      -0.5374    -0.102557     0.877005    -0.248343   -0.0292471   -0.0924689    -0.129885     0.832612     0.239606    -0.382496    0.0398265     -1.26838    0.0133174     0.115962     0.195686     0.147652    0.0281595     0.153258     0.304943
   -0.129134     -0.49793     0.294589     0.249147     0.125345    -0.234904    0.0118646  -0.00439974     -0.10422    -0.277646    -0.311378    -0.379483     0.190701    -0.486302    0.0905771   0.00982718     -0.18254   -0.0684027    -0.515297    -0.507922     0.865239    -0.620561     0.254884   -0.0452321    -0.155414   -0.0233783   -0.0983892     0.110106    -0.113325     0.722648     0.193752     0.194676
   -0.357606     0.312313   -0.0857894    -0.061027    0.0753504     0.164765     0.220359    0.0988029     0.173478     0.124025     0.122178   -0.0343233    -0.195861     0.174714    -0.131071    -0.839186     -0.56852    0.0679856     0.102965     0.564121     0.169465    -0.502092   -0.0586683    -0.215511      0.18949   -0.0860835     0.334995    -0.121777   -0.0293377    -0.184993    -0.552265    -0.395824
  -0.0963326    -0.157107    -0.429264     0.260585     0.302319     0.104589    0.0903727    -0.192729    -0.212881     0.279003    -0.103577     -0.19035  -0.00208545    -0.289817      0.35462     0.135729    0.0702087    -0.544106     0.449059    -0.189542     0.101394      0.38602    0.0525125    -0.326423    -0.232183    0.0466817     0.166166     0.255474   -0.0141746     0.121579    -0.223291   0.00240983
    0.056878    -0.155003    -0.039426    -0.157701     0.439425      0.14807     0.401199    -0.478901    -0.237905   -0.0104715    -0.451614    -0.176295   -0.0310301     0.389601  -0.00474641   -0.0760342    -0.109086   -0.0636409    -0.449025    -0.434532   -0.0363212    -0.712537   -0.0148921     0.340362    0.0434333     0.167546   -0.0909797     0.622866    0.0879614   -0.0908474      0.45841     0.238744
   -0.280424     0.338628    -0.124877    0.0956893     -0.46256   0.00236649     0.271378     0.226856    -0.201301    -0.387456     0.121816    -0.138726   -0.0549818    -0.270394     0.143202     0.475654     0.181049    -0.374346    0.0681972     -0.38683    -0.211984    -0.356905     0.131469    -0.455895     0.293092     0.159262    -0.142988   -0.0417462     0.125289     0.100577     0.166228     0.140369
  -0.0597257     0.400304     0.226267     0.201133     0.114896    -0.128811    0.0434275   -0.0957173    0.0575906   -0.0292281    -0.815174     0.320628    0.0191788     0.106637  -0.00630007     0.520245   -0.0971128     0.241287   -0.0357506    -0.463211     0.044285      0.22955    0.0160849     0.114703     -0.22913    0.0871485     0.291948   -0.0598197    0.0960928      0.65376     0.181287     0.119849
    -0.13557    -0.151206     0.396246    -0.142322    -0.158257     0.309933 -0.000806544     0.289318    0.0292055    -0.245019    -0.261191    -0.282043     -0.12219    -0.067484    -0.109762     0.139341      0.10933    -0.296499     0.200041     0.298882     0.170394     0.336568     0.749601    -0.260126    -0.386174   -0.0303025    0.0373642     0.162129    -0.157376   0.00606586    0.0422686   -0.0151124
   -0.324585    0.0514721     0.232128     0.152153    -0.243624     0.220518    -0.289632    0.0449086    0.0163715     0.131998     0.391066    -0.163872     0.153139   -0.0847909    -0.391847     0.648554    -0.557376   -0.0817416    -0.532117    0.0511209    -0.196659     0.445663     0.203159    0.0290566     0.104219    -0.283859    -0.322117    -0.250624    0.0305548    -0.403449    -0.286699     0.472238
    0.261989     0.117666    -0.102891   -0.0638743     0.134408    -0.127649     -0.25028   -0.0748048     -0.12685     0.144878   -0.0974947      0.29496     0.143539    0.0567641     -0.11794     0.624162      0.11541    0.0808326     0.135813   -0.0641093      0.41525     0.213644    0.0134064   -0.0377209    -0.455872    0.0700675    -0.405474     0.113101    -0.295305   -0.0618285    -0.269762     -0.27696
    0.043484     -1.02537    -0.165907    0.0448937     0.589532      0.18948     0.540452    -0.353503    -0.358546    -0.556355    -0.317656   -0.0924075    -0.103261     0.236085     0.594455    -0.525871    -0.199412    -0.390041    -0.822687    -0.365279     0.463437    -0.844568    -0.650197    -0.049325    -0.541136     0.393147   -0.0631029    -0.627463      0.94895     0.360374     0.479934      -0.3392
  0.00829876     0.197851    0.0370995    -0.264132    -0.335178    -0.641683      0.13607   -0.0298037     0.373525    -0.422207    -0.391767    -0.282775    0.0773083      0.48397     0.129331    -0.463578    0.0166537     0.327493     0.305487    -0.864749   -0.0235614    -0.841013   -0.0269338     0.136064     0.529048      0.13604     0.424746     0.154773    -0.200984     0.534109    -0.279757   -0.0925907
    0.660562    -0.142846    -0.254272    -0.423687    -0.308133     0.312644    -0.174135    -0.248597    -0.338169    -0.139343     0.536283    -0.210937    -0.512207     0.212372     0.525656    0.0666245     -0.28888    0.0863607     0.489028    -0.337936    -0.297554   -0.0847057    -0.334954    0.0297502       0.2083     0.174758        0.111    -0.355583   -0.0466577      0.44297     0.695283    -0.287528
   -0.145738     0.357189     0.924028    -0.255292     0.218004     0.202859    -0.235929  -0.00127688     0.340766    -0.348489     0.379795   -0.0610795    -0.391418     0.395746    0.0573741 -0.000604842    0.0968313      0.16538    -0.450929    -0.248613    -0.801005   -0.0944898     0.397741    -0.150793   -0.0600339    -0.320581     0.784625    0.0805569   -0.0462672    -0.184307     0.221886    -0.133467
    0.165686    -0.230796     0.146465     -0.31271   -0.0438704     0.525453    -0.368239   -0.0809284     0.092433     0.140658     0.321622    -0.570552     0.209426   -0.0753971     0.298779    -0.129231     0.427102    -0.452388     0.445547    -0.379002    0.0831205    -0.776375     0.684214   -0.0614455    -0.418056    -0.232127    -0.194471      0.47979    -0.330561   -0.0109378     0.348259    -0.216336
     0.79008    -0.300507     0.238933     0.153632     0.242674     0.231972   -0.0349291    -0.188263    -0.166794    -0.228914    -0.490285     0.460385     0.443864    -0.695339    -0.141016     0.345799     0.023915    0.0205335    -0.269197   -0.0119069      1.33647    -0.129782    -0.253395    0.0485162     -1.02251     0.390528    -0.580934    -0.261442     0.372051    0.0580712     0.513303     0.339825
   -0.207237    -0.065021    0.0660154    -0.184375    -0.267687    -0.216597     0.171641   -0.0316923    -0.037911     0.177167      0.28654    -0.515834    -0.499491    -0.313752    -0.247156     0.360795     0.321541   -0.0397273    0.0535449      0.13895    0.0723267     0.196776     0.553267    -0.102772    0.0279656     0.381554   0.00523384     0.469838   -0.0420156     0.276518    0.0604932   -0.0863323
    0.245014     0.161271     -0.43306    -0.075185      0.12122     0.224541    -0.231561     0.259842     0.573612     0.484368     0.303054    -0.320503    -0.242909     0.255415    -0.150363   -0.0245834     0.411764     0.351804     0.032383     -0.39226    -0.976492     -0.25802    -0.325762    -0.211964     0.423992     -0.38254     0.263624   -0.0947475    -0.570612     0.271034     0.261164     0.368922
    0.310605     0.123892    -0.213337     0.820754     0.131599     0.560284  -0.00800058    -0.048675    -0.711868     0.344155     0.959993     0.696185    -0.476452   -0.0208562     0.147873     0.594618    -0.631091     0.199093    0.0629334      0.88088    -0.906242     0.394407    -0.245089    0.0583687     0.678694    0.0729349    -0.231671     0.370808     0.511908    -0.387658    -0.312914     0.184306
      0.2115    -0.346195     -0.49125    -0.172803   -0.0654069     0.119114     0.459928     0.116356     0.237011     -0.31152    0.0589563    -0.346293    -0.513168      0.45196     0.337958    -0.191921    -0.757882    -0.645364    0.0334145    -0.189438     0.359441    -0.637819     0.587474   -0.0825608     0.115479     0.326179     0.197791    -0.305867    -0.209448     0.434884    0.0491094     0.603978
    0.234254    -0.168525    -0.423958    -0.162238     0.113566    -0.577091    0.0457079    -0.379595    -0.258038   -0.0220663    -0.190959    -0.486576     0.305507   -0.0348251    -0.286238    -0.397776    0.0235974     0.391858    -0.160164      0.11966    0.0641116    -0.229396    -0.301471    -0.206114     0.400055    -0.260669    -0.270531    -0.253553   -0.0991628   -0.0513975   -0.0236825     0.099858
  -0.0280982  -0.00534836    0.0431076     0.186565     0.395095     0.378545     0.783271    0.0275795   -0.0731502   -0.0647052    0.0546761     0.354813    -0.681718     0.184033     0.165143     0.459051    -0.377674     0.561989     -0.15286     0.146036    -0.861653    -0.134397     0.441227    -0.101125    0.0087854     0.237789   -0.0742357     0.410756    -0.112104     0.320511  -0.00371519     -0.16096
   -0.589234     0.301407      0.35946  -0.00169916     -0.20231     0.146356     -0.22227     0.218042     0.343678  -0.00288816   -0.0520518     0.129062     0.335599     -0.28736    -0.111545     0.164292    -0.335396    -0.457362    -0.342699   0.00567754     0.174981    -0.136748    0.0092205    -0.187618    -0.700173     -0.38976    0.0278932    -0.109396   -0.0328012     0.505524   -0.0201466     0.551377
    0.217697      0.14914    -0.182149     0.236724     -0.37275     0.169391       0.0272     -0.18017     0.245363   -0.0896774   -0.0888044     0.222835     0.362039    -0.292754     0.252834   -0.0465297    -0.633047     0.228812    -0.416619    -0.375674     0.757052    -0.246704    -0.459124    -0.104444    -0.190881   -0.0659529    -0.393083    -0.494236   -0.0727652     0.490093     -0.17588    -0.525652
   -0.166391    -0.442769      0.45145     0.209912   -0.0583613     0.150777     0.565342   -0.0935672    -0.461402    -0.368897    -0.238653    0.0222855     0.689395   -0.0802542     0.271654    -0.685133      1.00072   -0.0312947     0.315903     0.052277     0.078155    -0.405694    -0.349897     0.140723    0.0879738    0.0200487     0.454435     0.593044    0.0302363     0.678247    -0.253805     0.225289
   -0.398324    -0.422718     -0.80849     0.167171     0.349915     0.380149     0.356872    -0.770531     0.174783   0.00794611    -0.759734    -0.337174     0.402886   -0.0781087     0.331628    -0.155515    -0.569579    -0.114925     0.246949      0.47173     0.617723    0.0367818    -0.242313    -0.437354    -0.823276   -0.0993773     0.370374    -0.389458    -0.014424   -0.0282602     0.359272    0.0887957
    0.487366    -0.427928    -0.288506     0.434187      0.43106     0.439856     0.099833    -0.395336    -0.719911    -0.559845     0.683277    -0.288604    -0.642598     0.683153     0.629151    -0.338739     -0.05623    -0.117768    -0.138663   -0.0266521    -0.535562    -0.502521     0.188913    0.0214009      0.19152    -0.143738   -0.0376959     0.195205     0.458946     0.244502   -0.0839975     0.291316
   0.0836507    -0.361223     0.218085    -0.194389    0.0735623    0.0380041     0.293259    -0.226911    -0.214639    -0.519301    0.0719459     0.271922    -0.277356   -0.0854376    0.0638947    -0.795468  -0.00914862     0.032562    -0.519932    -0.131041   -0.0585017    -0.534921   -0.0969027    0.0354405    -0.311466     0.423963   -0.0265004    -0.226197      0.21243     0.308424     0.350404    -0.108366
    0.101521     0.138775   -0.0719792     0.173264     0.593917     0.812432     0.690076    -0.221623    -0.510888    -0.571201     -0.45952     0.978457    -0.350798    -0.340912     0.232248   -0.0872351    -0.659173     0.304415    -0.567201   -0.0391516    0.0417997     0.226619     0.300117    -0.204405    -0.298677     0.327524    -0.218341     0.123745     0.261319     0.142397    0.0897789     -0.18465
    0.445264    -0.257232     0.186742     0.303228     0.274044     0.140053   -0.0130074    -0.301538    -0.361714    -0.256002    -0.639151   -0.0172365     0.535838    -0.199428     0.205085     0.160794     0.172369    -0.603586  -0.00716608     0.148663     0.815764    -0.374294    -0.102343    -0.178099    -0.733945     0.386928     0.109519    -0.147602     0.162026     0.781746   -0.0994972     0.205448
   0.0617133     0.136368    -0.317909     0.131635   -0.0634504   -0.0613389    -0.115996     0.411144     -0.10076    0.0644695     0.299568   -0.0913151     0.185786    -0.181211    0.0934278    -0.232176     0.496989    -0.226893     0.436797    0.0538385   -0.0779257    -0.458927     -1.07913     0.385552     0.618636     0.063069     0.162814   0.00245333      0.17825    -0.280293    -0.559613    0.0492783
    0.259773     0.500763      0.18786     0.408455    -0.362558     0.490895    -0.262664     0.354119    -0.242966    -0.573546     0.229444     0.205065    -0.310373    0.0780299    -0.372287     0.562618    -0.664053    -0.721693    -0.581491     0.715145      0.24233     0.372301     0.621026      0.21914     0.520097    0.0154591    -0.156589   -0.0455089     0.733049    -0.426352    -0.762412     0.436433
   -0.622486    0.0255332    -0.265574     0.552409    -0.225687   0.00711545    -0.611107     0.194363    0.0869717    0.0255533 -0.000946338   -0.0618436     0.150937    0.0166643    -0.104723     0.173699    -0.108344   -0.0376006    0.0437493     0.305681     0.182873     0.670116    -0.247436    0.0129106     0.676545    -0.100471     0.517461   -0.0154928     0.266122    -0.322302   -0.0199064    -0.363921
  -0.0640636     0.213139    0.0343733    -0.315763    -0.236379    -0.951034    0.0930555   -0.0317348    0.0885015     0.326615    -0.237113    -0.551397   -0.0794562   -0.0981572  -0.00220184     0.332621       0.3489    -0.469202     0.645189     0.427041   -0.0772549   -0.0879434    -0.362104     0.504316     0.362088     0.316144   -0.0862809      0.22918     0.132204    -0.472648     -0.75335     -0.20598
    0.318661     0.223007   -0.0572034    -0.221899      0.10567   -0.0869537    -0.455567     0.104046     0.538917     0.452969      0.31304    -0.400419    -0.299656     0.166115     0.034829    -0.841039    0.0799982    -0.349961     0.132186    -0.467878    0.0197879    -0.330323    -0.306779   -0.0719897     0.362179     0.152759   -0.0478095    -0.145701    -0.446481    -0.192472   -0.0166337     0.283604
    0.207635     0.293503    -0.139393    -0.398963      0.24947    0.0347636      0.39278    0.0281596      0.17853     0.162924     0.709062     0.176175    -0.492955     0.488127   -0.0311417    -0.502078     0.465115     0.418424     0.162965    0.0866095     -1.08432   -0.0159066     0.776185    0.0412041      0.95927    0.0520864  -0.00569223     0.417103    -0.408844    -0.460906    -0.145374    -0.396461
    0.103722     0.382635    0.0169342    -0.472038    -0.616471    -0.207376    -0.484692     0.101318     0.094276     0.426898    -0.163304    -0.638051    0.0208949     0.230179    -0.170281     0.314821      0.43511    -0.210051     0.129276     0.959788    -0.287999    -0.302428     0.304726    -0.182904      1.24422    -0.918315      1.01089     0.510683    -0.476056    -0.363128    -0.690718      0.32448
  -0.0933657    -0.130038    0.0689022    0.0550608     0.385057     0.157508     0.422344    0.0734151     0.207444    0.0870212     0.187515    0.0498838     0.183398    0.0788049   -0.0823049   -0.0881274     0.420129    0.0590386     0.350008     0.472199      0.24504    -0.246466     0.544024     0.108252    -0.289132      0.11544     0.312236   -0.0503336    0.0953863     0.124281   -0.0460607    -0.109214
   -0.318823   -0.0295697   -0.0161349    -0.101856    -0.290052    -0.351877    -0.150208    0.0368168    -0.163636    -0.237674     0.170327     0.341717    -0.105756   -0.0909905    -0.526409    -0.596037     0.419776    -0.251978    0.0830703     0.358292     -0.52596     0.332361     0.598941     0.446082     0.123478    -0.226886     0.381272      0.26738     0.353902   0.00282569   -0.0777648     0.139901
     0.21205    -0.250306    0.0161033    0.0395822    0.0482859     0.224015     0.483854    0.0930999    -0.155059      0.19925    0.0971971     0.188001     0.149388    -0.278733    0.0299765    -0.238607    -0.453628     0.141947    -0.117911    -0.039425     0.108627    -0.141775   -0.0888843     -0.53253    -0.406456   0.00579949      0.20573    -0.215751       0.1889    -0.256855     0.536004     0.209961
    0.425638    -0.138016     0.090553    -0.134738    -0.136725     0.249729    0.0804726    -0.174104  -0.00770911    -0.315624     0.793829     0.484098    -0.199018    0.0869675     0.275695    -0.414152    -0.135334     0.345209     0.431194    0.0483229     -0.44446    0.0743467     0.329724     0.122249     0.452859    0.0679859     0.782651     0.560409     0.295903    -0.439197   -0.0199552     0.247128
  -0.0860237      -0.1437   -0.0946924     0.416127      1.01286   -0.0556615     0.298405    -0.302539     -0.48056   -0.0142024    -0.272084     0.147715   -0.0748255    -0.616614     0.282748    0.0486282   -0.0780286      0.15686      0.74624    -0.248883      1.02505    -0.299308     0.182031    -0.198272     -1.19796     0.119948    -0.595111      0.35307     0.232586     0.363293    0.0544674     0.474729
   -0.271793     0.357114    -0.100056    -0.112259    -0.244243   -0.0992822    -0.152555    -0.101875   -0.0166036    -0.301558    -0.028659  -0.00725664     0.361922    -0.166133     0.243355     0.490184      0.22115   -0.0472593   -0.0096577     0.928784     0.957231      0.16574     0.217929     0.184205      -1.0857    -0.143565    -0.722897   -0.0945947     0.512759    0.0327481    -0.248123     0.399926
    0.154657   -0.0562374   -0.0410413   -0.0331512     -0.62784    0.0471218     0.115556    -0.299925    -0.553709    -0.210397    0.0267496     0.256991     0.546573    -0.328511    -0.112641    -0.383858     0.186485     0.410401   -0.0452678  -0.00532482     0.460907    -0.359995     0.208862    -0.127754    -0.885444   -0.0284974    -0.242845    -0.124088     0.306599     0.314716     0.153467    -0.396681
   -0.273286     0.259394    -0.195676    -0.181402     0.107196   -0.0591334     0.467441    -0.107469   -0.0242275   -0.0719799    -0.314441   -0.0728315    -0.132032     0.124768    -0.310743    -0.155492     0.286811    0.0313338    0.0852018   -0.0590793     0.549214     0.235614    -0.289866     0.108847   -0.0703801   -0.0761304    -0.178563     -0.41134    -0.215487    -0.141956    0.0391412    -0.132034
   -0.297375    -0.484648  -0.00288852     0.235909     0.174997      0.17532     0.012443    -0.479868    -0.294582    -0.374246     0.135944    0.0532951   -0.0812025     0.213385     0.521751    -0.411405   -0.0249677    -0.200069   -0.0777138    -0.458022    -0.223426    -0.370301   -0.0254328     0.136271    -0.469594     0.155256    -0.171933    0.0995639     0.694685     0.354867      0.51336    -0.355253
  -0.0409643     0.557335   -0.0979227    -0.145728   -0.0975304    -0.315722   -0.0988889    -0.393614       0.1024     0.232867    0.0656876    -0.127108    0.0809839    -0.157101    -0.568628    -0.216806    -0.303849     0.285906    -0.190766    -0.299745    0.0540774     0.328787    -0.173459     0.391348     0.199631    -0.231669     0.230615    -0.401545     0.154419   -0.0790567     0.225481    0.0483924
    0.132312     0.157865    -0.620658    -0.310393     0.356177     0.201071     0.150325     0.116439    0.0504601    0.0173059   -0.0778899    -0.258371    -0.076455   -0.0345115    0.0902663     0.269501    0.0578642    0.0978576    0.0349265    -0.352885     0.283109    -0.337456  -0.00793274    -0.186201   -0.0436613   -0.0548587     0.421097     0.028917     -0.13417   -0.0966569   0.00361591    -0.185207
  -0.0656228     0.257577    -0.328593     0.375952     0.103372    -0.290362     0.625176    -0.247997    -0.134933   -0.0805782     0.281732     0.115001    -0.281019      0.56393   -0.0262074     0.266989    -0.878503    0.0371288    -0.499085    0.0602194    -0.375371      -0.5219   -0.0693416     0.269741      1.00751    0.0102925    -0.463143 -0.000673422     0.288192   -0.0806265    -0.135199    0.0525026
   -0.252192     0.638896     0.141018     0.300626    -0.200324    0.0918913    -0.135204    0.0423507   -0.0346156     0.453805    -0.123243      0.32653    -0.371718      0.25241    -0.372129    -0.433334     0.306701   -0.0909495    -0.096047     0.316983     -1.08397     0.360611   -0.0202742     0.360195      1.33125    -0.190095    -0.395047      0.47819     0.243773    -0.314573    -0.208901     0.445072
   -0.149298    -0.474316     0.127294     0.250808    -0.264168    -0.417867     0.162645    -0.259102     0.227116     0.219644     0.120601    -0.683822     0.229541    -0.466412    -0.223777      0.11783    0.0999963     -0.33927    -0.278754    -0.398317      1.06306    -0.211732    -0.150822    -0.408046     -1.18764     0.211781    0.0975856  -0.00046593    0.0409978     0.100227     0.376631     0.379035
   0.0116661     0.162598    -0.396148    0.0758787     0.842967     0.620694     0.468329     0.188945   -0.0161067      0.29953     0.988667     0.991589    -0.729013     0.521655    -0.170855    0.0576547     -0.18536     0.396503     0.876276     0.348011     -2.30636   -0.0634207     0.143536    -0.154536      1.73428    0.0601511     0.131968      0.92923    -0.129812     0.354386   0.00960847     0.271475
    0.421451   -0.0121661   -0.0575913   -0.0858191      0.46674   0.00514975     0.277849    0.0397348    -0.488865     0.113771    -0.232422    -0.167587    0.0646995     0.124626     0.335799    -0.435749    -0.317502    -0.417777      0.63886   -0.0583273     0.147211     0.442344    -0.369594    -0.172462    0.0403631    -0.107445   -0.0802271    -0.298732    0.0363092     0.293564   -0.0104892     0.193806
    0.199866    -0.305893    -0.578532    0.0932703    -0.102058    -0.224586     0.381106     0.168934     0.146665     0.676484     0.433868    -0.453915     0.232117    0.0505162    -0.299623    -0.605418   -0.0688215    -0.277586     0.902687   -0.0930805      -0.1223      0.39348     0.158294    -0.438472     0.808469    0.0962328     0.756091     0.270901   -0.0838331    -0.243342     -0.55341     0.172786
   0.0272137    0.0617654     0.209513    -0.171132     0.565279     0.301299     0.087349   -0.0735675     -0.25026    -0.232528     0.425896     0.114272    -0.389801     0.243429     -0.25289   -0.0382294   -0.0703865    -0.137664    -0.140819     0.144175    -0.425309     0.196142     0.364999     0.141021     0.223773     0.107339    0.0288587     0.283091    0.0778383    -0.298368    -0.125547     0.547054
    -0.15088     0.508616    -0.454777    -0.223185    0.0586226     0.117831   -0.0386528    0.0071027     0.103466    0.0630458    -0.536632   -0.0175485     0.265268     0.166859     0.179843    -0.672462     0.644676    -0.479359     0.310701     0.247903    -0.299373    -0.831314    -0.341208    -0.215674     0.930542    -0.481854     0.210697     0.117103    -0.448232    0.0268566    -0.289966    -0.017654
  0.00384335     0.281699    0.0904478    -0.407376   -0.0199655    -0.117651    -0.294769   -0.0387231     0.065063     0.333061     0.508562    0.0539476    -0.177497    0.0183503    -0.123312     -0.37687     0.633026    0.0505089    0.0835735    0.0476084     -0.59618     0.302477     0.203182    0.0235858    0.0768703   -0.0508447    -0.112979     0.213846    -0.154353   -0.0946695     0.012511     0.104801
    0.376075   -0.0474606     0.163559     0.306795     0.371271     -0.22098     0.222983  -0.00653682    -0.438199    -0.391667   -0.0618549     0.237058    0.0132326   -0.0419059     0.301023     0.702411     -0.40057    -0.086785    -0.481324    0.0321643     0.235801  -0.00287402      0.23041     0.610154     0.274058     0.324657    -0.691405    -0.608506     0.575134     0.691841      0.63027    -0.387066
    0.357873    -0.235439     0.382985     0.708595    0.0573914     -0.67287    -0.212067    -0.460749    -0.402031     0.287196     0.559413    -0.152971    -0.477034    -0.142762     0.272518    -0.434282    -0.261771    0.0868143  -0.00786343     0.389541   -0.0817402     0.235643    -0.158608      0.25429     0.168236   -0.0397381    -0.041233     0.183149    -0.104846     0.307827     0.163576    -0.147671
   0.0826615     0.410516     -0.24137    -0.131066     0.781034     0.316169     0.663464    -0.416456     0.457758    0.0432832     0.580412     0.461969    -0.762662     0.451133    -0.124288     -1.34707       0.1086     0.867251    -0.042105     0.221703     -1.56024     -0.54217     0.761779    -0.737331      1.31659    -0.401748     0.416588     0.289215    -0.754186     0.203349    -0.321963     0.263211
     0.53338     0.297634    -0.333269     0.201392     -0.07329    0.0492454     0.221299    -0.243476    -0.774941      0.24789    -0.318015     0.583907    -0.198128     0.341505     0.376662    -0.406359    -0.335444    -0.548739     0.742008     0.819223    -0.244511    -0.482943    -0.219721   -0.0712555    -0.379765    -0.303397    0.0043346    -0.170347     0.120153    -0.395815    -0.783301     0.134976
   0.0606291    -0.126541     0.288508    0.0305533     0.437638     0.665205    0.0575907    -0.649914     0.106465    -0.180772     0.359106      1.02243    -0.327899   -0.0495236     0.227488   -0.0209056    -0.132331     -0.19708   -0.0478558     0.188816     -0.62051    0.0617082     0.619964    -0.107888     0.356151    -0.238221     0.336046      0.66727     0.221719     0.227579    -0.281952    -0.155799
   -0.404896    0.0844366     0.194251     0.320713    -0.279811    0.0943331    -0.468169    0.0719352    -0.114146    -0.300936   -0.0528472     0.568618     0.180282     0.238792     0.302156    -0.226646    -0.123208   -0.0890919    -0.458709     0.574795    0.0841099    -0.315941    -0.408108    0.0905249     0.120257     0.386193    -0.382549    -0.103766     0.117389    -0.231904    -0.722019     0.131507
   -0.324487     0.134881     0.298085   -0.0603946    0.0333166     0.211284     0.459195     0.183875     0.391923   -0.0419027     0.023116    -0.214794    -0.385074     -0.13904     0.233494    0.0841336     0.519951      -0.4301     0.468899     0.102373     0.148885    0.0656773     0.915068    -0.149887    -0.285682    -0.166928    -0.140999     0.649041     0.187296    -0.058329     0.200253     0.263222
  -0.0473777    -0.106652     0.226163      0.13988      0.15066      0.14065   -0.0227231    -0.131752    0.0555328   -0.0740542   -0.0314943    -0.182882    -0.052408    -0.242103    -0.259118     0.552478     0.134702     0.342423   -0.0810339     0.185231     0.276394     0.102557      0.65861    0.0725824     -0.56909  -0.00322149    -0.735391    -0.422016     0.214862   -0.0619014     0.460385     0.477817
 -0.00347964    0.0627525     0.250436     0.246639    -0.239194     0.609354     -0.43289    -0.360274   -0.0271016    -0.711564    -0.421017     0.167458     0.341598   -0.0298359    -0.117961   -0.0702564    0.0241817    0.0705435   -0.0555305   -0.0121712    -0.350127    -0.311818     0.016502    -0.113029   -0.0226124    0.0477142     0.232699    -0.146089     0.174397      0.13935    0.0724666    0.0384863
   0.0631506    -0.552401    -0.139104     0.202675    -0.157968     0.333574     0.199782     -0.23761    -0.281046    -0.277577     -0.16291     0.262375     0.351549    0.0037363     0.637477    -0.321839     0.043418     0.380763    -0.494442     -0.72141     0.277093    -0.504005    -0.417232      0.26662    -0.676849   0.00591043    0.0245811    -0.408841     0.306271     0.696944     0.122737     -0.53292
   -0.270546      0.25503    0.0219522    -0.122298    -0.130942     0.110769    -0.418008   -0.0240805     0.263272     0.286405    -0.760884  -0.00917263    0.0194855      0.12779   -0.0299063     0.320812     0.217021    -0.123358    -0.260057   -0.0153411     0.346188     0.431822     0.415521     0.219311   -0.0726256    -0.281331    -0.509607    -0.116983    -0.221587     -0.17163    0.0920329    -0.601947
   -0.414775   -0.0540799   -0.0532909    0.0756875    -0.577822     0.369694     0.168049   -0.0406596    -0.110346    -0.270896    -0.381879 -2.42406e-05     0.577467   -0.0183342     0.256732    -0.749777     0.371777     0.130674     0.180436     0.837886     0.138077     0.173137    -0.333495    -0.119093      0.12584    -0.179334     0.054451   -0.0347689     0.185809     0.317768     0.368136    -0.689847
   -0.144901    0.0342915     0.374105     0.174263    -0.345415    -0.563907    -0.499029    -0.379943    -0.388102      0.18205    -0.358831    0.0565189     0.385394    -0.139824   -0.0864345     0.165138     0.329644      0.11194    -0.428288     0.204805      0.40289     0.403463     0.160017   -0.0348276    -0.341984    -0.117781     0.359595     0.470951    -0.433251    -0.198183    -0.274419     0.579418
    0.402751     0.336794    -0.291222    -0.442525     0.111182     0.570112     0.436732    -0.211675    0.0195004    -0.270897     0.671284    -0.045242   -0.0822425     0.303634   -0.0802445    -0.340086     0.453333     0.214498    0.0211099     0.198148     -1.18033    -0.367192     0.362714    0.0946154     0.924615   -0.0605382     0.392493     0.519022    0.0705969    0.0215051    -0.116124     0.402362
  -0.0229275     0.148927    -0.187587     0.405186    -0.442339    0.0540928    -0.371204      0.14656     0.354982    -0.821677     0.306271    -0.547081     0.262911     -0.25186    -0.103298     0.287235     0.489634    0.0563867    -0.455624    -0.268093     0.619218     0.386298    -0.419252  -0.00896167    -0.622309    0.0608737    0.0332717   -0.0925521    -0.525907     0.300382     0.183216     0.315242
    -0.28066     0.148644   -0.0700774    -0.281607    -0.117013     0.331368    -0.489542    -0.223518     0.232375    0.0246585    -0.402672    -0.404691   -0.0927077   -0.0424611     0.184529   -0.0313939     0.312524    -0.418302     0.194438     0.603429     0.244312    -0.888705     0.165072    -0.267241     0.395092    -0.288272     0.525012     0.115164    -0.157743    -0.513047     -1.09917    -0.349588
   0.0655645    -0.532678     0.022999     0.546812   -0.0313122    0.0155289     0.615093    -0.235318    -0.113835    -0.247922    0.0690909     0.389846    -0.166322    -0.227346     0.591269     0.487692     0.116633     -0.38511    -0.655946    -0.732406     0.972558   -0.0770233     0.657305    0.0718639     -1.24194     0.309814    -0.669675    -0.371482   -0.0169071       0.4888     0.783321     0.274875
   -0.139849     0.264993    -0.225115   -0.0626816     0.243043    0.0307891    -0.116451   -0.0565149     0.568998     0.109563    -0.220104    -0.752066     0.297314    -0.207613    0.0138103   -0.0403012     0.156101    -0.217959    -0.154861      0.10637   -0.0189612     -0.31623    0.0887748    -0.550845    0.0889787   -0.0518921    0.0747996     -0.46614    -0.349744    -0.185235    0.0377418    0.0555031
   -0.260002     0.359988     0.210614     -0.38863     0.288503    -0.540453     0.886721     0.153625     0.268659     0.226209    -0.672058   -0.0952436    0.0991884    0.0173322    0.0580305    -0.530169    -0.864794     0.150858     0.599239     0.188588     0.108094    -0.217609     0.284421    -0.416788    -0.286963    -0.451124   -0.0795282    -0.519837    -0.558141     -0.25498    -0.233979    -0.563879
   0.0930749    0.0689416    0.0992489      0.35104    -0.211935     0.137071    -0.309667    0.0739767    -0.340088      -0.1016     0.210343     0.105391    -0.202256     0.136563    0.0804653    -0.091801     0.360883    -0.244263    -0.305391     0.185384     0.145924   -0.0916705     0.398156    0.0704968    -0.144052    0.0503234    -0.558371    0.0290127     0.152377    -0.275273   -0.0668522     0.450217
   -0.554029     0.152006    0.0357765    0.0696469     0.220437  0.000917814    -0.453615     0.351885    -0.169357   -0.0587329    -0.574663    -0.715747     0.692424     0.181282    -0.690548      1.10245     -0.20024      0.27533    -0.341311     0.345099     0.633927      0.05348     0.822026    -0.593633    -0.566568    -0.286814    -0.179079      0.29431     0.100955     0.360324     0.714573     0.254441
    -0.53428     0.607174    0.0521185       0.0265     0.072878     0.337769     0.157058     0.393565    -0.274626     0.320768    -0.281704     0.227994     -0.15588     0.352619   -0.0236367    -0.215057    -0.237964     0.318737    -0.635339    0.0398094    -0.706883     -0.41207   -0.0921148      0.42326      0.19081    0.0380096    0.0530999  -0.00313515     0.485592    -0.346813    0.0743164    -0.306023
   -0.574743    -0.134769     0.108471    -0.290841     0.148757     0.200129     -0.13029     0.304903   -0.0155375     0.153076    0.0977988     0.657281    -0.372332    -0.125332    -0.342905    0.0942505    -0.161117     0.651425    -0.241036     0.398835    -0.153538       0.1006     0.522272    -0.350333     0.257326    0.0612818    -0.389305     0.335515     0.281091   0.00654288    0.0755076    0.0124306
    -0.19288     0.150508   -0.0257803     0.287144    -0.192403     0.411977    -0.363716     0.351584     0.352956    -0.200504    -0.205966    -0.501347     0.231815    -0.115505    -0.113959     0.805185    -0.322139    0.0779855     0.350619     0.568017    -0.383042    0.0341648     0.542645     0.116836    -0.166386     0.103187    -0.207186   -0.0550859     0.367292    -0.500537    -0.294729     0.422981
    -0.34356    -0.141918    -0.804857    -0.152174   -0.0200771   -0.0273635     0.518277     0.114431    -0.154778    0.0818538    0.0973911   -0.0617118    -0.192154     0.198692     0.333619    -0.911554     0.520068    0.0575631  -0.00258006     0.210586    -0.197486    -0.123342    -0.332704    -0.588392    -0.220645   -0.0939968     0.745617    -0.505937    -0.479313    0.0935907    -0.133662    -0.546744
   -0.132217    0.0315285      0.41177     0.131468   0.00484697    0.0842001     0.247072     0.022312   -0.0587688    0.0784675     0.242498     0.108625     -0.18749    0.0522571    0.0275093    0.0572873     0.338873    -0.177358     0.258345     0.240059    -0.128535   -0.0653946     0.190871    -0.167037    -0.445325   0.00688351    -0.157719   -0.0787221   -0.0225919   -0.0914644    -0.319929     0.297645
    0.166329      0.17078     -0.11916    -0.124773      0.24141    0.0557505    -0.175525   -0.0988759    -0.180979     0.037231   -0.0647379    -0.101308    0.0343884    -0.124795     0.245199     0.349928     0.280671    -0.135512    -0.168178    0.0703618   0.00948457    -0.103605    -0.114818     0.144348     0.264235    0.0142199     0.189461   -0.0368948  -0.00271999   0.00990463     0.399552     0.175721
   -0.504945     0.100015    -0.457297      0.50956     -0.12915   -0.0640056     0.155073    -0.122108    -0.110958     0.100482    0.0547406    0.0297047    0.0513265    -0.274136      0.10564     0.215421    -0.924305    -0.190427   -0.0447213     0.392414     0.106913     -0.42995     0.145943    -0.218318   -0.0581496    -0.290941     0.132105   0.00557301   -0.0555299     0.279534   -0.0539414     0.717306
    0.237631    -0.252373   -0.0795006     0.102403    -0.127467   -0.0401314    -0.170312   -0.0607328    -0.246378    -0.597491    -0.116097    -0.213419     0.277188   -0.0957139      0.33198   -0.0501996    0.0665868    0.0884073    -0.147439    0.0645101    0.0699278   -0.0193779     -0.78843     0.338605     0.292252     0.172108     0.526941    -0.108791     0.380818    -0.183945     -0.11008     0.179267
  -0.0829049     0.494792   0.00508093     0.401311    0.0449794    -0.453743    -0.204655     0.107839    0.0214292    -0.258479     0.206256    0.0455238  -0.00820101    0.0621296    -0.047938      0.60331    -0.283005    -0.102443   -0.0248013   -0.0589774    -0.074697     0.210402     0.336555    0.0122837     0.371869    -0.133871     0.086453      0.25073    -0.137311    -0.102797    -0.148601    0.0938387
    0.172519     0.273092     0.215186    -0.120278    -0.195263    -0.358521    -0.469466     0.214494    -0.210354    -0.163954    -0.666182    -0.125202        0.167    -0.467629    -0.157453    -0.128895    -0.109439    -0.177448   -0.0143318    -0.206785     0.179605     0.181729    -0.328199   -0.0536171    -0.208598    0.0670232     -0.31219    0.0361179      0.52405     0.557019    -0.201161    -0.835681
  -0.0281263     0.340905     0.184211  -0.00285824   -0.0459727    -0.362764    0.0841371    -0.246595    0.0279313     0.155582    -0.263659    -0.420302    0.0113772   -0.0544006     0.118425   -0.0744622    -0.168342   -0.0754531    -0.222719    0.0276278     0.570582    0.0533564    -0.223123     -0.19921    -0.111434    0.0878603    -0.373797   -0.0996989      0.14638    -0.313605    -0.147073   -0.0845325
   -0.433204     0.322468  -0.00587353    -0.156054    -0.675084    -0.182751    -0.241431     0.553263    0.0390472     0.186453     0.671372    -0.160569   -0.0440354     0.172768    -0.355367     0.331523     0.332236    -0.103125   -0.0415958     0.670452    -0.383092     0.106461     0.276564    -0.309046     0.670738    -0.426021    -0.278881   -0.0124382    -0.217338    -0.604835     -1.03549       0.4992
    0.540298    -0.489409    -0.519688     0.334181    0.0817663     0.215776     0.199923    -0.313103    -0.232918     0.158599     0.435014    0.0135754     0.353878    -0.731519    0.0745636     0.833461    -0.133795    -0.344068     0.383395    0.0792779     0.968474    -0.759649    -0.105271    -0.579438    -0.631996     0.376718    -0.452336    -0.305166     0.270304     0.784148     0.702291     0.674947
   0.0377039   0.00989463   -0.0753939    -0.207192    -0.121682     0.134475     0.217069   -0.0452507     -0.24122   -0.0679464     0.500022    -0.443168    -0.195198    -0.511902    -0.342324     0.112787    -0.202916    -0.348601    -0.119015    0.0125198     0.186115   -0.0955677     0.856184     0.270351    -0.382232    -0.334524     0.196278      0.37463    -0.281866   -0.0042655     0.349068    0.0505691
  0.00933344    -0.214306    -0.191987      0.42857   -0.0257572    -0.063457      0.35515     -0.20339    -0.320606     0.159608    -0.163073    -0.190781    -0.183253    0.0259267    -0.158949    -0.216964    -0.289612    0.0254134    -0.134799    0.0113903    -0.371636    -0.589222    -0.442307    -0.144075    -0.125345     0.335408    -0.194558    -0.186507    -0.211569     0.609079   -0.0921048     0.287291
    0.294285     0.158489      0.33944     0.418074    -0.234815    0.0464206    0.0632543   -0.0245352     0.548738    0.0972698    -0.407553     -0.48402      0.89892    -0.396479     0.103654     0.392529      -1.0638    -0.253376     -0.25887    -0.190976     0.767539    -0.470562     0.292509    -0.114222    -0.371619    -0.130892    -0.314806     -0.37935    -0.383018    -0.172082    0.0419938     0.847178
  -0.0951274    -0.380482    0.0603153    0.0749366    0.0361976   -0.0177339    -0.125385   -0.0126708     -0.11397    -0.272961     0.175247     0.363078    -0.270841   -0.0917585     0.363407    0.0672265    0.0196263    -0.159284    0.0863191     0.116834    -0.452933     0.423708    0.0406838     0.327415     0.454121   -0.0961871     -0.27864    0.0094643   -0.0813498    -0.227506     0.263277    -0.452704
  -0.0359396    0.0680403     0.152164    -0.202929    -0.110651     0.107435   -0.0866972    -0.382102     -0.52739    -0.192752    -0.115022    -0.248144    -0.152952     0.282932     0.194407      0.12224     0.197753    -0.253929   -0.0573612     0.527672      0.18884   -0.0612975     0.588774    -0.205545     0.176306     0.227941    0.0360777     0.435196     0.266297    0.0505344     0.677612    -0.119527
  -0.0628923    -0.289322      0.17141     0.303683   -0.0139169    -0.187535    -0.331922    -0.169196    -0.128498    0.0375277    -0.316185    -0.292006     0.184849    0.0312172     0.031419     0.533594     0.241768   -0.0374604    -0.243057    -0.112516    0.0379554     0.267433    0.0555666     0.186007     -0.23508     0.104446    -0.611124    -0.251273     0.194347   -0.0352922    -0.192474     0.641892
  -0.0620531     0.136009     0.498663     0.321078     -0.13553      0.11606    -0.195648    -0.163326     0.146635    0.0126009    -0.161944     0.189523    -0.114095     0.129478   -0.0172759   -0.0248739    0.0692884     0.143202   -0.0175442     0.567453     0.325709   -0.0322275      0.33441   -0.0376181  -0.00674408    -0.321955     0.111628     0.391621    -0.279302     0.094755    0.0570679     0.178766
    0.130352    -0.292116     0.312936    -0.381698     0.279734    -0.254657     0.204867    -0.088616    -0.271302   -0.0394652   -0.0225329     0.233703   -0.0779839     -0.51147   -0.0795454    -0.358113     0.219797     0.308215     -0.59678    -0.157296    0.0435224     0.254437    -0.392539   -0.0758714    -0.375273     0.215577    0.0775633    -0.316824    -0.178139     0.557264     0.343349    -0.330593
