  0.00466733    0.0841349   -0.0930982     0.466585    -0.636735     0.480825    -0.184633    -0.432835     0.242822     0.506063     0.631783     0.192336     0.180974    -0.403499     0.501324     0.331184   -0.0921017    -0.251539    -0.140919     0.550667    -0.224735    -0.263869   -0.0164382  -0.00100888    -0.160165    -0.143125     0.320676    -0.251702    -0.453416    -0.483337     0.588994     0.372979
    0.191331     0.169258    -0.126341     0.408383    -0.121437   0.00229261    -0.470801    -0.704813     -0.35871     0.319113      0.67145   -0.0568355    0.0941657    -0.150218   -0.0238527     0.327481    -0.273187      0.42741   0.00879483     0.578826     0.373349     0.308543    -0.053872     0.216715    -0.448136     0.504174     0.580217     0.582556    -0.194211     0.255038    -0.313753     0.287026
    0.302228   -0.0883876     0.684876     0.554881    -0.497156   -0.0461258     0.381897    -0.371178    -0.335031     0.126285      0.59724     0.378006    -0.311196    -0.528998    -0.163945   -0.0894484      0.23947    -0.117351     -0.45856      1.00583     0.400454     -0.52201    -0.722219    -0.182411    -0.200666     0.509973     0.199415     0.953513    -0.704807    -0.670058    -0.210553      0.37912
   0.0666345   -0.0121005    -0.192219     0.124857     0.716653    0.0605122    -0.119668     0.357987    -0.240475    -0.333688  -0.00615656     0.512627   -0.0762648    -0.529694     0.248775    -0.414956   -0.0746094    0.0844077  -0.00435516    0.0392291    -0.300126     0.162224   -0.0928727    -0.291095   -0.0884902    -0.411309    -0.122331    0.0912223    -0.207806     0.147358      0.36347    -0.390412
    0.609866    -0.224963    -0.188397     -0.79294    -0.185516    -0.173675    -0.550799    -0.125926     0.237553     0.507756   -0.0948017     0.484853     0.255552     0.373935     0.520913    -0.422259    -0.281092    -0.077994   -0.0370748      0.14841     -1.41696      0.33093    -0.277773     0.187215     0.637855  -0.00848498     0.310722      0.59533     0.384643     0.101049     0.366575     0.563964
   -0.487179     0.311904     0.205074     0.311012     0.644152     0.022564    -0.281835    -0.230946    -0.099039     0.938511     0.083523     0.712856    -0.251614     0.534827    -0.478589     0.502251    0.0107876  -0.00771743     0.372254     0.940308    -0.184423     0.733227   0.00969337    -0.302614     0.702633     0.270025    -0.375122    -0.350961    -0.506417     -0.65934      1.04805    0.0845242
   -0.356008    -0.631936      0.19791    -0.470295     0.020977     -0.17721   -0.0463981    -0.136531     0.545011    -0.117961    -0.168121   -0.0487668     0.277892    -0.572501     0.392188    -0.460985     -0.52029    -0.131097    -0.248869    -0.131026     0.083224    0.0327287     0.244067     0.171574     0.416666    -0.148388    -0.403797     0.539198    -0.482573     0.690906    -0.634596   -0.0671791
   -0.190725    -0.400891   -0.0989325    -0.276625    -0.585505     0.162341    0.0215798   -0.0821203     0.101014     0.195506   -0.0265761     0.100986     0.406483    -0.305936     0.245094     0.110939    0.0811035 -0.000698682    -0.141848     0.366212     0.112359    -0.231162    -0.512004      0.19452     0.345623    0.0535968     0.816994    0.0682164     0.525957     0.231912     0.227442    -0.317137
   -0.340511   -0.0532877      0.14434    -0.747044    0.0716169     -0.32204    -0.220995   0.00845217     -0.24597    0.0695063     0.142803    -0.210094     0.426895   -0.0226519    -0.098308   -0.0555148    -0.260523     0.055251    -0.116195     0.157551     0.177249    0.0505477    -0.733568     0.243684     0.210404    0.0445078     0.833078    0.0696593     -0.26274   -0.0880376     0.395838    -0.260519
   -0.238026     0.154524     0.248076      0.28404    -0.776737     0.272419    -0.335007     0.254647     -0.44351    -0.210866     0.949187      1.11599    0.0352411    -0.344144     0.260806    -0.140805    -0.602426      0.24023     0.743101     0.180926      0.29076    -0.901294      0.24196    -0.255312    -0.852509     0.325314   -0.0582841   -0.0918846     0.318173     0.489503    0.0486695     0.215875
   -0.532347     0.099856     -0.41259     0.640269     0.493889    -0.405163    -0.336735     0.317286     0.385221     0.571828    -0.448868     0.760512    -0.717415    -0.370778    -0.777934     0.448063     0.340506       0.5156   -0.0279689     0.379873     0.168799    -0.426073    0.0320283    -0.471105     0.818368      1.04436    -0.761873   -0.0899972    -0.335847    -0.467276     0.295457     0.448214
    0.323867     0.150353      0.51707    -0.184736      0.12652   -0.0824746     0.443162     0.859764    -0.279241     0.217223    -0.462819     0.173168     0.287056      0.34268    -0.526772     0.191886     0.520033   -0.0744503     0.698077     0.191661    -0.119119    0.0541482   -0.0229851    -0.682685     0.156398    -0.025489      0.24563    -0.386911     0.313439   -0.0645974   -0.0698663     0.617324
    0.351089    -0.493051    -0.533973     0.364988    -0.097546      0.42277    -0.385665    -0.619588    -0.191745     0.338646    -0.209015     0.573248     -1.10944    -0.615283    -0.521185      0.34337    -0.382118     0.352164     -0.76237     0.436272    -0.378743     0.241417     0.116415    -0.398322     0.541761    0.0711738     -0.25485    -0.924096    -0.561876     0.594087     0.868567     0.439895
   -0.094257     0.148096      0.60582     0.031042    -0.234911    -0.251034      0.24155      0.25201      0.66435     0.113674     0.905185     0.456078    -0.144082    -0.104738    -0.267839     0.168971     0.299558      0.31681    -0.710236     0.371576     0.246054    -0.113303   -0.0808777    -0.700251    0.0846445    0.0445586    -0.155266     0.462629      -1.1192    -0.232679    -0.268416     0.125363
   -0.303514    -0.412431     0.303898   -0.0251619    -0.578504     0.629982    0.0613425     0.171248    -0.363209     0.301124       0.3085     0.322461    -0.968786   -0.0594978    -0.424881     0.223191    -0.339452     0.521907    -0.441295     0.118695     0.311969      0.03034     0.348259    -0.153113      0.12091     0.138111  -0.00712872    0.0438311    -0.556051     0.600925     0.922609     0.789663
    0.158773      0.84101    -0.249537     0.484484     0.157611    -0.609879    0.0211603    -0.507653    -0.199082    0.0126577    -0.104005     0.165191     0.605879   -0.0509729    0.0809555   -0.0469083     0.115028    -0.185309   -0.0285243     0.718612    0.0864476     0.111258     0.281725     0.044012     0.253289    -0.380849   -0.0667384     -0.51884    -0.107759     0.679565   -0.0157803   -0.0885904
  0.00887914     0.444095   -0.0512215    -0.254352     0.523216    -0.391308    -0.224324    -0.314057    -0.452864    0.0693881     0.383626     0.643772     0.157544     -0.59593     -0.60359    0.0808771    -0.133818    -0.248828   -0.0356253    0.0507778    -0.666345   -0.0143368  -0.00364126     0.249626     0.916314    0.0114335    -0.742446      0.52598     0.251434     0.551499    -0.099965     0.318994
    0.521428     0.229507     0.873728   -0.0669588     -1.00936     0.755271     -0.26315    -0.253242     0.101694    -0.215667     0.767583     0.854644     -0.95042    -0.346183    0.0663137    -0.148298     0.275169     0.283813     -0.14928      0.12775   -0.0573166     -0.23445    -0.584159    -0.568405    0.0149773      0.17541     0.354851    -0.247396    -0.425874    -0.138702    -0.186099    -0.212498
     0.52675     -1.07821    -0.205902    0.0737326     0.530417     0.211137    -0.302056   -0.0322635    -0.499801     0.237625    -0.516057     0.340119    -0.262024    -0.365514     0.346018     0.946202    -0.505107      0.21587       0.5199      1.34155    -0.577302    -0.291533    0.0677781    -0.245483     0.832844    0.0943849    -0.129118     -1.04629    -0.500911    -0.798852      0.90712    -0.497679
    0.756178     0.181484     -0.74148    -0.724531     0.102302    -0.454908    -0.544096     0.305043    -0.169299    -0.166936    -0.709167    -0.302049     0.100766    -0.610693    0.0499663     0.623683     0.015998    -0.746399     0.778804    -0.579476    -0.713993   -0.0913999     0.417457    0.0841903     0.244787    -0.647296     -0.08395     0.137508     0.629459     0.371199    -0.056938    -0.479614
   -0.296181    -0.375252    -0.102592     0.469233    -0.574723     0.289361   -0.0281663    -0.165287     0.913393    0.0808371      1.04009    -0.144453    -0.079817    -0.283679    -0.471657    0.0734903    0.0830146      1.14809     0.609836    -0.823606     0.408943    0.0204292    0.0418324    -0.254682     0.455729     0.979012    -0.532437   -0.0974598     0.038875     0.266863     0.371011     0.273989
   -0.453633    0.0401569     0.066035     0.624168   -0.0993473     0.401464     -0.13813     0.155114    0.0180072     0.849265    -0.145017    -0.730455    0.0884575    -0.428916    0.0332538   -0.0253086     0.139295    -0.061978    -0.335392    0.0590221     0.317539     0.226105    -0.252729     0.101248     0.566359     -0.28959  -0.00483865    -0.340424     -0.11594     0.246438     0.498895     0.145443
    0.407559   -0.0992616    -0.162616     0.424428     0.588403    -0.082527     0.281597     0.577678    -0.451982      0.22926    -0.529175     0.200386     0.181111    -0.375421    -0.860303     0.383439   -0.0550012    -0.186041     0.251029     0.164516     0.604436    0.0407305    -0.062035     0.291567     0.493765     -0.34771     0.152653     0.215647     -0.10628     0.241257     0.441126     0.698302
   -0.162503     -0.19408     0.297165     -0.43179    -0.341024   0.00549382     0.307305    -0.120555     0.139415     0.269757     0.351833     0.287251     0.330578    -0.107376    -0.150492    -0.027674    -0.404907    -0.520572    -0.171988    -0.228296    -0.368425    -0.193349   -0.0372858   -0.0513538     0.515053    0.0320137    -0.107483    -0.383174    -0.206431    -0.395079     0.265437   -0.0347168
   -0.277671     0.145693    -0.247608   -0.0651749    -0.638392     0.286965   -0.0282619     0.531243     0.257233    -0.175187     0.372163     0.657287     0.511415     -0.36009    -0.120265    -0.168949    -0.564852     0.238515    -0.456194    -0.608042   -0.0784649     0.152294     0.268028    -0.143029     0.293761     0.502828    -0.797609     -0.31105     -0.47673    -0.278067     0.144045    0.0226895
   0.0168102      0.34648    0.0167176     -1.32913     -1.34476     0.708906   -0.0439798    -0.237489    -0.644614     0.245463    -0.103711     0.642865    -0.155341    -0.396961     0.202868     0.292391     -1.05915    -0.502462     0.402706    0.0230318    -0.403808    -0.722836    -0.564651    -0.592868     0.418227   -0.0497183    -0.460888    -0.909682    -0.440962     0.762585     0.591444    -0.048907
    0.903767     -1.13027    -0.714511    -0.446516       -0.381   -0.0059194      -1.7956     0.394151     0.851567     0.425292    -0.506549      1.33113     0.797053     0.437199     -1.45024      0.16824    0.0945712      1.03771      0.19834       1.0661     -1.58123      0.65066     0.467785    0.0371883      0.77293     0.364326     0.191818    -0.478349    -0.538894    0.0287671   0.00968988     0.375648
   0.0618738    -0.307556    -0.707107     0.210118     0.626166      0.38874    -0.431159     0.487959     0.315651     0.516861       0.1295    0.0388503      1.87633      0.40317    -0.750825     0.282136    -0.525592    -0.214722     0.176954    -0.514101    -0.253035     0.678506    -0.114305     -0.31068     0.662024    -0.225076     0.583102    -0.287211    -0.201179    -0.220621  -0.00835983     0.115301
   0.0207022    -0.322364    -0.784054    -0.300506     0.248082    -0.291521   -0.0103767     0.194586     0.404501   -0.0254964     0.811236    -0.164568      1.05438     0.240711    -0.148598    -0.409873    -0.880129       1.4692   -0.0945412    -0.652325     -1.20478     0.140088     -0.52708    -0.873792      1.33811     0.112234    -0.621893    -0.903882    0.0141408  -0.00587772    -0.516595    0.0651773
    -0.24056    -0.329504    -0.312142     0.482105    -0.397705   -0.0333435      -0.1935     0.299911     0.413522    -0.333018   -0.0554764    0.0984467     0.959614     -0.17634    -0.196594     -0.43187  -0.00221368    -0.297527     0.281132     0.559681     -0.30601   -0.0784115     0.434905    -0.165865     0.198129    -0.582864     0.305323    -0.010795     0.209965     0.268604    -0.341627     0.594425
   -0.054791     -0.33359     0.163812     -0.23824     0.355922    -0.231194    -0.558889    -0.286977   -0.0843303    -0.256354     0.228758     0.147141  -0.00545255    -0.342384    -0.305737     0.401459    -0.195325   -0.0129901    0.0319524    -0.139799     0.136665     0.470233    0.0152254    -0.140154    -0.151175    0.0257389   -0.0331469   -0.0448948    -0.202567     0.330341     -0.18137    -0.367348
   -0.770177    -0.149351    -0.691826     0.449606   -0.0318905    -0.327772    -0.252849     0.518761   -0.0374597     0.708959     -0.50454     0.280019     0.372581    0.0704696     0.369611   -0.0797097    -0.769051     0.621068    -0.048012     0.405418    0.0979612    -0.936505     0.542417     0.409657    0.0164615    -0.741146     0.581949    -0.426258    -0.280427     0.370369   -0.0431909     0.741183
   -0.513283     0.204115    0.0477037    0.0849958     0.137042   -0.0115091    -0.615867    -0.505408     0.876877    -0.297643     0.496281    -0.869004    -0.141324    -0.477512   -0.0475008      0.18675      0.18539    -0.665352   -0.0815244      0.13326    -0.734797   -0.0220584     0.367336     0.424545     0.598275    -0.125536    -0.565049     0.377849     -0.64474    -0.232757      0.23926    0.0929313
    0.488628    -0.476611     0.401178    -0.551587     0.452791      0.65145     -0.15822   -0.0309973     0.362468    0.0951473     -1.26888     0.708617    0.0937301     0.397577    -0.203488    -0.962746    -0.118136   -0.0847401    -0.151639     0.997507    -0.770192    -0.627387    -0.041158    -0.148796     0.610094     0.357762    -0.942603    -0.409126    -0.407521     0.709963     0.615495     -1.24114
    0.606165    -0.475305     0.407548     0.404811    0.0285197     0.125263   -0.0273759    -0.489509     0.124416    0.0353345     -0.47449    -0.271591     0.305197    -0.474424    0.0865935     0.322654    -0.856164    -0.888163    -0.324472     0.828605    -0.709769     0.494493     0.403109    -0.150099     0.926822    -0.331767    -0.479658    -0.517186     0.489788      0.58979     0.189058   -0.0560201
   -0.726599     0.578419     -0.38621     0.102567    0.0136012   -0.0557837     -0.41457   -0.0441839     0.358311     0.158817    0.0171343    -0.280774     -0.21042    -0.894013    -0.846474    -0.753538    0.0781913     0.761334   -0.0408995    -0.580663    -0.254763    -0.161501    -0.110928   -0.0778013     0.953577    -0.459076     -0.38423    -0.335597     0.393666     0.683147    -0.124488     0.262928
    0.269747    0.0547896   -0.0806738   -0.0452466  -0.00700712     0.340599     0.298188    0.0219075   -0.0901594    0.0592024     0.406375     0.542102   -0.0798145   -0.0291724     0.464784        0.176     0.404529     0.296962      0.66797    0.0219894     0.177883    -0.332874   -0.0170832    -0.257413    0.0399398    -0.448936    -0.136896    -0.364377   0.00752586    -0.122822     0.100806   -0.0266125
    0.138073    0.0891959    -0.435544     0.197745    -0.225054     0.374773   0.00272766     0.372101     -0.24061     0.280797    -0.198899      0.19449   -0.0687788   -0.0811395     -0.25168    -0.164494     0.151961   -0.0774044   -0.0762494     0.374848   -0.0231871    -0.411239     0.352041     0.183055     0.114576    -0.242213    -0.424514     0.297967    -0.155046      0.29253  -0.00565496  -0.00747769
   -0.555654    -0.711973    -0.969442     0.192713     0.418091    -0.739945     0.238464    0.0611059    -0.456018     -1.11748   -0.0238946    0.0627579   -0.0124532      -1.6545     -0.11775    0.0277949 -0.000619318    -0.473265    -0.532404     0.169003     0.601544    0.0179954    -0.145587   -0.0574675     0.207396    -0.163467    -0.578859    -0.384471    -0.570513     0.805593  -0.00179159    -0.775273
    0.491652     0.510573    -0.747981    -0.283649     0.430455    -0.224773      0.89995     0.319415     0.311401     0.146222    -0.266587   -0.0185033     0.642779      0.01789     -0.29401    -0.259886    -0.146411     0.848786     0.438109    -0.392374   -0.0624776     0.628636     0.249779    0.0533955     -0.19211   -0.0412156   -0.0591421   -0.0229006    0.0310838      1.09428    -0.612297    -0.604056
    0.593529     0.382501     0.416742    -0.590979    -0.413741     0.159634    -0.585459    -0.024356    -0.167167     -0.61047    -0.399189    -0.424109     0.249336    -0.648383   -0.0700827    -0.377023     0.816328    -0.749204     0.459881     0.058906    -0.286724   -0.0793988      1.04944      1.01277    -0.113903    -0.115685     0.337523    -0.758559     -1.13417     0.746885      1.19323     0.877313
    0.396488    -0.112633    0.0841768    -0.172635    -0.142814     0.209967    -0.522375     0.436835     0.338013     0.448708   -0.0314591      0.44637   -0.0387489     0.412288     0.308196    -0.426359     0.445822     0.262074     0.599176     0.687336     0.328317    -0.506207     0.129122     -0.10089    -0.430557    -0.330527    0.0428285   -0.0429434     0.869771    0.0647103      0.31091    0.0424848
   0.0534682     0.302157     0.263046     0.104754    -0.368017    -0.122276       0.7918     0.174285     0.483384    -0.213122      0.53946   -0.0837787     0.301081    0.0708403    -0.438273    -0.254535    -0.436441   0.00260266     0.143176    -0.157464    -0.249793      0.26963    -0.333531      -0.6975     0.483135      0.54553     0.174184   -0.0286813     0.228853    -0.779626     0.182176     0.990402
    0.195811    -0.339255    -0.106166    -0.145464    -0.320972     0.159817    0.0879333     -1.04395   -0.0224262     0.536583   -0.0879023     0.333118     0.528689     -1.13336    -0.128872    -0.707242    0.0305995     0.691717    -0.624514     0.776957    -0.647121     0.230394     -1.08621    -0.142323     0.738132     0.383151    -0.494499    -0.392889    -0.634296     0.012668  -0.00238212    0.0690746
    0.602985    0.0427314    0.0584102     0.684044      0.21405   -0.0251847   -0.0887371     0.231476   -0.0997785       0.4733    0.0967446   0.00688958    -0.198845     0.221706      0.19492     0.233266     0.107766    -0.269941     0.177222     0.255677      -0.2076      0.20346    -0.121403     0.315918    -0.209954   -0.0406774     0.509572    -0.534702     0.453699     0.766837     0.467268     0.567547
   0.0764874    -0.307407    -0.257284    -0.133843     0.458825    -0.231595    -0.136489   -0.0971208     0.554374   0.00343273    -0.237257   0.00307213     0.872052     0.100818     0.423391    -0.656412   -0.0918457      0.28354   -0.0333345     0.171094    -0.367957     0.410145   -0.0300491    -0.488876    -0.391815    -0.163652     0.343078      0.13987    -0.290683     0.011318    -0.631444    -0.478191
   0.0798197      1.48123     0.394956     -1.34497     -1.10326    -0.784345     -1.06645      1.07749    -0.531004     0.378974      2.06573    0.0565312     0.728594     0.307468     -1.44757      -1.0009    -0.480567     0.800329     0.157429    -0.804111     -1.18562    0.0889402     0.660014     0.275142     -1.05557     0.551286     0.172958      0.60607    -0.237437    -0.356508    -0.548039      1.34016
    -0.32185    0.0960226     0.044121    -0.563266    0.0683457     0.221825    -0.144126     0.398672    -0.170458     0.151771     0.610856    -0.542941    -0.123552      0.77801     0.593749     0.125423     0.237028     0.148971     0.121708    -0.691184    -0.477438    -0.436895     0.489854    -0.191616     0.679488     0.172793     0.401583    -0.638399     0.593511   -0.0685547     0.140882    0.0240008
     0.20838   -0.0295415     0.174379    -0.167396   -0.0541534     0.266178     0.451166    0.0880947     0.223702      1.16236        1.027     0.304148    -0.448331    -0.416051    0.0519851    -0.220584     0.965227      1.10282    -0.457075     0.038862    -0.228551     0.606218    -0.187879     0.402212      0.12235     0.643848     0.261149    -0.387177   -0.0218025    -0.599275    -0.802413    -0.271083
   0.0435569    -0.728993     0.100139   -0.0791887    -0.175784    -0.142712    -0.211752     0.395005    -0.422473     0.150703     0.353246     0.294838     0.539358    -0.427787    -0.728884    -0.310866    -0.296193     0.308487    -0.115748    -0.828813    -0.813073    -0.353674    -0.181347    -0.676462   -0.0791322     0.293446     0.301155    -0.149824     0.965648      0.47834    -0.323666    -0.227205
   -0.127812      0.72907    -0.172043    -0.180287     0.056525    0.0147662    -0.436266     0.556734     0.135602     0.263674    -0.196464     0.489821    0.0582774    -0.715466    -0.291653   -0.0149082    -0.518455    -0.532944     0.155912    -0.563828     0.300462     0.108624     0.296908     0.365902     0.178002     0.142096     0.019741      0.45974     0.370002   -0.0509383    -0.112838      0.53111
     0.58808     0.115659      0.23731     0.398563     0.111438    -0.311657    0.0582062    -0.429841   -0.0113676    0.0494399    -0.127373    -0.544059     0.207611    -0.305474     0.260166    -0.455527    0.0480648   -0.0145419     0.420272     -0.26617    -0.170117    0.0907515     0.108568    -0.260265     0.525162    -0.331928    -0.283732    -0.119928     0.199722     0.744088   0.00210248     0.293053
    0.177878   -0.0121562     0.201286     0.135739    -0.427647     0.268969  -0.00215471     0.503417    -0.276192      0.33862     0.402868    0.0694482    -0.450741     -0.19067    -0.779637     0.540752     0.982604   -0.0577849    -0.940356    -0.479137     0.520764    -0.316631    -0.418868     -0.76608      1.04811    -0.150693    -0.304352     0.249069   -0.0078656      1.20946     0.708922     0.622582
     -0.8649     0.071599     -1.17034    -0.422501     0.403113     -1.46705     -1.12513     0.535178   -0.0574862     0.557137    -0.129875    -0.411574      1.23175    -0.102712    -0.552576    -0.100208     -1.03842     -1.18747     0.566102     0.335548    -0.483905    -0.637068     0.757316    -0.823018     0.392526    -0.503957     0.800091   0.00217615    -0.413702     0.455204    -0.329101    -0.554126
    0.171339    0.0622056     0.403381    0.0585917     0.813292     0.800329      0.21727     0.184647     0.408035      0.21312     0.349302     0.803562     0.411883     0.570711   -0.0118532    -0.684194     0.845396     0.660017     0.185237    -0.421678    -0.510893     0.524074    -0.238262    -0.121607    -0.114453    -0.409994    -0.300687     0.225988     0.937793     0.790697    -0.216131       0.4437
    0.292894  -0.00756066     0.167766    -0.280757    -0.383468      0.54346      1.15192     0.781657    -0.170304     0.111791     0.879794      0.10596    -0.550435    0.0361105     0.714118     0.507834   -0.0943361     0.237431    -0.607236   -0.0566621     0.805914     -0.96492    -0.448098     -1.28497    -0.227821     0.122152    -0.214845   -0.0014573    -0.590616     0.749693     0.476651     0.126247
    0.346786     0.300054  -0.00757796    -0.300768    -0.206688    -0.143793   -0.0828254    -0.475061     0.277345     0.149838    -0.184411     0.590299     0.188614        0.172    -0.104604    0.0907832    -0.325253     0.613802     0.395614     0.813993      1.08584      0.34902     0.515002   -0.0145134    -0.304044    -0.384716     0.057102    0.0304395     0.384636     0.138295    -0.539331    -0.282838
   -0.232734    -0.654674   -0.0525665     0.812721     0.022116    0.0361347     0.125041     0.169866     0.331333    -0.425836     0.152813    -0.514867    -0.866453     -1.32423      1.47402    -0.385305    -0.632095     0.722694     -0.05071     0.909603     0.280926      1.27939     0.143621     0.555116     0.866232    -0.384511     -1.12928     0.518606    -0.690505      0.48313    -0.235585    -0.244573
    0.268857    -0.484882    -0.922677      0.42009    -0.229172    -0.106498     -0.14721    0.0777014  -0.00953888     0.348073     0.450039   0.00916117     0.788516   -0.0866286    -0.630971     -0.77106    -0.478168     0.514753     -0.31129     0.347271    -0.681991    -0.536615  0.000323779    -0.842582      0.60139     0.157958    -0.590971    0.0935044    -0.539154      1.16084     0.170538    0.0654024
   -0.272378     0.494924    0.0490786    0.0301871     0.328555      0.50546    -0.734109     0.446343     0.187262   -0.0746044    -0.762877     -0.50022    -0.537878    0.0614631     0.260359    -0.211354    -0.609092    -0.758921     0.286573     0.419299     0.284319     0.230419     0.516824    -0.436771    0.0510746     0.191239    -0.687891    -0.743578    -0.338466     0.859588    -0.258871    0.0370406
    0.068416      0.28819     -0.28899     0.299938    -0.802182      0.13255     0.173927     0.170879    -0.434911     -0.10847     0.022815    -0.372157    -0.271782    -0.234145     0.257648     0.668943   -0.0108312    -0.052591   -0.0927241    -0.149648    -0.153779    -0.129317    -0.925394     0.281412     0.368071    -0.124088    -0.410984    -0.389725    -0.731366     0.329562     0.324058     0.199948
   -0.273066     -0.53843     0.193854     0.109367    -0.465467    0.0873491     0.285304    -0.529833    -0.184693    -0.522101   -0.0493933    -0.518562    0.0569584    -0.355007    -0.101799     -0.72246     0.716055     0.398587    -0.471974     0.494233    -0.448645    -0.421222    -0.344452    0.0336612     0.450586     0.218725    -0.488489     0.510695    -0.832894    -0.377352     0.371419     0.333358
    -0.10406    -0.230942     0.406245     0.868676   -0.0621282     0.268598   -0.0258891    0.0596561     0.211354     0.688639     0.727628     0.433886    -0.475709    -0.407238    -0.315057     0.402663    -0.281939      1.13755     0.461429   -0.0265537     0.119822     0.105837     0.190189      0.26038     0.646175   -0.0445731    -0.135126    -0.515817    -0.658435    -0.196127   -0.0352692     0.721383
   -0.467392    0.0712802    -0.544163     -0.67297   -0.0661436    0.0013251     0.546054     0.131996    -0.277478   0.00642822   -0.0118444    -0.201456      0.48639    0.0168907     0.227271     -0.12652     0.352615    -0.415858    -0.159747    -0.174202  -0.00874676    0.0570337    -0.154201     0.158471     0.160484   -0.0924711     0.150316    -0.471129    -0.354973     0.361585    -0.316541    -0.755048
     -0.1392      0.17057     0.655078   -0.0316664    -0.343783     0.424682     0.580447    -0.375574    -0.128662    -0.185027     0.610041     0.682999     0.167535   -0.0447371     0.413018   -0.0594858    -0.531702   -0.0826857    0.0351307    0.0836998    -0.542872    -0.438997   -0.0307788     -0.26293    -0.106648   -0.0617362    -0.181611   0.00113256     0.460164    -0.553587     -0.15965     0.031128
  -0.0164658    -0.588358    -0.482465     0.198847     0.198059    -0.408136     -0.28209     0.431517    -0.456691    -0.677726     0.682353      -0.5551      1.16836     0.844234    -0.573007    -0.214565     -1.07287    0.0578828     0.115271     -1.36986     0.147078   0.00764493     0.933147    -0.375238     -1.19725    -0.585066     0.255366    -0.232016     0.280857    -0.369341    -0.625713     -0.16778
    0.147352    -0.850619    -0.319125    -0.376227     0.136125    0.0901132    -0.251939    -0.438653    -0.396042     -0.13287      0.42034   -0.0332836     0.928194   -0.0130163     -1.21133     -0.13607    0.0821884     0.718139    -0.262016    -0.470738     -1.49132     0.035462     0.189346    -0.547187     0.719499   -0.0367387    -0.091351    0.0780299    -0.162007   -0.0460775     0.656815   -0.0338023
    0.384888    -0.483113     -0.42155     0.119144    -0.687136     0.684947     0.185948    0.0842424    -0.449765     0.246112    -0.130266      1.20677     0.106207    0.0477842    -0.238759    -0.516707    -0.270198     0.236646    -0.563484     0.190929    -0.633655   -0.0456922     0.150334   -0.0704052     0.527011    -0.149838    -0.914876    -0.489572    -0.564853    -0.157014     0.621037    0.0705161
    0.220977    -0.890245     0.116964    -0.717303     0.246406    -0.226238   -0.0419578     0.526738   -0.0558258     0.681687     0.538988     0.498436     0.873869     0.443042     -1.19828    0.0945299    0.0984354     0.718132    0.0981043     0.191782    -0.668224   0.00270381    0.0420126    -0.209592     0.923109   -0.0172702     0.396826    -0.792326     0.388919    -0.946047     0.133412    0.0866507
    0.118572    -0.360723     0.288755     0.259832    -0.115914     0.197497    0.0217158      0.27265    0.0276908    -0.144382    0.0642825    -0.227712    -0.573412    -0.432813     0.107004    -0.365981     0.236517     0.220015     0.716011     0.019727     0.291449     0.164528     0.310848    0.0486733     0.211083    -0.235202   -0.0284619   -0.0544889    -0.115594     0.371666   -0.0783129    -0.174807
   0.0835411    -0.119756     -1.19724    0.0742721    -0.219185    -0.389039    -0.542959    -0.755299   -0.0773685     0.149508    0.0844265    -0.585272     0.317706     -1.31624     0.229099     0.188835    -0.326869    0.0289844     0.769634      1.10523    -0.787689      0.74166     0.185677     0.235081     0.131916    0.0418366    0.0589811     0.253278    -0.740706    0.0861114    -0.481255     0.794452
   -0.282713     0.485847    -0.177184     0.100985    -0.230484     0.201064     0.113658     0.280677     -0.54528   -0.0950828    -0.365985    -0.654487     0.151163    -0.139599     0.961194      0.19941     0.218344    0.0770346     0.164485   0.00432909    -0.141295   0.00411281   -0.0190051    -0.577379    -0.341117    0.0867763    -0.449868     -0.98687    -0.404764     0.274863    -0.234929    -0.410328
    0.146475     0.400129     -0.58483    -0.607946     0.246851     0.324339    -0.466548   -0.0270069      1.03995     0.638445     0.633938   -0.0448308     0.015215     0.353817    -0.247405     -0.36795    -0.578522    -0.221379     0.532793      0.32767    -0.122159    -0.057642     0.142226     -0.37971  -0.00735209    -0.293249     0.226467     0.024202     0.664495    -0.274329    -0.295385    -0.779419
   -0.489277    -0.412126    -0.419945    -0.224553   -0.0683985     0.145428   -0.0430097     0.457434     -0.43118     0.146538     -0.32108   -0.0210724     0.485454     -0.30392     -0.56471    -0.269366     0.275736     0.514723    -0.524802     0.598296     -1.29283   -0.0516638     0.118725    -0.199551     0.436771    0.0970613    0.0186995    -0.284994    -0.412533     0.281315    0.0743037    -0.976579
 -0.00278512    0.0980056    -0.119505     0.222417     0.321155    -0.393552     0.915462     0.133121     -0.20647     0.244227     0.265155    0.0254493     0.362808    -0.498263    -0.071894     0.259977     0.389691    -0.193483    -0.520976     0.133203    -0.235916     0.101095    -0.230744    -0.457522     0.421016    -0.278571     0.303726    0.0086024    -0.351641     0.762513    -0.812965    -0.060461
    0.356096    -0.197782    -0.612927     0.123494     0.265737     0.240266     0.403497    0.0980192    -0.147199    0.0293604     0.261144    -0.100278    0.0382638    -0.816476    -0.197709     0.330713    -0.145867   -0.0590877     0.431867    -0.753268    -0.169561    -0.313671    -0.242229    -0.519327    0.0129779    -0.559109     -0.20896   -0.0682889      -0.4093    -0.652317     0.126654    -0.395783
   0.0943234  -0.00324367    0.0637008    -0.394628    -0.275701    0.0481462     0.089921     0.438715     0.191352    -0.172023     0.148227    -0.150477     0.218713     -0.30293   -0.0388534    -0.523887     0.139351    -0.275863    -0.491027     -0.20716    -0.220759   -0.0836727     0.712775    0.0522995      0.10058    -0.211594   -0.0357101  -0.00305025    -0.096536     -0.29046    -0.137255    -0.127266
    0.611547    -0.741361    -0.363713    -0.644221    -0.115753    -0.114165     0.456143    -0.105807    -0.568743     0.690233     -0.21755     0.883706     0.211283    -0.580062    -0.419969     0.385969    -0.459955  0.000101572     -0.42755    -0.534335     0.247762    -0.405142    -0.676117    -0.289738     0.946245     0.309697    -0.524911    -0.305826     -1.27656     0.430565     -0.20602    -0.355879
      0.1569    -0.409927     -0.63847    0.0633682   -0.0473468    -0.669379    -0.366168    -0.384703     0.443528  -0.00875226    -0.313709    -0.210432      0.48954    0.0306083    -0.323846     0.374848    -0.389088    -0.183212    0.0288284    0.0485052    -0.364816   -0.0159848     0.440927   0.00402311    0.0955354     0.402627     0.964425    -0.737494     0.760897    -0.513708   -0.0494823    -0.551659
  -0.0450183     0.139409    -0.292825     0.537957     0.892401    -0.255013    -0.299296    -0.334754     0.887961     0.180544     0.848696    0.0991978     0.103394      1.10574   0.00327286    -0.732277   -0.0220901    0.0117068      -0.3984    -0.442051     0.238033    -0.979737    0.0647613     0.102567  -0.00268617    -0.358164      0.86893   -0.0343927     0.205646    -0.115384    -0.456729     -0.10245
     0.14933   -0.0319764    -0.298592    -0.311045     0.322156     0.109356    -0.939186   -0.0804941    -0.280379    -0.372498    -0.605279     0.210133     0.140721     0.910424    -0.614998     0.178632    -0.128598    0.0388954     0.376598     0.666519     0.459331    -0.121515     0.382234     0.340957    -0.150839    0.0175571    -0.260911   0.00759097    -0.434507    0.0826866    -0.612321    0.0769197
    0.513982     0.217059    -0.593387     0.112853    -0.746279      0.56109    0.0930076    -0.186935    -0.165792    -0.459538     0.388318     0.602655    -0.163627    0.0385681     0.434987    -0.201942    -0.320465     0.357057     0.608955      1.06856    -0.125777    -0.625631    -0.433857     0.150147    -0.490667      0.69339    0.0880453    -0.420787    -0.169746     0.207013    0.0340348  -0.00776669
  -0.0944751    0.0693853   -0.0855098     0.544992     0.147335     -0.54076     0.765393    0.0412592    -0.406604      0.33126     0.474729   -0.0394318     0.299908      -1.0059    -0.101949     0.115779     0.191374      0.25514    -0.263035     0.278978    -0.278081     -0.33727    -0.189739   -0.0446828    -0.280682    -0.381091     0.156607     0.218354     -0.57167      0.68679     0.328834      0.87471
  -0.0500894    -0.279661    -0.126844     -1.57482     0.383093     -0.29239    -0.885923    -0.168127    -0.258819     0.545088     0.513152    -0.415517    -0.044836     0.254503    -0.378531    -0.628949     -1.09868     0.486695    0.0490197     0.792458    -0.495845     0.136606     0.600077    0.0824353   -0.0481451     0.130489    -0.149187     0.315163     -0.30986    0.0055908    -0.753267     0.594567
   -0.170466    -0.362268    0.0782027     0.340403     0.331894     0.274271    -0.536319     0.388493    -0.103738    0.0273418     0.294562     0.413295    -0.271064     0.185501    -0.579943    -0.382987    -0.499076      1.02169     0.202606    -0.720506    -0.524656    -0.575524      0.55026    -0.763639     0.233524     0.347403    -0.522736    -0.205554     -0.18723   -0.0509888    -0.239899     0.446208
   -0.333262  -0.00418311    -0.643009     0.609896     0.016257     0.190163     0.120866    0.0959059    -0.314788     0.357602     -1.30837   -0.0637663      0.69588    -0.822002    -0.121117    -0.241742     0.244298   -0.0385054     0.225184   -0.0363759    -0.684777    -0.388676     0.262181    -0.289691    -0.211294    -0.890967     0.153295    -0.241357    -0.263327     0.141559     0.159466     0.536275
    0.809789     0.661093     0.635854     0.214006    -0.691769    0.0942863    -0.250763   -0.0719435       0.1734     0.610191     0.513775    -0.352674   0.00354367    -0.579395    -0.223598     0.524271    -0.417069     -1.41847    -0.422535     0.382394    -0.389613    -0.257166     0.333727    -0.243225     0.085983    -0.390562     -0.87811    -0.111749     0.186698     0.802873    -0.147462     0.144189
   -0.615182     0.136258     0.385502    -0.100811    0.0738296    -0.196724     0.171383    -0.217468     0.152827    -0.243849    -0.418133       -0.524     0.244853    -0.781407    -0.158132    -0.588198     0.151527    -0.132756    -0.305345     0.354036     0.359344   -0.0648531    -0.278852    -0.449153     0.120826    -0.374634     -0.82709    -0.669796    -0.997478       0.2616  -9.7624e-06    -0.295572
    -0.08364     0.489994     0.286636    -0.373995    0.0519589    -0.621268    -0.243287    -0.267867     0.504008     0.126472    -0.442054     0.496572     0.400818     0.588667    -0.419566    -0.310308    -0.225098     0.245947    -0.217134     0.571292    -0.543051   -0.0919637     0.235869    -0.310297     0.453942     -0.25426    0.0473986    0.0218351    0.0729976   -0.0861145    -0.322289     0.262009
   -0.507415   -0.0566457    -0.210299    -0.707317    0.0877292      1.29776     0.566912     0.083911    -0.505713    -0.347086     0.125659     0.183915   -0.0238134    -0.243723   -0.0929533     0.417503      1.35913     0.454056    -0.639311      1.11915    -0.251911    -0.512255   -0.0885017     0.309678     0.639349    -0.622578  -0.00750611   -0.0833757    -0.973443     0.343195      1.89194    -0.246166
   -0.321254   -0.0186357   -0.0424206     0.291159   -0.0143671    -0.256545   -0.0680966    -0.363808     0.035374    -0.357428    -0.315421       0.2607    -0.440214    -0.337028     0.532467    -0.410218    -0.253547     0.207855     0.141353    -0.109553     0.020584 -0.000869734   -0.0529332    0.0367758     0.457365    -0.130443      0.14212     0.218462    -0.425002     0.182423     -0.21987    -0.324685
    0.426233    -0.050933    -0.232821     0.505509     0.352391    0.0163573   -0.0106822      -0.8674    0.0441757     -0.19828    -0.158873  -0.00102427    -0.367461    -0.202415    0.0374618     0.361948    -0.131078     -0.42732     0.947322      0.51997     0.472568    -0.446514     0.502661     0.460673    -0.795964    -0.673635   -0.0977535   -0.0998301    -0.243146    -0.185096     0.229153     0.118849
    0.418967     0.118283    -0.179372      -0.2056    -0.978313     0.028736    0.0292641    -0.171087    -0.315054     0.675046    -0.334595     0.695303     0.605616     0.116114    0.0336322     -0.51425    -0.257581     0.112935   0.00581845     0.996816   -0.0815569     0.241878    -0.294122     -0.34525     0.251042    -0.324312    -0.774219    -0.689281    -0.617796     0.599095     0.691873     0.113595
  -0.0738271    0.0397719    -0.303505    -0.647387    -0.432683   -0.0200572     0.268918    -0.392437    0.0352953     0.773014    0.0718892     0.431236     0.189151     -1.04169     0.857636      1.03446     0.149303     0.974928     0.738592     0.426949     -0.28166    -0.053464    -0.286946    -0.716979     0.563134     0.481292    -0.691387     0.817824    -0.673218    0.0570745     0.385318     0.389496
    0.330857     0.457152     -1.28244     0.469228    -0.270166    -0.182424     0.532576    -0.404531     0.675384     0.020012    -0.926278    -0.239558     0.126091     -1.19653    -0.499472     -0.13809    -0.169582     0.830137      0.50543     0.517419    -0.296712     0.490526     -0.54618    -0.563176     0.847679   -0.0342035     0.308155    -0.889081     0.142345      0.29782     0.151789     0.926821
   -0.116519     0.651196    -0.667662    -0.378057     0.598233     0.261211   -0.0106257     -1.19206     0.726163    -0.262503    -0.523637     0.822839     0.452942   -0.0545792    -0.140226      -1.0861    0.0536276     -0.51426      1.05764     0.489381    -0.443988     0.538248     0.177222    -0.520862   -0.0261885    0.0579819    0.0641588    -0.214492   -0.0572838    -0.211113    -0.431651    -0.322061
    0.251657    0.0864986     0.226246     0.451063    -0.305128     0.597957    -0.319184    -0.230463     0.199571      0.60026     0.788437    0.0982296    -0.215813   0.00757724    -0.136324  0.000216502    -0.314179    0.0806469   -0.0219137     0.289016    -0.682277     0.559078     0.384948    -0.243201    -0.151093    -0.458156    -0.499813    -0.028481      -0.4925    -0.218039    0.0236224    -0.279968
    0.571993    -0.042913    -0.332398   0.00709924     0.105111    -0.226407    -0.197958    -0.553117     0.159926     0.164532     0.654899     0.917195    0.0813595     0.736456     0.141894    -0.351174   -0.0682544     0.212252    -0.649734     0.642381    -0.420303    -0.102878   -0.0971927     0.139867    -0.178013     0.645396      -0.1955    -0.100414     0.696427    -0.345928    -0.607657    -0.458906
   -0.264098    -0.199216     0.115213    -0.235595    -0.542644   -0.0796731    -0.693212    0.0822256    -0.554489     0.115723     0.202152   -0.0840184   -0.0516619     -0.12578    -0.201353    -0.383763    -0.802228    -0.608164    -0.366855     0.307382    -0.227305    -0.397984    -0.375596    -0.494184     0.379345    0.0216309    -0.358609     0.290943   -0.0984261      0.37927     0.143583    -0.197058
  -0.0701872       0.3004    -0.166561     0.224062      0.11867    -0.040504     0.247394     0.100543     0.229408     0.147553    -0.173361    -0.111851   -0.0272316    -0.174574     0.202644       0.1118    -0.070661    -0.136244    -0.148554    0.0179323    -0.153541     0.209125    -0.288766    -0.213678    -0.233031  -0.00983571    -0.135555    -0.333017     0.160022   -0.0616592    -0.219796    -0.183099
   0.0769661     0.188287    -0.632374      0.57303     0.157624    0.0976664    -0.780219    -0.511936     0.161385    -0.475925     0.232699   -0.0099713     0.241409    -0.131124     0.399389    0.0769722     0.454947     0.590069  -0.00414833    -0.208616      0.17476     0.290698     0.333154     0.261418    0.0574666     0.541411    -0.557044    -0.217113     0.332107     -1.00248    0.0113189    -0.494751
   -0.462537      1.30712     0.818708    -0.405434    0.0335641    -0.217258    -0.634575    -0.231954     0.146598    -0.353851     0.540493    -0.861962     0.558164    -0.766203    -0.468679    -0.505015    -0.168177    -0.827434       0.1581     0.603849    -0.246407    -0.619081      1.06595     0.180577     0.841408     0.758225     0.212065     0.439113    -0.248397     0.910987    -0.470523    -0.916275
    0.380786    -0.171708      1.21065    -0.272779    -0.112401      0.51932     0.475471     0.309601    -0.648993    -0.175353    -0.273633      1.12064    -0.305531    -0.323571    -0.234729     0.151522    -0.459115     0.486332     0.078696    -0.106739    0.0762357     0.382652    -0.267153    -0.110471     0.171743    -0.338586    -0.572315    -0.251112    -0.223609   -0.0878831    0.0317774    -0.104253
    0.577349    -0.928373    -0.277257     0.459262    -0.482539   -0.0210721     0.565597     0.322904    -0.371656     0.513907     0.156823    -0.586274     0.163601    -0.141037    -0.319732     0.163341   -0.0955147     0.196081     0.257735   0.00792025    -0.686027    0.0370781    0.0617704    -0.123136    -0.458858     0.249053    -0.076282   -0.0442948    -0.612867    0.0768021     -0.19226    -0.206091
   -0.557035     0.580498     -1.54364     0.363316     0.308877     0.628621    -0.751821     0.483499     -1.08237     0.260285    0.0900712     0.559357   -0.0870717    -0.361302    -0.524928    -0.187111    -0.337913    -0.289041     0.274966     0.725251      0.30684    -0.653257     0.090624    -0.786744     0.502616    -0.339629   -0.0956154     0.286698    -0.577218  -0.00363158   -0.0653484     0.053482
    0.129709     0.528977     0.703721    -0.177074    -0.384013    -0.218644    0.0467696   -0.0792863  -0.00340238   -0.0465508     0.128414   -0.0471507     0.282769     0.222642    -0.281663    -0.253271     0.323835    -0.248513    -0.106372     0.425883    0.0462198    -0.406602     0.590107    0.0589052     0.908361   -0.0733561  -0.00331407    -0.537616    -0.170926  -0.00677814    -0.461513    -0.130711
    0.221006    0.0244058    -0.082609   -0.0565247     0.239133     0.637713      0.45034   -0.0197349     0.349705   -0.0516655     0.449877    -0.285801     0.101642    -0.285109     0.460341    -0.197173   -0.0119991   -0.0363092    -0.134577   -0.0874448   -0.0706251    0.0941339    -0.347444    -0.600827     0.243618     0.355451     0.130064     0.381619    -0.113538    0.0553193    0.0263367    -0.385389
    0.423334    -0.196692    -0.378954     0.822791   -0.0275308     -0.27316   -0.0563691     0.478177    0.0236963     0.229638   -0.0424831    -0.427084     0.413151    -0.121443     0.105187    -0.396674    -0.477606      0.17076    -0.193825    -0.159624    -0.186166     0.804286    -0.104443     0.280049    -0.496467    -0.501631     0.087768   -0.0804057     0.214573    -0.426997    -0.169165     0.200246
    0.542637    -0.318332      1.11853     0.342188    -0.506085   -0.0131928     0.115856     0.172431    -0.535505     0.835523     0.677034      0.10635    0.0350932    -0.363776    0.0179404     -1.17944     0.402053    -0.233647    0.0820884      0.33518     0.706736     -1.23262    -0.664465    -0.687583     0.402202    -0.252207    -0.469823     0.120381    -0.749849    -0.545138     -0.38785     0.176118
    -0.16708    -0.460889    -0.359222    -0.113534    -0.285251   -0.0737693     -0.21842     0.676385   -0.0452311      0.50832   -0.0483537      0.56899    -0.285498    -0.475832    -0.127722    -0.189562    -0.195802     0.355165     0.113161     0.418767    -0.585398    -0.402043     0.426532    -0.150468     0.678675    0.0530455    -0.352901    -0.933191    -0.236396      0.56107    -0.159983    -0.135016
   0.0555183     0.456638    -0.850636    0.0255319     0.543307    -0.032771    -0.326533    -0.249795     -0.20359   -0.0610617    -0.394738    -0.317907    0.0986306     0.373107    -0.436017     0.342879    -0.555756   -0.0111422     0.152332    -0.501076     0.274091     0.371498      1.04973    0.0967184    -0.383968    -0.785332   -0.0646466     0.290399      0.29578     0.394608    -0.330347    -0.353333
    0.352544     0.216723      0.20766    -0.427003    -0.401469     0.301024    -0.354329   -0.0360716    -0.469025     0.305816    -0.311681     0.308824    -0.570399    -0.828716    0.0600514     0.430431    -0.316896     0.198967     0.407084      1.36625    -0.321164   -0.0667926    -0.425036     0.367719     0.466614     0.480001    -0.336308     -0.22424    -0.546511   -0.0857721      0.21153   -0.0356483
    0.855087    0.0437435     -0.23179    -0.244141   -0.0917722     0.166927     -1.35612    0.0183598   -0.0278898   -0.0890759    -0.727721    -0.130612    -0.635658    -0.473174    -0.746557     0.107593     0.448823    -0.310094    -0.102756    -0.227154      0.73402      -1.7276   0.00187333    -0.114827      1.15482   -0.0285281    -0.317485      -1.1504     -1.66738    -0.249804     0.188415      -1.0658
    0.331514    0.0654804    0.0864666     0.623412    -0.071594    -0.401637    -0.157304    0.0584405    -0.237276    0.0990097    -0.635132     -0.11895      1.20982     -0.57799    -0.347648     0.519302     0.103766     0.527853    -0.271375      0.31511   -0.0724413     0.471331   0.00462018     0.874687    -0.383258    0.0758979    0.0604923    -0.502596    -0.427854     0.690835    -0.800926     0.338135
    0.200283     0.553023     0.279417  -0.00982789     0.213239    -0.580875    0.0808992     0.526769    -0.668243     0.466507     -1.12441    -0.129952   -0.0751853    -0.529848    -0.394226    0.0126908     0.376494    -0.794401     0.410217     0.734817    -0.350931     0.747449    -0.248619   -0.0739776     0.765324       0.1547     0.385313    -0.570561     0.260384    -0.523537     0.726066     -0.69564
    0.198053    -0.241962     0.251747      0.30519     0.332327    -0.311234    -0.313953     0.127645   -0.0152134     0.148609    -0.201013   -0.0533934     0.293545    -0.238848      0.28008   -0.0884095    -0.225556     0.549993     0.061411    0.0258028    -0.354484    -0.332473    -0.259135    0.0121019    -0.202983    0.0392549    -0.684749    -0.216745   0.00116917    0.0301837   -0.0992104     0.110962
     -0.9241        -1.09    -0.713026     0.572133     0.199437    -0.798767    -0.998814    -0.683232    -0.483152   -0.0120608     0.500507     0.223636     0.401046     0.493916      -0.6337    -0.089398     -1.07989    -0.167593    -0.530413    -0.762941   -0.0851026   -0.0633167       0.3205     0.598925    -0.602565    -0.270353    0.0640906     0.498758     0.156313     0.253374    0.0101639     0.101856
     1.18195     -1.06369     -0.26967    -0.508575    -0.414933    -0.444386     -1.03263    -0.754864    0.0557775     0.261758    -0.138044      1.35483     0.774596    -0.418154     -1.20091     -0.83559    -0.609742     0.820301     0.506906     0.501242    -0.940185     0.398184     -0.32602    -0.415067      1.22338     0.505227     0.068018    -0.114111    -0.475999     0.342471     0.684099     0.472654
    0.276357    0.0178644     0.159995     0.571191      0.55313    -0.492437    -0.172585    0.0244852    0.0916181     0.243467    -0.139024    -0.104125    0.0449508     0.141154   0.00366904     0.247524     -0.38375   -0.0873404  -0.00156909     0.199101   0.00352695    0.0844755     0.210422    -0.221536   -0.0903359    -0.238856    0.0919694    -0.132883    -0.348737    0.0931999      0.36334     0.597763
    0.471377    -0.233045     0.737316    -0.369551    -0.414104   -0.0832317     0.468019     0.592419    -0.287116     0.445158     0.364882   -0.0558185    -0.138007     0.282916  -0.00800671    -0.600497     0.498293     0.428297    -0.498476    -0.637014    -0.774139   -0.0520455    -0.780302     0.827772     0.499949     0.604754   -0.0782455    -0.744938    -0.373878    0.0768138 -2.84927e-05    0.0466719
    0.503117    0.0272067    -0.569186     0.161437     0.630472      0.12769    0.0375831    -0.121923    -0.399692    -0.243984     0.646889   -0.0250555    -0.446516    -0.525499     0.189853    -0.155881     0.136279     0.386963     0.106192     0.409885    -0.281993    -0.497185    0.0335646     0.242917     0.209153     0.259294     0.616053     0.377565     -0.45987    -0.107896     0.197164   0.00488605
    0.284557    -0.611989  -0.00942711    -0.139457    -0.560338     0.410421    -0.163019     0.142122     0.364031    -0.366263    0.0943452     0.655748     0.204148   -0.0398776     -0.63209    -0.357486     0.122576     0.761574    -0.033094     0.152793      -0.9941    0.0331136    -0.297371     0.291532     0.924346     0.100444    -0.324697     0.261624    -0.307698    -0.642113     0.717202     0.473894
   -0.258305    -0.229122     -1.20145    0.0838192     0.116925    -0.671793    -0.486313   -0.0692416    -0.561285     0.161003    -0.678444   -0.0203634     0.550388    -0.558154   -0.0384174    -0.108608     0.311594    -0.387946     0.682027     0.834781    -0.530264     0.415472     -0.35599   -0.0495086     0.340283    -0.175222     0.229119     0.753044    -0.229252     0.311776    -0.189214    -0.190199
    0.289712    -0.314739    0.0950749     0.252765   0.00797969      1.05446     0.276217    -0.320061     0.100289     0.849052     0.391076    0.0528392    -0.567554    -0.529207     0.226259     0.686222    -0.556847     0.296993    -0.639639    0.0711172     0.207507    -0.172723    -0.435747    -0.687543     0.245654     0.068656    -0.576198    -0.676992    -0.766879     -0.29009     0.801269    -0.275506
   -0.437751   -0.0511279    -0.608918    0.0808634     0.732625    -0.270546     0.528017     0.217938    -0.282719    -0.249393    -0.540961      0.85997     0.424548     0.454556    0.0337713     0.166344     -1.31571     -0.35997    -0.696085     0.169069     0.382136    -0.438039    -0.243485    -0.804649   -0.0347195    0.0985792      -1.2331    -0.885434     -0.41328    0.0870235    -0.516713     -0.14305
    0.181572    0.0372245   -0.0503358      0.43138    -0.242877   -0.0845255   -0.0335579      0.16019    -0.229195     0.199295    -0.137026    0.0632045     0.120125    -0.978569     0.203089    -0.253298     0.233305    0.0656788     0.108706     0.788158    -0.493567     0.195452    -0.233985     0.150368     0.619568    0.0432816     0.125847     0.774293    -0.336009     0.180387    -0.202314 -0.000874688
   -0.447112     0.245764    -0.166621    -0.197045     0.205371     0.665592       0.3891   -0.0258716    -0.167547    -0.430828   -0.0627267     0.111384     0.278303    -0.346054    -0.104867     -0.32051     0.265484     0.648117     0.605299   -0.0261932     0.189824     0.413455     0.177127     0.337252     0.248397    0.0555365    -0.209704    -0.301978    -0.131066     0.373222    -0.178907   -0.0470981
    -1.26082    -0.479099     0.176416    -0.645671     -1.06049    -0.362718    -0.203096    -0.425352    -0.845673      1.03902     0.127371    0.0870388     0.535443    -0.184795   -0.0114635    -0.263524    -0.301639     0.916051    -0.358514   -0.0330692    -0.539033    -0.611426    -0.127724     0.430228    -0.396164     0.331301    -0.107943    -0.792845     0.404536    -0.402977   -0.0162459     0.161464
