  -0.346271
   -0.49317
  -0.637236
   -0.32227
  -0.206072
   0.117723
   0.134936
  0.0158025
  -0.479231
  -0.806089
  -0.388565
  -0.406111
  -0.627248
  -0.936803
   -0.51384
  -0.259168
  -0.535552
  -0.501084
   -3.37162
  -0.230236
   -2.12349
  -0.334705
   0.830852
 -0.0440537
  -0.518407
  -0.161875
   0.128344
  -0.674279
  -0.732762
  -0.353416
   -1.10891
  -0.381184
   0.155655
   0.129627
  -0.633295
    -1.7052
  -0.226629
  -0.382025
  -0.964144
  -0.493007
  0.0571183
    -2.8894
  -0.372803
  -0.320216
  -0.685253
   0.292516
  -0.618008
  -0.228955
  -0.256446
  -0.455479
   0.102588
   -0.38214
  -0.519252
  -0.185033
 -0.0724442
  -0.551532
  -0.253433
 -0.0973418
  -0.262451
  -0.309249
  -0.318055
  0.0550687
   -2.07177
    1.06542
  -0.591724
  -0.278889
  -0.311188
  -0.773317
  -0.184209
  -0.705548
  -0.558267
    0.23326
  -0.665707
   -1.34467
  -0.322763
   0.359784
  -0.199348
-0.00160907
   0.380027
  -0.258092
 -0.0131153
 -0.0835882
  -0.593573
  -0.330123
   0.309163
    -2.0642
  -0.476903
  -0.370047
  -0.154474
   0.177624
    -3.7158
  -0.151733
  -0.993921
 -0.0490614
  -0.203648
  -0.485823
   0.112951
  -0.217488
   0.586042
   -0.22886
  -0.756827
   0.564025
   -1.15747
   0.596227
  -0.583826
   -2.02368
  -0.296893
  -0.801615
 -0.0980836
  -0.029908
   -0.34388
   0.115157
  -0.452627
  -0.376533
  -0.857923
  -0.994622
   0.242413
 -0.0503199
  -0.399233
   0.272725
  -0.317279
   -1.40454
   0.158853
  -0.561749
   0.310243
  -0.806244
  -0.243646
  -0.427041
