    0.110112   -0.0676075     0.199712     0.337997     0.105619   -0.0880747   -0.0906383     0.203674     0.178827   -0.0620353  -0.00500064     0.198372    0.0819056    0.0933154     0.174902     0.467181     0.164815     0.206654   -0.0125923    0.0528571     0.209122    -0.203696    0.0456293    0.0877656    -0.440459   -0.0055828    -0.267121     0.123753    -0.110899    -0.107917   -0.0286029    -0.332211
   -0.047992     0.120995    -0.239635     0.324184    0.0944362     0.112544     0.263745     0.309631     0.166811    0.0538954    -0.145503     0.206571    -0.188168    -0.196397     0.105155    -0.157632   -0.0871317   -0.0943521     0.175171     0.211918     0.616875     -0.20273    -0.607121     0.282824    -0.622573     0.393655    -0.139254  -0.00418513     0.135632   -0.0502734    -0.214503   -0.0910741
    0.013865    -0.321078    0.0674863     0.336782     0.256669    0.0694765     0.182166     0.021438     0.428766    -0.021231    -0.104993     0.282066   -0.0831349   -0.0943478    -0.027195     0.493413     -0.77607    -0.153348     0.151103   -0.0835971      1.19485    -0.516282    -0.163081    -0.241183    -0.823714     0.315479    -0.375226    -0.406005    0.0704664     0.271391     0.075568    0.0868496
    0.454504     0.226054    -0.112766    0.0742882      0.13321     0.200388     0.189791    0.0904536    -0.169814     0.131255    -0.308648     0.379615     0.224549     0.035876   -0.0542346    -0.149374    -0.162038    -0.112594    0.0801004    -0.317386    0.0346553    -0.464533   -0.0333722  -0.00911974    -0.233294     0.529305    -0.236389    -0.366559     0.230182    0.0044061    -0.132649    0.0216932
   -0.393041    0.0104275     0.277195     0.192315    -0.272852    -0.513969   -0.0231464    -0.172243     0.305907     -0.19653     -0.41445    -0.158726     0.516092    -0.089971    -0.336514     0.040559   -0.0988844     0.204728     0.123645    -0.302959     0.762979   -0.0311549    -0.471007    0.0124588    -0.198494     0.399175    -0.142969    -0.218853    -0.190702     0.245551    0.0337555     0.292661
   0.0266779    -0.169353   -0.0403904   -0.0540051     0.170338   -0.0680637     0.180912    -0.158746   -0.0431262    -0.174292    -0.164613    0.0685198     0.106652   -0.0387874   -0.0529951     0.196095    -0.119701    -0.101731   -0.0272875     0.145469   0.00890199    -0.129782     0.327357    -0.097565   -0.0209441    -0.167856     -0.31994    0.0486319   -0.0668529     0.164415    0.0169792     0.139672
    0.147336    -0.390617    -0.414914    -0.395768     -0.12137   -0.0217054     0.172762   -0.0765392   -0.0552976    -0.179258     0.276527    -0.163387    0.0962704    -0.143022   -0.0185802    0.0218502    0.0990925   -0.0336852      0.40593    -0.418884    0.0296615    -0.323637    -0.731325     0.078626    0.0119271     0.345504     0.404554   -0.0512526      -0.1035      0.33238     0.180155    -0.146344
    0.125063    0.0541933   -0.0181109   -0.0218242    -0.261337    -0.151687    -0.258126     0.193269     0.305249    -0.210703    0.0331133    -0.329336    -0.252426     0.162736    0.0302544    -0.218261    -0.147136    0.0188667    -0.087005     0.128418     -0.25849    0.0100062   -0.0149907    -0.160759   -0.0138116    0.0278217    -0.106496      0.35244     0.237364   -0.0171949   -0.0687905   -0.0262092
   -0.307762     0.264686    0.0339461     0.169919    -0.455258     0.226159    -0.205994    -0.122441     0.295377   -0.0460818   -0.0327303    -0.218037    0.0793529    -0.248079    -0.041619    0.0285742    -0.328425    0.0916687    -0.374214    -0.017325     0.114015   0.00126158     0.230403     0.322619   0.00864543    -0.174346    -0.276419    -0.288457    -0.064745    -0.143271     0.141832     0.122884
   0.0635471     0.226954     0.345239     0.255608    -0.366254    -0.218236     0.295452    0.0399242     0.143579     0.301458     0.337626   -0.0498384    -0.198999     0.221727    -0.471853     0.689437     0.165395    0.0850079   -0.0728883   -0.0638571     -0.36181    -0.018698    -0.103509      0.13095      0.42528    0.0618854    -0.124894     0.418231     0.158322    -0.187782    0.0133894     0.113974
   -0.105909      0.27175  -0.00332056     0.120644   -0.0223009     0.149964    0.0800065     0.553117     0.345251      0.48327    -0.157069   -0.0324204    -0.166327     0.378529    -0.178694    0.0587518    -0.524913    -0.217695     0.176363    0.0532911     0.138826    0.0558648       0.2317    -0.113036    -0.426203    0.0449157    -0.137543    -0.174788    -0.613628    -0.196765    0.0565223    0.0636781
    0.345524    -0.167993     0.325811    -0.190745      -0.1455     0.179502    -0.180702     0.246923     0.093095    0.0402471 -0.000977955   -0.0225889     0.226794     0.209626     0.139597    0.0686798     0.490389    0.0790732    -0.124463    0.0818783    -0.228001     0.076649     0.058583   0.00663995     0.160726     0.222478    0.0744997     0.393228     0.197663    -0.134614     0.136641    0.0228782
     0.28794    -0.126612     0.108876   -0.0611281   -0.0637002     0.118515    0.0938501    0.0359832   -0.0914712     0.215732    -0.244559     0.319728     0.563319    -0.434228     0.199465     0.573878   -0.0712553    0.0225745    -0.274039     -0.16377     0.866866     0.217511    0.0860226    -0.318254    -0.577591    0.0469928    -0.218574   -0.0493889   -0.0674668      0.21974    0.0526827     0.259815
    0.038731     0.440397     0.335442     0.331354     0.135288   -0.0567787  0.000608471     0.374551     0.335297     0.282923    -0.440992     0.172518    0.0175494   -0.0864045    0.0679219       0.4295    0.0862084    -0.233902   -0.0563621     0.168459     0.149892    -0.257902     0.467773     0.059306    -0.402555     0.270371    -0.325483   -0.0959845     0.319218    0.0616739     0.199241     0.204933
     0.22216     0.116656   -0.0487787     0.365993     0.374737    0.0273016    -0.241157   -0.0335225    -0.495349    -0.115019    -0.466425    0.0789944   -0.0688126     0.326706  -0.00892634   -0.0125508     0.156317   -0.0750733     0.386109     0.403741    -0.276114    -0.163032     0.310692    -0.300373     0.549404   -0.0144171    -0.111652     0.494981    -0.181654    -0.595295    -0.629387      0.91069
  -0.0158562    -0.235436     0.372881    -0.151717    0.0388518    0.0639818  -0.00695179    -0.212907   -0.0944328    -0.144282     0.202954    -0.348758    -0.086657    -0.235519    -0.362876    -0.312892     0.244784     -0.33265    -0.469861    -0.294735   0.00708759   0.00559276    -0.162829     0.213117   -0.0498086   -0.0813471     0.175604    0.0779626    -0.203462    0.0516013     0.336833     0.102898
   -0.157482     0.264334     0.359374     0.255016     0.248015    -0.278606    0.0652771     0.265877   -0.0281807    -0.047338     -0.21624     0.598464   -0.0269749     0.045212    -0.139714    0.0451966     0.420021     0.205613      0.27212   -0.0262084     0.199053     0.013952   -0.0116235     0.217393     0.250485   -0.0990981    -0.391395     0.283439     0.153852     0.106516    -0.135731     0.146822
    0.234215    0.0486434      0.29192     0.115821     0.334435     0.115206   -0.0474475  -0.00252549    0.0318386      0.21494    0.0144313   -0.0274574    -0.157429     0.296877   -0.0343358    -0.292059     0.139162    -0.153474   -0.0916392    -0.375943  -0.00666928    -0.455138     0.045777     0.184483    0.0479588  -0.00883597     -0.37238     0.394536    0.0537538     0.070257    -0.104312     0.342702
    0.124533     0.552526   -0.0958715      0.21926     0.663051     0.465438     0.492662    -0.282937     0.174908    -0.204239   0.00569659     0.592884     0.104399     0.186806     0.251884    0.0630589    -0.539474    -0.309843    0.0419283    -0.510352     0.351897    -0.641256     0.150809     -0.23165     0.128801     0.393153     0.327467    0.0576644     0.113375     -0.30982  -0.00113546      0.21886
   -0.199663    -0.117037   -0.0630128   -0.0396019     0.284973     0.266689    -0.268616    -0.409508   0.00145385    -0.318525   -0.0610364    -0.105579     0.157514     0.160296    -0.157615    -0.604211    -0.405484      0.12715    -0.237025   -0.0365782    -0.075192     -0.02441   -0.0119019    0.0195107     0.326737     -0.10414    -0.105819     0.350259    0.0649699    0.0651595     0.108803     0.193218
   -0.186606     0.226656     0.177747     0.218887     0.117463      0.17664    -0.203046    -0.225034   -0.0156511    -0.127379    -0.181799    -0.188528       -0.241    0.0972246    -0.244087    0.0234017     -0.25576     -0.25581    -0.507373    -0.082359  0.000323722     0.351874     0.268646    -0.486136    -0.301337     0.142266    0.0784231    -0.435481    -0.210901     0.267895     0.011822    -0.305251
   -0.194211    -0.214797     0.364659     0.545761    -0.188226     0.223815     0.203254    0.0351408     -0.31046    -0.508082    -0.798738    -0.128987    0.0214461    -0.363513    0.0120399     0.523902    -0.542748  -0.00310794    -0.129511     0.423034     0.368191    -0.485803     0.432373    -0.114616    -0.303711    -0.295601    -0.347408 -0.000755549    -0.598624     0.278323     0.155077     0.284391
    0.268001     0.306743     0.124865    -0.232766   -0.0494987     0.162827    -0.160379      0.46731    0.0187012     0.190413   0.00816588   -0.0776036     0.303384    -0.226354    0.0467223    -0.253196    -0.190877     0.160412    0.0970453    -0.189178   -0.0194966    -0.108363    -0.016437    -0.037136     0.481694    -0.559982    -0.234499    -0.299131    -0.166924    -0.276165   -0.0302147    0.0167202
     0.22964    0.0612967   -0.0251539    0.0273711    -0.386704     0.210048    -0.258492     0.540837     0.075283    0.0749906    0.0291225    -0.187939    -0.325907    0.0672716    0.0386196    -0.334603     0.147951     0.141075    0.0635127    0.0700412    -0.361682     0.304517   -0.0973041   -0.0448204     0.330377   -0.0992396    -0.220163   -0.0169209     0.190353    -0.242557     0.184682     0.306725
   -0.283733     0.416048     0.276831     0.277559   -0.0846674    0.0220597     0.196731     0.515463    -0.114131     0.485577     0.534792     0.256941    -0.190161    0.0236696    -0.231287     0.301735    -0.360452     0.333189    -0.239794     0.363403    -0.795657     0.174129     0.268072    -0.298767     0.160221     0.109312    -0.320593    -0.411125     0.250786    -0.265228    -0.453749    -0.213029
    0.230402     0.153805    -0.420655    -0.105999     0.107931    -0.248661    0.0723134      0.60142     0.112743     0.540269     0.305979    0.0688451     0.116339  -0.00492146    0.0653405 -0.000552606   0.00783335    -0.264488     0.229327    -0.132874      -0.1926   -0.0762283   -0.0974825    -0.207956     0.367128    0.0679861    -0.389868    -0.255585    -0.106883    0.0394403    0.0932572     0.388702
   -0.111514    -0.215419   -0.0577049   -0.0660493    0.0576211    0.0680643    0.0914211     0.332936     0.337651    0.0175095    -0.257375     0.289864     0.136208     0.136929    -0.129251   -0.0735887    -0.493716    -0.165864    0.0106422    -0.117807     0.235488    0.0641242      0.32147   -0.0441169    -0.470486     0.223275     -0.54005    -0.482819     0.406347    -0.195224     -0.34382    0.0241923
    0.332012    0.0210362   -0.0337602   -0.0472865   -0.0339065   -0.0781158    -0.175341    -0.124737     0.185953     -0.20894   -0.0885992    -0.363816     0.169764   0.00134383     0.193019     0.263118    0.0966945     0.302065     0.107613    -0.325203     0.100305     -0.18669     0.201121    -0.212201    -0.242089     0.042061    -0.546688    0.0720388    -0.140819    -0.119007     0.184714     0.202738
   0.0994956     0.457435    -0.278177    -0.256163     0.279796     0.653834    -0.257474    0.0630185   -0.0955797     0.354535     0.428657     0.265207       -0.126     0.134224    -0.029322     0.208834    -0.568034    -0.283417   -0.0637522     0.191971     0.110217    -0.103264     -0.23774     0.137434     0.222022    -0.186106    -0.463331    -0.127939     0.231954    -0.983152    -0.359332    -0.160809
  -0.0714787   -0.0373457   -0.0313429     0.187044     0.200684    -0.177645     0.167044     0.188502    0.0156924    -0.438432    0.0193396    0.0816773    -0.164721     0.426612     0.470612    -0.129572     0.209017    -0.262616    -0.306003    -0.390673    -0.350552    -0.240158     0.217253    0.0109826     0.465008    0.0800904    -0.295798     0.267253    -0.110366    -0.208494   -0.0592281     0.203327
   -0.346909    -0.164123   -0.0363023     0.285872     0.303665     0.018538    -0.274906    -0.409373    -0.214432   -0.0323098    -0.304951     0.329137    -0.156825   -0.0289673    -0.129757     0.214118      0.21062    -0.083644     -0.11559    -0.389329     0.237061    -0.153931    0.0505459     0.398593     0.174695    -0.107886      0.56848     0.171029    0.0253155   -0.0190105    -0.304291    -0.215917
    0.144942    0.0373512      0.24661   -0.0112728    -0.252844    -0.190226  0.000302779   -0.0685209    -0.149971    0.0908561     0.207944    -0.238607      0.32123     0.328529    -0.060338     0.125892    -0.331089     0.111034   -0.0254272   -0.0554317    -0.319465    0.0162286   -0.0819226    -0.183878    0.0797462    -0.160892    -0.151877    -0.353653    -0.177964   -0.0123521    -0.017381     0.105239
 -0.00621158    -0.104646     0.363367      0.18451    -0.175687    -0.320197     -0.26879     -0.12021     0.170052     0.142115       0.1864   -0.0557082   -0.0350265    -0.333611   -0.0405292     0.231203     0.403064     0.192001   -0.0482296    0.0299415     0.219929     0.216263    -0.116913    -0.254829    -0.138182     0.177848     0.100279    -0.135465    0.0793475   -0.0925825    -0.197051    0.0373763
   0.0250477      0.21025     0.446528    -0.386633    -0.186298   -0.0374722    -0.304444     0.522803    -0.276567     0.532411    -0.152458   -0.0673562  -0.00982296    -0.153229    -0.280404     0.232529    -0.554671     0.321771   -0.0685828    -0.158263      0.46054   -0.0242655   -0.0188686     0.456163    0.0424221   -0.0922951    -0.129585     -0.49293   -0.0884674    -0.621188    -0.155032     0.103064
   -0.138007     0.137264    -0.176404    -0.390009     0.195579     0.492627     -0.24545     0.353053     0.203438    0.0531331     0.325761     0.278743    -0.580227     0.405647   -0.0778916    -0.473179   -0.0861419     0.067888    0.0985448     0.519565     -0.23456   -0.0262969     0.397037    0.0692268     0.718899    -0.131647    -0.336943    -0.169524   -0.0711576    -0.330575    0.0853646    -0.113487
  -0.0289265   -0.0247134      0.34657     0.472879    -0.340813     0.208832    0.0818586     0.148816    -0.200409     0.252891    0.0775863     0.417921    -0.166081     0.142047   -0.0805582     0.615638   -0.0787892   -0.0289354   -0.0312232     0.382037     0.463965  -0.00939482  -0.00331617     0.396865    -0.422525     0.140307   -0.0615989     0.175527     0.203795    -0.180406    -0.133963     0.258665
   0.0163723   -0.0670313   -0.0589387    -0.161591      0.18748     0.206909    -0.411983    0.0215768   -0.0137148    -0.198322     -0.20118    -0.112631    -0.124826 -0.000309215    0.0301479    0.0961355   -0.0379573    -0.129443     -0.32529   -0.0290219     0.240317     0.029502     0.357639    -0.236841     -0.26189    0.0297736    -0.175038     0.173696    -0.660464     0.212208     0.393293    0.0139003
  -0.0292673    -0.268758     0.246549     0.123077   -0.0453871     0.508689    -0.164393    -0.460114     0.254856    0.0961047     0.187743    -0.127814   -0.0549223     0.114226    -0.364459     0.485465    -0.149673     0.511971    -0.374108     0.424176    -0.022382     0.317871     0.561354    -0.263134     0.412754    0.0876949    -0.283949    -0.124439    -0.113412   -0.0914219  -0.00971475    -0.205264
   -0.182395   -0.0376792   -0.0435537    0.0481551 -0.000250669     0.361514    -0.496328     0.380233 -8.64529e-05    0.0281565    -0.510832    0.0220939   -0.0312259      0.25754      0.15415     0.333005    -0.090723    -0.273383   -0.0277276    0.0772899     0.307637    -0.134332     0.186727    -0.502764    -0.481932    0.0281421    -0.242377    -0.100998    -0.117017    -0.275616    -0.230536     0.037738
  -0.0435301    0.0821094    -0.280433   -0.0518598   -0.0151924      0.54594     0.290597     0.130934    0.0274547     0.915005    -0.103463     0.173925   0.00650741   -0.0754335    0.0764932     0.054041    -0.841736     0.094892      0.26946    -0.511793    -0.120354    -0.713783     0.462579    -0.374638    -0.377532   0.00191295     0.181787    -0.211072    -0.120947    -0.483845     0.659704     0.136447
    0.404175    -0.124296     -0.26159     0.461605     -0.30201     0.290793     0.195547     0.333195    -0.257091    -0.169376     0.131313    0.0350256     0.214693     0.141086    0.0553082     0.292354    -0.336248     -0.02404    -0.145146   -0.0105544    0.0189696    0.0223301   -0.0612116   -0.0436538   -0.0414238     0.250922     -1.00909     -0.36903     -0.03051     0.366803     0.077256    0.0225368
  -0.0519519    0.0114206     -0.13539     0.108673    -0.147112     0.206172    -0.446118     0.208401    -0.434671     -0.23216   -0.0469385    -0.424284     0.115526     0.174936   -0.0514519     0.103905    -0.533043     -0.38956   -0.0652502   -0.0597533    0.0476753    -0.197723     0.390403    0.0159161     -0.28504   -0.0260681 -2.51398e-05     0.131013   -0.0158388    -0.106594  -0.00145277     0.495229
    0.123708    -0.121833     0.209308     0.305135    -0.302369    0.0682078  -0.00485859   -0.0529932    -0.216165    -0.317786    -0.306081   -0.0673295      0.40364     0.202356     0.036091     0.216316   -0.0314416    -0.151102    0.0425466    -0.519767    -0.112167   -0.0971735    -0.224607    -0.191471    -0.222539     -0.29809   -0.0611569    -0.322652    0.0915233     0.249242     0.214566    -0.178602
   0.0981294   -0.0825981   -0.0223912    -0.107839    -0.474114   0.00381204     0.323308     -0.10132    0.0609362    -0.036434   -0.0428795     0.276969     0.219685    -0.133291    0.0944809     0.295847    -0.271862   -0.0517835     -0.11058    0.0423055     0.484682    0.0500694    0.0146249     0.194846   -0.0138118    -0.102091    -0.551988    -0.281426    0.0177553    -0.100209    0.0383801    -0.153128
    0.321061     0.300669    -0.231652    0.0507297     0.369881     0.161036    -0.122214     0.158671    -0.100229      0.26567    0.0209586  -0.00331916    -0.201472     0.136766    -0.105499    -0.176544   -0.0547764    -0.283846    0.0777358    -0.174367    0.0956591    -0.156539    -0.191839     0.416116     0.435945  -0.00763697     0.398009    -0.175835    -0.341231   -0.0525771   -0.0942254    -0.278507
   -0.282229   -0.0276039      0.51888     0.152342    -0.395209    -0.323549    -0.167275     0.241244     0.167715    0.0339039    -0.174931     0.238162   -0.0345944  -0.00265314    -0.220509     0.758906  -0.00705511    0.0163681    -0.133425      0.15115      0.27804   -0.0123674     0.250424     0.124052    -0.114443     -0.11227    -0.131266   -0.0641281     -0.14898    0.0651745    0.0125375     0.187039
    0.270294   -0.0746479     -0.36273   -0.0817634    -0.220838     0.422576   -0.0431807     0.207853     0.479799    0.0604185     0.151947     -0.29119     0.515371     0.340127     0.217678    -0.916107    -0.704387    -0.613572    -0.339985   -0.0441049    -0.329417     0.633155    -0.309744    -0.157328     0.567976    -0.274861    -0.758555    -0.795317   -0.0447227    -0.393337    -0.526257    -0.693018
   0.0431454    0.0231437    -0.103703  -0.00402055    0.0481869     0.139203   -0.0259785     -0.21689     0.157842    -0.105316    -0.145863    -0.305718    -0.309825    -0.369846  -0.00491052    0.0828856   -0.0296731    -0.344362    -0.096332    -0.287507     0.441646     0.312655   -0.0789924   -0.0801588    -0.102871    0.0467235     0.315302     0.132325   -0.0486056    -0.192244    0.0270052     0.326915
   0.0884493    -0.403027    0.0592429    -0.174094     0.425308    -0.109368     0.370746    0.0326551    0.0882693    -0.142579    -0.528583     0.137681     0.420035    -0.219476     0.173421   -0.0857455    -0.341776    -0.114101   -0.0624127    0.0353523     0.796734    -0.506199    -0.301772    -0.551279     -0.21544   -0.0626653    0.0225188    -0.296871     0.211232     0.211155    0.0914117    -0.287494
     0.26793    0.0635474   -0.0263048     0.332149    -0.428321   -0.0113674    -0.303994    0.0749591  -0.00387758    0.0764242    0.0929729     0.071346    -0.163401    -0.145742     -0.15177     0.451206   -0.0693951     0.224947    -0.212591      0.50054   -0.0872203     0.455077     0.178012     0.140173     0.567863     0.235797     -0.57527    -0.262015     0.035944     -0.71315    -0.444287     0.396297
   -0.164118     0.159389     0.374058    -0.246425     0.247255     0.160742     0.166078   -0.0759391     0.104671   -0.0276647    -0.276998    -0.194883  -0.00402301     0.129577    -0.076183     -0.25443     0.217163    -0.115625    0.0210022    -0.246433    0.0859814     0.214208     -0.20653   -0.0637533   -0.0477261  -0.00727534   -0.0442208     0.120236    -0.179374    -0.153608     -0.26691    -0.297089
   -0.306973     0.231695     -0.11628    0.0995322    -0.371682     0.141345    -0.121902     0.124764    0.0319028    -0.359872    -0.237863    -0.233088     0.192626   -0.0289468    -0.080741     0.419899     0.371204    -0.270134    -0.230599   -0.0804287      0.43361    -0.237173    -0.223921    -0.121792    -0.122556    -0.244527   -0.0551814   -0.0762402      0.31529   -0.0950373    -0.369023     0.145498
  -0.0770485     0.134342     0.115249    -0.156265     0.362343    -0.169808    0.0438119     0.339212   -0.0942096     0.550783    -0.105704    -0.237937    -0.351021    -0.103133    -0.363404    0.0406476     0.173902    -0.251322    -0.209815     0.109316    -0.491998    -0.227044     0.444168     0.129354   -0.0436703    -0.073388   -0.0576462    0.0861038     -0.15598     0.108569     0.314129    -0.116615
    0.249363    -0.167754    -0.235872    -0.403657   -0.0270624    0.0825452    -0.121097     0.228363    -0.163281    0.0443515   -0.0502521     0.237364     0.508458     0.348438   -0.0851246     0.102197   -0.0194022     0.656596    -0.206532     0.548046    0.0384947     0.446774   -0.0620153    -0.840262     0.275824     0.253127    -0.165991    -0.403734    -0.263792    -0.510665    -0.528954    -0.201389
    0.425224    -0.216574    -0.216075    -0.149894    0.0310803     0.720796     0.374977      0.22804     0.243085     0.317441     0.438515    -0.370144    -0.217735     0.145081      0.14558     0.311669    0.0435843    -0.246514     0.227775     0.353799    0.0887555   0.00618643     0.425357    -0.294347     0.249413    -0.299593    -0.179796   -0.0152887     0.218293    -0.305628     0.259126     0.317598
    0.493076      0.58074    -0.165077     0.016074    -0.116912    -0.126351     0.180756     0.390782   -0.0204493     0.546077   -0.0975151     -0.20595    0.0448963    -0.146689    0.0895071     0.643803    -0.264128    -0.057224    -0.169791     0.472959     0.147213    0.0164734   -0.0507628    -0.100969    -0.381904    -0.131808    -0.582094    -0.332763    -0.200203    -0.449933    -0.133878     0.179824
   0.0991029    -0.507099    -0.300169  -0.00345858     0.117086    -0.275114    -0.309529     0.225464  0.000974553   -0.0307112   -0.0433781    0.0386099   -0.0285516    -0.224478     0.455338   -0.0864311    -0.285396     0.135182     0.423782   -0.0645412   0.00035614    -0.405054    -0.191163   -0.0919336  -0.00719044     0.422979   -0.0525755     0.380307    -0.186664      1.12109    -0.285182    0.0663518
   -0.393477    -0.153591    0.0772033     0.505368     0.204336     0.250469     0.217642       0.4222     0.217622     -0.11351   -0.0842176    0.0852938     0.467684    -0.481237  -0.00160601     0.668486    -0.291814      0.22103     0.345679    -0.300529     0.180831    -0.199412  -0.00104463    0.0772183    -0.477807     0.199902   -0.0181644   -0.0295987    0.0801663     0.919445     0.717133     0.211916
    0.466214    -0.101527   0.00301134      0.14405     0.166631    -0.205434    -0.281377    0.0721875   -0.0698415   -0.0585551     0.325488     0.082066    0.0574322    0.0485741   0.00449463    0.0236558      0.37708    0.0965356    -0.275491    0.0305292     -0.70136     0.245343    -0.298833    -0.230357     0.103972     0.264471    -0.111226     0.354953    0.0709488     0.301921     0.146715     0.220807
   0.0316228     0.300256    0.0951918     0.240843     0.338807     0.207015      0.27613    -0.150498     -0.23009   -0.0758043    -0.183562     0.634529    -0.154162   -0.0388705     0.405302     0.440801      0.28731  -0.00937758     0.127647     0.742903     0.772742    -0.339905     0.326634    -0.119488    -0.727174    -0.241834     0.401346  -0.00337549    0.0522615     0.366885    -0.370804    0.0471546
    0.243404    -0.081557     0.274436      0.23575    -0.380916     0.354992    -0.195493   -0.0508912    -0.125986    -0.129379    -0.245154    -0.436231     0.112456    -0.331618    -0.262463     0.710627    -0.322505    0.0579227    -0.472869   -0.0161009     -0.16176     0.040581     0.688098    -0.327686     0.255442    -0.174495    0.0672066     0.647466     0.086516  -0.00218232     0.419481     0.377647
   -0.230572     0.245335    0.0552317    -0.142441     0.179387      0.14758    -0.411113     0.313205     0.120349     0.118424   -0.0381227    0.0351769     0.107613      0.18303      0.27125      0.59009     0.166093    0.0973626     0.293063   -0.0321993     0.621261     0.275672    -0.127677   -0.0794176     0.138895   0.00129032   -0.0648735    -0.160884     0.248731   -0.0631655    -0.146901     0.231673
    0.204558     0.316787    -0.251078   -0.0340076    0.0520223     0.167577    0.0134621    0.0786571   -0.0680947     0.205781     0.301156    -0.322377    -0.383505     0.259784     0.243985     0.249143     0.405195    -0.232377     0.247793    -0.126291     0.210237    -0.143281     0.178213     0.283365     -0.09858     0.392995     0.131163     0.316332      0.31331   -0.0647045     0.198425     -0.16999
   0.0768916   -0.0843942    0.0445737    -0.151194    -0.154252   -0.0959444   -0.0198554     0.197679     -0.11639    -0.188104    -0.542731    0.0161054     0.118215    -0.179925    -0.128056    -0.422121    -0.567126   -0.0532946     0.183382   -0.0449838   -0.0229708    -0.161016    -0.521066   -0.0532414     0.261251    0.0536728    0.0920794     -0.40641    0.0578492    0.0523677    -0.250875    0.0221403
    0.426135     0.372908    0.0797846    0.0258171     0.374698    -0.120897    0.0231821     0.123242    -0.246122    0.0712823    -0.220319     0.207541     0.237945     0.043691   -0.0449243     -0.33827     0.347284     0.200164     0.167113     0.154844    0.0490304    -0.280615     0.246967     0.038869     0.272102     0.233108    -0.173051    0.0950331      0.13294   -0.0198758    -0.146836       0.1657
 -0.00550112     0.302389   -0.0649821    -0.110533    -0.734188    -0.517341    -0.403725     0.111373    -0.032448     0.115158     0.626069     0.142959     0.588376    -0.171218    -0.295506     0.387593    -0.184923     0.430965    0.0987753     0.769898    -0.075453     0.149792    0.0120124     0.275704     0.557206    0.0338789    -0.185844   -0.0432169     0.565813    -0.484424    -0.822695    0.0692859
  0.00132109      0.31068      0.34687     0.325424    -0.174521    -0.151929    -0.260705  -0.00714411     0.123403     0.378811   -0.0913099     -0.29917     0.118191     0.270899    -0.279756     0.399084   -0.0068753     0.208415     0.202315     -0.07945    -0.147012      0.39351    -0.288084    -0.356073     0.405521    0.0577997    -0.170861    -0.309074   -0.0429819    -0.179314    0.0304819     0.122863
    0.155991    0.0910792    -0.104115    -0.169644    -0.471622     0.135499    -0.206768     0.421509    -0.220595    -0.417053     0.257679  -0.00861877     0.265118     0.439842    -0.302068    -0.238685     0.144176     0.377353     0.110601    -0.604238    -0.388828     0.036685    -0.114087     0.103065     0.829093    -0.261549     0.185744     0.151822     0.193997    -0.153772     0.119841     0.408712
    0.194314    0.0773932  0.000549718    -0.271964    -0.432926    -0.286236    -0.482451     0.410096     0.118435     0.262698    0.0788838     0.311055    -0.318646    0.0505312    -0.132963     0.347878      0.12448   -0.0397731     0.102428   -0.0943832   -0.0115443     0.193526   -0.0721848     0.305781     0.232287    0.0454714    -0.484325     0.163405       0.2066    -0.330947    -0.182566     0.430841
    0.119535    -0.283488     0.200592     0.254747     0.064064    0.0287664   0.00476249    -0.107686    -0.103643   -0.0760103  -0.00191207     -0.13857    0.0208958    -0.457436     0.261425     0.263038      -0.4793    -0.094732    0.0339984    -0.477013     0.197787   -0.0337173      0.51263    -0.136036    -0.336353     0.180796  0.000946457   -0.0762444    0.0483128    0.0589492    -0.474865     0.344028
   -0.126063      0.50362    -0.486867    -0.136804     0.132738    -0.139663   0.00198874   -0.0144479    -0.257738     0.398271     0.295111      0.11169   -0.0133887    -0.235603    -0.101733     0.628137    -0.458437   -0.0248534   -0.0296451     0.282525     0.113568    -0.403363      0.12095     0.273403      0.74644    0.0950594    -0.712081     0.294461     0.274746    -0.667732     0.451005    0.0243856
    0.160379    -0.100109     0.069438    -0.170992    -0.350279     0.351088    -0.015572     0.116604    0.0160161    -0.113661     0.496349    -0.316458    -0.231873     0.223199    -0.138093    -0.117686   -0.0346057     0.107279    -0.267231    0.0159772    -0.647656    -0.179542    -0.286784    0.0721336     0.783772    0.0652347     0.277947   0.00302668    -0.258011    -0.228891    -0.424045   -0.0557116
  -0.0458401    -0.033461    -0.112012    -0.463174    -0.107062    -0.289254   -0.0454085  -0.00787984     0.100515     0.093633    -0.148068   -0.0920741    0.0853771    -0.131786    0.0366282    -0.445271    -0.259945     0.264657     0.204696     0.272362     0.162682  6.25732e-05    -0.206842    -0.193683   -0.0679979   -0.0253352    -0.479803     0.245536   -0.0663422      0.42857    -0.039802     0.311224
    0.150098    -0.198434     0.147233     0.135709     0.112207   -0.0198643     0.357355    0.0917368   -0.0789303     0.013221     0.213604    -0.088012    -0.140442    0.0246197   -0.0128217   -0.0359211     0.272272    -0.354735     0.467642    -0.328731    0.0616836    -0.104885    -0.454405    -0.134229    -0.442529   -0.0243507    -0.197437     0.136325    -0.166625   -0.0597436    -0.262667   0.00674266
  -0.0841297     0.203381    -0.182974    -0.196715   -0.0526781    -0.424831     0.137039     0.111585     0.301086 -0.000431299     0.270715    0.0119804    0.0494305   -0.0613338    -0.119117     -0.35597     0.151659   -0.0205444    -0.245419    0.0176346    0.0569814     0.191906     0.167846    -0.406023   -0.0685886    -0.118405    -0.109392     -0.56528    -0.234109    -0.182101     0.161756     0.146574
   -0.350527     0.476515    -0.038077     0.119998     0.163874    0.0319031    -0.428289     0.445438     0.396403    -0.243041   -0.0105659    -0.142333    -0.126997    -0.070433     0.269163    -0.177426    -0.751102     0.148406     0.043189    -0.130756      0.50129     0.115772     -0.22895     0.134804    -0.455136    -0.182433    -0.191833    -0.812789   -0.0495079    0.0682611    -0.229737     -0.15983
    0.376294   -0.0854464    0.0234085     0.349298     0.466284   0.00440651 -0.000415066   -0.0163788     0.104545    -0.224587   -0.0544718     0.425676   -0.0285212    -0.109043     0.182172     0.156897    -0.153075    -0.364284    0.0856613    -0.148388     0.246451    0.0540199    -0.332883   -0.0386704    -0.685889     0.326797    -0.360889   -0.0143447   -0.0588281    0.0950547    -0.247882    0.0892249
    0.182477    0.0809798    0.0301411     0.151472    -0.451104     0.398705    -0.358001    0.0315478   -0.0438173    -0.290289     0.462519    -0.151947    -0.411133    -0.384559     0.254035     0.427138     0.218601    -0.274411    -0.113948     0.306821     0.221239     0.149766     0.105663    0.0343725    -0.103484    -0.131305    -0.357643    -0.203844    0.0131771  -0.00220822    -0.332895     0.165876
    0.186653     0.216023     -0.12537     -0.16012   -0.0119646     0.147939    -0.236739     0.318069    0.0857701      0.26909     0.144337    -0.265313    -0.070258    0.0463486   -0.0872354     0.125309     0.161165     0.177449     0.154131   -0.0986545    -0.901609    -0.501615     0.538583    -0.424544     0.696293    -0.355631   -0.0805431     0.499035    -0.121648   0.00406198    -0.313759    0.0656783
   -0.278465    -0.223748    0.0482788   -0.0789575    -0.312056    -0.152365   -0.0145535   0.00786195    -0.103851    0.0659573    -0.319094     -0.26402    0.0407817    0.0119029   -0.0614867     0.596541    -0.420236     0.246097    -0.422121    0.0930245     0.426209   -0.0491088    -0.234141    -0.186173    -0.383432   -0.0420607     0.365345    -0.271706    0.0262729    -0.212095     0.188858    -0.217947
   0.0511705     0.290652     0.103932     0.318229     0.682767    -0.101922    -0.261109     0.061388    -0.358411    -0.296629   0.00215807    0.0897709    0.0339895    0.0950621     0.210903    -0.107317  -0.00283735    -0.031058    -0.125937     0.591085     0.113392   -0.0337622    -0.144203    -0.245346    -0.454594     0.196457    -0.289201   -0.0174164   -0.0442484    0.0291305    -0.274114      0.63232
   -0.104991     0.224662    0.0305161    0.0195435   -0.0971172    0.0113223    -0.442785     0.189828    -0.133712   -0.0366274    -0.673778    -0.253127     0.268905   -0.0376182     0.152111     0.147539    -0.262756     0.248223    0.0652643    -0.137262     0.479174     0.153514    -0.370479    -0.125579      -0.3077   -0.0724611     -0.11599    -0.571835    -0.335833    -0.121884     0.175722    0.0448612
   -0.137419    -0.281745   -0.0576182  9.83023e-05     0.325604    -0.336653    0.0408478     0.107859   -0.0531077    0.0358859    -0.251277     0.231698    -0.161537     0.105787   -0.0211132     0.262938    -0.124666    -0.019473     0.329514     0.159396    -0.338415     0.108098   -0.0213178    0.0202716     0.157763     0.117128     0.276944    -0.116343    -0.180199     -0.16919   -0.0382099     0.125322
    0.261131     0.223607    -0.170801    0.0610676    -0.371947    -0.619108    -0.456771   -0.0343751     0.192166    -0.605149    -0.804258    -0.228397     0.297416   -0.0612767     0.110134    -0.944275    -0.271269    0.0642537   -0.0314814      0.10359     0.250407    -0.100307    -0.788311    0.0151006    -0.254541     0.364019    -0.755445     -0.27726     0.139448     0.386747     0.598849     0.163368
    0.124155   -0.0213562    -0.105142      -0.1426     0.381404    -0.182763     0.236986     0.112281    0.0725966     0.154459    -0.304964    -0.099954     0.492553    -0.301987     -0.25341     0.193562      0.25432    -0.124856    -0.341107    -0.199186       0.6892   -0.0825778     0.142761     0.404202    -0.100025    0.0799314    -0.193746     0.289546     -0.25548    0.0857086     0.355444   -0.0172407
   -0.244972    -0.218087    0.0550644    -0.174867     0.203871   -0.0560146     0.106321     0.101587    -0.147928   -0.0467807    -0.186616     0.258625  -0.00426163     -0.27079     0.396591    0.0537913     0.182931    -0.110155    -0.446616   -0.0906466     0.847597    -0.199724     0.284657    -0.526327     -1.21412     0.351808    -0.458486    -0.391067   -0.0730334     0.745844     0.368255    -0.182873
   -0.229764   -0.0901924  -0.00774096     0.131144     0.101274     0.354285    -0.177798      0.26231     0.105395      0.36979  -0.00376802     0.293101    -0.101313     0.116816   -0.0257973     0.357791    -0.346467    -0.276099    -0.459972    0.0707727    -0.253121     0.243172    -0.358473     0.135555     0.100619     0.205269    -0.496546   -0.0628165    0.0479734    -0.167345    -0.256971    -0.402363
   -0.147281    -0.298334    -0.276031     0.129678   -0.0421829     0.215061     0.229184    0.0781315     0.432906   -0.0743755    -0.245532    -0.200357     0.219675     0.237438    0.0788582     0.249307   -0.0640179     0.121853    -0.160786    -0.328609      0.14936    -0.133016    0.0897868    0.0899288    0.0272833     0.202266    0.0825021     0.272111   -0.0533388   -0.0879304     0.358605     -0.12248
   -0.116783    0.0151262    -0.323197  -0.00275149     0.151782     -0.13035    -0.104043   0.00533841     0.155334    0.0105769    -0.237316     0.289676   -0.0700436    -0.314873    -0.207375     -0.26491    -0.152295     0.521841   -0.0489891    -0.532146     0.433026  -0.00107132    -0.273208     0.196357    -0.176943      0.54123     0.107012     0.106064   0.00396243    0.0658144  -0.00412908    -0.144783
   -0.102904      0.42869    -0.309672    -0.225542    -0.279938     0.187018     -0.35605   -0.0716231     0.222919   -0.0299792     0.256805    -0.166961    -0.274019     0.102597    0.0567798    0.0573321   -0.0542653    -0.129722     0.340478      1.11505    -0.675051    -0.299973     0.304458     0.181743      1.05025    -0.470555     0.173574     0.313416     0.192822    -0.277562    -0.843025     0.165267
  0.00194119    -0.096224    -0.140016   -0.0559782     0.345728   -0.0155184     0.129716    0.0229118     -0.49585     0.074926    -0.260527   -0.0206413    0.0103028    0.0939926     0.156228     0.145779   -0.0776714    0.0203235     0.324114    0.0975468    -0.178521    -0.458614    -0.165282   -0.0474632    -0.288006   -0.0275288     0.546681  -0.00221921    -0.150909     0.131916   -0.0264783    -0.269593
    0.115215     0.330772     0.168513   -0.0546426   -0.0179823    0.0750708     -0.40795    -0.132772    0.0990726    0.0205088     0.385166    -0.104475   0.00889601     0.140565    0.0345592     0.182351    0.0493289    -0.125435     0.152754    -0.213351    -0.663975    -0.129528     0.175067    -0.142839     0.363246    -0.191789    0.0175093     0.807795    -0.179313     -0.38631    -0.102899     0.345139
    0.377433     0.148773   -0.0629681    0.0812791   -0.0803731    -0.091059      0.11346     0.221063     0.117169     0.157894     0.230039     0.118651    -0.178487    0.0413797     0.177776     0.502349    -0.152877     0.146631    0.0666059     0.108075    -0.300282     0.185256  -0.00622984    0.0351569    0.0637512    0.0473882    -0.537888    -0.418295    0.0948036    0.0404406    -0.359874     0.326365
   -0.159737     0.355909   -0.0193519     0.354141      -0.1201   -0.0297027    -0.314993     0.074283     0.108879   -0.0112446    -0.117827      0.20808    0.0898344   -0.0727444    -0.215947     0.475748    -0.272373    -0.140241    -0.240265     0.335968    -0.243728   -0.0114563     0.199976       0.1369    -0.102883    -0.457918    -0.172033   -0.0127483   -0.0487977    0.0739775    0.0255834     0.615654
  -0.0538364      0.36263      0.12912     0.120788     -0.38822   -0.0260375     0.445009   -0.0147395    -0.103511     0.134812   -0.0568007     0.380006    -0.104496     0.136313    -0.123501    -0.155837     0.370259     0.693209     0.151062     0.217324    -0.281406     0.366276     0.264514    -0.149439     0.544088    -0.172026     -0.38285    -0.561833    -0.228056    -0.246848    -0.179556    -0.513036
   -0.312257    0.0353108    -0.131886    0.0845044    -0.282572   -0.0674404    -0.053619   -0.0643213     0.295704   0.00118253    -0.145178    -0.436027   -0.0882706    0.0499919   -0.0121505    -0.330046    -0.265389    -0.154013    -0.371471    -0.147844    -0.427224    -0.107271     -0.50694    0.0527609      0.50796     0.158047  -0.00963429    -0.141681    0.0163587      0.23425    -0.266071     -0.20357
  -0.0188864     0.159416    -0.109498     0.497605    0.0545832     0.140261  -0.00373638     0.479834     0.339016     0.538075    -0.347558    -0.301706     0.270098   -0.0299174    0.0219757      0.78074    -0.469971    -0.321911    0.0562505    -0.211716      1.03696     0.103616    -0.191665    0.0310189    -0.662291    0.0844125    -0.308129    -0.185682    -0.476955    -0.457409     0.116554    0.0355568
    -0.60449     0.388095     0.344735    0.0348419     -0.88283     0.682536    -0.387951     0.291578     0.398317     0.475959    -0.116001    0.0351106    -0.317385     0.304543    -0.295125    -0.420949   -0.0341231    -0.386215    -0.140431     0.705458    -0.647414     0.387928    0.0523105     0.223635     0.697171    -0.140281    -0.146769    -0.153099    0.0657961    -0.580971    -0.731877    0.0960715
    0.290309    -0.336066    -0.232394    -0.183286     0.121687      -0.1172     0.403739    -0.123552    -0.158608   -0.0947981   -0.0325867   -0.0316924   -0.0118544     0.309096     0.363281    -0.450861    -0.317446    -0.125991     0.251301    -0.297488   -0.0763857    0.0411115   -0.0160889    -0.142261   -0.0244489     0.198353     0.225895     0.492157   0.00580995     0.331024    0.0548984    -0.167201
    0.103161   -0.0531064     0.195386    -0.106619   -0.0932801   -0.0383424     0.111161     0.100677    -0.241846     0.161675    0.0247799     -0.16544    -0.246989   -0.0432663   -0.0271795    -0.218543    0.0732795    0.0349497    -0.238845    -0.214947    -0.387251  -0.00105634    0.0837511    -0.118029    -0.259159    -0.256647      0.39607     0.159289     0.115566    -0.354547     0.121017   0.00564859
    0.330866   -0.0416315    -0.262527     0.285889     0.413747    -0.150309    0.0308705     0.076004    0.0355647   -0.0466902     -0.30768     0.224605     0.154918    0.0316996     0.468299    -0.120139     0.167233   -0.0252898    0.0810516    -0.389651    -0.184397    -0.311116     0.233423    0.0507095     0.192811     0.109653   -0.0645891     0.062291   -0.0859777     0.211831     0.100734     0.252243
  -0.0277656   -0.0552683   -0.0603433     -0.20159   -0.0577229     0.184012     0.405017   0.00950825    -0.258008     0.351068    0.0315036     0.392029    -0.267531    -0.394959    -0.243499    0.0922298    -0.519241     0.151458    -0.286617      0.27728   0.00906725   -0.0747378    -0.945069      0.38365    0.0958998      0.41759     0.154202    -0.182794    -0.405287   -0.0624869    -0.464512    -0.541203
   -0.632249     0.245706    -0.082913     0.547368     0.193305     0.188523   -0.0331126    -0.282004     0.155675     0.387546    0.0753017     0.166831    -0.367403    0.0787598    0.0158093     0.276716    -0.119688    0.0467558     0.491355     0.404572      -0.1332    -0.273468   -0.0636289    -0.141823     0.131705     0.270295     0.275973     0.156838     0.163342   -0.0988053    -0.198753     0.142413
   0.0839622    0.0125111     0.118476     0.229641   -0.0325792  -0.00995711    -0.209545    0.0978063    -0.249345    0.0352963     0.245879     0.139679     0.374849    -0.177211  0.000186179     0.251472     0.112793     0.146932    -0.034313     0.252177     0.198793    -0.204219    0.0315726    0.0615535   0.00662568    -0.305589     -0.21283    0.0879273    0.0479217    0.0157862     0.533766     0.834578
    0.309934   -0.0122065   -0.0433448  -0.00978394     -0.70688     0.174509    -0.251699     0.245714    0.0584622     0.204066     0.205439     0.352857    0.0883816   -0.0176485   -0.0357852   -0.0242816    0.0890056     0.271695     0.167891    0.0960643    -0.269912     0.358084   -0.0546703     0.179176    0.0232401    -0.437135    -0.278867    -0.727691    -0.107943    -0.337691    -0.567436    0.0809386
    0.281059     0.126899    0.0711943     0.343653   -0.0489094     0.212704    -0.213102     0.434082   -0.0426081     0.202563     0.508339    -0.311817    -0.195817     0.446762    -0.315585      0.10704     0.060581    -0.105451    -0.271446     0.360355    -0.433602   -0.0411258     -0.13116     0.174964     0.595607    -0.400584  -0.00944164     0.155716     0.129337    -0.317352    -0.471945     0.314758
   -0.496532     0.371062     0.427489     0.339769    -0.279434    -0.431406    -0.407847   -0.0527266     0.187774     0.339796    -0.733822     -0.43228     0.456509     0.274111     -0.27842     0.480663     -0.42968    0.0138807    -0.422137    0.0324318     0.394564    -0.134796    0.0473009    -0.455544    0.0978567     0.099229    -0.404885    -0.305239     0.460886    0.0163805     0.224415     0.381631
    -0.14457   -0.0411433    0.0101244    0.0095545    -0.116889    0.0259102    -0.272695     0.216747     0.176195     0.181484   -0.0303263    0.0130857    -0.263388     0.349588     0.331455     0.370944      0.24747   -0.0283008    0.0565216    -0.136712    -0.236478    -0.528307     0.419923   -0.0940392    -0.079674     0.339304     0.149046     0.157153     -0.15404    -0.247704   -0.0685611     0.128211
   -0.280457     0.423536     0.100479     0.380367     0.180056    -0.351587    -0.136559     0.327465     0.266857     0.624618    -0.238784     0.194356     0.126957     0.106824    -0.259492       0.6979    -0.310922   -0.0704086     0.137973    -0.216317     0.236933   -0.0690128     0.443254    0.0263345     -0.23726   -0.0735168    -0.296867    -0.137075    -0.137213    -0.292275   -0.0995051     0.206623
    0.413032    -0.382299   -0.0672644     0.182359      0.44564    -0.285524     0.040559    -0.286155    0.0484025    -0.259566     -0.57432    -0.654643     0.375461    -0.443651    0.0140774    -0.150112     0.229345    -0.227138     -0.10491    -0.575184      1.00148    -0.277435    0.0550339    -0.400692    -0.628902    0.0592702    -0.587303    -0.426654     -0.21138     0.723526      0.60885     0.103429
    0.169244    -0.148073    -0.254558    0.0663018  0.000366076    -0.103665      0.26977    -0.172514     0.134916    -0.060486    -0.535184  -0.00828002     0.100914   -0.0571287     0.222147    -0.822719     0.359395    -0.572985     0.162361     0.354706     0.108129    -0.665872    -0.217635    -0.407071    -0.493016    0.0276115     0.130449     0.353285     0.298539     0.438334     0.450526    -0.484603
  -0.0404358    0.0538198       0.2887      0.17749     0.297461     0.238525   -0.0778155     0.244568    -0.368136   -0.0509797    -0.099999    -0.138111    -0.172698   -0.0418259   -0.0878967     0.460517    -0.170605    0.0154738    -0.161458    -0.105542    0.0425405    -0.139961     0.077269   -0.0767959     -0.15453    -0.226115    -0.296015     0.204847   -0.0329016     0.233922     0.404463     0.701163
   -0.787953     0.170029     0.313432      0.12812   -0.0116927     0.191172     0.282949     0.292177      0.26003     0.444336    0.0891046     0.448229    -0.370152     0.117272     0.155414     0.498372    -0.104123     0.329665    -0.561743       0.1723      0.93108    -0.463784     0.762216    -0.169419    -0.779354    0.0729597    -0.230338     0.320612   -0.0260913    -0.288208    -0.398021    -0.147378
   -0.219769   -0.0743368    -0.109128    0.0374838   -0.0925815     0.196779    0.0717463   -0.0836321     0.288267   -0.0554341     0.127001    0.0757335     0.259034     0.105767   -0.0790312     0.426016    -0.143131     -0.22454   -0.0233237    -0.143535     0.140975     0.347539     0.427379     0.178875    -0.261885    0.0470993    -0.241051    0.0812943     0.171902     0.206599     0.175297    -0.289005
   0.0465324     0.399034     -0.39143     0.330506   -0.0286733    0.0140037    0.0799551     0.162775    -0.257962   -0.0755957      -0.5595    0.0283149    0.0193836      0.58598    -0.121411     0.231832    -0.543088     0.434405   -0.0285388     0.170971    -0.649244    -0.370329     0.152898    -0.391728     0.443608    -0.137305   -0.0336524     -0.14768    -0.249083     0.330911     0.358654     0.184316
   -0.120008    -0.206883     0.299868     0.219651   -0.0330626     0.109261     0.157304    -0.286877   -0.0103441    -0.114337    -0.110747     0.127776     0.127714    -0.218958     0.151927     0.113164      0.16147     0.220537    -0.144359    -0.003138      0.43173    -0.151386   0.00203432    -0.325615     -0.59814    -0.127426    0.0494475   0.00822518     0.037139   0.00704677   -0.0213324     0.288892
    0.165885      0.17858    -0.228669     0.100626     0.157598    -0.190479     0.284569     0.210315    -0.279843    -0.129498    -0.432885     0.110724    -0.176853     0.102841     0.124644    -0.087553    -0.526167    -0.151313      0.54836    -0.282791   -0.0788278    -0.475962    -0.118003    0.0937553     0.209745     0.057007     0.403756    -0.319446    0.0485275      0.58628   -0.0185611    -0.123989
   -0.056151     0.403143     0.112505     0.389451      0.16903   -0.0272162    0.0519871    0.0164545     0.153861     -0.10235    -0.182428    -0.913017    0.0519541   0.00346307    -0.400545   -0.0981698    -0.117153    -0.143242     0.182649     0.211547      0.17655    0.0153925    -0.021819     -0.19144    -0.252148    -0.198454     0.345479    -0.274613    -0.408365    -0.234373   -0.0783256     0.192605
   -0.166234    -0.399599    -0.132112     0.176708    0.0642539    0.0205358     0.155585   -0.0182621    -0.251086     -0.24483     0.074148     0.189364     0.137841     0.324377     0.305592    -0.270882    -0.329049   -0.0498428    0.0833032   -0.0458852    -0.184252    -0.140366    -0.229484   -0.0895102     0.042996   -0.0684564     0.251401   -0.0576037    -0.319542    0.0269948      -0.1893    0.0447654
    0.338235    -0.138967    -0.100957      0.39456     0.407672     0.223172     0.343736     0.315332     0.116999     0.587441     0.363905     0.261514   -0.0245506      0.10056    -0.392003     0.161511    -0.474704    -0.267778      0.36995   -0.0336735    0.0150049    0.0938338    -0.108507    0.0979853   -0.0758266     -0.24546   -0.0125108      0.13097     0.170598     -0.30375    -0.326152     0.407588
  -0.0635572     0.332744     0.425197     0.597804    -0.386287   -0.0178428   -0.0143003     0.330616    -0.165529     0.135083     0.027137     0.218381     0.257297     0.167486    -0.184129     0.177632    -0.622596    -0.257579    -0.283936   -0.0781722    -0.384068     0.240034  -0.00860822     0.132479     0.562627     0.131091    -0.186873    -0.340937   -0.0993041    0.0171665    -0.304056     0.088758
    0.250224    -0.248409    -0.141319     0.386071     0.096784    -0.144594  -0.00108902     0.218047     0.136877     0.335422    -0.461178    -0.123372     0.455416    -0.514003    -0.474893     0.358043    -0.337071    -0.406196   -0.0836552     0.230785     0.277517      0.27328    -0.289472    -0.103311    -0.782485     0.181209    -0.357928    -0.111635      0.14405    -0.049309     0.413506     0.260035
     0.52352    0.0299409    -0.220862    -0.102968    0.0355577    -0.373758     -0.15755   -0.0813462     0.023689   -0.0819007     0.236112    -0.355156     0.110574   -0.0485931      0.22835    -0.365013    -0.763567   -0.0653283    -0.261675   -0.0407894     0.543725     0.249305    -0.659123    0.0920224     0.801752   -0.0192692     0.164544    -0.691284    -0.100435     0.219741     0.500618   -0.0474348
    0.248244     0.562824    0.0554494     0.333192     0.573843    -0.250852     0.151126    0.0381846     0.226499     0.156343    -0.303399    0.0424389   -0.0460379   -0.0128016    0.0985321     0.421086   -0.0699111      -0.1961     0.423445   -0.0223189     0.321974    -0.231479    0.0148755   -0.0192944    -0.301648     0.124932     -0.22477   -0.0355646    -0.283625    -0.139036     0.499291     0.597415
    0.192081       0.3438      0.39137     0.081076   -0.0412203      0.12488   -0.0642752     0.307133   -0.0285178    -0.276595     0.345964     0.183797    -0.330635    0.0400138     0.221809     0.314416    -0.176444     0.100065    -0.179469     0.296222    -0.648128     0.109262     0.289388    0.0542291     0.138735     0.326343   -0.0764879     0.317882    0.0766843    -0.208151     0.256696     0.139879
  -0.0757854      0.17683  -0.00430656     0.685275    -0.106461   -0.0279007   -0.0444507     0.113449     0.122017     0.229288    -0.617417     0.367003     0.246442    0.0847953     0.125787     0.352167    -0.368206    -0.495882     0.263726    -0.334812     0.213228     0.407257      0.33752     -0.17833    -0.325799     0.263513    -0.264307    0.0540352   -0.0046157      0.26085     0.159876      0.34681
   -0.133056    -0.123623      0.23818    0.0732713    -0.235467   -0.0122021    0.0562013     0.106417   -0.0979567    -0.389968   -0.0907361   -0.0584662     -0.14038    0.0845273    0.0693595   -0.0504081    -0.197944     0.394285    -0.182892    -0.140198    -0.352847    0.0664519    -0.240626    -0.262845     0.353239    -0.291186    -0.101795   -0.0557071  -0.00520234    0.0599125     0.281627    -0.427692
    0.432219   -0.0932642     -0.25658    -0.250497      0.26641     0.258935    0.0536969    -0.112317     0.129429  -0.00847038     -0.35497    -0.108515    0.0459925      0.12464  -0.00763155    -0.259246     0.422074      0.19457   -0.0260378     0.550881    0.0247504    -0.906032     0.303649    -0.133537    -0.178166     0.237586    -0.131161     0.150896    -0.413968    -0.241575     -0.65967   -0.0994168
