  -0.314106
  0.0368676
   0.284071
 -0.0652983
  -0.352021
 -0.0507443
 -0.0208449
 -0.0983868
   0.134024
  -0.187263
   0.225652
   0.224344
  -0.122621
 -0.0370196
 -0.0928541
 -0.0102476
   0.317795
  -0.198596
   0.353775
   0.237932
  -0.314122
   0.112402
   0.175976
  0.0649254
   0.217785
   0.329362
   -0.18341
  -0.155613
  -0.253429
  -0.108161
  -0.213054
  -0.178451
  0.0812805
   0.160763
 -0.0141411
   0.241112
  -0.160939
   0.277257
     0.3225
  -0.048857
   0.252845
  0.0674679
  -0.170944
   -0.17256
  -0.115511
   0.018807
  -0.324943
   0.381901
  -0.259961
  -0.226747
   0.267568
  0.0243595
  -0.069053
   0.414892
  0.0244242
  0.0712369
   0.167368
   0.420862
   0.307247
  -0.239321
  -0.147569
 -0.0691091
   0.297784
  -0.033164
  -0.105459
  -0.462262
   0.101891
   0.199603
  -0.176041
  -0.247088
  -0.100523
  -0.238324
  -0.165973
-0.00158266
  0.0107676
  0.0127962
   0.140614
  0.0830919
   0.362903
    0.37791
  -0.356784
  -0.109349
 -0.0961625
   0.222058
  -0.185814
  0.0979782
   -0.17926
  -0.298329
   0.234706
   0.414072
   0.611878
  0.0302527
  -0.161846
  -0.202812
   0.144703
 -0.0393224
  -0.166159
   0.203133
 -0.0152629
 -0.0953773
   0.528953
 -0.0906209
  -0.279647
   0.132863
   0.258795
  0.0569801
  0.0979128
  -0.132059
   0.221747
  0.0573433
  -0.237794
   0.102729
   0.169788
  -0.137757
  -0.387029
    0.55776
  -0.337312
  -0.316049
 -0.0780861
    0.43039
  -0.072425
  -0.129996
   0.115656
   0.435092
    -0.1127
   0.028092
   0.201162
  -0.445128
