  -0.0955765   -0.0639219    0.0918429  -0.00201019    -0.235219     0.461291    0.0181852    -0.207854     0.354037    0.0775036    0.0896755    -0.308164      1.03156    -0.154908    -0.345533    -0.500653     -0.21115     -0.44878   -0.0462088    -0.739884      1.11362    -0.245598    -0.449795    -0.792049     -0.65962     -0.26833    -0.317375     -1.20438    -0.597507     0.181416   -0.0316179     -0.51343
   -0.100609    -0.558102   -0.0431379    -0.686513    -0.809763    0.0177125    -0.191519     0.174211   -0.0421486     0.402694     0.351649    -0.109344     -0.18413    0.0762551    0.0208328    0.0084182   0.00394307      0.12542     0.305995    0.0157883    -0.209759    -0.256577  -0.00135384    -0.108098     0.482406     -0.40802     0.292386    0.0779504     0.129246    -0.370985    -0.106923    -0.157394
    0.274108     0.378045    -0.301068     -0.38474    -0.383487     0.123954    -0.521717   -0.0805706   -0.0322815     0.277695     0.352753     0.122937    -0.257834     0.139385     -0.30998    -0.564077    0.0978486     0.204679    -0.566667    -0.678584     -1.29473    -0.261697    -0.443905     0.273672     0.736442    -0.021233      0.48795     0.417535   -0.0935464    -0.239194   -0.0175929    -0.269926
     0.16012    0.0317017    -0.279732     0.245013     0.111087   -0.0142697     0.189763     0.120663    -0.116042     0.200883     0.507575    -0.210734    -0.126807      0.21701   -0.0691906    -0.109198     0.183098    0.0976322    0.0815009    -0.386806    -0.956846        0.137    0.0147702     0.201324     0.573646    -0.152171     0.318783     0.291749    0.0921421   -0.0461424    -0.197337   0.00761334
    -0.36571   -0.0499792     0.522984   -0.0853587     0.371678      1.07292     0.370677   0.00610699   -0.0708384     0.608247    -0.260348     0.302029    -0.593127    0.0268748    -0.542348     0.231378    -0.324976     0.289326     0.102699     0.315171     0.242678     0.242963     0.369285    -0.115756    0.0915418    -0.184663    -0.317804     0.179732     0.167962    -0.202958    -0.821646     0.938687
  -0.0783846     0.581797     0.495011     0.554418    -0.253526    0.0669355     0.485772     0.176026    -0.031422    -0.110928    -0.212532    0.0214881     0.233974     -0.23881   -0.0174879     0.190153    0.0855442     0.126327    -0.664447    -0.321763     0.482121   -0.0954614      0.52644   -0.0108805    -0.479587    -0.365796    0.0920173    -0.162583   -0.0339462      0.20497     0.321902     0.391171
    0.154861    -0.127921    0.0347586     0.130548    -0.311861     0.215003   -0.0689637     0.301838     0.396646     0.489791    -0.140364    -0.767137     0.115376    -0.482098    -0.613536     0.194698    -0.375834    -0.239085    -0.355619    -0.413474     0.409128     0.469009     0.484795    -0.189995    -0.256525     0.249743     -1.16466   -0.0786294    0.0869459    -0.034634    -0.260995  0.000672652
    0.297037    -0.450093     0.364235      0.19961      0.23318    -0.208209    -0.161125    -0.285053    -0.227115    -0.266425    -0.394214     0.437772     0.773097    -0.363376    0.0862088     0.237752    0.0522239    -0.152302    -0.375414    -0.143091      1.20078   -0.0233293   -0.0825288    -0.272515     -1.42988      0.20334    -0.555125   -0.0359705     0.291493  1.61511e-05    0.0391959    -0.128195
   -0.279404    -0.330779     0.159179     0.599135     0.190908     0.736249   -0.0807497     0.221235     0.313501     0.079583   -0.0436106     -0.45771     0.105806    -0.482779    -0.025121     0.442027   -0.0708242    -0.178694    -0.284819    -0.325647     0.417921     -0.37467    0.0396052    -0.108049    -0.229662    0.0643054    -0.400766   -0.0923197    -0.181247     0.172273     0.437093    0.0590202
    0.169784    -0.514842    0.0209761     0.535026     0.960674    -0.373757     0.337942    -0.646428   -0.0620437    0.0717089     0.537148     0.147326   -0.0287528    -0.541737     0.124617     0.898639   -0.0426287     0.438478     0.426662    -0.389379    -0.519544    -0.484655      1.58886     0.821728    -0.145801     0.318188    0.0226276      1.37733     0.174448     0.327137     0.488022      1.11587
   -0.389193     0.461859    -0.272528   -0.0989912    0.0672366    0.0166001   -0.0974604     0.364737     0.775234     0.571608    -0.100962    -0.273982    -0.158579    0.0884308    -0.386194    -0.134215    0.0614348    -0.121563     0.184293     0.208639    -0.420126   -0.0499962    -0.449122      0.15119     0.497665     -0.20371    -0.140728    -0.326719    -0.247645   -0.0881641     0.147774   -0.0166089
    0.241747    0.0096882     0.165386     0.296468    -0.152988    -0.633245    -0.247786    -0.494499    0.0984479    -0.503555   -0.0692779    -0.594091     0.292369    -0.725239    -0.204805     0.644143    -0.389218     -0.26691    -0.125367    0.0705416     0.627446    0.0634678     0.417733    0.0989716     0.318849     0.109818    -0.369653    -0.303656     0.635828    -0.190922   -0.0846802     0.392473
    0.746599    -0.113091    -0.391828     -0.23327    -0.144791     0.721504    -0.447084     0.234476     0.037785    -0.470645    -0.569482    -0.372128     0.444645     0.053547    -0.134214     0.750042     0.268206    -0.068291   -0.0247704     0.117422     0.821422    -0.562654      1.03848     -0.18385    -0.723071     0.169701     -0.43705     -0.11369    0.0975818     0.135503    -0.171364     0.416179
   -0.232597    -0.311046     0.236618     0.365857    -0.385828   -0.0630504     0.123011     0.129266      0.16071    -0.155374    -0.678479    -0.105548   0.00703548     -0.10685     0.370476     0.560706    -0.222059    0.0702632      -0.3461    -0.333072     0.687763   -0.0827843     -0.10929    -0.292637     -0.65054    -0.130652    -0.691973    -0.178836    -0.227821     0.558739   -0.0436579     0.224078
    0.471678    -0.167875     0.247466    -0.928574     0.229353     0.385013     0.359357     0.405925     0.489156     0.268255    -0.372491    -0.360196     0.495994     0.101001    -0.884957     0.313895     0.226634    -0.184286    0.0139782   -0.0597294     0.607995    -0.113339     0.854894      -0.3241     -1.44204     -0.16829    -0.166956    0.0783481    -0.370962     0.296332     0.536824    -0.481239
   -0.364243     0.369431   -0.0302939    -0.435686     0.104216   -0.0855599     0.284714    -0.222213     0.306684    0.0665557     0.362899     0.230797    -0.186458    -0.281755      0.12322   -0.0962545     0.114184     0.176624   0.00837017   -0.0334907    -0.422835    -0.110417    -0.609179    0.0849222     0.204688     0.110189   -0.0410001    -0.021299    -0.119122    -0.281742     0.177668    -0.145947
    -1.07573    -0.147534    -0.390353    -0.072026   0.00176979   -0.0699693     0.832763   -0.0484189    -0.155122    0.0952815    -0.723713     0.891703    -0.166689     0.435086     0.114473    -0.753937     -1.09526     0.342926    -0.616451    -0.257723     0.181818    -0.500111    -0.226677    -0.114956    0.0663108     0.163832     0.810423    -0.313421    -0.430132    -0.304333    -0.185082     -1.21871
    0.292725     -0.80188     0.713604     0.266075    -0.448988    -0.437078    -0.180515    -0.024569     0.205454    -0.606583    -0.355536    -0.298409     0.317883    -0.838523     0.236447     0.345371    0.0963633    -0.181498    -0.641489    -0.183543      1.12373     -1.05076     0.264568    -0.161242     -1.35523     0.290984    -0.439875    -0.160046    -0.145791     0.495709     0.378022    0.0694182
   0.0319601   -0.0209514    -0.418942     0.115192   -0.0982248   -0.0463055   -0.0293977    -0.303439    -0.637115    0.0807256     0.148749     0.107821    -0.128969    -0.156639    -0.202919     -0.11488     0.730241     0.476737     0.553714     0.948552    -0.360667     0.310358    -0.444892     0.283905     0.156713  -0.00725748     0.254082     0.130945      0.49455     -0.18532    -0.230632    -0.589584
    -0.33926    -0.410259    0.0405815     0.931796    0.0350488   -0.0950842      0.26043    -0.131039   -0.0440083    0.0571222     0.342375     0.244306    -0.198021      0.13967    0.0912247     0.428238    -0.518919    -0.114136    -0.433479    -0.178677    -0.623751    -0.226687     0.224449     0.523511      0.30368      1.05765    -0.653282     0.549458     0.261636     0.130132    -0.236525        0.428
   -0.219936    -0.227041    0.0927376   -0.0328962     0.175449     0.214407     0.243055     -0.13627    -0.224283   -0.0200663     0.237517     0.224159     0.113148   0.00479622     0.102408     0.279499  -0.00604442    -0.106634   0.00201009    -0.124974    -0.949599     -0.20037     0.314646     0.455223     0.402107    0.0486642    0.0608783     0.927533     0.320649     0.193352    0.0672636      0.06895
   -0.285047     0.472951    -0.583153   0.00754822     0.178535    -0.320559     0.266922    -0.236021    0.0309105     0.767044     0.972464    -0.617402    -0.302725     0.864794    -0.856187    -0.609998     0.544273   -0.0827166     0.737258     0.231933     -1.70793    -0.361118    -0.137465     0.667873      3.12472    -0.553813     0.913911     0.441147   -0.0540419     -1.01349    -0.652317    -0.129968
   -0.366497    -0.501719     0.391232     0.443708    0.0122339     0.264204     0.151746     0.141774    -0.393483     -0.16393       0.5591     -1.12348    0.0125423     0.491697     0.502866     -0.39143     0.158176     -1.14431   -0.0825498     -1.27344    0.0786804    -0.181372     0.330678     -0.20252    -0.388146     0.179169     0.245238     0.143176    0.0620552     0.597378    0.0303631     -0.11259
  -0.0750435     0.359315     -0.70662  -0.00572852    -0.727481    -0.618962    -0.308644     0.283633     0.808936     0.496152     0.108637    -0.223251    -0.156729   -0.0820168     -0.39648    -0.481568     0.586005     0.295919      0.40753    -0.477873    -0.715736      1.00465     -1.03282     0.536487      1.24003    -0.091401    0.0357512     0.166618     -0.73975   -0.0448149     0.424515     0.170502
    0.670196   -0.0543401     -0.19784    -0.178826     0.817324   -0.0983442      0.34452    -0.545005    -0.206363   -0.0802119     0.544858     0.236103     -0.29373    -0.186112   0.00470304     0.230478   -0.0801756      0.45067    -0.294349      0.64643    -0.927007     0.152046    0.0353573    -0.388423     0.266489   0.00498322     0.696982    -0.115473   -0.0875438    -0.223242    -0.534586  -0.00666852
   -0.441957   -0.0643017     0.471745    -0.129331    -0.645938     0.010967    -0.289199    -0.845311    0.0756818    -0.968149      0.29151    0.0508302    0.0277089      0.12077     0.145074    -0.936162      1.11921   -0.0579737    -0.148824    -0.409401     -0.33225    -0.291612     0.833281     0.448252     0.214843     0.189712     0.743357     0.416149   0.00555784     0.261284    -0.624762    -0.101897
     0.21977   -0.0672062    0.0792379     0.245387     0.205836    0.0518447   0.00986022    0.0752025    0.0406961    -0.113936     0.159786      0.15423   -0.0911798    0.0114202       0.0383     0.266525    -0.176184     0.139152    -0.188904    -0.194809    -0.172371     0.586258    -0.109577     0.158626    -0.271174     0.261733    -0.147201    -0.133231   -0.0410598     0.249411      0.29753     -0.44845
   0.0338946     0.209201    -0.255662    -0.388694    -0.589445     0.181843    -0.335581     0.240749    -0.216009    0.0363277     0.185467    0.0846204   -0.0440632    -0.216636    0.0253559     0.258991    -0.126436     0.015706    -0.115269     0.195104    -0.549633     0.169046    -0.178555     0.264691     0.291996    -0.346158      0.50468     0.110794    -0.150979     0.397389    0.0507115    -0.699171
    0.329363      0.65016    -0.234068    -0.120331     0.820581     0.243276     0.647644     0.346369   -0.0984443     0.547639    0.0978335     0.289184     -0.72812     0.513504    -0.102643    -0.993176    0.0643629    -0.224815     0.581916    -0.657966      -2.8774    -0.533498     0.678521   -0.0283614      1.57132   -0.0355408     0.141132     0.586895    -0.590577    -0.636804    0.0874253     0.163655
  -0.0392136    -0.202206    0.0163972    -0.211633     0.276702     0.350548     0.479765     0.441534     0.321895    0.0736485     0.620421     0.173821    -0.259229     0.377764   -0.0127784   -0.0643215    -0.469513     0.148208    0.0587275    -0.392796     0.294032     0.159548      1.10725   -0.0376428       0.3809    0.0158528     -0.43044    -0.245345   0.00801305      0.61477     0.283197    -0.610938
   -0.166246    -0.111109     0.308039    -0.334039     0.184414     0.212532   -0.0945836    -0.191327   -0.0910209     0.101326     0.549515   -0.0254355    -0.365269     0.228236    -0.122681    -0.279434     0.277335     0.134352     0.249342   -0.0898732    -0.349981     0.178512   -0.0298494   -0.0134404     0.131025    -0.015161     0.104053     0.198691   -0.0146096    -0.147649   -0.0670501    -0.111554
   -0.168506    -0.185154     0.256596     0.394456    -0.355495     0.317092    -0.961161     0.273555    -0.394785   -0.0509439     0.333604    -0.048124    -0.481986    -0.241698    -0.216237      1.03352     0.155924    -0.326881     0.690075     0.277549    -0.267924     0.178598     0.228057     0.573246     0.321009    0.0459043    -0.738292      1.04943     0.312222    -0.514549    -0.357336     0.505743
   -0.439472     0.381867     0.491996    -0.192371    -0.353724   -0.0963967     0.938924    0.0773259    0.0859344     0.513689    0.0149659    -0.425544    -0.490131   -0.0106701    -0.140448    -0.484059     0.685032    -0.253071      0.48081     0.345805    0.0246971    -0.322968      1.20503     0.340094    -0.115712    -0.171222   -0.0380158   -0.0978575      -0.1274    -0.842643    -0.533883    -0.112168
   -0.515811     0.382237    -0.435695    -0.536733      0.27018    -0.382708    0.0809314    -0.510559   -0.0141319    -0.304496    -0.630847    -0.218651     0.583914    -0.399633    0.0191475    -0.328167    -0.318765     0.491192    -0.282616    -0.113441      1.24503   -0.0675341    -0.485284     0.121567    -0.556703      -0.2945     0.985485     -1.15089    -0.697446     0.850039    0.0431626    -0.912089
    0.268395     0.393805    -0.304239  -0.00400585    -0.769223    -0.235229   -0.0805277    -0.187767    -0.232104    -0.381133    -0.129176    -0.434677    -0.155787     0.679834    -0.144471    -0.690316     0.104055    -0.905034     0.125498     0.135665     -0.21543    -0.252369     -1.45545    0.0977894      1.37965     0.109006      1.15648    -0.395805    -0.221868    -0.247091    -0.500799     0.333992
  -0.0331625    -0.327797    -0.255077   -0.0930958     0.222827     0.203833     0.682207    -0.221552    -0.371814    0.0295949     0.941873     0.702791   -0.0499339   -0.0548107     0.202641    -0.281964    -0.142583     0.557504    0.0610414     0.245472    -0.345198     0.221199      -0.2149     0.185757     0.579984     -0.16307     0.138594    -0.271471     0.292333   -0.0667454     0.226328   -0.0549324
   0.0842754     0.504732    -0.726277   -0.0781904    -0.326087     0.208368    -0.155825   -0.0815556   -0.0931417      0.64324    0.0300323   -0.0201716    -0.336011     0.234825    -0.330306    0.0468337    -0.556593     0.220501    -0.264742     0.158506    -0.601972    -0.346186     0.286124    -0.277455     0.621389    -0.175181   -0.0715678    -0.778633    0.0983403    -0.844107    -0.215164     -0.61254
    0.262218     0.108532    -0.732991      0.26137    -0.149831     0.799926   -0.0764932     0.288505     0.094045     0.539556     0.978723   -0.0989144     -0.33938    0.0717155    -0.333884   -0.0998982     0.132938    -0.308172   -0.0786081    -0.546962     -0.19303    0.0292319    0.0313383     0.149601     0.012424     0.145252    -0.162824     0.102785    0.0975505     0.278469     0.627901    -0.137033
    0.268452     0.758583    -0.231297    -0.323824    -0.496747     -0.56045    -0.252718     0.504089     0.627939     0.156781     0.226152     -1.26591     0.515012     0.131126    -0.517664    0.0552618     0.535148    -0.341494     0.396417   -0.0903973      0.22388     -0.68741    -0.836948     0.224774   -0.0690089   -0.0999528     -0.44033    -0.504584     -0.39449    -0.286286    0.0597889     0.486949
   -0.218818    -0.527344     0.633065    -0.290941    -0.489934    -0.662885    -0.405789     0.373504     0.341614    -0.331958    -0.960007    -0.254983     0.845718    -0.423269     0.202712     0.454785    -0.356151     0.528612    -0.729319    -0.019739     0.969262     0.493487    -0.654215     -0.54954     -1.50569    -0.168678    -0.229874    -0.173999    -0.844181      0.54958     0.586864     0.178022
    0.028136    0.0735558   -0.0297443     0.482686     0.100025     0.590386    -0.174339     0.201294    0.0605047    -0.624754     0.444581    -0.576111     0.346458    -0.106788    0.0295558   -0.0565126     0.263062    -0.926693     0.729615     0.116192   -0.0850251   -0.0552967     0.931284    0.0828792     0.731023    -0.392416    -0.567267     0.565707     0.503536   -0.0232343     0.132006     0.688185
    0.304375 -0.000226721   -0.0123954     0.655958      1.04396     0.394799     0.266241     0.297512    0.0911171   -0.0118216    -0.110327    -0.380874     0.261122     0.624062     0.334185     0.065585     0.149596    -0.531592   -0.0875685      -0.5112     0.596247    -0.295578    -0.287406    -0.226674     0.599856     0.534939   -0.0942493     0.354084    -0.031045    -0.159722    -0.175896     0.603601
   -0.216143    -0.300458    -0.103108    0.0249362        0.118   -0.0232027     0.263514   -0.0820269    -0.654114    -0.990479    -0.299555   -0.0977939     0.294898     0.285955     0.342743     0.182273    -0.443357   -0.0717523     0.304553     -1.13262    -0.254736    -0.236302      -0.7741     0.470037     -0.54392     0.139862     0.894048    0.0183821    0.0098661     0.567561     0.319811    -0.209204
   -0.167452     0.193683   -0.0608445    0.0166531      0.16102    -0.370592     0.578108    -0.579637     0.259551     0.220528     0.513911    -0.816518     0.163763   -0.0832395   -0.0848456     0.686802    -0.153749     0.245467     0.887157     0.255828     -0.28543     -1.31023     0.672625    -0.171619     0.922158    -0.553916     0.372869     0.224354     -0.19443    -0.121046    -0.135105     0.470128
   -0.141671      0.31529     0.134809     0.109222    -0.211654    -0.302237    0.0166896     0.304619     0.460116    0.0156292    -0.461294    -0.113378     0.687019    -0.228433   -0.0896048      0.73589      -0.2717      0.11493     -0.12418    -0.420062     0.733026     0.400631    -0.383886   -0.0510047     -1.82017    0.0573145     -0.51127    -0.702579    -0.151022    0.0204789     0.452631    -0.263126
   -0.473606     0.552498    -0.403286    -0.322314    -0.238664     0.328519   -0.0474204     0.137542     0.444895     0.534209    0.0733653    -0.569905     0.164034    -0.140133    -0.521161   -0.0859694    0.0508657     0.398394     0.270489      0.79612    -0.463757     0.375471     0.471397    -0.366103     0.436078    -0.145923    -0.258044    -0.122552   -0.0690637     0.049495     0.150186     0.106055
   -0.285181    -0.157977     0.713755   -0.0520615      0.62751      1.27141     0.120644    -0.177452      0.41943     0.897334     0.352161       0.5142     -1.05771     0.241165    -0.790603    -0.395224    -0.432112     0.978054    -0.204638     0.314448     -1.57681     0.548125      1.15293   -0.0324703       1.3544    -0.109543    0.0324281     0.514982    -0.145026     -1.31041    -0.744295     0.429942
   -0.494437    -0.242329     0.313241     0.165785     -0.16364   -0.0988935    -0.100137   -0.0814543   -0.0319304   -0.0408992      0.26432   -0.0461999   -0.0858934    0.0115541     0.317405    -0.531036    0.0475551    -0.126188    -0.266709     0.339543    -0.419148     0.937591    -0.246349    -0.259665      0.48659     -0.81859    -0.135507    -0.679569    -0.739845   -0.0236764    -0.262374    -0.785542
     1.13057    -0.790692    0.0381163     0.417226     0.797515   -0.0272209     0.823262    -0.750589    -0.505974    -0.915397     0.451631      1.03184    -0.063436     0.171814     0.626329      0.16288     0.526833     0.654008     0.400666    0.0154648     0.134455    -0.270379    -0.165275    -0.512522    -0.996338  -0.00622393    -0.255938     0.284621     0.393945     0.508362      0.17643     0.238793
    0.344434     0.155867      0.42839    -0.145613    -0.277805      0.29976    -0.427088     0.431786    -0.257575     0.181394     0.193041      -0.1115    -0.344364     0.300201    -0.393259     0.344392     0.462988    0.0665389    -0.225864     0.242818    -0.885294     0.218501     0.606771    -0.153834     0.306287   -0.0562733    -0.194976     0.764016     0.097264   0.00163008     0.163854   -0.0142228
    0.140237      0.33577     0.149389    -0.102265      0.58394     0.167648     0.246114     -0.33976    -0.489254     0.508344     0.840977   -0.0270997    -0.138174     0.606272     0.216633    -0.791967     0.363371     0.192111     0.148545    0.0467705    -0.627556    -0.139669     0.449918      -0.2938     0.481994    -0.429705     0.371515     0.658871    0.0284721    -0.615758     0.166819     -0.20144
   -0.493017    0.0554362     0.768731   -0.0157339    -0.205164    0.0959564     -0.39089     0.187714     0.273864     0.313684    -0.619972  0.000253762     0.675024   -0.0984638    -0.460975     0.953042    -0.282669    -0.379258    -0.300201    0.0405057      1.44914     0.617329    -0.860862   -0.0867193     -1.01704     0.148511   -0.0574388     -1.29474    0.0595403    -0.104725    0.0982145    -0.115747
  -0.0386521     0.763026    -0.393031   0.00819413     0.355481    -0.648254     0.204297      0.35807     0.345986     0.878596     0.201481    0.0608262    -0.672006      1.27227     -0.37392    -0.752524   -0.0494796    -0.021894     0.478869    -0.509768      -1.3483    -0.529392   -0.0460788     0.326897        1.707    -0.165722   -0.0532739     0.149745    -0.613823    -0.234406    -0.139832     -0.38853
    0.170315    -0.539662     0.108517     0.978603    -0.330206     -0.68574   0.00352865      0.19361    -0.843613    -0.843477     -1.32072   -0.0704622       0.8506     -0.48708     0.707629    0.0925284   -0.0938182    -0.714451    -0.302282    -0.560112      1.48357   0.00760343      -1.5497     0.043715     -1.07419     0.300602   -0.0347175     -1.01706    -0.298939     0.691562     0.296683     0.143828
    0.382708    -0.256154   -0.0483684    -0.156727     0.590558      0.51379     0.273055    -0.421253    -0.689124     0.449098      1.51727     0.119147     -1.25708     0.255383    0.0698562    -0.892186     0.730852   -0.0874735     0.361216     0.126695     -1.51176   0.00355569   -0.0475815     0.104571      1.64103     0.390764     0.479737     0.851393     0.609959    -0.231962    -0.459637     0.174598
    -0.25781     0.887715     0.238833     -1.15003    0.0389433    -0.199225    -0.263032     0.424437      1.05824      2.10721     0.198871    -0.747609    -0.311361      0.44463    -0.736756    -0.210776     0.809576    -0.459406     0.841938    0.0668953    -0.612154    -0.652671    -0.275909    -0.140552      0.86964     -0.25083     0.160011     0.656167    -0.332553    -0.849665    -0.641707     0.271128
    0.439527    -0.109787    -0.115141     0.102282     0.332944      -0.1013     0.606001    -0.113519    -0.564293    -0.471714    -0.065876     0.243306     0.265702    0.0254388     0.520757    -0.198109    -0.269013     0.255519     0.618839    0.0561368    0.0189017    -0.296774     -0.79764     -0.21791    -0.233141     0.194891     0.114042      0.47026   -0.0633222     0.875409     0.477743    -0.124246
  -0.0256589    -0.172668   0.00378571    0.0509009    0.0408867    -0.335223     0.348476    -0.189492    -0.324783    0.0630657   -0.0719348    0.0618639   -0.0820862    -0.204848    -0.195878    -0.404035    -0.114522     0.227468     0.334365     0.106847     0.292636    -0.253713    -0.248415     0.358293     -0.35229     0.233731     0.267078     0.111114     0.323997     0.452338     -0.01494    0.0468155
   -0.208278    0.0724104    -0.498378    -0.481161     0.137908      1.01568     0.816659     0.398674     0.475453      0.27674     0.232559    0.0308372    0.0105039     0.413583    -0.611421      -1.2914    -0.252786     0.369278    -0.489836    -0.768449    -0.668917     0.176959    -0.234778     0.365865    -0.328037    -0.108066     0.173912    -0.675287    -0.291175     0.238954     0.563376     -1.22993
   -0.618639     0.163093    0.0485963     0.215625      0.48636     0.385441     0.702135    -0.245607      0.02884  -0.00720183     0.305755      1.10596    -0.518005   -0.0527066    0.0524418   -0.0920023     0.295797     0.819831     0.581546     0.951401    -0.537801     0.117073     0.251949     0.192396     0.122319      0.11031     0.320603    0.0150081     0.603131     0.127484   -0.0705447    -0.253164
   -0.215111    -0.639767     0.596527     0.140095     0.272726    -0.529692     0.401567    -0.342571   -0.0730129    -0.689229     -1.00512     0.181094   -0.0879672    -0.299638     0.644147    -0.181511    -0.453081    -0.582606    -0.193851    -0.381421      1.12501    -0.189692    -0.661408    0.0877864    -0.666942   -0.0936914     0.435289      0.23741    0.0611917    0.0953095    -0.113387   -0.0626006
   -0.359272    0.0611184     -0.67953    -0.280315    -0.191632    -0.438963    -0.509245    0.0668127   -0.0165622     0.540923     0.669112    -0.521505    -0.135405     0.104647    -0.213148    -0.235577     0.217303    -0.637966    0.0646144   -0.0346598    -0.303145     0.505225    0.0129705     0.174953     0.575625     0.036699     0.351785   -0.0755327     -0.10851   -0.0100678    -0.546416     0.589761
   -0.868077    0.0584551    -0.182849     -0.78309     0.352446      1.05132     0.485053     0.590538     0.127884      0.58502     0.527814   -0.0181951    -0.434487     0.213679   -0.0775935    -0.748016    -0.236099   -0.0394665    -0.803174   -0.0453063    -0.887314     0.308801    -0.146329    -0.010409     0.419723    -0.104512   -0.0399912     0.122689    0.0670002    -0.286784    -0.126844    -0.957425
   -0.170681    -0.215898     0.133967 -0.000122854     0.161927     -0.38777     -0.35921    0.0958481     0.312418    -0.620614    -0.353966     0.623914     0.666676     -0.17971    0.0987644    -0.281508    -0.101266     0.758043    0.0651061     0.228895     0.314928     0.354677    -0.146514   -0.0089007    -0.621785    -0.247889    -0.756391    -0.267491     0.163482     0.736506    -0.268039    -0.295124
    0.277546     0.168149    -0.159569    -0.276933     0.511607     0.330498   -0.0625833    -0.372082  -0.00266538    -0.298864    -0.415323   -0.0701908     0.235616    0.0515566   -0.0783796    -0.751781     0.931958     0.500324     0.151645    -0.585539     0.114539    -0.498834    -0.437274    -0.454005    -0.325588     0.207041     0.403266     0.270065    0.0154571     0.039361   0.00312009    -0.142946
   -0.577202     0.998384    -0.060181     0.458341    -0.101392    -0.703894     -1.13679    0.0434485    0.0183943     0.809106    -0.406507     0.525957   -0.0206127     0.287948   -0.0258423      1.05828    -0.091046   -0.0152421     0.458506    -0.011182    0.0617881     0.288317     -1.11144     0.205503      0.45248     0.129943     0.122699     -0.49885     0.845694     -1.35994     -1.14982    -0.151553
     0.13437     0.030151    -0.246479   -0.0909191    -0.127254     0.406921   -0.0551051     0.271868     0.435359   -0.0239228    -0.326487    -0.446068     0.645139    -0.090198    -0.331606     0.374205     0.790234     0.406744      0.16567      1.11095      0.61068     0.330535     0.756616    -0.103645    -0.211401    -0.515161    -0.292278    -0.329252    -0.263294   -0.0178683     0.157427     0.747446
  0.00424081     0.154545    -0.228634     0.677068    -0.148456    -0.628865    0.0932208    -0.210095    -0.280347   -0.0282287     0.468525   -0.0145129     0.508268      -0.1307    -0.210137    0.0631047    0.0014291     0.275793   -0.0715338    -0.871432    -0.078303      -1.1091    -0.628236      0.54851     0.412964     0.215892     0.450823    -0.635072    0.0132203    -0.380148    -0.165781      0.62925
    0.387657   -0.0352723     0.197098     0.262539     0.495937     0.464928    0.0972151    -0.512018    -0.127475   0.00987889    -0.262227     0.235834   -0.0665205    -0.218623   -0.0453075    -0.825211     0.104505    -0.108652     -0.25606     0.052619    0.0570138     0.194481    -0.253557    -0.155314    -0.758945     0.300862    0.0495234     0.348994  -0.00588635   -0.0804977   -0.0104598      1.00663
    0.176818     0.139291    -0.271852    -0.611069    -0.346937     0.148494    -0.286299     0.030624     0.200555    0.0187181     0.107556    0.0806827     0.299187    0.0193478    -0.454594   -0.0974129     -0.10593     0.393438     0.162059   -0.0522995   -0.0982196    0.0128309      0.23611    -0.207049     0.229978    -0.328156    0.0245958     0.261009     -0.31302     0.335874     0.362998    -0.110121
   -0.583283     0.209251    -0.582716     0.200082     0.405107       1.0346    -0.232065   -0.0408112    0.0377838     0.480658     0.335529  0.000790013    -0.951248     0.837955     0.106002     0.116485    -0.464716    -0.238829    -0.146666     0.492822     -1.93441    -0.516127     0.158711     0.393083      2.75691    -0.126091     0.884064     0.913394     0.465485     -1.21299    -0.360455       0.8119
    0.398701     0.712779    -0.783438    -0.234929    -0.558705    -0.384249     0.601374     0.341684      0.33088     0.167133    -0.177816    -0.104475    -0.325169     0.704776    -0.221459    -0.764764     0.347375    -0.427115      1.11365    -0.240851    -0.853791    -0.526772    -0.853747     0.355419      1.85051    -0.147754    -0.453133     0.350692     0.174875    -0.351694   -0.0374436   0.00179977
   -0.035371   -0.0872412    -0.125577    -0.327063     0.165032     0.432403    -0.288701    -0.196358     0.256019    -0.582746    -0.438471    -0.358998     0.013158     0.221117     0.138566    -0.409935    0.0100952    0.0780132    -0.232213     0.433971    -0.309097    -0.263598   -0.0892772     0.166424     0.296938    -0.410506     0.598394     -0.17868     -0.51681     0.354692     0.761188    -0.351812
   -0.552093     0.143814    -0.232276    -0.274636    -0.300232     0.292871    -0.631689     0.424407     0.411563   -0.0632362     0.236757    -0.625853      0.14779    0.0664941    -0.218794    -0.238909     0.684893     -0.32385     0.426732    0.0349017    -0.604609     0.587665    -0.645253     0.358422      1.18054   0.00682666   -0.0965896    -0.168057   0.00423812    -0.366097     -0.23463     -0.19927
    0.408603      0.29952    -0.476776     0.342626      0.47548    0.0106896    -0.378592    -0.222026     0.211944     0.813017    -0.460453     -0.49794    0.0120497    -0.189503    -0.319942    0.0826607     0.483797     0.252553     0.256423    -0.466157     0.569491    -0.713124     0.212339    -0.285492    -0.141983     0.122552   -0.0330388      0.26637     -0.93337   0.00457868     0.750454     0.354643
  -0.0286595     0.120084      0.31011     0.208818     0.165436     0.210344     0.283075     0.355425     0.449459     0.525068     0.303127   -0.0982282   -0.0467786    0.0191676     0.202038     0.319317     0.505624    -0.212215     0.210997    -0.967284    -0.310013     -0.36578     0.261902    -0.673861    -0.397356    -0.214748    -0.553989     0.695346     -0.17998    -0.130174     0.239994    -0.277635
   -0.103765    -0.267369     0.721736     0.336189    -0.162782     0.708336    -0.202381     0.184634    -0.375787    -0.576007    -0.600152     0.228589     0.269922    -0.155698     0.337271     0.418262    -0.477443     0.621607    -0.344241     0.337763      1.51797    -0.388165     0.248754    -0.835959     -1.12018     0.563004   -0.0842199    -0.100286    -0.160158     0.593313     0.344586     0.299819
    -0.13475    -0.417507    0.0156491     0.036711   -0.0131093     0.555472      0.55912    -0.113329   0.00125695     -0.38764    -0.528709    0.0873122   -0.0416931    -0.400775    -0.356979    -0.316043    -0.883968     -0.79484      0.44906    -0.542555      1.08441   8.9833e-05   -0.0421296   -0.0249506     -1.16962     0.287751   -0.0210881     0.206474   -0.0138493     0.517492     0.463415     0.289268
   -0.535119     0.193164     0.255203     0.283505     0.412156   -0.0823009     0.280914     0.197661     0.213537     0.823763    0.0107756    0.0381491     0.244443    0.0594761    -0.144113     0.458122    -0.618118     0.233874  0.000641592     0.706799     0.275867    -0.163252     0.807645    -0.310046    -0.734494     0.132778    -0.032767     0.284437     0.595347    -0.626857    0.0784884     0.602105
    0.164151   -0.0101628    -0.273726     0.363753    -0.256694      0.21663      0.21624   -0.0427741      0.20597     0.202896     0.723725   -0.0582617    -0.418191     0.461483 -0.000978667    -0.296677    -0.284587     -0.35228     0.104971   -0.0543723     -1.14905      0.15159    -0.140914       0.2709      1.19513    0.0488135     0.107249     0.261229   -0.0125773    -0.884021    -0.483702     0.373785
   -0.976511     0.778491    -0.390397     0.415813     -1.28162     -1.25318     -0.59277     0.501753    -0.528609   -0.0548671    0.0879986     -1.23665     0.372875     0.481396     0.481467     0.392186     0.774922     0.055589     0.504797     0.373367    -0.558961    -0.149362      0.27279     0.758968     0.558814     -1.18361      1.10552    0.0864405    -0.554805     0.130956     0.371446    -0.171983
  -0.0657901    -0.465028     0.119645    0.0632134    -0.171612     0.437812   -0.0874083     0.233871    -0.205302     0.340054     -0.13263     0.439742    0.0529998     0.211232   0.00082312     0.603779    -0.197474      0.26892    -0.572916    -0.323493     0.143398    -0.413394      1.30515     0.596525   -0.0230693    -0.434211   -0.0930859     0.380269    -0.242536     0.275898     0.202779     0.804839
     1.07709    -0.667276    -0.349324     0.348892     0.340047   -0.0167236     0.171519    -0.588164    -0.498994    -0.586892     0.206882     0.162294     -0.11436   -0.0172069     0.338452    -0.393678     0.324671     0.301837    0.0111045   -0.0354334    -0.379975     -1.06107    -0.765775     0.518832     0.522134    0.0711827    -0.310946     0.196839      1.09542     0.131184   0.00499774     0.088511
   -0.634861     0.092483    -0.289149    -0.110757    -0.044873     0.388492     0.157415     0.356067     0.291782     0.286059    -0.230149    -0.089729    -0.191662     0.543322    -0.110284     0.471635     0.289647      -0.4511     0.399748     0.538816   0.00308602    -0.100949     0.937692     0.313182      0.20059    -0.238436     0.578009     0.127363     0.468691    -0.618235    -0.793425    -0.491628
   -0.597666    -0.371834   -0.0166499    -0.110986    -0.682568     0.336808    -0.128062      0.47904     0.545365    -0.187127    -0.495696    -0.266462     0.179222    -0.160347    -0.325277   -0.0138305    -0.652891    -0.228378    -0.136261   -0.0508032     0.229862    -0.185442    0.0846876    -0.787142    -0.380994     0.192521     0.979184     0.124246    -0.362922    -0.478766     0.237659     0.429155
   -0.156547     0.117282     0.304519     0.310967    -0.125453     0.655448    -0.805978    0.0292367     0.388402    -0.306075   -0.0500579    -0.628018     0.312339    -0.253337    -0.382537    -0.212077     0.173209    -0.539582    -0.160637    -0.385923    -0.253657     0.337749     0.741639    -0.337768     0.289274    -0.482714     0.249436     0.068299     0.236382    -0.387103     0.203069     0.929734
   -0.783397      0.94401   -0.0731858    -0.813642     -0.49565     0.469906    0.0224687      1.18601     0.525381     0.726133     0.472828     -1.09162    0.0884083     0.158596   -0.0852302    -0.592395     0.501454     0.397466      0.29611     0.365763    -0.370684    0.0817544   -0.0609541    -0.517467     0.518228     -1.03636     0.614542     -0.04452     -1.57806    -0.795535    -0.546775     -0.49577
    0.346992   -0.0364061     0.519888     0.016116    0.0899799   -0.0613369     0.230296    -0.351919   -0.0988549    -0.308875   -0.0242312    0.0875453     0.141324   -0.0178088     0.215702   -0.0164078     0.314295    0.0254012       0.1359    0.0822803     0.591475   -0.0859491    -0.182351     0.262993    -0.410066     0.164479    -0.364571    -0.293027     0.397748      0.44823   -0.0950713    -0.502125
  -0.0241613     -0.13801     0.426892     0.505309    -0.275422    -0.664907     0.604764   -0.0267419    -0.395388  -0.00563414    -0.363128   -0.0459505     0.510056   -0.0807847     0.411051    0.0303201     0.245025    -0.179908    -0.329702     -0.26757    -0.122245    -0.434758   -0.0630725      0.85244    0.0716759     0.109885    -0.208333    -0.323475     0.412259     0.491433     0.385206     0.124563
    0.182848      -0.5834     0.508605     0.153148    0.0608229    -0.294192    -0.229602     0.437585     0.295324    -0.800905    -0.196427    -0.167866     0.705366     -1.25424    -0.176781     0.378389    -0.334676     0.307009     -1.03136     -1.41719      2.25905     0.440939     0.182983    -0.445665     -2.82376     0.299706    -0.836406      -1.3023    -0.859595     0.849002     0.780436    -0.415893
    0.309339     0.234905   -0.0823028   -0.0901661     0.287042    -0.155231    0.0904258    -0.212494     0.297172     0.248565     0.202425     0.162567    -0.116689    0.0228387     0.215449    -0.475646    0.0193462   0.00901417    -0.333361     -0.17842    -0.477229   -0.0771978     0.197031    -0.205346    -0.344911   -0.0615353      0.30479     0.141175    0.0768728     0.308566     0.179514     0.106011
   -0.280902   -0.0183192     0.441622     0.212607     0.076798    -0.249521    0.0579335    -0.208068    -0.324589     0.210698    -0.334533    -0.485744     0.369234    -0.646129     0.228781     0.765414    -0.404737      0.19744    -0.213473    -0.131094        1.771    -0.106046     0.309054    0.0276827     -1.60587     0.137496    -0.596607    -0.263942     0.301712   0.00247548    0.0121566     0.548862
   -0.185733     0.199147     0.154725    -0.516847  -0.00702486    -0.136164     0.112178  -0.00139329     0.293058     0.138895    -0.130527   -0.0524248    -0.397766    0.0580276   -0.0386652     -0.38232     0.564458    -0.379612    -0.195004     0.133479     -0.14368    -0.271647      1.01719     0.189108    -0.250962    -0.454135     0.275043     0.134251      -0.3318   -0.0124442    0.0864772    -0.434779
  -0.0818097    -0.372579     0.847498      0.27091     0.570963     0.484015     0.373282    -0.480604   -0.0738209    -0.255074    -0.553243     0.977566     0.600081    -0.460097     0.654299     0.451121    -0.586002     0.199978    -0.524047    -0.564837      1.09626    -0.238183   -0.0311316    -0.434294     -1.67779     0.279613    -0.645111    -0.245107     0.384677     0.681559     0.304269    -0.321262
   -0.514991     0.196366     0.110439    -0.271362    0.0770829    -0.125345    0.0426166    -0.110363   -0.0295876   -0.0182614   -0.0865254     -0.15815    0.0911112     0.037335    -0.142357     0.137502     -0.06465   -0.0929255    -0.104747     0.406564    0.0184725    -0.309968    0.0677201    -0.119013     0.222782    -0.410503     0.346612     0.111689    -0.129948    0.0581558   0.00831831    -0.410059
    0.202472     0.126322    -0.307216    -0.360066    -0.130619     0.135102    0.0458926     0.147727    -0.470882     0.212061     0.344837   -0.0983691    -0.210221     0.105045    -0.221163    -0.481464     0.446029    -0.447409     0.488532     -0.49414     -1.20532    -0.429949    0.0930063     0.294418     0.438304    0.0583044     0.326092     0.604068    -0.168717     0.587709      0.52441    -0.455613
   0.0685065     0.477565    -0.219288    -0.190905    -0.619901    -0.721035     0.425725     0.357149     0.431681     0.775505     0.125562    0.0801809    0.0820993    0.0902703    0.0154408     -0.84755    -0.294524    -0.820323     0.351407     -0.34289    -0.834288     0.330691    -0.157375     0.499089      1.56069    0.0433198    -0.178126    -0.494504    -0.608562    -0.791522     0.394307     -1.13632
   -0.504594    -0.700293     0.337668     -0.44041     0.354933     0.820288     0.100902    0.0645768    0.0134143    -0.244695    -0.520594     0.595862    -0.413287    -0.024678    -0.144443     0.558241    -0.286352     0.315773    -0.464541     0.755726     0.656491    0.0564648      1.06343     -0.12165    -0.409053    0.0384533    -0.402438     0.159422     0.123404     0.125055      0.10891    0.0570004
    0.252485    -0.301102     -0.14108     0.223899    0.0530704     -0.17551     0.288709     0.159552    -0.349688    -0.372696   -0.0810043    -0.570801     0.357116    -0.213891    -0.164857      0.47406    -0.130997     -0.29047     0.759855     0.112137     0.558961   -0.0171826    -0.427083    -0.348779    -0.945116    -0.538141     0.456928    -0.318932    -0.137259     0.292325    -0.102223     0.707464
   -0.283198      0.29972     0.251187     0.292985    -0.247667   -0.0118939   -0.0798326    -0.267095     -0.50306     0.123181    -0.410597    -0.037323     0.152664    0.0933782    0.0718897    -0.254411     0.136848    -0.288391    -0.619313    0.0878576     0.244967    0.0907631       0.4534    -0.193454  -0.00284292     0.106073     0.533932     0.102992     0.167932    -0.147442    -0.139034     0.807652
    0.386223    -0.474193     0.533259     0.248934    -0.260143    0.0808498     0.466483    -0.133077    -0.493313    -0.523159    -0.941715    -0.166192     0.505786    -0.539804     0.143186   -0.0991553    -0.731184    -0.364535    -0.557571   -0.0394912      1.93658     -0.25523     0.199114    -0.434356      -2.0314    0.0948739     -1.13485    -0.429349     0.048568     0.587704     0.675372     0.134712
    0.216051    -0.648978   -0.0797787     0.405837     -0.27001      0.64618    0.0502308    -0.735988    -0.228318     0.168691     0.426841     0.491627     -0.66992     0.191143     0.310451    -0.570701   -0.0161708    -0.245125    0.0129082    -0.774626     -0.29712      0.55506    -0.147661     0.317124     0.472075     0.763946    -0.737538     -0.16323     0.527679     0.013361    -0.299625    -0.209724
  -0.0603848   -0.0466081     0.186096   -0.0631849     0.244546    -0.210386     0.199203    0.0476334   -0.0751651   -0.0473335    -0.254508   -0.0449732   0.00718646   -0.0704654   -0.0489811    -0.100106     0.038236     0.245846    -0.290424     0.443163     0.496624    -0.398912  -0.00406107    -0.082711    0.0735737    -0.149487     0.310716   -0.0297462    -0.150796     -0.41268    -0.247221   -0.0167148
   -0.178408     0.298695   -0.0384384     0.235838    -0.479167   -0.0490697    -0.453504     0.105767     0.109597   -0.0368216    -0.336832    -0.428024   -0.0653769     0.512785    -0.206136    -0.380267     0.301733     -0.88929    -0.834543     0.483231     0.424743     0.290819     0.423721     0.267974     0.603176   -0.0136963    -0.179086    -0.632047      0.11347      0.03678     -0.30356    0.0447245
  -0.0706385   -0.0580355   -0.0185592     0.516517     0.336712     0.270647     0.504654     0.280021     0.371229     0.274988     -1.05289     -1.02597     0.652574     0.259016     0.449947     0.111858    -0.598245     -1.05047    -0.122787    -0.117917      1.77475    -0.960045      -0.4569    -0.160535     -1.26446     -0.28784    -0.212365    -0.285048    -0.398587    -0.427428     0.116392    0.0258368
  -0.0247125      1.06704    -0.880606   -0.0733882     0.371647     0.492541     0.354305     0.670067     0.497941      1.45879     0.953648    0.0403257    -0.246103      1.28933     -0.16203    -0.878589     0.422424    -0.482597     0.472412     0.455267     -2.05574     0.189951    -0.157277    0.0203048      2.51811    -0.612221     0.135015     0.248305    -0.736372     -1.00067     -0.33738    -0.193118
  0.00938122    -0.217601     0.236603     0.119301    -0.239961     0.285727    -0.159553    0.0352726   -0.0707911   -0.0320073    -0.242849    -0.234052     0.153623    -0.174904     -0.45778     0.804289    -0.248807    -0.127806    -0.311861     0.215804     0.265201     0.618547     0.244014      0.23769    -0.502452   -0.0535695    -0.297066    0.0770264     0.144717   -0.0363692    -0.137338     0.229689
    -0.30187     0.137216    -0.296027    -0.107065    -0.889249    -0.188015   -0.0827383     0.100836     0.251897     -1.12052   -0.0830488    -0.800169    -0.672911     0.689249    0.0634345     0.129758    -0.141904     -1.40913     0.491438    -0.657321   -0.0953665    -0.209125    -0.739195      1.04679     0.748152    -0.280909     0.305935    -0.947929     0.540284     0.029921    0.0447719    -0.801657
   0.0405761    -0.706847     0.452884     0.808641     0.197701      0.12981   -0.0704966     0.248086    0.0824423    -0.127676     -1.12432    -0.147335     0.860068    -0.496313    -0.338434     0.556993    -0.422376    -0.515818   -0.0494563     0.103059      1.66615    0.0446233    -0.179345    -0.208502      -1.6714    0.0346956    -0.400106    -0.693746     0.328392      1.00313      0.52565    0.0368838
   -0.327372     0.102706    -0.128998     0.332458    -0.677339    -0.269877     -0.18924   -0.0570438    -0.119941    -0.207343    -0.578984    -0.441777     0.694023     0.025814    -0.126292    -0.279808    -0.489938    -0.169898    -0.442495    -0.963838   -0.0632875    -0.466884    -0.959383     0.123495   -0.0726398     0.573794    -0.346592    -0.162819    0.0575672     0.385282   0.00332065     0.426529
    0.391295     0.118934     0.278051    -0.628866    -0.286911    -0.560855    -0.154357    -0.112696    -0.706677    -0.619953      0.42727    -0.239047       0.1732     0.203768     0.018765     -0.38462     0.561073     0.263673     0.618326     0.165864    -0.782524    -0.419404    -0.313257     0.142392     0.667943   -0.0779539     0.154495     0.509842     0.047011     0.356867    0.0891686   -0.0999905
   -0.161759    -0.401423   -0.0638356    -0.296681     0.418692     0.228404   -0.0761877     0.394474     0.356075    0.0392593    -0.596318    -0.115151    -0.385139     0.301361     -0.56795     -0.17739    -0.406308     0.338854    -0.912218    -0.128631     0.506159    -0.208394    -0.639825    -0.259016     0.032424    -0.119389     0.161709    -0.451506    -0.146097    -0.371023    0.0829198     0.175137
   -0.307524    -0.540606   -0.0242846     0.322596     -0.47116     0.502915     0.208148    -0.125816    -0.191719    -0.321998     0.383233    -0.138393    -0.444924     0.176221     0.125132    -0.672186     0.157706    -0.367071   -0.0508789     -1.01274    -0.170858     0.076289     0.586665     0.161003      0.15037     0.154106   -0.0124454     0.539826   -0.0100341    -0.253667     0.178928    -0.204902
   -0.632375    -0.551445     0.442261     0.147898   -0.0696159     0.132974   -0.0741256     0.278871     0.729133    -0.252021    0.0620602    -0.092909    -0.457621    -0.360638   -0.0709628    0.0797427    -0.196196     0.132456     0.096482     0.324872       1.1134     0.459974   -0.0849211    -0.501157    -0.994505     0.276193    -0.193733    -0.865223    -0.485869    -0.146296    -0.550324    -0.293424
   -0.390998    -0.504286     0.540216     0.962911     0.124147     0.618304    0.0697505    0.0629868    -0.274637     0.196129    -0.741175    -0.786541    -0.164339    -0.244643      0.35039    0.0283395     0.316248    -0.265779     -1.61778    -0.554244      1.19889     -0.56456     0.595644    -0.566437     -1.55874      0.15934    -0.771054    -0.422278    -0.421701     0.535341     0.799177     0.539519
   -0.095276     -0.36189   -0.0772678     0.199268     0.253293   0.00163508     0.349111   -0.0737847     0.326747    -0.763972    -0.336307   -0.0652403     0.352664    0.0458661     0.304917    -0.590604     0.670984   -0.0519704     -0.20148    0.0582395     0.307733    -0.449826    0.0474898   -0.0118108      -1.0338      0.33009   -0.0621167     0.015673     0.249232     0.452674     0.313189   -0.0662192
    0.474633      0.28088     -1.03166    -0.830964    -0.104485    -0.679538    -0.214776    -0.294414    -0.026486    -0.320623     0.211955    -0.233017    -0.291775     0.272876   -0.0565181     -1.08218      0.31192    -0.313281     0.364073    -0.487621     -0.89698    -0.173199     -1.04856     0.639621      1.35172      1.02467     0.865119     0.316328   -0.0305436     0.209692     0.524631     -1.06024
    0.240771    -0.214662     0.104922    0.0190292     0.206304    -0.274957     0.329929    -0.036893      0.05207   0.00701533      0.25303     0.213405   -0.0639039   -0.0344653    0.0688524  -0.00170781     0.509348   -0.0995969     0.172107   -0.0861515    -0.165372     -0.11279     -0.88619     0.126327    -0.103235     0.147237    -0.379085     0.499535    0.0417347    0.0944593     0.263704    -0.328393
   -0.492546     0.151137     0.380926    -0.327029    -0.385034    -0.237893    -0.364538     0.814747     0.359867     0.204095    -0.183369    -0.116966    -0.059338    -0.253389    -0.478438     0.270453    -0.349963   -0.0568345     0.476473     0.976144    -0.277664      1.05189     0.112483    -0.211106     0.396729    -0.249375      0.25824    -0.275869   -0.0396939    -0.708409    -0.461559      0.03228
   -0.389099    -0.349475    0.0295511     0.198533   -0.0802791   -0.0506034     0.359047    -0.352983    -0.312308     -0.02012    -0.065887    -0.281642     0.365833    -0.102797     0.676568     0.757208    -0.093518    -0.397826    -0.956249     0.836093      1.50645    -0.165456     0.216496     -0.30781    -0.709108     0.727717    -0.366566    -0.229459     0.312272     0.344826    -0.238211     0.706248
   -0.173661     0.691306    -0.281924     0.201193     -1.26525    -0.839138    -0.834073     0.527925   -0.0644584      0.48751     0.545063   -0.0986841    -0.292668     0.125447     -0.14164      0.62663    -0.214772     0.345246    -0.188519     0.229529     -1.68823     0.500211    -0.758878     0.609676      1.82102    -0.450016     0.155534     0.377649    -0.178453     -1.00635    -0.782602     0.353643
    0.148523    -0.110805    -0.159286     0.252765     0.804226     0.317256     0.123418      0.19763   -0.0368364   -0.0720099    -0.124328   -0.0333729     0.150876     0.162872     0.456493     0.210405    -0.374946   -0.0691235  -0.00258601     0.193286   -0.0692134   0.00761983     0.629124    -0.473374     -0.19075   -0.0827917     0.142787   -0.0764155     0.169467    0.0130782   -0.0493767      0.32201
    0.129962     0.324091      -1.0619     0.143091     0.837782     0.211899     0.381931    -0.241802    0.0319923    -0.666651     -0.35228    -0.281437    -0.399072     0.192836   0.00881576    -0.957016     0.637556     0.052693     0.198705    0.0460175     -0.90414    -0.140323   -0.0507595   -0.0558674     0.819274    -0.234865     0.775027   -0.0544199   0.00582707     0.925079    -0.393635     0.111167
    0.322587    0.0685773     0.299105     0.424142    -0.188597     0.115807    -0.295361     -0.27909    -0.314977    -0.431511    -0.429885    -0.175674     0.150256     0.143664     0.304949    -0.163263   -0.0240745    -0.318161    -0.587111      0.41058    -0.050184    -0.721153     0.782012    -0.333607     0.287385    -0.337339     0.514777     0.125075     0.252516    -0.297911    -0.373947     0.972339
     0.34968     0.207982    -0.258845    0.0274534  -0.00814047    -0.506738     0.298396     0.352788     0.462805     0.553412    -0.227786   -0.0706217      0.09475    0.0805736      -0.4878    -0.222787     0.205624     0.421739   -0.0653081    0.0395579     0.232476     0.402296    -0.178034    0.0529838     0.253329    -0.179758     0.169683    -0.374568   -0.0365944    -0.761014    -0.523109    -0.270225
   -0.625327     0.357346     0.166205     0.631273    -0.432338      0.26686    -0.571001     0.218099     0.773996     0.385257      0.17276    -0.303009   -0.0680497     0.218826    -0.554328    -0.177316    -0.674163     0.082947    -0.430338    -0.168113     0.618917     0.637611    0.0872218     0.179436    0.0462326    -0.107107     0.041462    -0.357156   -0.0983043    -0.473644    -0.127161     -0.34267
    0.419603   -0.0230075    -0.159915      0.40718   -0.0708578    -0.158996    -0.557072     0.253487    -0.452855    -0.321405    -0.461187     0.253987     0.696811     -0.41968   -0.0693263     0.693355    -0.123621     0.272638     0.234667     0.356377    -0.384679    0.0760399    -0.492661     0.127121     -0.12618    -0.207034      0.22472    -0.153306   -0.0638402     0.546593   -0.0337873     0.714632
   -0.371633     -0.31665     0.397401    0.0451445     0.536716    0.0105918     0.275024    -0.302028   -0.0762238    -0.280928    -0.918497     0.227491     0.753494    -0.057137     0.114337    0.0868226    -0.701501     0.139481    -0.303069    -0.256387     0.825966   -0.0168323     0.461211     -0.56563    -0.649485      0.03912    -0.334746    -0.242244     0.531021     0.505377     0.100258     0.421893
