   -0.213656   -0.0586885    -0.165342     0.100292     0.697084    -0.369481     0.709002    -0.313302     0.177012   -0.0325309    -0.240575    0.0809907    -0.375316   -0.0745595     0.116807      0.22186    -0.340685    -0.132035      0.14147    -0.141064   -0.0558541    -0.110335    -0.356145    -0.258191     0.438054    0.0541175    -0.665596    0.0698935    -0.645961     0.624117     0.124645    -0.354262
  -0.0901357    -0.192478   -0.0974549     0.161393    -0.410326     0.117739     0.154429    -0.373026     0.349506    -0.038633     0.107927     0.794683    -0.345464   -0.0774737    -0.195852    -0.496032    0.0115663     -0.29323    0.0683058     0.196165    -0.523769      0.21156     0.101747    -0.343575     0.475964    -0.600417     0.274816    0.0540612    -0.155527    0.0446467    0.0112113    -0.219338
    0.139232    -0.120986     0.405828     0.452668    -0.173339   -0.0238863      0.63173   -0.0765615    -0.312346    -0.226667     0.418907    -0.138545   -0.0112786     0.174328    -0.391822   -0.0503646    -0.502901      0.71677   -0.0600975    0.0301301     0.241526     0.278117     0.426739    -0.165191    -0.326829     0.128233    0.0348852    -0.196019    0.0511225   -0.0475301    -0.434248     0.115307
    0.142106    -0.118013   -0.0243931     0.106709     0.411484    -0.614703     0.148256    -0.020662    0.0322725    0.0252178     0.449887    -0.206578    -0.104063    -0.227438     0.455495     0.274029    -0.111028     0.444361    -0.417454    -0.127627     0.180273      0.20981     0.363384  -0.00401393    -0.278652    0.0867619     0.199134     0.259028    -0.374601     0.122748     0.157075   -0.0613976
   -0.193864    0.0340691    -0.115576     0.294689   -0.0102227    -0.138789  -0.00267077   -0.0933537    -0.246013     0.119137    0.0142979    -0.725732   -0.0412844    0.0445655      0.35783     0.422105     0.253784     0.286226     0.044901    -0.237808     -0.37564     0.284583      0.25517     0.446472    -0.183774     0.551322    -0.127138     0.469877    -0.114191    -0.115686     0.415894    -0.144295
   -0.324251    -0.354049    -0.299468    -0.224064    0.0121186     0.301933    -0.437825     0.240299     0.172624     0.499795    -0.363582     0.253452   -0.0423072     0.110818     0.411577    -0.188239    0.0429069   -0.0815413    -0.204618    -0.254301    0.0623933     0.353929    -0.190984     -0.28202     0.302694     0.662236    -0.572254    -0.222615      -0.1485   0.00548863      0.34263     0.354781
    0.388069     0.340121     0.393203   -0.0305296     0.547145    -0.199719     0.171009     0.304947    -0.560036      0.50458   -0.0129829    -0.231917    -0.308517     0.185307     0.126466   -0.0930355    -0.162311   -0.0400137   -0.0812864    -0.373615     0.368256   0.00916577     0.651491    -0.226366    -0.159613      0.38226   -0.0774206    -0.431212    0.0920349     0.488134    -0.337271    0.0995465
  -0.0477016    -0.342416     0.176226     0.230438       0.4358  -0.00728705    -0.399307    -0.143328     0.432058    0.0132821    -0.504706    -0.252937   -0.0719965     0.466479    -0.310986    -0.756544   0.00692724     0.202903     0.260138     0.273888    -0.326192    -0.395261     0.210857     0.146873    -0.228728   -0.0514136   -0.0454676     0.295374      0.35004     0.313255     0.114673    -0.648681
   -0.832769   0.00783867     0.645072     -0.14204     0.103144     0.222066    -0.069689    -0.387181     0.359732     0.380475    -0.581762   -0.0780328    -0.261148    0.0709656     0.453296    -0.567099    -0.637563     0.483975     0.253654     0.626425    -0.298864    -0.408209    -0.661994     0.143064     0.143842     0.231354     0.320925     0.186064    -0.136223     0.209439    -0.109372     -0.12094
    -0.23041    0.0374061     0.363487    -0.109473     -0.51747   -0.0740736     0.799439     0.175975     0.315391   -0.0931175   -0.0264782   -0.0816994   -0.0206844     0.026154    0.0449673     0.283878    -0.614369    0.0152713     0.477163    -0.112992    0.0494448    -0.655477     0.110027      0.45109     0.282337    -0.523827  -0.00630427     0.427998     0.399593      1.04074     0.287646    -0.428246
   -0.603779     0.136261    -0.442198     0.034742   -0.0974953   0.00853459     0.896836  -0.00978504     0.286944     0.023379     0.296965    -0.143309     0.191015    -0.146582     0.121699     0.312452       -0.202    0.0568797    -0.121673    0.0215982   0.00141346    -0.145777     0.120145    -0.137764    -0.289416      0.18087   -0.0460786      0.14696     0.207534     0.543854    -0.231069    -0.244934
    0.157595    -0.342608    -0.178253    -0.559359     0.245953   -0.0787986     0.353751   -0.0724287    0.0233753    0.0574477    0.0634262    -0.131381     0.203373    -0.302545    -0.418482      0.10978    -0.380518     0.576351    -0.697185    -0.109975     -0.13301    -0.294756    0.0637141     0.215683    -0.298639     0.340664     0.498157   -0.0210696    -0.235141     -0.34867     0.209283    -0.107973
   -0.413879     0.330031    -0.138515    -0.221624   -0.0869064     0.363943     0.168156  -0.00458723     0.119972    -0.654456    0.0145777     0.117059    0.0365033    -0.146032    0.0444761    -0.526976    -0.139287     0.157147     0.356204    0.0409336     0.456816    -0.232935   -0.0794624     0.370143    -0.198261     0.027259  -0.00983319      0.11503     0.584698   -0.0226818   -0.0343007     0.166373
   -0.204775    -0.158201    -0.192166     0.846414   -0.0668722     -0.46465     0.212625    -0.937616     0.149789    -0.119274     0.305416    -0.551825    -0.124053    -0.070875   0.00126919    -0.335722    -0.378079    -0.393675     0.648398     0.343958    -0.309853    -0.171789     0.096618     -0.33119    -0.377931    0.0656277    0.0202575     0.362917    0.0990118     0.632133     -0.31192    -0.347773
  -0.0103655    -0.756332       0.3198     0.214767    -0.175255     0.333771   -0.0393873   -0.0596429    -0.253956   0.00420395     0.621244    -0.290811     0.212633     0.544566    -0.642296    -0.544561     0.482406     0.173089     0.418272   -0.0664118      0.22159    -0.250226   -0.0079861    -0.058907    -0.127682    0.0582503     0.160917    -0.196978     0.441287     0.396278    -0.188532    -0.468006
   -0.562451    0.0952655     0.806859     0.621823    -0.712014     0.309655     0.289802     0.015321    -0.116516      -0.2779     0.407896     0.498342  -0.00832566  0.000570397    -0.518845     0.369592     0.363027    -0.025789    0.0810331     0.368433    0.0886189    -0.349086     0.303155      -0.2632     0.256006    -0.116509      0.51838    -0.254623     -0.22546     0.242365    0.0456114    0.0671277
    0.186784    -0.224481    0.0683228    -0.475387     0.512521    -0.125682    -0.448546     0.985615    -0.331697      0.44105    -0.401283     0.437868    -0.461119     0.348575    -0.304631     -0.25493    -0.874266    -0.413979     0.438251     0.395057    -0.557626    -0.430076     0.227414     0.202716    0.0624553     0.701269     -0.15085    -0.113765    -0.314306      0.12435    -0.308427    -0.243679
   -0.123656    -0.538015  -0.00805164   0.00585952    0.0438102    -0.363565    -0.194971   -0.0237162     0.205926     0.337753     0.158322    -0.756363     0.108384    0.0283226     0.152552    -0.112272     0.191954     0.262197    -0.292286     -0.33402   -0.0953799    -0.218545   -0.0583723     0.244497    -0.309225     0.267481     0.200546     0.257475     0.191056     0.340908     0.432838    -0.126422
    0.244388     0.128866    -0.249823    0.0967744     0.279566     0.102659    -0.140414    -0.171387    -0.100255   -0.0931969     0.169587    -0.197372    0.0265814    0.0831505   -0.0830273    0.0235438     0.310114     0.446757    -0.624335    -0.184554   -0.0356839   -0.0661097    0.0794329    0.0607266     0.270178    0.0923934     0.013405    -0.133639     0.283808     0.206449     0.242918    -0.327682
    0.211333    -0.520245     0.204636     0.724099     0.254017    -0.641441   -0.0428585    -0.113392    -0.122638    0.0334051    -0.279778     -0.13973    -0.362342     0.350592     0.237748    -0.152785    -0.058141    -0.133574     0.341441     -0.09109    -0.852898    -0.141248    -0.611942   -0.0892505     0.304686   -0.0118045    -0.146557    -0.097219     -0.35066    0.0133968    -0.306842    -0.288876
   -0.202676     0.453162   -0.0929697   -0.0736299   -0.0944239    -0.325338   0.00216498   -0.0863272    0.0404575   -0.0851673     0.394389     0.163031    -0.227512    -0.315431     0.102727     0.218493    -0.341448     0.351703     0.104063    -0.633393     0.157353    -0.131902    -0.255623    -0.448763   -0.0364379      0.11823   -0.0904563     0.456715       0.1879    -0.386509      -0.3169    0.0425244
   -0.689167    -0.173122    -0.131504     0.157728     0.110217    0.0150546    -0.814553     0.674222     0.331229     0.218111   -0.0714566    -0.264104     -0.14236     0.147317     0.189778    -0.447655     0.352393    0.0112094    -0.075274     0.417726    -0.750395     0.416763    -0.693329    -0.513748     0.169607     0.309096     0.109343    -0.206732     -1.01948    -0.823851     0.493151      -0.0115
    0.255384   -0.0575855     0.501064     0.385706    0.0153751    -0.822118    -0.130936      0.22932    -0.259675   -0.0204784     0.120894    -0.887781   -0.0392094     0.612922     0.641538     0.195254     -0.93593    -0.116268     0.736251    -0.522647     0.152956     0.113284    -0.140695    -0.118764     0.183551     0.614303     0.282159     0.339779    -0.294077     0.713644    0.0955684    0.0484937
   -0.640312    -0.166955     0.414993    -0.113888    -0.128538    0.0641315    0.0635557    0.0448471    -0.459046    -0.257977     0.328679     0.066829    0.0133458    -0.341571  -0.00637266   -0.0550906    0.0777556    -0.144037    -0.178432    0.0231021    0.0768841    -0.226496     0.179294     0.142616   -0.0791986     0.364998     0.233415    0.0718104     0.210709     0.345103    0.0156637    -0.456506
  -0.0207593    -0.371624     0.187019    -0.333173    -0.442903   -0.0650489    -0.324311    -0.223636    -0.652855     0.248176     0.506622     0.121849     0.385512   -0.0201545     0.358742     0.111996    -0.107673   -0.0251989   -0.0831951     0.374265    -0.055212   -0.0730438    -0.126117     0.255121   -0.0636906      0.27878     0.270386     0.732597     0.347255    -0.413753    0.0219561    -0.365985
    0.467562     0.227975    0.0932707    -0.240475     0.479616     0.540185    -0.357645     0.119696    -0.210011    -0.452611    -0.254304    -0.432907     0.285319    -0.127074    -0.368165    -0.208448     0.124208     0.465621  -0.00609958     0.251358  -0.00155973    -0.222969     0.115135     0.206646    0.0258555    0.0626207   -0.0781467     0.455485     0.269586    -0.421174   0.00679698     -0.41344
      0.4788     0.658269    -0.154246    -0.247001   -0.0447007    -0.408773     0.202333     0.588579     -1.14372    -0.291931    -0.118652    0.0880523     0.222218     0.168023    -0.460723   -0.0122719    -0.538688     0.113358    -0.138243     -0.35672     -0.17007     -0.82813    0.0329381     0.263614   -0.0763025      0.49911    -0.402281   -0.0838954    -0.700822     0.117012    -0.126992    -0.687666
   -0.029337    -0.438341   -0.0172517    -0.638272   -0.0822901    -0.127323    -0.584233     0.156896     0.325955    -0.387303     0.404533    -0.178268    -0.179054    -0.307853     0.231861    -0.383342 -4.49878e-05     0.381202     0.105936     0.344394    -0.669514     0.521636   -0.0903556  -0.00107692    0.0233269    0.0212166     0.199995    -0.125259    -0.428871     -0.85083      1.11958     0.498197
     0.26907    -0.287238     0.184228    -0.343965     -0.68199   -0.0449255    0.0232061     0.102139     0.136012     -0.10461     0.447449   -0.0379067     -0.62573    -0.125299    -0.330652   -0.0124531    0.0935519    -0.249504    0.0100621     0.230662    0.0478371     0.125797   -0.0758598    0.0992665     0.302538     0.292041     0.370883    -0.180302    0.0583242    -0.182599     0.746102      0.51191
    0.140686    -0.515568    -0.408224     0.769081     0.348689    -0.116355    -0.464373     0.152255     0.751033    0.0651165    -0.462402   -0.0105266     0.283682    0.0546995    -0.335125    -0.474099    0.0699473     0.248831     0.550068   -0.0525196     -0.61403   -0.0977917    -0.363274     0.295983     0.731968    -0.196305    -0.155565     0.335401     0.503905     0.111229      -0.2822    -0.504305
   -0.455238    -0.451025     0.641946    -0.703505     0.266116     0.177848    -0.303765     0.391827     0.361702     0.268732    -0.264922     0.269663    0.0238927    0.0703726     0.443955   -0.0686338    -0.213496     0.404002    -0.301807      0.16818   0.00516112      0.34183    -0.466988   -0.0859252    -0.230846     0.436936     0.233631    -0.560862   0.00258241    -0.185988     0.607483     -0.11856
   0.0116394     0.582071    0.0150104     0.205059    0.0179044     0.213851      0.15193    -0.162951      0.22016     0.117751    -0.209233   0.00848598    -0.137437    -0.201347    -0.630596     0.429638     -0.38629    -0.205129     0.364644   -0.0946802    -0.155064     0.328904     0.119829    -0.080537     0.135985     -0.23928    -0.267662    -0.149378    -0.753906     0.487541    -0.143952    -0.470069
  0.00504126     0.142378    -0.318111     0.115455   -0.0941173    -0.314829    0.0243681    -0.641539    -0.189198     0.517829   -0.0689153    -0.891956   -0.0531096    -0.120334     0.609726     0.215581    -0.344072    0.0868454    0.0239304     -0.23481   0.00551872     0.140002     0.233476     0.161039    -0.455561   -0.0619563   -0.0371144     0.454983     0.256984     0.109678    -0.288534      0.10434
   -0.570597     0.121283     0.335167   -0.0638277    -0.485168    -0.504144     0.353621   -0.0315722    0.0851567   -0.0355114    -0.341634      0.15711     0.180761    -0.120921    0.0782059     0.551439    -0.031648    -0.125597    -0.126956     0.477979     0.181543    -0.343692      0.50545     0.315391    -0.504875    -0.745371    0.0784924    -0.611568     0.258884     0.218834    -0.303447     0.197424
  0.00293164     0.493235     0.162719    -0.230997    -0.228274    -0.336453    -0.402696    -0.380606     0.197587    0.0588988    -0.122765    0.0025162    -0.200261     0.395417     0.164834     0.400451    0.0314841    -0.724401   -0.0587671     0.143879    -0.457594    -0.504982    -0.516888   -0.0787578    -0.208632     0.342711     0.396633     0.503673    0.0394612     0.191377    0.0375192     -0.92472
  -0.0355728    -0.127703    -0.359043      0.29659    -0.378705    -0.243755    -0.227348   -0.0700546   -0.0389905    0.0412261     0.266842     -0.57628    -0.719658     0.164069     0.109431   -0.0231949    -0.602596    0.0950572    -0.138088    -0.450354     0.116975     0.262181  -0.00283955    -0.268048     0.123733     0.252101    -0.249499     0.235111    -0.249106    -0.221251     0.108842     0.283127
    -1.09681     0.134332     0.820149      0.94599    -0.382437    -0.448591     0.250753     0.108097     0.608312      0.38484    0.0527338      -0.3914     0.202356     0.213547     0.154227     0.295981     0.318047     0.224972     0.122132     0.224772     -0.40057    -0.339399    -0.643743     -0.66726    0.0344089    -0.707772     0.561248    0.0403992      0.40006     0.412257      0.41801    -0.288141
    0.100942     0.489563    -0.246513    -0.118299    0.0406719     0.504393    -0.181334    -0.118224   -0.0971875   -0.0317244   -0.0180718    -0.513867  -0.00359961     0.160783    -0.385256     0.114586     0.265434     0.420681    0.0922753    -0.509154     0.355804    -0.214709     0.203717    -0.402098     0.114057     -0.36481    -0.158388   -0.0878302    -0.299519    -0.260947    -0.905882    -0.313777
    0.289966    0.0136111     0.251091      0.61909    -0.513577  -0.00640781    -0.249323     0.612082    -0.501659    -0.103963    0.0593884     0.139798     0.553984     0.243405    -0.287573     -0.19652   -0.0550878     0.152846     0.116114    -0.376495    -0.104916    -0.557798     0.248477    -0.433749    -0.118137      -0.8658   -0.0494906    0.0816473   -0.0846843    -0.136378    -0.372737    -0.224583
    -1.44258      0.08101     0.893935    0.0405583    -0.742402     0.162962     0.746251    0.0832556    -0.229921     0.138248    0.0512284    0.0605661     0.412913     0.531401    0.0929441     0.393734    0.0355522    -0.443161     0.412249    -0.104468   -0.0846969   -0.0845321    -0.138765    -0.975432    -0.103272    -0.379575     0.486113   -0.0471307     0.259451      1.13193     0.151741    -0.490516
   -0.285387     0.215065    -0.390267    -0.412341     0.169446    -0.548776    -0.549882    -0.370983     0.157802     0.192859    0.0567036     -0.22303    0.0111207     0.300735     0.736299     0.202797   -0.0557358     0.133492   -0.0350996     0.635485    -0.314107     0.619491    -0.317921    -0.207227     0.246712     0.108324    -0.237129    -0.136442    0.0921699    -0.696009     0.163536      0.26409
    0.200614    0.0187902     -0.42484     0.198342   0.00368062     0.382629    -0.170379    -0.228458      0.15083    -0.144838     0.275628    -0.152943     0.200405   -0.0885129     0.316929     0.208882    -0.239618   -0.0112503    0.0300746     0.209321    0.0957352   -0.0840658   -0.0381387   0.00155227    -0.137576     0.468745     0.316359     0.465686      0.26879     0.338368     0.097799    -0.107278
  -0.0982656   -0.0226378   -0.0799102     0.732369     0.749573    -0.102157    -0.878407     -0.53916    -0.191209   -0.0322376   -0.0525545      -1.1388    -0.411452    -0.165086     0.510771    -0.567146     0.022063     0.210872     0.277324     0.129179    -0.264425     0.571923      -0.2598     0.094207    0.0215702    -0.145132    -0.472753     0.277006    -0.242018    -0.344146     0.178911     0.224828
      0.7353     0.765428    -0.569978     0.458276     0.741718    -0.432467    -0.212246     -1.01828    -0.424039    -0.124567   -0.0173821    -0.358298    -0.812584    0.0555983     0.528718     -0.13436    -0.777872     0.480721    -0.110507     0.249225    0.0871184     0.907703      0.17287   -0.0122296     0.362433      0.39494    -0.469611     0.390013   -0.0936294    -0.623959     0.586888   -0.0520846
     0.20302   -0.0668878   -0.0655268     0.121379    -0.117916    -0.450805     0.346482    0.0662486    -0.152105    -0.191346     0.162518    -0.297647     0.111677    0.0747739    -0.204952      0.10073    -0.403752     0.479762     0.345928    0.0536232    -0.421213    -0.419912    -0.497304    0.0311979     0.155623   -0.0852603     0.195422    -0.337064     -0.14462    0.0701402   -0.0116072    0.0217994
  -0.0376116    -0.785565    -0.348392     0.642018     0.376749    -0.999587     0.280948     0.342136  -0.00258895    -0.819003     0.517483    -0.609126     0.810769   -0.0778283     -1.07524    -0.608243     0.431884      1.60155     -1.14677    -0.797114    -0.645525    -0.827694     0.952499     0.918285     -0.33343     0.797957     0.223417   0.00411999    -0.960649     0.057052     0.166554     0.490183
 0.000458946   -0.0913558    0.0406557     0.175949    0.0112263     -0.40699   0.00646143     0.107994    -0.634742     0.175742     0.244814    -0.589005    -0.302726   -0.0834638   0.00410214   0.00918188    -0.119033     0.036976     0.398834   -0.0326022     0.131497     -0.20117     0.217205    -0.221931    -0.290745    -0.254991     0.127899   0.00787661    0.0273019     0.303906    -0.277448     0.201174
   0.0282493    -0.177573    0.0623754     0.222209     0.204119  -0.00610668    -0.266291     0.017079    -0.607749    -0.386816     0.262199    -0.184347    -0.262223     0.492677     -0.74066    -0.604825    -0.693764     -0.15988      0.23052     0.039606     0.170761    -0.525713     0.591344    0.0268251   -0.0208694    -0.157086     0.216684    -0.145563     0.264264    0.0999552    0.0940435    -0.651082
    0.408108     0.243072    -0.238646     0.827834     0.580938    -0.298694    -0.160226      0.68239    -0.522045    0.0271707     -0.11525   -0.0618599     0.167655     0.298667   -0.0272856     0.269066    -0.374921   -0.0124771     0.673118   -0.0233472    -0.433168     -0.62026     0.280416   -0.0724213      0.35323    0.0981757    0.0790352     0.328907   -0.0713293     0.463006   -0.0766387    -0.138012
   -0.188884     0.321893    0.0307812    -0.115495   -0.0201408    -0.114859    -0.574487     0.167086     0.300593    -0.198423    0.0330894    -0.286909    -0.803545     0.855309     0.241964   -0.0025538    -0.099044     0.195217   -0.0361105     0.192701    -0.486636    -0.319502    -0.462023     0.263425   -0.0517718     0.239252     0.177486     0.258434    -0.176825     0.112079    0.0889917    -0.756671
   -0.225272    -0.851545    -0.495552    -0.366342    -0.980808    -0.808622     0.766704    -0.510662     0.188177    -0.622485     0.727593    -0.232372     0.417746    -0.592371    -0.735612    -0.766828     0.751674     0.748334     -1.48541     -0.47018     0.246772    0.0334547     0.358343     0.942547    -0.197663     0.257067    -0.032862     0.217317     -0.25563    -0.237211    -0.457235      1.14481
   -0.550243    -0.845557      0.81256    -0.369589   -0.0702432     0.111037    -0.517496    -0.094151     0.311825       -0.387    -0.145003     0.125912     0.471567     0.193676     0.112874      -1.0025     0.407101   -0.0365456     0.149445     0.539433    -0.490223    -0.442747    -0.812406    0.0230496    0.0512129    0.0164344   -0.0166313     0.477014     0.177445     -0.38803   -0.0614742    -0.371632
     0.37433     0.758254   -0.0936947     0.342513     0.246163    -0.613197    -0.137338    -0.165113    -0.451372    0.0942764   -0.0505063    -0.145659    0.0213629    -0.136518     0.217166    0.0657904     -0.38486     0.108297     0.478942   -0.0510918    0.0741986     0.106683    0.0596438     0.452204     -0.31137     0.497325    -0.219034    -0.117256     0.444076    -0.108822      -0.3939     0.023583
   -0.233755     0.953221    -0.237425      0.71915    -0.460757     0.365387     0.136306     0.169519    -0.131981     0.588294   -0.0799422    -0.276701  -0.00613586      0.77507     0.797411     0.749208    -0.606496     -0.67455     0.308726    0.0891373    0.0211738    -0.149367     -0.28298     -1.01989     0.575602     0.116052     -0.52091    -0.187053     0.724446     0.530195    -0.135212    0.0169743
   -0.527108    -0.334287   -0.0908231     0.122376     0.191689    -0.272374    0.0384993    -0.100899     0.201107    -0.449778   -0.0880053    -0.563648    -0.167746     0.149734    -0.146575    -0.233044     0.408294     0.338712    -0.105147     0.345642   -0.0976675    -0.434171     0.063208     0.528422    -0.350291    0.0236883     0.147139     0.259558    0.0283641    -0.234681    -0.489041     -0.12022
   -0.379273    -0.342469     0.730578   -0.0685411     0.399139    -0.496688     0.397154     0.777762   0.00193017   -0.0161244     -0.47646    -0.323903    -0.238206     0.281914     0.274822     0.165328    -0.482475     0.725947    0.0773718    -0.269957    -0.170776     0.408514   0.00994427    -0.668986     -0.63514     0.456427    -0.395157     -0.34647    -0.628171    -0.291663   -0.0248903    -0.221603
   -0.275653    -0.750218     0.465603    -0.535703    -0.159209    -0.196702    -0.194238    -0.174689     0.603505     0.262515      0.45158     0.310745     0.280164     0.474768     0.903242   -0.0615741    -0.188845    -0.506744    -0.159143     0.527402     0.224286     0.172757    -0.244408    -0.283321     0.281111     0.123257     0.165844   -0.0569823     0.226547    -0.319908     0.677963    0.0565977
 -0.00408735     0.104281     0.237206    -0.078419    -0.134923     0.669493    -0.146478    -0.371332     -0.10734     0.302191    0.0619255     0.097396    -0.231894     0.360331     -0.18162    -0.225947    0.0330317     0.150859   -0.0567298     0.115436    0.0844771  -0.00822793    -0.242891    -0.107898   -0.0744804     0.548273     0.481311    -0.095603     0.477519    0.0603262    -0.326984   -0.0535705
  -0.0107052    -0.146865     0.431716    -0.371327   -0.0507418     -0.12412    -0.246037    -0.099828     0.116138     0.443043    0.0478516    -0.135924    -0.100794     0.468952    0.0621921       0.4022    -0.416631  -0.00973019    -0.148429     0.465191    -0.027307    -0.166724    -0.177831     0.488677    -0.347502     0.117113     0.240888    -0.362009     0.177863    -0.116783     0.332013    -0.231168
   -0.161557   -0.0750236     0.169051    -0.411466    -0.663712    -0.261226     0.814631    -0.414295     0.133416     0.014586     0.203804     0.556923     0.119735    -0.189058   0.00134325      0.71713     0.247776    -0.012957    -0.125166     0.356545     0.172742     -0.22636    0.0174608   -0.0211791     0.332336    -0.103613     0.229417    -0.294534    0.0459057    -0.300788    0.0776652     0.292051
    0.231932     0.181451    -0.224401      0.65848      0.40481     0.594696    -0.233291    -0.287956   -0.0932857    -0.180756     0.458615     -0.36238    -0.240871    0.0359344    0.0912257   -0.0275309    -0.276272    -0.296225    -0.324107     -0.24597    -0.396854     0.523103   -0.0544862    -0.670542     0.688752  -0.00278277     -0.24726     0.501892    -0.559121    -0.398458     0.605096    -0.188418
  -0.0747763     -0.43212     0.201622    -0.182661    -0.541343   -0.0796981     0.179963    -0.156612    -0.139909    -0.241825    0.0331252     0.300858  -0.00156748    -0.187855     0.834836     -0.30344    -0.105766    -0.300008    -0.703928    0.0992369    -0.101453     0.180021    -0.146267    -0.314815     0.219379     0.223341     0.151999     0.472287     -0.22019    -0.400976      0.12378    0.0123032
   -0.131368     0.239048    -0.623913      1.17419     -1.08195      -1.0108    0.0437211     0.896987      0.44213     0.205185   -0.0341939    -0.149194   -0.0563872     0.162046     -1.15573    -0.325784    -0.748883     0.207095      0.47828     0.234526    -0.526011    -0.847708    -0.112566     0.435648     0.582491     0.602896     0.384751      0.54467     0.153002     0.849807   -0.0565903    -0.252206
   0.0991922    -0.525925    -0.119482    0.0531899     0.343525    -0.738503     -0.35562    -0.176596    -0.101993     0.371454     -0.19597     0.319272    -0.158945    -0.592995     0.493605     0.119236    -0.424658     0.165297       0.7798    -0.422181    -0.297812    -0.242908    -0.380861    -0.051043    -0.309913    0.0798564     0.260134      0.12711    -0.187577     0.417606    -0.363744   -0.0458379
   -0.320952   -0.0845929     0.341954    0.0401025    0.0472821     -0.13728     0.248291   -0.0477776   -0.0675684     0.222308      0.13908    -0.481772     -0.17107     0.575802    -0.232649     0.203784    -0.160669     -0.43255    -0.150002     0.234575    -0.150771    -0.128104    -0.159649     -0.11812    -0.377948    -0.214923      0.26223     0.232195     0.296662     0.332322    -0.383284    -0.043074
    0.654902     0.665283   -0.0949325     0.352364   -0.0141746     0.137168    0.0572344     0.284764    0.0351926     0.173731     0.190468    -0.131178     -0.31872   -0.0465446     -0.48393     0.274612    -0.112929     0.278523     0.247012    -0.517683    0.0568046    -0.286495     0.201642    -0.118743     -0.17592     0.165524   -0.0779285    -0.322345    -0.245115    -0.284439    -0.363717     0.208337
   -0.399459    -0.323355    0.0563425    -0.245512     0.676879     0.050522    0.0570374     0.213252      0.28484   -0.0130647    -0.176644    -0.501567   0.00396472    -0.110132     0.380585     0.447735   -0.0445217     0.340439      0.17964    0.0628871   -0.0696862     0.296389     -0.26845   -0.0279848     0.282499    -0.293071    -0.223886     0.143553    -0.610656     0.132879     0.471779  -0.00409102
    0.803295      0.27108      -1.3499    -0.103511     0.456037    -0.680476      0.88647    -0.936633    -0.349311    -0.333366     0.325291    -0.230833    -0.617077     -1.21155    -0.875559 -0.000618158     0.273674    -0.411717    -0.486974    -0.253027     0.558399     0.468107     0.255273     0.616475    -0.261238    0.0424289  -0.00695882      0.14942    -0.394948    -0.415897   -0.0364755     0.134286
   -0.231139    0.0376969     0.343302     0.291393    -0.299805   0.00255004    -0.168748    0.0851433     0.253673   -0.0729171      0.15518    0.0681791     0.231383    -0.142848    0.0420634     0.265609  -0.00315876     0.403928     0.654112    -0.064408    -0.377972   -0.0865182    -0.258527   0.00938137    0.0739777     0.209603     0.525229     0.138401     0.127081     0.401476   0.00154361     -0.22153
   -0.690073    -0.132076     0.421275     0.817921   -0.0958065      0.20996    -0.278769    -0.239664     0.249585    -0.591104     0.321794    -0.113566     0.483604   -0.0171565    0.0981128    -0.391469    -0.192524    -0.752347     0.010701   -0.0810531     0.133751   -0.0939087    -0.306743    0.0844666   -0.0583791   -0.0850692     0.632714     0.212356     0.268048     0.389403    -0.106277   -0.0545967
   -0.242074     0.518949     0.759424     0.855751    -0.913182     0.215995     0.159065     0.849383    -0.310091     0.945143   -0.0777715     0.111221    -0.117324     0.793145     0.635239     0.595954    -0.359208    -0.307607     0.778557     0.136299     0.391256    -0.236229   0.00511531     -1.20579   -0.0572044    -0.205527    -0.611937    -0.686902     0.307848     0.711077    -0.451985    -0.032462
  -0.0191515    -0.579161     0.175518    -0.132534    -0.477114    -0.194118   -0.0887184    0.0150198     0.335383    0.0220044    -0.303288    -0.217893    -0.160654    0.0257533     0.121234  -0.00963462     0.118392    -0.411643     0.350622     0.191951    -0.266984    -0.215249    -0.100108     0.153932   -0.0231581     0.294062     0.465379  -0.00579192     0.512185     0.110693     0.187576     -0.34059
  -0.0829408    -0.154687     0.136737   -0.0627465     0.475144     0.428346    -0.495818    0.0519029     0.282225   0.00693666    0.0382445     0.154115    0.0892033     0.330408     0.161138    -0.466807     0.260465     0.117056    -0.522914   -0.0266471    -0.333088     0.444148     -0.31024    -0.141015     0.279823    -0.220742      0.38754    -0.471131   -0.0149276     -0.45322     0.351985     0.317423
   -0.250908    -0.913924    -0.736285     0.159229     0.467143   -0.0553502     0.147601       0.3267     0.469737    -0.497158     0.104805   0.00103787    -0.277591   -0.0427333     -0.89365     0.134447   -0.0692292      0.38262      0.93653    -0.099684     0.412149    -0.017712     0.489012     0.329217   -0.0597061    -0.470941     0.394127    0.0137285     0.301754    0.0342357     0.111388    -0.304006
  -0.0980448    -0.356127     0.220954    -0.192754     0.319828    0.0723951     0.086485    0.0470905     0.419099     0.148827    -0.540083    -0.501528     0.159862     -0.55503     0.209071    -0.344648     0.484694    0.0279722     0.384879    -0.524791    0.0719224     0.295223    -0.341089    0.0807858    -0.205167    -0.377791     0.390099    0.0520542     0.427539     0.171736    -0.330761   -0.0490936
   0.0774048    0.0257879    0.0610846    0.0864261    -0.152631     0.132018    -0.293125   -0.0146825   -0.0898047    -0.452476     0.411743     0.632002    -0.354807     0.161713    -0.139901    -0.145264     0.303945    -0.527635     0.136128   -0.0490856    -0.129008    -0.196574     0.100008    -0.541044     0.039679    0.0842819    -0.204698    -0.445152    -0.234691      -0.1978   0.00944741    0.0607475
    0.351495   -0.0984797   -0.0817536    -0.440407     0.287226     0.166403    -0.160688   -0.0205503     0.143421     0.277561    -0.122424    -0.139266    -0.136443    0.0186015    -0.649701    -0.105127   -0.0190194    -0.127892    0.0160474  -0.00406225   -0.0194887     0.169965     0.515764     0.246356    0.0457946   -0.0434029    -0.503599     0.213514    0.0959156    -0.397132    -0.176047     0.268786
   -0.292053     0.304223    -0.121411     0.399474     0.350255    -0.451982    -0.255005     0.319706  0.000671308     0.152536    -0.198214    -0.522385    -0.258354     0.567417     0.368348     0.227162   -0.0960525    0.0407363     0.447776    -0.133326   -0.0787676    -0.440681     0.400753   -0.0641589    -0.193214     0.345772     0.152053     0.163975     0.400519     0.274231     0.298457     0.237618
   0.0460973     0.060765    -0.669312     0.510146     0.161067    -0.653092     0.236537     0.439943    -0.449988    -0.423786    -0.241144   -0.0864092   -0.0680023    0.0693367    0.0353718   -0.0969082    -0.461649     0.245866   -0.0712323    -0.323088    -0.180321    -0.143223    -0.108414    -0.262192    -0.263963     0.513983    -0.175337     0.281082   -0.0463778     0.329499    -0.246311    -0.318301
   -0.161935  -0.00801406     0.112103     0.204657    -0.674553    0.0936158     0.700667     0.144043   -0.0275705   -0.0961604      0.72044    -0.337176     0.388188    0.0265222    -0.170909    -0.117867     0.489539      0.14283    -0.552152    0.0898454    -0.326348   -0.0748245     0.446216    -0.702327   -0.0551114    -0.605147    -0.180139    -0.124599     0.038884     -0.10947   -0.0688198    0.0301939
    0.400301     0.344736    -0.225563   -0.0805842     0.187983     0.180437    -0.122654     0.491161     0.315777     0.595008    -0.350936     0.445825    -0.172816    -0.118896    -0.369137   -0.0608788     0.236019     0.130292     0.508948     0.142716    0.0196529    -0.378135    -0.251522    -0.169104     0.073276    -0.169996   -0.0521379    -0.376701    0.0307169     0.167121    -0.152791    -0.597102
   -0.167069    -0.532932    -0.162422     0.188174    -0.362458    -0.303286     0.858805     0.201801    -0.107248     0.273698    -0.242455   -0.0704295     0.247397   -0.0621851     0.261452     0.332279   -0.0493617    -0.451231     0.427665    -0.389364    -0.197865     0.180185    0.0104703    0.0197894    -0.277315     0.261171    0.0244636   -0.0556211   0.00179977      0.66054    -0.489365    -0.152736
   -0.317541    -0.103962     0.293622     0.390369    -0.511551     0.429033      1.06275     0.205688     0.335021    0.0350512     0.149803    0.0111053   -0.0922959    -0.356704    -0.193817    -0.204421    -0.322213    -0.553216    -0.382126    -0.613083    -0.251558    -0.426026    -0.230222    -0.304801     0.264572    -0.561899     0.130773    -0.402066    -0.276407     0.412289     0.116877   -0.0909104
    0.417547   -0.0749455    0.0515567   -0.0353165   0.00187627    -0.282778     0.259964     0.365073     0.112459    0.0989489   -0.0118036    0.0610291    -0.369514      -0.0167     0.262081     0.271375    -0.569371   -0.0791047    -0.225476   0.00747932    -0.183077    -0.235599     0.200646   0.00202335     0.312744    -0.142151    0.0411705     0.225608    -0.366506     0.121115     0.184441   -0.0960348
    0.360694    -0.230666     0.213235      0.22182    0.0505099    -0.101909    -0.110466   0.00640656     0.105025    -0.130919   0.00563926    -0.360187     0.114782    -0.149458     0.364628    0.0482131    -0.306226     0.113546     0.262322     0.172748   -0.0799796    0.0506712    0.0376381     0.838912     0.183302     -0.31016      0.52408     0.168635   -0.0307891    -0.189496     0.168562    -0.142118
    0.256281     0.410339     -1.81172     0.126137    -0.201958    -0.577026     0.280586    -0.641105      0.13843   -0.0484673     -1.13406    -0.426257      -1.0542    -0.477102       -0.211     0.175577     -0.69349    -0.336004    -0.517055     0.209391      1.07245     0.872266  -0.00125552     0.122992   -0.0625555     0.152139     0.262593     0.122409    -0.420965   -0.0185468    -0.634079     0.110311
   -0.600374    -0.320811    -0.195615    -0.318332     -0.33324     -0.12193    -0.163745     0.199544     0.519877      0.24775     0.418662     0.183581    -0.599238     0.181844     0.324854     0.136935   -0.0447133    -0.271905    -0.442858   -0.0507695   -0.0742453    -0.475755   -0.0641629    -0.142789     0.424852     0.309244     0.597011     0.246385    -0.198966     -0.15078     0.220814    0.0278442
     0.13292     0.336888    -0.261256    0.0893291    0.0829019    0.0447238     0.191114     -0.15975    -0.164695    -0.106256    -0.440884     0.508088     0.395158    -0.300131     0.155824     0.816303   -0.0307396    -0.312753    -0.492478   -0.0564942    -0.438426    -0.100489     0.475082     -0.25985     0.874221   -0.0314619    -0.571389   -0.0221042    -0.141504    0.0381955     0.291824     -0.55737
   -0.622396    -0.370621    0.0599183    -0.625809     -0.39701    0.0112715     0.227466    -0.324278     0.353001    -0.187713     0.216555     0.368689     0.330655   -0.0563561     0.156059    -0.279202     0.291839    -0.132914   -0.0398889    -0.137873     0.551666     -0.15805     0.156278     0.371849     0.347594   -0.0894487     0.118211    0.0392655     0.246488   -0.0165687      -0.1742    -0.102775
    0.191856    0.0228184     0.364726     0.550894    -0.169663     -0.35991    -0.252669    0.0486329    -0.212399    -0.692499     0.500529     -0.11482     0.267401      0.28234     0.670986     0.007137     0.318332    -0.795098    0.0941229      0.32567      -0.7488    -0.553219    -0.170925    -0.366037   -0.0475287    -0.283102    -0.514023     0.308361    -0.728118      0.58439    -0.218257    -0.390915
   0.0686299    0.0346846   -0.0251252      0.13711     0.126775    -0.163184    -0.211704    0.0626485   -0.0319885   -0.0366424     0.122951      -0.2443    0.0459056     0.201931    -0.348881    0.0327184     0.197164     0.167174    -0.305696    -0.105782     0.100816     0.149594    -0.205765    -0.293027   -0.0958207    0.0325727   -0.0229159   -0.0155211   -0.0167435    0.0748688   -0.0881925     0.192354
    0.423167      0.44336    -0.491767     0.125352    0.0780815    -0.714915    -0.201591     0.558455    -0.799345     0.183911     0.849807    -0.312303    -0.228054     0.477839     0.469042     0.430565    -0.266723     0.509942  -0.00806385     -0.50125     -0.34743     0.167897     0.327729    -0.732033    0.0600813     0.376758    -0.423712   -0.0655092    -0.561923     0.111141     0.353121    -0.599438
    0.382123     0.566681   -0.0373735   -0.0386403     0.144646     0.471262     0.191857    -0.231776    -0.439949    -0.405943     0.339323     0.307302   -0.0708749    -0.287953    -0.294664    0.0376202    -0.399642    -0.221163    -0.359752     0.264445     -0.26659    -0.188852   -0.0475542   -0.0737244    -0.455828    -0.229953   -0.0320186    0.0725345    -0.218954    -0.405473     0.214288    -0.151131
  0.00723576    -0.821035   -0.0536357     0.290392    0.0225854    -0.292713     0.323604    -0.248027      0.28224   -0.0908909     0.503003    0.0916505     -0.20703    -0.124822     0.211647    0.0198706     -0.34166    -0.629245    -0.375384    -0.402962    0.0648025    0.0752881     0.302384   -0.0696543     0.439777   -0.0784997    -0.392801     0.581315   -0.0311656     0.257768     0.204532     0.219156
    0.147864    -0.166658     0.148111 -0.000487483    -0.374423      0.63266    -0.126711     0.345645      0.11961    -0.186028    -0.215113     0.174593     0.312137     0.455037    -0.444686    -0.476291    -0.442129     0.168175     0.119901    -0.199562     0.241219    -0.691159   -0.0466055     0.132252    -0.102246   -0.0153239    -0.349471     0.250208    -0.107803   -0.0574957     0.123857     0.238478
    0.337165    -0.351787    -0.321538     -0.26258     0.268792    -0.482561      0.14282    -0.167036    -0.283898     0.118143    -0.384967      0.09211   -0.0833182    0.0813601     0.464121     0.244044    -0.678429     0.535286    -0.502822     -0.17659    0.0278224    -0.062419     0.338643     0.833249     0.232211     0.247799    0.0203744     0.235609    0.0435629    -0.109765    -0.204982     0.296429
  -0.0619202    -0.113955      0.02038     0.229514     0.342803    -0.387146    -0.317444    -0.420759     0.638313    -0.262435    -0.003874    -0.281709     0.217185     0.197376    -0.135443    -0.384993     0.022017    0.0655644     0.190322     0.165498    -0.181384     0.249885    -0.149307   -0.0435035    -0.308096    -0.439797    0.0596843     0.686745     0.361444    -0.388698     0.397021     0.178419
    0.292948    -0.144586    -0.522433     0.368983     0.192112    -0.206142    -0.715715    -0.231023     0.188848   -0.0806791    -0.238202    0.0162363  -0.00889473     0.404357  -0.00885862    -0.511049     0.161236    0.0665882     0.284701     0.448017    -0.447397    -0.427795     0.253242      0.58475   -0.0831593   -0.0242041    0.0453084     0.225791    -0.060404    -0.593578     0.205439    -0.584568
    0.360239     0.927463    0.0185089     0.747828     0.463521    -0.220554    0.0100702     -0.17572     -0.51124    -0.214969    -0.411577    0.0837079    -0.313273     0.408454   -0.0532115  -0.00185034     -0.72578    -0.761059     0.244663     0.105975     0.260575     -1.41084     0.285682    -0.105768    -0.747021     0.596469    -0.383695    -0.486562      0.30056     0.701645    -0.280964    -0.178625
   -0.262564     -0.39697     0.360809    -0.140256    -0.355057     0.222625     0.267404     -0.20375     0.556138     0.071806     0.368346    -0.124355     0.125954   -0.0211604    -0.159852     0.673044     0.117517    -0.240581    -0.399077     0.418035     0.172323    -0.350653     -0.04404    0.0493489     0.391569    -0.580371    0.0831598      0.17363   -0.0922457     0.204184     0.159481    -0.112941
    0.369339     0.437356    -0.227222      -0.2539    0.0831356    -0.102912    -0.181886     0.193894    -0.137684     0.349313    0.0759947     -0.38977    -0.346644    -0.273943    -0.505431    -0.424583    0.0194281     0.302882    0.0674161    -0.215176     0.368268   -0.0376711    -0.213771   -0.0163832    0.0874632    -0.154744    -0.397763     0.281866    -0.137717    -0.194137    -0.384109   -0.0274717
     0.15234    -0.235492    -0.214852     0.952419     0.639621    -0.772651     0.131404     -0.32578  -0.00424357    0.0420774    -0.215229    -0.410794     0.224761     0.128887      0.35726    -0.271317    -0.494095    0.0677699     0.330735    -0.114122    -0.603546     0.173392    -0.185403     0.460139    -0.273518     0.523443     0.169719     0.383428     0.196307      0.44111      0.47943    0.0334493
    0.560659     0.169545    -0.104531     0.187063     0.169786    -0.252476   -0.0049861    -0.115716   -0.0893883    -0.223482  -0.00382899     0.259713     0.140646      0.11293     0.279475     0.177815     0.272712     0.262715     0.147519     0.119709   -0.0569072    -0.332699     0.132886    -0.126896     0.108571     0.200504    0.0639043     0.133631   -0.0991777    0.0480127    -0.194809    -0.256746
    -0.18934     0.545952     0.046066 -0.000762886    -0.312016    -0.308124       0.2718    0.0579027    0.0676539    0.0512482     0.156955    -0.390357     0.243254   -0.0616797     0.449991     0.200735    -0.240007  -0.00783305     0.266362      0.24668     0.493111   -0.0807692    0.0166697     0.190342    -0.298779    0.0653001    0.0849651    0.0483674     0.327744    0.0207157   -0.0758653     0.028145
  -0.0954872    -0.159756    -0.176569    0.0555139    0.0319865    -0.232414   -0.0509399    0.0355332     0.352841     0.124728   -0.0741864    -0.386179     0.166553    -0.376634     0.737227   -0.0291239    0.0640771     0.488471   -0.0213271    -0.345051  -0.00179355    -0.208454   -0.0555065    -0.138115    -0.233907     0.528243     0.146274    0.0266087     0.123175     0.173509    0.0755668  -0.00733267
   -0.143347   -0.0770825     0.177598    -0.430588    -0.235672     0.137603     0.257054     0.294867    -0.141576    -0.206695     0.197511      0.16087    0.0118445    -0.249264    0.0941238     0.363489  -0.00911139    -0.287504    0.0278377     0.454606    -0.292378   -0.0658872    -0.487173    -0.191345     0.142575     -0.10483     0.127087     0.346763    -0.134584    -0.129947     0.440779    -0.266763
    0.265884     0.114847    -0.175882   -0.0538326     0.371606     0.455371     0.247448     0.483593    -0.370825    -0.206426    -0.117331    -0.136739    0.0731552   -0.0172043   -0.0670219    -0.108783    -0.109402     0.171366    0.0350224    -0.154693   -0.0874564   -0.0445682   -0.0698589     0.249918    -0.508807    -0.256897    -0.361901   -0.0635959    -0.593552   -0.0759309    -0.396037    -0.282005
    0.111712     0.272306   -0.0717417   0.00933566     0.123926     0.121738     0.177556    -0.268416     -0.45051      0.13499   -0.0779958     0.222934   -0.0874364    0.0218782     0.262613     0.390898     0.354538    -0.220537    -0.346045    -0.101352    0.0786948   -0.0145158     0.201639    -0.208213    -0.231166    -0.095366    -0.572417    -0.293718    -0.677824     0.251343    -0.191868     0.213332
  -0.0399528     0.136128    -0.168736    -0.694554     -1.10507     -0.60821     0.938095    -0.803163   -0.0643932     0.135206     0.739633     0.521767    -0.193841   -0.0855442     0.661381     0.412491     0.212017    -0.489044     -1.30668     0.262231     0.348677     0.282335  -0.00272553    -0.651465      0.30777     0.135648     0.335184    -0.405257      0.11788    -0.210001   -0.0505264     0.517102
    0.606062    -0.361465   -0.0322153     0.363321     0.385368     -0.37641    -0.131694    -0.139195     0.305651    0.0441628    -0.312233   -0.0701084    -0.358195   -0.0694783    0.0420459    -0.115633    -0.149106    -0.116577    0.0628759    0.0122306    -0.128622    -0.119426    -0.587779    0.0917642     0.189635    -0.648828    -0.076214     0.134339     0.483089    -0.240273     0.296342    -0.201228
  -0.0836965   -0.0818853  -0.00153217    -0.227747   -0.0893419    0.0684143    -0.171574     0.443264     0.552403     0.229899     -0.74138     0.591518    -0.154249     0.224869     0.566893     0.383182    -0.380609     0.130581     -0.32965    -0.373754    -0.249356   -0.0153548    -0.151868      0.14484    -0.110722    -0.204002     0.380881    -0.198563      -0.1175     0.147765     0.202567    -0.133342
    0.416193     0.292377     0.596739    -0.315802     0.405193      0.23139    0.0173014     0.345769    -0.296584    -0.221957   -0.0428684  -0.00111538     0.127496   -0.0238689    -0.816933     0.161088    -0.418942    0.0680048    -0.146745      0.15103     -0.19707    -0.158986    -0.388441    -0.234048    -0.452671     0.340608   -0.0452519     -0.59176   -0.0548877    -0.836597     0.367397    -0.713441
    0.471697    -0.261512     0.342573    0.0993033   0.00697954   -0.0244625    -0.110418      0.44772    -0.568722     0.381043     0.236076    -0.223089    0.0698906   -0.0285225    0.0811124    -0.305992     0.805444    0.0528323     0.440116    -0.480355    -0.251269     0.374686    0.0363162    -0.511255    -0.248718    -0.331858    -0.149578     -0.41508    -0.334833     0.177171    -0.441093     0.281208
   0.0970047    -0.192311      0.19267    -0.502326     0.333264     0.417213     0.323534   -0.0884361    -0.299391    -0.270344    -0.315319     0.190262    -0.136132   -0.0862274    -0.370175    -0.104888     0.215758    -0.512946   -0.0129797   0.00653941    -0.258635    0.0234445    0.0431421    -0.221252     0.221102     0.424106    -0.171634    0.0775786    -0.360495    -0.140149    -0.187225     0.402922
    0.338139     0.156318    -0.361966     0.265806       0.6769     0.037178    -0.171405     0.451261    -0.408765    -0.335964    -0.137024     0.109189    0.0436393     0.302002    -0.332467    -0.150296    -0.146959     0.037622   -0.0710001    -0.623398    -0.643277    -0.121354    -0.335047    0.0176057    -0.156423     0.130043   -0.0335319     0.381789       0.3288     0.305141    -0.402584    -0.393326
    0.322953   -0.0368197     0.344377     -0.26295     0.336193    -0.270143   -0.0494791    -0.244263     0.206631      0.10939    -0.246403    -0.340281   -0.0229844       0.2342     0.181307    -0.275549   -0.0237486  -0.00822539     0.313493    0.0654562     0.122679    -0.214988    -0.353411    -0.190529   -0.0202395      0.18257    -0.190917     0.468198     0.203501     0.161352    0.0739373    -0.017413
   -0.474626     0.316181    -0.291497     0.385571    -0.257294    -0.573253  -0.00906778    -0.127263     -0.28926     0.135421    0.0904939     0.213785    -0.328165    -0.296971     0.775863     0.323149    0.0342898    -0.257327     0.303499  -0.00581487    -0.157795     0.287457    0.0828677    -0.200371     0.245468   -0.0711848    -0.200503      0.63808    0.0213108     0.608503    -0.194793    -0.108926
    -0.18708    0.0160335    -0.173893      0.35304     0.118679    -0.423514     0.428707     0.103884    -0.488935    -0.589285     0.170497      0.50763   -0.0610136    -0.342788    0.0503052    -0.199927     0.567753   -0.0609731    -0.241792   -0.0661141     0.235494    -0.248154     0.227237   -0.0738488     0.160806    -0.275022    -0.773099      0.24243    -0.151003     0.369822    -0.180322    0.0529982
    0.320366    -0.351087     0.678715      -0.8067    0.0853972   -0.0561813   -0.0756446     0.171025     0.273106     0.490829    -0.540248     0.546787    -0.593097     -0.28289    -0.331822    -0.143136    -0.253206    0.0807923   -0.0471878      0.39122    -0.238985      0.21116    -0.416668     0.346779     0.226615     0.146301   -0.0184752    -0.227529     0.304174    -0.139358       0.3081     0.139409
  -0.0244513     0.125162 -0.000511211     0.352507     0.248381    -0.097339   -0.0101924    -0.728986    -0.189119     -0.16753    -0.188165    -0.370771     0.151825    -0.182324     0.669616     0.439346     0.295525   -0.0383535    -0.192724    -0.110882     0.209728    0.0477321     0.507488    -0.269398   0.00206121     0.137309    -0.638044    0.0387041     0.122123     0.600474   -0.0544252   -0.0714775
   -0.271652    -0.211735   -0.0290029     0.224727   -0.0203342    -0.214566  -0.00518369     0.185865     0.233128    -0.302952    -0.166482    0.0712818    -0.134058     0.279859     0.262113    -0.250568    0.0534203   0.00042101    -0.273736     0.195178    -0.449429    -0.263127    -0.051186     0.256024     0.356707     0.133519     0.253544     0.279951   -0.0472796    -0.116165    0.0428699     0.236686
   -0.206804  -0.00291543    -0.095031     0.195076     0.179364     0.361966    -0.522727   -0.0872771     0.126664     0.368598    -0.260402      0.24784    -0.228171     0.322241    -0.140788     0.195294    0.0221617    -0.221289    0.0360338     0.139855     0.125699    -0.169686   -0.0266933   -0.0493911    0.0270269     0.423587    -0.190737     0.512511      0.32412     0.115446    0.0965801     -0.16517
   -0.247245     0.153023   -0.0458978     0.352249    0.0299178  -0.00500358    -0.260305     0.283026    -0.261974    -0.375863     0.151125    -0.263233     0.159709    -0.749461     0.180703     0.117793     0.350575   -0.0806325  -0.00619571     0.149117     0.317225     0.332074  -0.00212128    0.0710354   -0.0136606     0.550516       0.1785     0.133783     0.225817     0.393097    -0.243183    -0.159797
   -0.133038    -0.638017    -0.111642     0.479214     0.496754    -0.235979    -0.365658      0.38399    -0.333867    -0.325257     0.197867   -0.0554059     0.596236     0.482626     0.372067    -0.398776     -0.20187     0.523328   -0.0802643     0.283241   -0.0218807   -0.0589271     0.339613     0.497523     0.293607    0.0149664    -0.190073     0.975135   -0.0516134    -0.428436    -0.230691    0.0257268
    -0.66256     0.180286     -0.20376      0.62652     0.252523    -0.442924   -0.0493205      -0.5855   -0.0793132    -0.320507     0.231971    -0.489678     0.213225    0.0993052     0.227319    0.0973096    -0.142756    0.0822309     0.218795    -0.170424    0.0104561    -0.510068     0.476011    0.0274325    -0.202592     0.465861     0.170023     0.746207     0.207744     0.438927    -0.153059   -0.0753462
    -0.38254   -0.0642558     0.445907     0.561577    -0.566766    -0.464544   -0.0470268     0.168715    -0.202573     0.374775     0.157089    0.0124932    0.0229175    0.0932389     0.241315     0.176677    -0.530394    -0.251788     0.670576     -0.35582    -0.419971    -0.127125    -0.405589     -0.49035     0.175181     0.262015    -0.573354     0.202172     0.294528     0.382768    -0.500757   0.00294727
    0.114255     0.188627    -0.387794     0.363951   0.00352501    -0.385659    -0.354363   -0.0138378    -0.300708    -0.341793    -0.148835    -0.304502     -0.25458    -0.218545    0.0222734   -0.0364467    -0.192115     0.276132     0.350865     0.186917    -0.248524   0.00540663    0.0543329    -0.366058     0.174687    0.0748675    -0.704137     0.203735    -0.674705     0.307951     0.197543     0.143805
   -0.339515     0.282655    -0.106131   -0.0388378    -0.545943    -0.105303    -0.127298     0.085707     0.143566     0.372619    -0.582454    0.0047675   -0.0305448     -0.17851    -0.142762    -0.349201    -0.276988     0.183666     0.256271    -0.117486    0.0950484    -0.351681    -0.079315      -0.1768    -0.210256     0.348306    0.0721618     0.472447      0.13853     0.391006    -0.133853     0.853437
