 -0.385722
  -1.02049
  0.409033
 -0.472244
 -0.250993
 -0.347422
 -0.429418
   -1.0179
 -0.807782
 -0.173452
 -0.925944
 -0.419831
  0.456287
   0.21684
 -0.523621
  -1.67131
  0.339059
 -0.170161
 -0.388125
 -0.911364
 -0.565959
 -0.559497
  0.180205
  -1.12979
  -1.04687
 -0.134789
  0.692479
  0.202351
  0.594398
 -0.845625
 -0.310967
 -0.512735
 -0.671785
 -0.363926
 0.0959058
-0.0909858
 -0.739679
  -1.26508
 -0.189639
 -0.424314
  0.679711
   -2.1535
 -0.179471
 -0.130772
 -0.353453
 -0.312119
  0.396519
 -0.171271
 0.0984693
  -1.07898
 -0.238233
 -0.687232
 -0.324221
  0.788435
 -0.282254
  0.614588
  0.547406
-0.0638648
  0.218489
 -0.330748
  -0.90995
 -0.267614
 -0.145551
  -0.82426
 -0.143021
  0.159846
  0.578065
 0.0150956
   0.26763
 -0.906949
  0.475973
  -0.99374
 -0.325572
 -0.792379
 -0.326519
 -0.712719
 -0.422503
 -0.572203
 -0.582617
 -0.582489
  -1.10714
 -0.822081
  -0.72644
 -0.397011
 -0.822563
 -0.544059
 -0.193627
 -0.697948
  -1.79915
-0.0805837
  -1.01247
  -0.13511
   0.08509
 -0.996865
   1.39086
 -0.582252
  -1.20599
 -0.207321
 -0.807645
  -1.30432
  -1.11445
 -0.332107
  -1.36497
-0.0418877
0.00939332
 -0.679746
  -1.19494
 -0.239549
  0.255397
 -0.751713
 -0.905728
  0.173606
   0.11343
 -0.585392
 -0.415321
-0.0320989
 0.0759095
 0.0198014
 -0.444648
 -0.377144
 -0.375918
  0.273458
 -0.165679
 -0.456629
-0.0150055
 -0.778699
  -0.38501
 -0.637669
