 -0.0103793
  -0.330288
  -0.105473
   0.336195
   0.229579
   0.333046
  -0.269972
 -0.0529005
  -0.315993
   0.235191
  -0.118651
   0.168349
-0.00371566
   0.526743
    0.26172
  -0.167013
    -0.2086
   0.169183
   0.128856
   0.230411
  -0.242064
   -0.18076
  -0.275085
   0.138535
 -0.0918016
 -0.0334182
  -0.271561
  -0.225504
  0.0435567
   0.176598
  0.0927466
  -0.230824
  -0.055245
  -0.322014
  -0.166134
 -0.0266421
   0.197339
  -0.186633
  0.0203673
   0.300231
   0.122614
  -0.173425
  -0.536374
   0.494373
  -0.118777
  0.0708096
   0.127638
    0.14441
   0.171543
  0.0959381
  0.0379348
 -0.0913828
   0.493092
  -0.203088
 -0.0953258
  0.0702624
  -0.250303
   0.184176
  0.0980398
   0.445935
  0.0121416
  -0.126191
   0.157863
 -0.0329982
 0.00425264
   0.230029
  0.0802643
 0.00237768
  -0.257202
   0.264955
 -0.0418808
  0.0859085
   0.199636
  -0.120171
  -0.216954
   0.104391
  -0.133699
   0.193932
  0.0626338
  0.0207541
  -0.153833
  -0.264924
   0.320535
  -0.348757
  0.0863341
   0.129055
  -0.276705
  -0.176935
   0.081144
  0.0185226
 -0.0299152
  0.0595687
 -0.0980594
  -0.321814
   0.391949
  -0.477287
   0.534002
  -0.505488
  0.0687301
-0.00508447
  0.0955095
  0.0868652
 -0.0820384
   0.145158
   0.260507
 -0.0351445
  -0.341839
  -0.201543
   0.069603
   0.216546
  -0.122025
 0.00243035
  0.0378516
 0.00822668
  -0.221367
  -0.300871
  -0.312242
  -0.032203
   0.077627
   0.260094
  -0.071919
   0.344305
  -0.100021
   0.173673
  0.0408818
   0.284407
   0.403967
 -0.0325409
