   0.223044
   0.440871
  0.0795146
  -0.190536
   0.315131
  -0.170088
  -0.100101
  0.0267284
   0.198024
   0.415087
   0.128863
  -0.478407
  0.0496233
  -0.365144
   0.349062
   0.591511
   0.595298
  -0.151499
   0.249372
  -0.365686
  -0.250408
   0.109413
    0.30033
   0.518806
  -0.053957
   0.390841
   -0.10493
   0.030844
  -0.026656
   0.088737
   0.107042
   0.203179
  -0.495732
  -0.397664
 -0.0585478
  -0.171913
  -0.307267
   0.252601
  -0.333146
 -0.0641807
  -0.240672
  -0.306172
   0.512294
  -0.162784
   0.217683
-0.00595389
  0.0890799
-0.00212163
   0.112537
    0.64542
   0.503681
 -0.0938688
   0.289316
   0.628097
 -0.0797443
   -0.42504
  -0.175244
    0.16623
  -0.226888
   0.216801
  -0.131922
   0.504208
  -0.272538
 -0.0998306
  -0.137433
  -0.284715
 -0.0907722
  -0.310952
 -0.0895902
  0.0385121
  -0.137021
 -0.0827113
  -0.139223
  -0.627687
   0.389915
    0.38659
  0.0315957
 -0.0360225
   0.107012
  0.0175067
   0.016141
  -0.182232
  -0.543344
  0.0608933
   0.322675
  -0.382476
   0.127887
  -0.288621
   0.545805
  -0.562742
   0.222903
   0.259447
  0.0932893
  -0.150353
  -0.627493
  -0.360151
  -0.372026
   -0.59698
 -0.0237537
   0.062056
  0.0689173
   0.358419
  -0.437614
  -0.140383
  -0.526414
  -0.142841
  -0.169639
  -0.450064
   -0.24603
   0.167474
  -0.408085
  -0.592658
   0.219153
   0.167215
   -0.25489
   0.146335
   0.221793
   0.539759
  -0.441816
 -0.0559535
  -0.193393
  -0.443956
  -0.691431
   0.663501
  -0.547214
  0.0120177
   0.261168
   0.532262
