  -0.198293    0.751265      0.4684   -0.176555     1.31781    0.156944     1.78108     1.85494    -1.48203    0.677053   0.0380367   0.0989126     1.37052   -0.012584  -0.0424613    0.842052     1.12659     0.16587   0.0395175    0.630007   -0.759228    0.416052    -1.07292    0.693716    -1.19423  -0.0929369   -0.566585  0.00257554    0.107976   -0.195282    0.330693     2.16197
   0.625546    0.238753    0.942516     0.13109     1.26622    -1.02339   -0.382899    0.425792   -0.123854    0.291591    -1.24145     1.27371    0.750247     0.73638   -0.177874   -0.474427    0.370696    0.741703    0.507002   -0.396877     0.93433   -0.283019    0.570611     1.23229   0.0944348     0.28339    0.576955    0.876913    -1.38397    0.365688     0.75184     1.12973
  -0.175578   -0.678784   -0.413969     -1.6968     1.00822   -0.331971    0.877008    -1.65497    -0.33499   -0.324703   -0.200617     2.18229    0.648476  -0.0213706     2.05854     2.04904    0.251267    0.719936  0.00381577     1.13474     0.65972     0.18721    -1.45008     2.25504     -1.2956   -0.864244   0.0951128     -1.4694     1.49745     1.08976    -1.39877     2.86863
 0.00894991    -0.59207    0.528031   -0.728011     1.04373    0.140907    0.295415   -0.477157   -0.290579    0.744425    0.650001    -1.03598    0.530421    0.696929    0.215326     0.19767   -0.313097    0.831621    0.287213    -0.73423    -1.22201   -0.383084    -0.39029    0.324775    0.205688     1.06817   -0.390634   -0.262282   -0.129261    0.226817    -0.19025     2.22833
  -0.545604   -0.465644    -0.35596    0.779265    0.363337   -0.082295    0.736441    0.127653    -0.96364    0.627021    0.313386   -0.200647    0.261502    0.293222    -1.81493   -0.452462  -0.0698733    -1.00774    -0.76551   -0.762099    0.591077    0.135692    0.385284    0.256074    -1.30054    0.649992   -0.571532    0.730466   -0.785486    0.394371    0.301385    0.723671
 -0.0692968   0.0023909  -0.0451707    0.265612   -0.179507   -0.688744    0.931277    0.117166    0.108085    0.822431   -0.065664    -1.30085    0.293277    0.939457   -0.141836    0.120858    -0.45049   -0.242606    0.205471    0.303496    0.125109    -1.82298   -0.512759   -0.457844    0.762663     1.51826    -1.10609    -0.85395    0.312719    0.144166   -0.778623    0.287465
   -1.34899 -0.00963356   -0.917643    0.789178   -0.388448    0.625164    0.396924   0.0328216   -0.348565   -0.975616    0.306915   -0.881435    0.313811    0.611223    0.898551    -1.49537    -1.59287    0.376502   -0.246776    0.689135      1.2758   -0.395386    -1.10727     1.71471   -0.271136   -0.474551    -1.48842     1.30842     1.90437    0.918048     1.04662   -0.318507
   0.665114    0.662081   0.0957761     1.94154   -0.010287   -0.722311    -0.35627    0.200571   -0.666869    0.556894   -0.797315    0.413315     1.55123   -0.368312     1.97232     1.12905    -2.75304    0.616826  -0.0118841   -0.415965  -0.0265793   -0.335326    0.391318    0.552123    -0.69768    0.511782    0.241904   -0.267026    0.461174    0.154065  -0.0309098    0.235809
   -1.23074     1.29708    0.928886    0.158562     1.32009   -0.864486  -0.0549323    -1.69322    -0.21536   -0.264729   -0.484966     0.28794   0.0701232   -0.021613     1.00556    0.460916   -0.208884    0.416086    0.717359   -0.818226     0.18002    0.213247    0.527071    0.066927    -1.37678   -0.313052   -0.091671    -0.30538  -0.0916278   -0.324809   0.0884048    0.615633
  -0.172099   -0.323083   -0.399104   -0.331527    -0.59299    -1.12363  -0.0122898   -0.444571   -0.569015   -0.375682    0.854883     1.14163    0.601686    0.250927     2.29312    0.552265   -0.424789     1.40705     1.11959    0.421102   -0.782559   0.0538997   -0.754427    0.817861   -0.562392    -0.26383   -0.395569   -0.265308    0.281769   -0.340482    0.526556     1.85986
    0.21809     1.22371   0.0517555   -0.879587    0.628441   -0.630602   0.0142244    0.190414    0.322824    0.644052  -0.0656259   -0.763794    0.193109     1.44775   -0.350724    -1.02784    0.874398     0.23928    0.368071     1.62461   0.0870301    0.858285    -1.94193     1.37634     -0.1096    -1.21812    0.456146      1.8817     1.16528    -0.55949   -0.720612   -0.725823
  -0.272725    0.228204   -0.352653    0.160893   -0.231134   -0.128765    0.454149  -0.0230994  0.00850345   -0.236285   0.0571412    -0.85327  0.00857578   -0.355944    0.242345    0.830202   -0.530761   -0.476347    0.139179   -0.152273   -0.608309   0.0936715    0.711079   -0.171379   -0.308829   -0.243608    0.481772   -0.174337   -0.181825    0.129401  0.00409882    0.116518
  -0.627053     1.63638    0.198929    0.768483    -1.04449    0.568707    -0.68696   -0.135644     -1.6447   -0.696212   0.0999493   0.0586447    0.746735    0.479218    -1.75516    -1.18819   -0.186809    0.807202  0.00215334    0.246991    -1.61256   -0.885958   -0.140881    0.657351    0.866113    0.302399   -0.590831   -0.352985     1.94753    0.128353    -0.60505    0.150252
  0.0624231   0.0781906   -0.131635   -0.301789    0.438158   -0.694936    0.490655   -0.131508   -0.206162     1.02616    0.176433     1.11413     1.29143    0.617778    0.873486     1.05114    -1.11197   -0.129076    0.100373   -0.183268   -0.350267   -0.971475   -0.755607    0.813157    -1.09762    0.559249    -1.20806   -0.297224      1.0932    0.934616     1.83282  -0.0966408
    1.93398   -0.646597    -1.16291   -0.810089    0.291231   -0.475732    0.196454  -0.0840411    0.354856   -0.889107    0.627897  -0.0741706   -0.288145   -0.359896   0.0481869    0.456801   0.0672219   -0.232511   -0.108157   -0.595493   -0.374278 -0.00358159    -1.27207    0.494491    -1.20043    0.528719   -0.850143    0.562791   -0.158463    -0.26134   -0.610377  -0.0675312
    0.80328   -0.161549    -1.28476   -0.173793   0.0580724    -1.27861     1.02987     2.06777   -0.674545    0.461147   -0.347131  -0.0831566    0.283696   -0.234799   -0.215781   -0.213414  -0.0572643   -0.178864    0.368783   0.0216395  -0.0127215    0.198854    -1.65543    0.481687   -0.299781    0.707261   -0.467346    0.853239   -0.357836    0.433314   0.0542078   -0.725553
   0.948174    0.662543    0.401563    0.778599   -0.408203   -0.612207  -0.0774885    0.963328   -0.709225     1.06381   -0.554544 -0.00954991    0.783626    0.399495    0.221385    -1.15722    -1.04909    0.953828   -0.167839   -0.358671   0.0974072   -0.300859     1.33338    0.593355   -0.889248     1.24679   0.0710131   -0.363901    0.385689     0.27525   -0.420193   -0.251407
   0.362206    0.159675    0.383472    0.366815    -1.29061   -0.359712     1.05453   -0.111796   0.0145117    0.577647     0.42769    0.320266    0.127067    0.295855    0.511865  -0.0216179    0.372385   -0.711992   -0.536722    0.379784    0.183463    0.834255   -0.293255      0.1071    0.526251   -0.284198   0.0153842    0.285906    0.174756   -0.106849     0.69186   -0.435694
  -0.886043   -0.483529    0.228367  -0.0896481    0.526018     1.51637   -0.307406    -1.33936   -0.757784    0.298729  -0.0556808    0.612825  -0.0500794    0.323255     1.02216     -0.5216   -0.788199   -0.444472    0.428641    0.630408    0.302646  -0.0306747   0.0313371   -0.988319     1.04072    0.831655   0.0513834   -0.131257    0.410361     1.03759    0.705757    0.577109
   0.171514    -2.42993    0.373596   -0.622339    0.711645   -0.484059   -0.653791   -0.268838   -0.345159   -0.881553    0.409849    0.947601     0.26156    -0.30604    0.650871   -0.838795   -0.573004     1.15242   -0.589643    0.575121     1.44844  -0.0425061   0.0405416    0.227409    0.230088     0.44331     1.68455    0.329091   -0.135056    -0.71551     2.73267     1.25394
  -0.287293   -0.799703    0.458215   -0.821021     1.62443     0.28297    0.195549    0.484411  -0.0804686     0.14602    -1.12256    0.658669    0.439915    0.438186   -0.788972   -0.453251     -1.1013    0.580357    0.400425    0.209945    0.215086    -1.04686    -0.50302    0.878751   0.0543136    0.281039   -0.397533    0.744134   -0.252378    0.290234    0.363565    0.342627
  -0.748563   -0.117165   -0.047266    0.843884   -0.187448    0.366007    0.753575   -0.809364   -0.133639   -0.347985   -0.805875    0.293809    0.143959    0.325155    0.142053   -0.765314   -0.642381    0.815637    0.364391   -0.944021   -0.534345     1.06697    0.064569    0.575424   0.0226036    0.155651    0.339057    0.284552   0.0491111   -0.385244   -0.252491   0.0138517
  -0.449596    0.513947  -0.0993832   -0.128794     1.21624    0.243758   -0.352187   -0.283831  -0.0473037    0.629492   -0.495944     1.70481    0.780556     0.34918    0.472368    0.257036   -0.994492    0.251563   -0.144794   -0.580683    0.136055   -0.658422   -0.715223     1.92375   -0.625877    0.969118     1.69159    0.152199    0.067963      0.7795   0.0852923    0.415351
  -0.426299    0.140026    0.553524    -0.62977     1.07954    0.239389    0.398655   -0.793412    0.530487    0.581915     -0.4278    0.463064   0.0459884    0.494855  -0.0851908       1.427   -0.238168   -0.289725  -0.0295683   0.0842129   -0.122721     0.23729   -0.159759    0.401273   -0.574596    0.346394   0.0966889   -0.522315   -0.541745    0.873292     -0.4461     1.27712
   0.307174   0.0711709    0.222579    0.937175   -0.618925    0.120946   -0.934182    -1.77094     1.08302   -0.377149   -0.725884    0.430642   -0.342721   -0.294854  -0.0608815     1.20732   -0.718238    0.102758    0.348763   -0.546473   -0.208417     1.33627    0.376605    0.837861   -0.329264    0.396331     -0.7913    0.787199   -0.295115   -0.132349   -0.208083    0.116533
  -0.148786  -0.0112354    0.532563    0.693409    0.387608   -0.824924     1.51314    0.557677   -0.579065   -0.135776   -0.280542    0.146166   0.0205835    0.650898    0.118068   -0.366076   -0.648374   0.0206706    0.738811   -0.678894    0.376943    0.242547     1.27004    0.727815   -0.559842    0.511979     1.13648    0.589658    0.148355    0.819673     0.53891    0.130807
  -0.547437  0.00735042    0.159608     1.02254     0.91107  0.00619011    0.615947    0.597109   0.0706428    0.249154    -0.34397   -0.754733    0.201054    0.310579   -0.104244    -1.33655    0.662755   0.0523224   -0.768074   0.0893534    -2.65488   -0.427905    0.565438   -0.308405   -0.811012     0.58053   -0.578194     1.46388   -0.165476   -0.218211    -1.04652   -0.268889
  -0.919081    0.291438    -1.27539    0.493067    0.467227    0.397229    0.570586    -1.35933   -0.244882   -0.307731   -0.194278    0.113114    0.346164   -0.768806    0.467251    0.647839   -0.551246    0.110431  -0.0636436   -0.653368    0.265245     1.01639    0.109448     1.35073   -0.553779    0.706334   -0.329883   -0.552964    0.258213   -0.019277   -0.655279   0.0619347
  -0.182009     1.23548    0.706081      1.5256   0.0934964    0.499589    0.641084   -0.116204   -0.423163   -0.563791   -0.917879    0.280068   -0.250872    0.296149   -0.605204    -0.21801   -0.932107    0.293198    0.471862   -0.909094   -0.223148     2.46406     1.02851    0.227097   -0.824655     1.34034     1.10505   -0.236956    0.585664    -0.19523    -1.30771    0.711106
  -0.857316   -0.203718    0.165839    0.916563   -0.395074    0.159753    -0.21064    0.104625    0.499669   -0.466528   -0.478942    -1.28932    0.757423  -0.0451512     -0.8071   -0.930672    0.679214    0.651369    0.227296   -0.461985   -0.159542   -0.753547     1.18331    0.720568   -0.383342   -0.222294    0.344351   0.0305319    0.837741    0.314609   -0.633064    -1.35555
  -0.577235     1.05591    0.129445   -0.372875   -0.483301    0.365778    0.461483    0.211532   -0.455483    0.552185   -0.342321    -1.13339    0.199712   0.0807837    0.011936    0.488354     1.54654    0.842053  -0.0338735   -0.560789    0.352688     -0.0867   -0.638002   -0.153915    0.112073    0.106287   -0.011508    0.278708   -0.070928     -1.1675   -0.115552   -0.797158
  -0.372272   -0.015033   -0.592297    0.178449    -1.54067     0.39516   -0.629875    0.168353    0.076877   0.0142977    0.322871    0.751397    0.263067     1.30984    0.241326    0.195833    0.150701   -0.328703   -0.137221   0.0468293   -0.191316   -0.687696   0.0369094   -0.590862    0.200772   -0.739629   0.0276262    0.182314  -0.0181675   -0.118987    0.577456   -0.203176
