  -0.104394    0.148289    0.426947    0.117716    0.229725   -0.238921   -0.804739   -0.687743    0.482753    0.284863    0.742448    0.192742    0.445617    0.146966   0.0602184    0.367844   0.0280449    0.159725    0.874153    0.451241   -0.226753   -0.122912    0.102155    0.196981   -0.119554   -0.148272  -0.0447156  -0.0124052     0.45461   -0.340409    0.523138   -0.939382
  -0.196422    0.278038   0.0339349  -0.0606964   -0.122145   0.0870607    0.250616   -0.409307   -0.153606  -0.0481865   -0.368738 -0.00180969    0.360748  0.00538711     0.24704    0.106879   -0.071408   0.0756623   0.0375343   0.0678294   -0.141838    -0.12579  -0.0663962    0.185891   -0.215637    0.290367   0.0553597   0.0124278   0.0378572   -0.349452    0.308603    0.133639
   0.381882    0.607227  -0.0296936    0.146233   -0.539624    0.323391    0.488348   -0.531496   -0.385401   -0.534481    0.138541    0.305277    0.288343   -0.605252   0.0669158    0.228203     0.29016     1.05293    0.447126    -0.88407    0.415476    0.331943   0.0647365    0.905643    0.793692   -0.458314    0.128774    0.622148    0.940623   -0.168152   -0.550292   -0.395116
  0.0608307  -0.0953904  -0.0812463   -0.205255     0.20457    0.188543   -0.252718     0.28374    0.234163    0.549112    -1.04291    0.177524   -0.118126    0.425692    0.557428  -0.0475621   -0.694247   -0.332863  -0.0556796    0.306801   -0.195131   -0.468659    0.371975    -1.00039    -1.08776  -0.0155034   -0.991517    0.505667   -0.219639    0.871771   -0.364243    0.361478
  -0.476549     1.58447    -1.33837  -0.0505033   0.0948183   -0.329453   -0.461616    -1.06878   -0.972473    -1.31255    -2.63846     0.13848      1.1289    0.682751   -0.492134   -0.452699   -0.495636    -1.61427   -0.406524    0.168839  -0.0983146      1.3882    0.386752    -0.54457    0.347073   -0.364926     1.19208    -0.16214     1.05462      -1.597    -1.11917   -0.249852
   -0.47683    -1.05785  -0.0861312     0.11821  -0.0256701   -0.457413   0.0432358     1.27114   -0.330938    0.534253    0.604352   -0.408052    0.275637  -0.0512522   -0.170119   -0.177626    0.149455    -1.09035    -0.21802    0.045151  -0.0272166   -0.258075   -0.428532    -0.42268     -0.1365    0.781862  -0.0919808   -0.365988    -0.10304     0.36915   -0.157514  -0.0792848
 -0.0958507   -0.492779   -0.354558     1.35774   -0.450134   -0.704979   -0.115192    0.470513    0.684472   -0.242233    0.821625   -0.187553   -0.830225   -0.589645    0.171203    0.479765    0.143425    0.940116    0.144358   0.0146946    -0.15348    -0.46202    0.328252    0.101885   -0.419667  -0.0386721  -0.0345391   -0.547809   -0.960956     1.07211  -0.0730638    0.162421
  -0.405827   -0.240661  -0.0887457   -0.158769    0.034877    0.115426   0.0912612     1.52627    0.254471    0.353536    -0.60784  -0.0770136   -0.210452  -0.0534602   -0.269222   -0.811841   -0.298594   -0.610705   -0.781038    0.513582   -0.261141    0.277457   0.0375647   -0.259779   -0.144145   0.0794312     0.23341    0.117549    0.207686    0.252343     0.14645   0.0584824
  -0.104776   0.0971823   -0.192447   -0.196784    0.632958   0.0745971   -0.198868    0.094572   0.0286212   -0.375986   -0.427828    0.128144   0.0268855    0.331961    0.275294   -0.128761    0.146197    0.182376   -0.345069   -0.100471   -0.349126    0.364523     0.14542   -0.242306   0.0730503    0.556475   -0.568782  -0.0323652    0.299999   -0.562025   -0.321021   -0.206049
   0.828586    0.229546    0.310497    0.766287    0.509483    0.410088    -0.97281   -0.219216    0.315502   -0.198054   -0.115192  0.00828701   0.0240581   -0.805225    0.317544    0.496033  -0.0200311  -0.0854319    0.899117   -0.431696   -0.348686   -0.428632    0.783742  -0.0580064   -0.327315    0.614051  0.00935566   -0.281798    0.119593    0.362545    -1.28716    0.109594
  -0.231461    -1.43225    0.728947  -0.0703085    0.261174   -0.650424  -0.0402278  -0.0700376    0.679525    0.667971     1.89737    -0.86945   -0.295696   -0.328112    0.615192   -0.105891    0.321481    0.521817    0.030217    -0.34018   -0.181565    0.464723    0.242494    0.260746   -0.794146   -0.117609   -0.674602  -0.0591262    -1.05602     1.67688   -0.433923    0.328279
  -0.327848   -0.271947    0.189668   -0.549135    0.449937  0.00763711    -0.37377  -0.0280036   -0.578232   -0.419501   -0.313045    0.225546   0.0271107   -0.431025  -0.0647606    0.128284  0.00431871   0.0990299    -0.17156    0.231932     -0.7099    0.821181   -0.144596    0.270748   -0.313875    0.634801   -0.524226    0.353397      1.2677   0.0781213   -0.453354  -0.0271319
  -0.126936    0.620573    0.329203   -0.018031    0.368558  -0.0703876    0.077191   0.0126152   -0.107384    -0.16815  -0.0507025   -0.243395   -0.197775   -0.029564   0.0168952   0.0568082   0.0409337   -0.129831  -0.0467464   -0.140555   -0.333773    0.121317   -0.188362    0.324468    0.135417   0.0840516   0.0013902   0.0190822    0.077151   -0.267107  -0.0174883   -0.262439
  -0.185858    0.465731   -0.474352   -0.937038   -0.622937   -0.429563     1.33012    0.124757   -0.293233    0.143797  -0.0971283    0.392251    0.138423   0.0316527     -1.4759    0.562024    0.131156   -0.418434    0.425842    0.249588  -0.0484475   -0.292624     -0.4028    0.811141    0.482293   -0.472478    0.105712   0.0159202    0.891329   -0.372966     1.12852   -0.313443
  -0.281725    -0.72136    0.366103    0.513268    0.872162    0.620101    -1.35642   -0.293702    0.128667    -0.24361    0.739708    0.108946    0.897249   -0.363515      1.2333    0.199375   -0.272662     1.00923    0.133156    0.145076   -0.652698    0.766943    0.382299   -0.709102    0.126989   -0.873244   -0.328579    0.516396    0.141447    0.146947   -0.426348    -0.17884
   0.662396   -0.214986     0.12096    0.450115   -0.981574   -0.541257   0.0247025   -0.332841    0.610595    0.221508      0.9755    0.151012  0.00734188   -0.555951     0.99932    0.547767     1.05347     1.41583     0.58523   -0.286266    0.341201   -0.873092   -0.392547    0.390303   0.0459298   -0.315065   -0.334443   -0.507137  -0.0261217   -0.105804    0.923432   0.0303116
   -1.03649  -0.0399943   -0.225272   0.0601941    -0.62967   -0.375616    0.946835    0.715228    0.318997    -1.15477    0.385566   -0.774602   -0.484903   -0.292595  -0.0458136    0.312748   -0.304759     1.49866   -0.936052   -0.204423    0.204026    0.377531  -0.0213894    0.579281    0.895419    0.344621    0.559218    -1.05184   0.0239833    0.528977     1.74451   -0.502612
   0.339357   -0.731458     1.18073     1.07473   -0.190431    0.650066   -0.974949    0.145457   0.0957082   -0.260894     1.64539    -0.13395   -0.101803   -0.194915     1.21501    0.993445    0.546887    0.703567   0.0832535   -0.546822  -0.0793361    0.220149    0.520385    0.303463   -0.658047    0.354946    0.175305    -1.17775   -0.441146    0.441648   -0.208801   0.0586788
   0.178534   -0.156445     0.54999   -0.669046    0.652735   0.0838754   -0.239931    -1.23775    0.173592   0.0592563    0.415426   -0.187249    0.751601    0.791865 -0.00102599    0.587733   -0.117859    0.679611   -0.275984     0.13127   -0.268736    0.516668   0.0750776    0.274425   -0.252189   -0.380605   -0.360376    0.534086 -0.00966748    0.225492   -0.489442   -0.609574
  0.0337542    -1.09815    0.267318   0.0676457  0.00654665    0.775557   -0.114256  -0.0268006   -0.100641     1.08885   -0.198857   -0.707438   -0.508367    0.538704    -0.29896    -1.21683   -0.793627    -1.02773   -0.669844   0.0999012  -0.0181529   -0.389254     0.81987   -0.992721   -0.162818    0.725891   -0.999876    0.325745    0.149436    0.833673  -0.0158961   -0.278695
  -0.510827    0.246843   -0.498539    0.535314   -0.729404    -0.23377    0.644296    0.137055    0.448248   -0.333035    0.287026   0.0532792   -0.549742    0.309362   -0.925801    -0.31206   -0.147333    0.203157   -0.173556     0.71425   -0.396089   -0.599423   -0.587878   -0.138122    0.104255    0.466275     0.19848    0.183219    0.421255   -0.326801    0.449634   -0.355229
   0.172597    0.689946    0.551036    0.458903    0.815444    0.616335    0.247822    -1.11895    -0.27642   -0.376896   -0.381405    0.116508   0.0775507   -0.126312   -0.285092    0.115113   -0.709553   -0.492736   -0.392689   -0.178953   -0.399196  -0.0430456   -0.127591    0.165767    0.135622    0.326843  -0.0165584    0.689829    0.139431   -0.614185   -0.878458   -0.156746
   0.319623    0.757136    -1.00696    0.035991    0.138442    -0.78415  -0.0763367     1.65883   -0.195727   -0.539418   -0.804468      1.1109    0.482081  -0.0241714    0.452415   -0.888567    0.227792   -0.627356    0.765803   -0.516452    0.566518    0.121134  -0.0330315   -0.047981    0.324258   0.0286414    0.242364   -0.306178    0.889048    0.496326   -0.390756    0.280409
   0.207192   -0.808932   -0.176298  -0.0560526    -1.27391    0.461098      1.2478   -0.180344   -0.471183   0.0663947    0.423627     -0.2136    -1.44383   -0.428441    0.435013     0.79286    0.847019     1.30272   -0.393074   -0.735126    0.759158    0.181536    0.217406    0.526374     1.89395   0.0737474    0.256061   -0.571992    0.269251   -0.332111    0.971421   -0.617616
  -0.627113    -1.77907     1.01503   -0.347784    -1.37812   0.0448719     1.09433    0.373999   -0.337137      0.3745     2.01855    -1.07542     -1.3569  -0.0152259   -0.514556   -0.231215    0.694539    0.980899     -1.1498   0.0247325     1.05226   -0.452605    0.477066     1.06804   -0.371748    0.116461    0.157784     0.34559   -0.542787    0.378109     1.08916   -0.645415
  -0.607485   0.0166187    0.334512       1.355    0.847962    0.446694   -0.624741    0.712142    0.773633   -0.318329   -0.500579   -0.718164   -0.249339   0.0541097    0.988207    0.049461    0.165847     1.30853   -0.445683   -0.017554    -0.10709  -0.0785341    0.217132   -0.108377    -1.19309    0.731432   -0.361855     -1.4818   -0.329619    0.832778   -0.946303     1.56406
   0.365624   0.0637555    0.265953      1.0177    0.174245   -0.283657   -0.377028    0.718392   -0.641429    0.100314   -0.808412    0.585034   -0.343882   -0.856914    0.658047   -0.298307   -0.232655    0.127343    0.675345    0.289012   0.0581411    0.303837   -0.368684   0.0654095   0.0527114    0.805799  -0.0196395   -0.312796   0.0721912    0.185137     0.18211    0.438419
   0.574379    0.355491    0.143638    -1.55009  -0.0370171   -0.426449     0.53711 -0.00915656    0.140836    0.563255    0.398145    0.452904   -0.509168    0.300696    -1.12342   0.0854846    0.471318    0.203962   0.0921991   -0.528017     0.69272   -0.210587   -0.598115    0.531934    0.672485    -1.31874   -0.561732    0.354304   -0.152764   -0.678264    0.380859   -0.517477
  -0.623054    -0.54234    0.531164   -0.281077    -1.13451   -0.296162    0.452837     1.15201    -0.88727  -0.0623198     1.42876   -0.292439    -1.43178      0.1764   -0.166459   -0.221915    0.387422    0.365077   -0.292271   -0.419214   0.0624447   -0.131541   -0.660774    0.188357     1.28926   -0.163615   0.0596901   -0.771293    0.363781    -0.63142     1.04182   -0.923675
   -0.70702   -0.950978    0.126738    0.625917    0.903771    0.119308    0.043415    0.673457    0.454926    0.566896  -0.0938068   -0.216437   -0.129396      0.4904    0.549025   -0.606488    0.321537   -0.427083   -0.738957   -0.229892   -0.842014    0.749528    0.161378   -0.709037    -1.06942    0.437104    -1.11744     0.30171  -0.0588802   0.0131644    -1.54191  -0.0812345
  -0.179275     -1.6389    0.796806    0.204668   -0.542838    0.737685    0.224469    0.621672   -0.473658    0.577463     0.71881    0.101385    -1.45647  -0.0116774   -0.127839     0.12436    0.434406    0.522015   -0.467651   -0.376645   -0.776781   -0.232683   -0.028814   0.0241814    0.889898   0.0655568    -1.28825    0.102334   -0.255335    0.739273   -0.332974   -0.735382
   0.952827    0.470486   -0.791092    0.937945     1.17732    0.181818    -1.67441   -0.258884     1.05232  -0.0566878     -2.6007    0.178725    0.996808    0.110773    0.521295    -1.01116   -0.125915   -0.785184  -0.0604023    0.227999   -0.599522    0.113887  -0.0820258   -0.331471    -1.68124   -0.364144     0.38622   -0.596567    -1.80796    0.735373   -0.191342   -0.466921
