  0.0853241   -0.529662   -0.289062   -0.264686    0.385251   -0.329306   -0.507058   -0.197851    0.188378    0.740212  -0.0113396    -0.45674    0.503237    0.310828   -0.460471    -0.33815   -0.368192  -0.0173486   -0.462819   -0.175009    0.535116    0.275445   0.0539111   -0.577448    0.493623    0.354016   -0.346704    0.385964    0.175428   -0.594261   -0.296834    0.518238
   0.270071    0.574342   -0.195933   0.0630853   -0.218981   0.0677722  -0.0174269   -0.423656     0.37479   -0.185648     0.36824   -0.118915   -0.230999   -0.461227   -0.442302    0.216078    0.422109    -0.27472   -0.815015   0.0744582   -0.265251   -0.289982   -0.492079   0.0257384    0.346062   -0.164391    -0.30902   -0.303251   0.0464162  -0.0391775    0.143108   -0.379031
   0.041482   -0.158784    0.664819    0.192303   0.0246115    0.172131   -0.673587    0.261301    0.489906    0.165561    0.092656   0.0522235   -0.547073  -0.0616908   -0.653644   -0.129524   -0.145647   -0.765426   -0.150642    0.296521   -0.345239    0.124298    -0.21831    0.178254    0.260774    0.177053   -0.307613   0.0243785  -0.0973408   -0.808677   -0.761961    0.818972
   0.517035   -0.267587   -0.427011   -0.460458   0.0175393   -0.202269  -0.0779596    0.160775   -0.530634    0.152482   0.0191886   -0.117829    0.823229    0.578128    0.150591   -0.562604    0.110061   -0.413606   -0.262758   -0.680933   0.0218377    0.512785   -0.171209   -0.126018   -0.443928    0.274563   -0.503157   -0.234065  -0.0760529   -0.159447  0.00784535     1.07905
 0.00197824    -1.32837   -0.695734  -0.0336899   -0.266334   -0.192739  -0.0626446  -0.0369011   -0.775298    0.218837   -0.308669    0.613875   -0.338484   -0.323414  -0.0425727  -0.0132838   -0.107833   0.0371114    0.175369   -0.500235    0.298904   0.0606617    0.175086   -0.589305   -0.636666  -0.0836727   -0.591482   -0.439126    -0.15079    0.176896  -0.0269319 0.000917606
   0.066752  -0.0636246   0.0890997   -0.101464   -0.266483  -0.0778505  -0.0424414    0.155877   -0.644083   -0.704284    0.437134    0.396037   -0.529539    0.116976    0.900963   -0.376081    0.218433    0.304139   -0.266722    0.497264   0.0731481   0.0659469    -0.14772    0.383326  -0.0997782   -0.414195    0.116904   -0.151973     0.42206   -0.580247   -0.342434   -0.442721
  -0.265259   0.0326175   0.0816537   -0.716304    0.227919   -0.253963   -0.248291    0.084545    0.041283    0.140015    0.605896  -0.0157912   -0.345855   -0.205176    0.197346    -1.08251  -0.0132373    0.567728    0.958168   -0.131222     0.47842    0.174794   -0.318797   -0.662147  -0.0866488    0.117398   0.0492922    0.449124    0.075028   -0.370919   -0.929578    0.261343
  -0.306191   -0.257703   0.0547355    0.488278   -0.271939   -0.406603    0.196086   -0.772257     0.28825    0.341189   -0.203863    0.638312  -0.0149641    0.580035   -0.597711     0.50931   -0.114856     1.18882       0.227    -0.09381   -0.292805   -0.975389    -0.06477   -0.607522   -0.366189     0.63612    0.256072    0.458198    -0.41596    0.224744   -0.521107    -1.24713
   0.329139   0.0356838    0.204638    0.271137   -0.259143   -0.143978    0.384329    0.140628   -0.999502   -0.186581    0.464356   0.0908534   0.0901501   -0.245692   -0.258676   0.0423921    0.108139    0.684547    0.547834 -0.00791171  -0.0657894    0.305508    0.597644  -0.0701416   -0.608237  -0.0570512   0.0517565   -0.247951   -0.151283   -0.116317     0.70385    -0.26284
  -0.129351   -0.518213   -0.852491    -0.29841    0.261177   0.0689786  0.00248697     0.71123    0.121977   -0.175829    0.416678    -0.43822    0.525125    0.118582    0.310083   -0.393796     0.54297   -0.374624    0.278085  -0.0204022    0.675586    0.440713    0.388758   -0.247834   -0.521562   -0.193503    0.458768   -0.157477    0.199984   -0.105061    0.145898    0.539635
  -0.367163    0.272328   -0.315078    0.427075   0.0146652   -0.719221   -0.575016  0.00318218    0.372015  -0.0871137   -0.644011   0.0559872    0.191746   -0.386739    0.355883    -1.30462   -0.197999      0.3723    -0.65348    0.705603   0.0303042    0.382499    -0.23063   -0.193801   -0.906875   -0.228822     0.36607    0.112826   -0.414919   -0.627066   -0.370867   -0.491368
  0.0624551   0.0255708   -0.365975   -0.302007     0.78824   -0.356831    -0.10167   -0.129095   -0.182356   -0.224461   0.0249143    0.332086   -0.547107   -0.121502  -0.0500315   -0.257415    0.480112   -0.265185    0.426856   0.0412091    0.617487     0.12739    0.574676   0.0576606   -0.202703     0.12589     0.13448   0.0239766    0.282581   -0.690891    0.248638    0.192916
  -0.728591    -0.30481   -0.111152   -0.412357    0.555171   -0.284302   -0.150126     0.45776   -0.328623   -0.497506   -0.169148    0.308498   -0.499878   0.0403735    0.920679    0.033655   -0.461177   -0.115609   -0.113157  -0.0094435    0.634829    0.626157    0.143723  -0.0224403   -0.467565   -0.796635     -0.0108    0.180181   0.0462928   -0.959017    0.367945    0.582548
  -0.618186   -0.646415   -0.125074    -0.38741   -0.596472    0.213433    0.342638   -0.187309   -0.263562    0.102875    0.517007   -0.723786    -0.24568   -0.186528  -0.0612213  -0.0504341   -0.224135    0.579833    0.112624  -0.0652233   0.0352075     0.29054    0.291964   -0.186218   -0.323585   -0.245226   -0.476375  -0.0620598   -0.366441   -0.258744    0.366612    0.515292
   0.464242    0.239634  -0.0556291    0.222147   0.0770973   -0.286016    0.364159    0.233151    0.413521   -0.195253  -0.0521578  -0.0593989    0.127296    0.901522     1.38825    0.129783    0.183573     0.33687    0.473864   -0.458278   -0.652566  -0.0429201    0.878331   -0.674763   -0.221055    0.524025    0.397483    0.588545   -0.358486    -0.27374   -0.285707    0.112954
    0.58388   -0.395354   -0.596429    0.356639   -0.445685   -0.533928   -0.370461  0.00342347    0.754188    0.474528    0.207708   -0.166211    0.938594     -0.1939  -0.0458815   -0.280555    0.131953   -0.235116  -0.0626386  -0.0154754   0.0537552   -0.297951    0.312716  -0.0497829   -0.110352   -0.456611    0.234297     0.34722    0.370807    0.866316    0.136715    0.362679
   0.215417     0.35927  -0.0365362    0.394532     1.20839   -0.523358    0.517059  -0.0673139      0.4908   -0.176395    0.410947    0.778283    0.493826  -0.0330667  -0.0210439  -0.0759675    0.546081    0.447134   -0.332405    0.534959   -0.229424 -0.00143861    0.250705  -0.0179197  -0.0384631   -0.362175    0.228727    0.213757     0.40745   -0.152838  -0.0432179   -0.426884
   0.186857   -0.219789    0.160175   -0.325638    0.283193    0.471954   0.0185865    0.147501    0.547989   -0.245715  -0.0162855   -0.329863    0.217528    0.358571   -0.516694    0.107012   -0.294446   -0.671245    0.101987   -0.305789  -0.0438511     0.48606    0.549432   -0.473445    0.100911   -0.383458     0.17945    0.204671     0.69133   0.0784243    0.111998   -0.082116
   0.733877    0.074511    0.386521   -0.890692   -0.465828   -0.244801   0.0221412  -0.0806208   -0.668957    0.494261   -0.233258   -0.380276   -0.824958    0.128099    0.169603    -0.74762   -0.395505   -0.615782   -0.220149    0.223769    0.226874    0.226321    0.295895    0.314955   0.0718727   -0.241902  -0.0997685   -0.875253   -0.239476    -0.02292  -0.0452849    0.632018
   0.565682    0.404455   0.0535801   -0.588491   0.0878354   -0.172837   -0.376108   -0.172468    0.387899    0.171569    0.217126   -0.156912    0.294542    0.299648   -0.180094   -0.431095   -0.275013   0.0218144    0.450309  -0.0398589    0.241087    0.362443     -0.1069   -0.260473     0.10381    0.143148    0.478517    0.046814    0.410495    0.471577    0.235989   -0.337008
  -0.157059  -0.0987375   -0.519006  -0.0668723   -0.243189   -0.148657   -0.342534   -0.141993    0.565567    0.540376    -0.43992   -0.307111    0.462441    0.441491   -0.195472     0.14922    0.368919     1.05706    0.101544   -0.262192    0.168643    -0.21487    0.308358   -0.240453   0.0658806    0.361311    0.311976    -0.50159    -0.54367  -0.0517129   -0.864963   -0.661871
   0.146531   -0.359042    0.191973   -0.232773     0.16682    0.246435   -0.187527   0.0492484   -0.191815   0.0855039    0.559451    0.523763   -0.890623    0.162138    0.515778    0.539008    -0.13167   -0.101672  -0.0714142    0.498871     0.32798   -0.400185   -0.161713    0.829811     0.30262   0.0190407  -0.0916554    0.163726    0.327333    0.453794   -0.349613    0.533313
   0.461915    0.128914   -0.239408    0.402216 0.000262721    0.357398    0.680132    0.374814    -0.10415    0.830229  -0.0458925     0.13565    0.305625    -0.41686   -0.303037    0.209019   -0.144263    0.835923   -0.129037    0.125473   0.0393259   -0.858747   -0.350338  -0.0185442  -0.0703886   -0.464345   -0.261071   -0.719917    0.210788  -0.0751941   -0.350466  -0.0413032
   0.279787   -0.354311   -0.665168   0.0723128   -0.386029   -0.183912   0.0823821    0.137231   0.0235047    0.304624    0.751344    0.181458   -0.142414    0.989095    0.131509    0.143235    0.215445    0.327797    0.341271   -0.177562  -0.0473193   -0.366046    0.262841  -0.0582958   0.0944013    0.384075   -0.199305    0.281488   -0.692164    0.888148   -0.539072   -0.334137
 -0.0123353   -0.367432    0.362297  -0.0283351   -0.595986    0.955519    0.222957    0.127744   -0.759447    0.450401   0.0994366   -0.140407    -0.37754    0.262835    -0.27484    0.260669   -0.123131   0.0934394   -0.198178   0.0373307  -0.0351002    0.853458   -0.132223  -0.0742628   -0.146143    0.582965    0.123592  -0.0674824    0.195972   -0.375772    0.227536    0.886105
   0.444377   -0.228912    0.155667  -0.0588553     0.10582   -0.360119    -0.18351    0.585202    0.155692   -0.530448    0.095989   -0.883394    0.186613   -0.308126    0.769968   -0.225543   -0.309573    0.672484    0.152734    0.263579     0.20847    0.242763   -0.664476    0.396726   -0.147164    -1.08279   -0.488754    0.882639   -0.185005   -0.356969    0.179252    0.855603
   0.682898   -0.334522    0.011982   0.0170792   -0.119366    0.250212   0.0786537   -0.400501    0.303973   0.0840596   -0.313051   -0.162636   -0.267176    0.947616     0.94292    0.255005    0.587266     0.21646   -0.593719    0.151271   0.0828598    0.114042    0.302738   0.0642594   -0.874658     0.70343    0.418312    0.509353    0.376249    0.678132    0.654573    0.501415
 0.00768926   -0.284785     0.22077    0.401374   -0.342783   0.0929957   -0.708185  -0.0251458   -0.152699   -0.134212  0.00594927  -0.0439183    -0.38897  -0.0510776    0.174215   -0.273938    0.213894     0.42804     -0.5622    0.441316   -0.181669  -0.0435573 -0.00192701  -0.0102677     0.11838   -0.521243   -0.785934    0.304497  -0.0960484   -0.610308     0.13132     0.93798
   0.274535   -0.829362   -0.251006     0.12687   -0.027503    0.159719     0.22793    0.096825   -0.409217    0.137083    -0.61297    0.208099   -0.556993   0.0995194    0.112395   -0.397706   -0.217335    0.174726   -0.481412    0.350503    0.323215    -0.23288   -0.045122    0.313742 -0.00354583   -0.292865  0.00975308    0.336598    0.117269   -0.250554   0.0183385  0.00609075
   0.236069   -0.128477   -0.294395   -0.108184    0.126338    0.569087    0.282901   -0.350977   -0.355475   -0.352442   -0.208141    0.244902   -0.250068    0.414373    0.148675    0.044069    -0.24115    0.278661   -0.176187   -0.304631   -0.420181   -0.332115    0.420788   -0.270998    0.150353    0.587835    0.289446   0.0679992    0.181136   0.0741713   0.0975052   -0.668703
  -0.223172    -0.42319    0.361611    0.196289    0.336964    0.421315   -0.416937  -0.0283181    -0.63869    -0.28665    0.117361  -0.0281367   -0.263614   -0.752417    0.836173   -0.174493   -0.244591     1.03938   -0.209508   -0.278291    0.324219    0.298809   0.0949991    0.191976     0.46852   -0.196494   -0.463329   -0.253901   -0.137659   -0.674257    0.848336     0.40956
  0.0982128   -0.581722  -0.0655011  -0.0656567   -0.195639    -0.53593   -0.134386    0.133038   -0.337877    0.494972   -0.558602   0.0585735   -0.326571    -0.51629   -0.704111   -0.369913   -0.585453    0.057214   -0.141598  -0.0377357 -0.00796051  -0.0421854     1.01936   -0.415273    0.361841   -0.435217  -0.0806513   -0.406653   -0.504584    0.116641    0.779597  -0.0465724
