 -0.00313754  -0.00940265  -0.00628483  -0.00876251   0.00209591   0.00304527  -0.00838364    0.0035637    -0.004265   0.00777394   0.00798155 -0.000258135  -0.00889682   0.00706934  -0.00988747  -0.00859199  -0.00295203  -0.00381912   -0.0024828   0.00483466   0.00888527  -0.00059869   0.00982185   0.00951047  -0.00218765  -0.00381284   0.00510411   0.00172261  -0.00330674   0.00728167  -0.00962474   0.00355572
  0.00787902  -0.00590957   0.00479321 -2.50712e-05    0.0071357   0.00640957  -0.00646137  -0.00712929    0.0041835  -0.00847982   0.00261257   0.00528668   0.00858952   0.00272511   0.00669469  -0.00436252   0.00890598  -0.00578811  -0.00952786   0.00779126    0.0036132    -0.009706   0.00730173  -0.00857445  -0.00351884   0.00240584   0.00314816   0.00317441 -0.000312491   0.00352342  -0.00326986  -0.00243347
 -0.325005    1.15987  0.0374483   0.144957   0.482765  -0.461612  -0.209662   0.315284  -0.165534 -0.0555359   0.525052  -0.994855    0.44366   0.373107   0.298586   0.613615     0.5151  0.0770876 -0.0286725 0.00704502  0.0708435  -0.289381   -0.56917 -0.0202959   0.350023   0.217439   0.154539  0.0979105   0.100617   -0.21121   -0.53554  -0.525641
 -0.522648   0.641012  -0.457451  -0.536468  -0.649523  -0.571987   0.402594  -0.191039   0.338546   0.157917 -0.0721178   -0.30847   0.115574  0.0492691   0.952974    1.36122    0.51262  -0.915641 -0.0243872  -0.131552   0.289482  0.0309621  -0.210567  -0.411964   0.733438   0.221896    1.14855   0.128428  -0.672826  0.0249252  -0.688905  -0.737027
 -0.229668   0.653769   0.477396  0.0496668  -0.385397  0.0199764 -0.0131475   0.156917   0.948392 -0.0541241   0.258274  -0.105318  -0.315124    0.26237  -0.176139   0.649732   0.478221  -0.499182  0.0832844  0.0496196  -0.445935  -0.412941   0.120722  -0.556881  -0.122197   0.382134   0.293018   0.123043   0.801127  -0.109451   0.651465  -0.778496
 -0.582037   0.447402   0.242386   0.155205  -0.486011   -0.75851 -0.0554988  -0.199545   0.410656   0.450234   0.737932  -0.101226  -0.136436   0.318066 -0.0361343   0.820609    0.82347  -0.401145  0.0425145   0.634946   0.164366  -0.398167   0.259387  -0.195549   0.621075  0.0965295   0.329296   0.272214  -0.123712   0.412645  -0.184814  -0.252614
  0.443788   0.447057  -0.259729   0.247465  -0.815929  -0.437956   0.554426   0.232201 -0.0964287   0.613366   0.621306   0.374139  -0.642972   0.615167  -0.056233   0.487316   -0.10747  -0.837059  -0.302269   0.813736  -0.231071   -1.04088   0.359409  0.0794182    1.14149  -0.256875   0.113093  0.0201401 -0.0421131   0.754569  -0.516595  -0.465462
-0.717213  0.391888  0.519493  0.162963  0.529427 0.0154544 -0.115937   0.21682  0.245702  0.190062  0.956492  0.774583 -0.427344  0.232758 0.0278225  0.836862  0.320288 -0.723147 -0.107204  0.901039  0.170375 -0.780329 0.0809808 0.0922818 -0.210631 -0.590628 -0.172948  0.779663  0.444287 -0.916117 -0.779815 -0.529041
  0.0440287    0.983753   -0.168895   0.0252821    0.356561   -0.212343   0.0996182    0.121892 -0.00964666    0.126636    0.253953    0.490537   -0.246132    0.514624   -0.448519    0.552623    0.496827    0.483447    0.232119    0.384288    0.387125   -0.221036    -0.21174   -0.271837   -0.531758   -0.380337    0.535597    0.110586   -0.174019   -0.372627   -0.632597    -1.18118
 -0.519728   0.446764 -0.0397645 -0.0974288  -0.119067  -0.188234   0.647392  0.0286543    1.01592 -0.0683487   0.254586  0.0942632  -0.587779   0.470781   -0.56792   0.430137    0.17077  -0.469941  -0.338681  -0.105691  -0.343729   0.178527  -0.573445  0.0761987  -0.198459   0.489665   0.374988   0.908903   0.632711   0.249028   0.485083   -1.03731
 -0.904637  -0.247727   0.737547  -0.248889   -1.03427  -0.653463   -0.98289    0.91961  -0.734716  0.0202056     1.0669    0.20708  -0.432024  0.0153312   0.740824  0.0383097  -0.187017  -0.478667   0.187384   0.796594  0.0314754   0.762554   0.290381   0.366651  -0.159763   0.513855 -0.0343784  -0.725315  -0.246813  -0.658964  0.0802494   0.938763
 -0.0491482   -0.317094   -0.722361   -0.124667    0.309662   -0.434823    0.353003   -0.188781    0.287244  -0.0503172    0.455171   -0.316832    0.735889  -0.0719215   -0.311252    0.523077   -0.283705   -0.422162    0.398915   -0.853143   -0.517331    0.648693   0.0962141   -0.481134   -0.231326    0.085348    -0.10268    0.236479   -0.243903 0.000118849   -0.417778   -0.310734
   0.856162   -0.171599   0.0297921   -0.336898  -0.0324501  -0.0603947   0.0962536    0.591955  -0.0766564    0.156871    0.687939    0.365469   -0.104826    0.430974    0.605696   0.0952162    -0.08543    0.864435   -0.185591 -0.00932495    -0.67503   0.0660159  -0.0681831    0.272344    0.357519    0.271424    -1.36117   0.0587887   -0.151403    0.340743    0.498981   -0.938076
 -0.190321   0.230014    -0.4197 -0.0265288    0.28168  -0.187923  -0.144306  0.0158946   0.213719   0.292865  -0.356031   0.245684  0.0226841  -0.285504 -0.0982801  -0.798022  -0.266721   0.530911  -0.295291   0.069192   0.639732 -0.0700538 0.00654618  -0.515402  0.0801742  -0.289862   0.124224 0.00561316  -0.416596  -0.768481  -0.729671  -0.491772
 -0.0300706   -0.243481    0.435554 -0.00810315   -0.322368     0.25652    0.679378   -0.893897    0.155543   0.0595254   -0.670919   -0.314775   -0.751059    0.253794    -0.34064   -0.444518  -0.0294399    -0.40802     0.41548    0.288903   0.0281639  -0.0378057    0.316023    0.281931   -0.369646    0.914244    0.141949    -0.18977    0.270747   0.0304844   -0.462612 -0.00947584
0.00954016  -0.463731   0.252032  -0.380634  -0.522043   0.479568  -0.531075  -0.159752   0.302974    -0.7769   0.621208   -1.11532  -0.779557  -0.292681   0.146024   0.572629   0.940013    1.07026   0.522066  -0.309456   -1.06652   -1.39192  -0.129303   0.381178  0.0355915    0.73407  -0.229225  -0.156037   0.420841  -0.680689  -0.158962    0.32386
  -1.64972  -0.431986    0.26291  -0.317614  -0.592095 -0.0391433  -0.913691   0.548998   0.195971  -0.758513  -0.243166   -0.89102   0.740031  -0.248672     0.4206   0.187381  0.0651596  -0.341386   0.212251   0.516931   0.594498 -0.0123837   0.336607   0.961639  -0.473932  -0.979575  -0.541569  -0.221044  -0.259037   0.312211    1.24471   0.130181
  -0.227092   -0.848946    0.646972   -0.127516   -0.213935    0.785234     1.09364   0.0281395    -0.25748    0.510613   -0.777498   -0.627178    0.532352   -0.491176     0.57203     1.42824   -0.825349    0.958817   -0.571036 -0.00224343   -0.275431    0.192668   -0.235505    0.337107   -0.402638    0.154735    0.109492   -0.706796    0.476026  -0.0663892 -0.00929097    0.120505
-0.0574356   0.429424   0.581708   -1.12048  -0.284859   0.359281  -0.159232    1.13958   0.313148   0.655928  -0.181239   -1.54846   -0.12014  -0.379278   -0.86167   0.123889  0.0352734  -0.329559  0.0224807  -0.267919   0.725031   0.734325  0.0936005  -0.497329    1.30281  -0.787319  -0.420232 -0.0143201   0.382396 -0.0508099   0.322555    1.77262
0.00771393   0.067216  -0.612473  -0.156572   0.362867   0.495968   0.398023  -0.555063   -1.76104 -0.0944541   0.811038  0.0391598   -0.76178 -0.0943688   0.236406  -0.189612   0.830334  -0.901309   0.225375  -0.663111   0.743396   0.213803  -0.120761  -0.159043 -0.0312701  -0.650404  -0.411146  -0.679936   0.629716  -0.355232    0.40151   0.575808
  0.794277  0.0615414  -0.241744  -0.714436  0.0402742  -0.512813    0.10678  -0.125235   0.398779  -0.119261   0.759729  -0.254432   0.306907   0.649147    0.50224  -0.235174   0.294071  -0.175282   0.194428  -0.356486   0.046023   -0.16666 -0.0315404  -0.161865  -0.408603 -0.0267541   0.445604   0.845316   0.459739   0.713336 -0.0238308  0.0802762
  0.27004  0.972786  0.315211  0.832387 -0.491742 -0.674583 -0.425322 -0.935706  0.206639  0.971505  0.390903 0.0812487   1.20426   0.73494 -0.631884   0.61232   1.35347 -0.807618  0.374413  0.248565  0.072691 -0.389164  0.345992  0.206448   0.80823  0.663876  0.782819  0.217753 -0.187472  0.206356 0.0467077 -0.207186
 -0.697448   0.998803 -0.0670915   0.195596  -0.483632   0.124605   0.283472 -0.0627199   0.540659   0.458717     1.2057  -0.365488  -0.448228    1.16285   0.180372   0.295636   0.755035 -0.0335433  -0.101524   0.225083  -0.314935  -0.432924 -0.0752684  0.0944189  -0.520918   0.392687    0.56712   0.537534  -0.355854  0.0200381  0.0464457  -0.215904
  0.294698   0.138245   -1.28334  0.0126801   0.164788  -0.320111   0.208489   0.237267   0.126513  -0.637231   0.475957   0.290802  -0.458567  -0.405222    0.16077   0.950225    0.43256  -0.536975   0.196054   0.989516   0.196406  -0.556664 -0.0364538    0.38732 -0.0233094   -0.41012   0.619143  -0.650215   0.414577   0.552751  -0.303036  -0.236943
  0.183499    1.00001    0.45892 -0.0969339  -0.271645  -0.493952   0.250329  -0.460286   0.022989   -0.34721    0.66764  0.0515163  0.0309048   0.604266  -0.448671   0.335395  0.0445058  -0.317629    0.41248 -0.0368507  -0.561595  -0.203866   0.208682   0.298268   0.190941   0.548674   0.590226   0.138068   0.617646   0.438018   0.412071   -1.16463
 -0.520064    1.02429    -0.3232   0.625198  -0.364769  -0.196463   0.322834   0.195874   0.495177   -0.22617   0.657614  0.0996796   0.490401  -0.210277   0.197766   0.279862    1.58403 -0.0578719  -0.440639   0.353391   0.116069   0.352981  -0.225701  -0.211853  0.0128991  0.0614126    0.73958  -0.394063   0.279451 -0.0702451  -0.415173  -0.454722
  0.324832  -0.900597  -0.787229   0.152799  -0.305191  0.0852879  -0.487866  -0.287403    0.27599    0.25522   0.158342 0.00886439  0.0185094  0.0979474  -0.487262  -0.379124   0.390391  -0.177524   -1.09382   0.453366  -0.295573   0.031298   0.376053  -0.481285 -0.0558622   0.873074   0.771881   0.479102   0.067099   0.185869   0.870323  0.0451033
 -0.513144 -0.0906987    0.36223   0.476481   0.528162   0.456033  -0.427283  -0.123112  -0.253667   0.621503   -1.03318   0.726207  -0.165852  -0.806357  -0.826345   0.487328  -0.285822  0.0917365  -0.291328 -0.0189263  -0.260806  -0.856416   0.488274 -0.0883802   0.458886 -0.0644045  0.0290657  -0.963414  -0.773261   0.547207   0.620147  0.0740823
-0.00116043    0.828795    0.552714    0.156193   0.0377072    0.221158  -0.0452936   -0.557497  0.00786764  -0.0736837    0.104965    0.257102   -0.309534 0.000626778   -0.151219      1.0899    0.621252   -0.681235   -0.169851     0.19986   -0.295916   -0.502214    0.349526 -0.00223986    0.171025   -0.369888    0.213744   -0.098889   -0.146244     0.45205    0.108894   -0.900258
  0.885678   -0.14723   0.237068  0.0392272  -0.725934  -0.370924  -0.779662   0.093928   0.277968   0.442486  -0.567487  0.0236446  0.0305091  -0.173942  -0.233175  -0.292594 -0.0589043  -0.432095  -0.299903   0.251294 -0.0194894  -0.445223  -0.653279   0.549856  -0.800853 -0.0816408  -0.679744   -0.37547   0.297516   0.754048  -0.672945    1.13628
 -0.162056  -0.257401   0.456588    1.14603  -0.513744 -0.0230123   0.322376   0.129794   0.169906   0.429746  -0.394794  -0.518669  -0.886422   0.465461  -0.131989  -0.534602  -0.401309    0.66991   0.101777   0.150296   -1.02717  0.0182801  -0.746349  -0.160472  -0.557026  -0.788136  -0.117846    0.88997 -0.0878303   0.304991   0.414304   0.354079
  -0.56733   0.937338  -0.450118  -0.196415   0.462501  -0.502064   0.804453   0.270455   0.126389  -0.964622   0.171667  -0.525338  -0.422997   0.167784   0.638273    1.01848   0.544108   0.353918  -0.278393    0.22236  -0.688578   0.339721  -0.114585  -0.603104  -0.489313   0.933347   0.777666   0.050137 -0.0733813   0.030906   0.370901  -0.562335
-0.0140134   0.301091   0.490491 -0.0584599   0.250506    1.14825   -0.91725  -0.710556  -0.208711  -0.854595   0.172022   0.316378  0.0654533  -0.138659   0.520693  -0.211959  -0.962824   0.786204  -0.470526  -0.246843   -0.12918   -0.35977  -0.708692  -0.548999   0.727129  0.0905291   0.143602   0.165224 -0.0154498    1.31862   0.355036   0.526367
  0.493603  -0.780104 -0.0319269   0.885544   0.629126   0.133567  -0.209578 -0.0452231  -0.115917  -0.452865  -0.770668    1.23585   0.337167    1.04968    0.26789    1.04157  -0.208776  -0.157405 0.00481572   0.105626   0.616047   0.833132    1.21823   0.187027   0.802703  -0.500916    0.60035    0.51197    0.69289   0.499954  -0.136893   0.376675
 0.931666  0.573927 -0.427167 -0.528463 -0.886872   1.48469 -0.674931  0.862834 -0.947345 0.0783083 -0.150879  0.677811  0.810727 -0.346614 -0.627163 -0.855261   0.47889  -0.48761  0.308413 -0.769055 -0.838825  -2.33576   -1.3554 -0.886115 -0.418594  0.525503   -1.7478   0.16847  0.748927 -0.301833   1.29885 -0.869679
-0.0788494    1.06954   0.235463   0.526986  -0.274243  -0.336727   0.202211  -0.233229   0.508263 -0.0532076   -0.33104  -0.573407 -0.0309563   0.883156 -0.0758367   0.223262   0.731956  -0.520258  0.0865041  -0.274968  -0.282179  -0.577781    0.22087  -0.215009  -0.003877   0.591943   0.154874    0.34369  0.0375972   0.140073 -0.0585069   -0.74955
  -1.06046  -0.366001   0.982384  -0.596558   0.628683  -0.527684  -0.444456   0.255765 -0.0732141  -0.556705    0.13267   0.509238  -0.486675  -0.667019    1.04862    -0.3252   0.504922   0.742482   0.204072  -0.088094    0.56684   0.812844  -0.467612   0.456883  -0.702237   0.097638   0.629079   0.217618   0.650437   0.640346   0.442668   0.180301
-0.137753  0.869061  0.103281  0.478469 -0.427564  0.133325 -0.362937  0.208609  0.687872 0.0068038  0.511069 -0.204341  0.559862  0.557087 -0.311366  0.505939   0.34959 -0.417098 -0.101404  0.269496 -0.224078 -0.288354 -0.392872  0.160269 -0.235202  0.724766  0.328892  0.205918 0.0959015  0.594772  0.327753 -0.682506
 -0.565875  0.0572075  -0.100857  -0.158685   0.526087   0.577887    0.25828    0.32326   0.174528  -0.999711  -0.948756 -0.0147598   0.401766   0.870809      1.003  0.0739212   0.310652   0.706593   0.371258  -0.651365  -0.126811  -0.266102 -0.0331597  -0.158438  -0.980128   0.743605  -0.274479    1.01931    -0.6113   -0.24558   0.180345      1.636
   0.547311    0.787224    0.414669    0.124689  -0.0341403   -0.805213    0.534868    0.182358    0.485343    0.366129    0.495516  -0.0995251    0.265002    0.420735    -0.52386   0.0866099    0.177809   -0.267354   0.0625915   -0.331244   -0.835873   -0.339311   -0.145121   -0.424202     0.15067    0.555094    0.362227    0.676887    0.457213 -0.00393422    0.974232    -1.23082
 -0.0551412    0.533512    0.599018 -0.00199589   -0.617319   -0.824153  -0.0676785   -0.697511    0.160553    0.387101    0.159576   -0.143814  -0.0363037    0.813196   -0.597449     1.00799    0.552842   -0.752674    0.514152  -0.0372518  -0.0830697   -0.315802   0.0280983    0.290882   -0.394894   -0.172812    0.318754    0.069612   -0.113667    0.301262    0.441533   -0.858417
-0.0982015   0.598067   0.252827    0.19736   0.326213  -0.345581  -0.225575  -0.470039   0.352045  -0.244623   0.161566   0.120491  -0.583631   0.302743  -0.553404    1.00703   0.565979  -0.286547    0.39297    0.69229 -0.0081382  0.0358491  0.0891661 -0.0501304   0.262017  0.0837591    1.10041 -0.0625289   0.555109   0.503677   0.170163  -0.827137
  0.458829   0.558001   0.334234   0.139638   0.922276   -0.09673  -0.120884   0.100502   0.451332   -0.52475   0.149867   0.140301 -0.0667034  -0.635782   0.119909  -0.282407 0.00269545  -0.464549  -0.543025   0.997866  0.0191582   0.183991  -0.690094    1.02151    0.78834  -0.531365  -0.322016   0.475978  -0.185717  -0.887872   0.407136   0.364367
   0.230644    0.705757    0.690082    0.447182   -0.533213   -0.638703   -0.150024   -0.418174   0.0389575    0.340242    0.169742    0.693706    0.274791    0.889956   -0.499233    0.880277     0.66339   -0.672153  -0.0285752    0.346429   -0.347459   -0.417582   -0.613386   -0.361236  -0.0177279    0.523739   0.0804894   -0.397344    0.954199  -0.0526375 -0.00989028    0.260436
  -0.97308  -0.367212   0.412492 0.00669673   -1.39563  -0.459129  -0.366651 -0.0138738  -0.184846  -0.489585   0.990262  -0.277425  -0.429869 -0.0857603  0.0766035   0.415676   0.384512  -0.107623  -0.668509   0.533797    1.16363   0.282416  -0.170324   0.164216   0.304992   0.373652    0.19496   -0.29533  -0.378631   -1.15383   0.217124   0.181187
-0.427983 0.0770271  -0.75456 -0.216902 0.0844101 -0.435613 -0.486008  0.841286  0.012581 -0.445531  0.754088   -0.3631   0.11119  0.635401  0.583583   0.16936  0.539288  0.242359 -0.536296 -0.422594 -0.368378  0.415819 0.0154158  0.138683 -0.316685    0.4005 -0.154844  0.593016 0.0393466 -0.515066  0.659699 -0.070522
   0.557282   -0.124196    0.141536   -0.756531    0.498164      1.4767     1.48042    0.259078   -0.280312    0.303128   -0.446594   -0.217405     1.33292   0.0500795   -0.254668   -0.565638   -0.548838   -0.877289    0.939242 -0.00974009   -0.689605   -0.541418   -0.195911  -0.0667022   -0.204791  -0.0811729    0.573575   -0.729295   -0.109549     0.14936   -0.408765    0.608104
  0.262743 -0.0817673   0.129285  -0.199115  -0.675062   0.245295   0.169494   0.293532 -0.0901337   -1.00252  -0.748364   0.253112   0.286479   0.774352   -0.95425  -0.439053   0.282542    0.50108   0.018416   -0.88819 -0.0263956  -0.270798    -1.2324    0.69111   0.948086   0.477593  0.0329793  0.0135185  -0.659501   0.358972  -0.266216   0.131056
   0.532116     0.70981    0.167999    0.311937    -1.14923    0.709621   -0.468112   -0.277595    -0.67286   -0.282657    0.204091   -0.368277   0.0224021   -0.414036   -0.564732    0.415601   -0.735496    0.390997    0.665464   -0.668843    0.287848    0.613089   -0.496201     1.04677  -0.0788327    0.917033    0.415267    0.440506 -0.00851683   -0.481102    0.189686   -0.839392
     3.07421      1.59319     0.483308    0.0569003    -0.129023     -1.98714     0.134124    -0.174519     -1.03141     -2.25146     0.448445    -0.887922     0.852714    0.0942122      2.16548     -1.44283   -0.0799017    -0.649948     0.269684     -0.70925    -0.359809   -0.0025488       1.5077     0.945436     -1.12212     -1.85693      2.94264   -0.0785294      2.94593    0.0842839      1.97176 -0.000341387
  0.337048  -0.742211   0.144054  0.0860614  -0.087599    1.05842   -1.15887  -0.622294   0.824985  -0.961593  -0.301652   0.652932  -0.538823  -0.283822  0.0858907  -0.423328   0.816612   0.134344   -1.21971   -0.28901   -0.40771   0.645095  -0.530577  -0.123497  -0.305541  -0.386389  -0.692481   0.731878 -0.0962702    1.29139   0.295535   0.395094
  0.192418  -0.681201   0.707816   0.843181  -0.719715  -0.323182   0.747186   0.237521   -1.33475  0.0852178    0.17712   0.228448 -0.0497614  -0.614959    0.10772  -0.211009  -0.496947    1.03231    1.25718   0.584268    1.10081  -0.699796     1.2008   0.451072   0.523173  -0.442748   0.148176   0.417036  -0.320851   0.711259    0.33819   0.585737
  -0.659781     1.09594   -0.379912    0.527222    0.103636  0.00984793    0.558823    0.237355    0.335601   -0.307322    0.608483   0.0780741    0.201707  -0.0962477  -0.0262106    0.103108    0.370324    0.314534 -0.00666728    0.252503   -0.325679   -0.092452   -0.631016    0.795099   -0.165536    0.328967    0.339323   -0.489956    0.495027    0.699835   -0.493126   -0.283117
-0.0240231  0.0809862   0.237164   0.290954  0.0266726  -0.459978  -0.100398  0.0432444  -0.575294   0.132303   0.343275   0.421935   0.142708   0.272285   0.174224    0.13811   0.072808  -0.988587  -0.235657   0.559548   0.272781  -0.169864   0.347826  0.0639727  0.0658625  -0.225225   0.460911  -0.274431 -0.0191026 -0.0719856   0.692054   0.405058
 -0.250765   0.398629   0.237028   0.230983   0.150477   -0.38371  0.0502771  -0.359071   0.576699  0.0224554   0.200669   0.128469    0.18739   0.208208 -0.0462565   0.720866   0.392859  -0.227468   0.271959   0.285651    0.13186  -0.545724   0.316674  0.0189624   0.232897 -0.0925238   0.566917   0.100226   0.131663    0.38297  -0.100532  -0.605683
   0.39041  -0.330566   0.786743  0.0427898  -0.664367  -0.534891   0.243111 0.00842259  -0.613961 -0.0681589   0.392291   0.124422   -0.14001  -0.121646    0.19566   0.299156   0.102423  -0.359005   0.372842  0.0625101   0.209499   0.334447   0.366846   0.824484   0.301383  -0.158608   0.229834  -0.414601   0.467531   0.101372  0.0596951 -0.0849053
  -0.720349    -0.19866   -0.127541    0.396191   -0.272632    0.297564   0.0941488   -0.284887   -0.183576    -1.21209     1.59702   -0.533373    0.298641    -0.48147    0.603123    0.126991  -0.0722193   -0.589465 -0.00232203  -0.0527055   0.0123753    0.181371   -0.625707    0.191632  -0.0814048   -0.849761     0.13654   0.0541229    0.681807   -0.813528  -0.0827848    0.973518
  0.919245   0.639013   0.221221  -0.188568  -0.533849    1.29386  -0.142169  -0.247118  -0.553244    0.59275  -0.316888   0.222767    1.10888  -0.495437 -0.0900231  -0.330061   0.804623   -0.60333  -0.301978   0.135797   -1.70607  -0.948548 -0.0322159   0.701962  -0.656283  -0.282954  -0.472046   0.242524   0.440992  -0.491545   0.445196  -0.617379
  0.647785  0.0222471  -0.412331  -0.571733   0.471943  -0.532077  -0.524625   0.210943   0.451322 -0.0566249   0.528355  -0.205766   0.374997    1.23056   0.697136  -0.425338  0.0040348  -0.493809   0.826025   -0.96649   0.113064  -0.490494  -0.453248  0.0128869  -0.693618  -0.308851 -0.0746245    1.38336   0.902647   0.435252  -0.105389 0.00369271
 -0.702032   0.457655   0.641451   0.532168     1.0485   0.262207  -0.062523   0.230351  -0.409768  -0.636723   -0.67774  0.0977962 -0.0581254  -0.657307   0.457721  -0.614123  -0.366286  -0.499525  -0.373058   0.298489  0.0746921   0.291121  0.0655502    1.36433   0.739236   0.456745 -0.0545911  -0.190276  -0.325144   0.177439  0.0935434  -0.592727
  0.425209  0.0331131  0.0883291  -0.295602   0.332526  -0.257721 -0.0932841  0.0406074   0.369378  -0.106747   0.453939  -0.063945    0.56048   0.504058   0.566883  -0.391455   0.445369  -0.138518   0.402294  -0.297876   0.336479  0.0459332  -0.241331  0.0283128  -0.343112  -0.260602   0.369886   0.561173   0.722641   0.112504   0.209684   0.275377
  0.451352  -0.351352  -0.125385  -0.199302   0.325574  -0.514657   0.161852  -0.232367   0.417183  -0.221726   0.449367 -0.0470421   0.536732   0.673467   0.899522  -0.035706   0.179182 -0.0615033   0.309788  -0.651205   0.515397 -0.0522917   0.209962  0.0599118  -0.302142  -0.333905   0.308579   0.466239   0.505725   0.718347  0.0817683   0.222303
  0.790461   -0.21025 -0.0879149  -0.663675 -0.0487482  -0.711559   0.267062   0.431443   0.311717 -0.0756504   0.772271  -0.390813    0.70064   0.719109   0.903705  -0.128364  -0.276467  -0.267301   0.148222  -0.236621   0.262385   0.193676   0.352239   0.540565   0.206688  -0.237603    0.44097   0.177523  -0.143269   0.301651 -0.0173407   0.321066
   -0.4297   0.521339   0.171501 -0.0580249 -0.0410884  -0.784112 -0.0892044  -0.301331   0.639829   0.483979    1.14936   0.290405   0.693949    0.98445  -0.194074   0.574257   0.724887  -0.109938   0.226894   0.268652   0.754741  0.0043946   -0.55249  -0.131832    -0.1688 -0.0164874   0.163972  -0.477271    1.02167  -0.423175  -0.577783  -0.101884
    0.59309 0.000593986   -0.346497  -0.0702072     0.22447    -0.52504   -0.220803   0.0603102    0.535929  -0.0580627    0.736576   -0.142557    0.833464     0.40754    0.782962   -0.131358    0.208174   -0.318825    0.652602    -0.33499    0.388627    0.142637   -0.503262   -0.035003   -0.213662   -0.171045    0.548515     0.56635    0.384487     0.55058    0.351954    0.464358
   1.29388    0.55911   0.391874    -1.2801  0.0368234  -0.592656  0.0703379  -0.280312   0.405594  -0.180019  -0.163664   0.283012   0.194536   0.559763   0.923885   -1.25054 -0.0478084  -0.366357   -0.18402  0.0119518   0.127025    0.38513 -0.0601722 -0.0424444  -0.888206  -0.712468   0.201335   0.586685   0.776834  -0.575578   0.291969   0.334215
 -1.11796  0.364108  0.679351 -0.908014   0.96803  0.696603 -0.300562 0.0131983  -0.10162  -1.41057  -1.95184  -1.29146  0.307493 -0.161376  0.676597  -1.29024 0.0840516   1.84313 -0.610355  0.588449   0.50371  0.487751  0.458625 -0.320602 -0.583452 -0.966751  0.727627  0.572663  0.372648  0.482314 0.0164851 0.0683293
    0.656681     -0.09824    -0.346276    -0.549365     0.188486    -0.311291    0.0847085    0.0561629     0.425929 -3.89176e-05     0.339604    -0.311677     0.435039     0.679203     0.658092   0.00624382     0.421258    -0.186375     0.443257    -0.162202     0.285599    -0.136892    -0.143182    -0.175865     -0.44418    -0.196985    0.0740424     0.607535     0.582398     0.399078    0.0963956     0.370246
   0.48323 -0.0353813    0.10153  -0.626945   0.240211  -0.104884   0.280347  -0.170792   0.793908  -0.377469   0.474794  -0.052706   0.272128   0.888744   0.515709   0.103237      0.313  -0.193017    0.72975  -0.668224   0.343722  -0.161303  -0.283665   0.166713  -0.183262    0.20188   0.256582   0.622746   0.367514   0.707544  -0.211957   0.304593
  0.256085   0.542274   0.115747   0.554204  -0.213734  -0.928961  0.0896617  -0.212683   0.376313   0.523777   0.164568  0.0134124    1.03038   0.845768 -0.0778737    0.63664   0.394378  -0.563714   0.141266  0.0712602   0.165682   -0.70611   0.273939   0.360403  -0.136829   0.129925   0.627503  -0.206013   0.328709   0.168928 -0.0128814  -0.613004
 0.0302165   0.610994 -0.0433295  0.0833887 -0.0120071  -0.402939   0.349532   0.160741   0.563094 -0.0927103   0.257611   0.136125   0.260537   0.698526   0.258099   0.396543   0.693557 -0.0592089   0.420168  -0.126115  -0.139559  -0.676784  0.0724493  -0.140305  -0.251194    0.34172    0.24094   0.206605   0.374681   0.393424  0.0016389  -0.660221
  0.333634 -0.0940132   0.282964  -0.669946   0.101035  -0.290818 -0.0856522  -0.055039   0.283081  -0.129635   0.321339   0.423561   0.327185   0.687184   0.554849   -0.49443   0.267391  -0.492582   0.332035  -0.372142   0.363889  0.0614515  0.0422756 -0.0498155   -0.11386  0.0485199    0.38625   0.482434   0.342541   0.197522  0.0427338    0.34033
 -0.00858001   -0.0814293   -0.0292737    0.0517267     0.158717    -0.231183     0.106067   -0.0133844   -0.0070138    0.0277017     0.326981 -0.000514202     0.232136     -0.12417    0.0166744     0.437481    -0.174477    -0.354305     0.193696   -0.0672455   -0.0757229    0.0962056     0.163718    0.0627223   -0.0211749    -0.125638     0.115706    -0.148798   0.00517164    0.0531964  -0.00401237    0.0374589
  0.812968   0.856237  -0.105366   0.456783   0.224527   0.146891   0.748231    0.73242   0.150096  -0.148215   0.573353   0.780247   0.464598   0.192766   0.904108   0.971362   0.515711  -0.513052   0.716616   0.461435   0.291291    1.16343    1.24304  0.0730778   0.520907  -0.106637   0.972112   0.240822   0.357565   0.682684   -0.45809 -0.0667264
 -0.210739   0.491141   -0.30136 -0.0188497   0.249797  -0.380166   0.631214  0.0506566   0.241276 -0.0301114   0.334031   0.139406  -0.150947   0.158525  0.0117977   0.551842   0.165414   0.155448  0.0116956   0.241337   -0.20938  -0.170151  -0.411308  0.0743474  0.0107395   0.287986  0.0740341   -0.15276  0.0731944   0.238055  -0.292006   -0.55102
  -0.107994     0.38033   -0.677708   -0.148955    0.148008   -0.238342     0.53871    0.486572    0.102412  -0.0574613    0.192928    0.343469  -0.0671411    0.448657    0.324897   0.0720362    0.460666   -0.577774   0.0602043    0.533974    0.441188 -0.00366568    -0.16517    -0.18172   -0.192856    -0.01892    0.128306   -0.478347    0.648751     0.21151   -0.303102  -0.0525533
0.000832948   0.0136675  -0.0337236 0.000480498  -0.0139926  -0.0285298 -0.00565332  -0.0168647  -0.0281387  -0.0426548   0.0871762   0.0348575 0.000457049   0.0158783   0.0180381  -0.0128365   0.0624606  -0.0745567   0.0462998  -0.0333595   0.0115127  0.00106917   0.0159725  0.00195838  -0.0217198   -0.010558   0.0405222   0.0147034   0.0241167  -0.0103944   0.0112017  -0.0204268
-0.0260312    0.69318   0.322288   0.450312 -0.0169468  -0.405131  -0.215258  -0.179335   0.529719   0.213497   0.162123    0.13868  -0.177418   0.143019   -0.41461   0.762984   0.410788  -0.708442 -0.0959503   0.427969  -0.197874  -0.395145 -0.0704994  0.0202799   0.236086   0.277738   0.459435  0.0598038   0.195752   0.132202 -0.0648528  -0.671799
 -0.384052   0.504485  0.0677066   0.185353  0.0720771  -0.163265  -0.237608  0.0022508   0.313012  0.0197589   0.233906   0.170626  -0.185653  0.0970504  -0.310235   0.386851   0.259915 0.00829915  -0.228334   0.290256 -0.0906936  -0.469271  -0.302467  0.0129416   0.217877   0.233736   0.171522   0.133755  -0.135246  0.0151775  -0.106463  -0.793498
 -0.0512751   0.0688044  -0.0753853   0.0736154   0.0710489  -0.0229794  0.00926562  -0.0225847   -0.093545  -0.0167783   0.0934863    0.132898  0.00238347   -0.063791   0.0875611  -0.0439742 -0.00216845  -0.0307662  0.00539566   0.0632729    0.123336  -0.0110884   0.0934766  -0.0287781   0.0752471  -0.0758506   0.0547703  -0.0260206  -0.0387793   -0.174006  -0.0271514  -0.0383502
   0.506035     1.07846   0.0842769    0.593707   0.0554983   0.0628522    0.875838    0.249033 -0.00345918   -0.340472   -0.221618  -0.0816838    0.141598    0.247835    0.754135    0.257159    0.280991   -0.350603    0.463448    0.172319   -0.332274    0.081976    0.413366    0.141079  -0.0869281   0.0187181     1.14711  -0.0591466    0.787166   0.0157371    -0.11974    0.388961
   0.116124   0.0738841    0.127288  0.00204509   -0.272712   -0.118442 -0.00180401 -0.00152467   -0.204246   -0.118242    0.279132    0.144221   -0.106879   0.0515562    0.201695    0.131741    0.213879   -0.223358    0.197506   0.0544499    0.196575  -0.0174235   0.0378349    0.217368   0.0102105  -0.0388317   0.0918097   -0.116365    0.209903  -0.0907281  -0.0279128    0.181776
   0.150348    0.053136   0.0998601    0.102062   -0.154118   -0.386092   0.0996094    0.098566   0.0291523  -0.0362015    0.415325 -0.00717639   0.0505943   0.0763614    0.287462    0.242667  -0.0489382   -0.106323   0.0556716    0.158679    0.142727    0.286079   0.0725896    0.255818   0.0305094   -0.187881    0.150403   0.0514042    0.171786   -0.110336  0.00759157  -0.0698183
  -0.133518   0.0573613    0.221568     0.23256  -0.0643334    0.445903    0.159836   -0.309706    -0.52893   -0.469894    -0.16615    0.145432   -0.128874   -0.572368    0.525644   -0.480848  -0.0506806     1.13334   0.0227468   -0.019686    0.227649   -0.200862    0.557821     0.28532 -0.00797151   -0.330383    0.165545   -0.311491    0.272975  -0.0160151    0.476426   -0.113717
  -0.452868    0.349749  -0.0894035   0.0831187   -0.211135   -0.213608   -0.168241   0.0177276    0.368439    0.170486     0.44477 0.000820349   -0.164632    0.219664   -0.341841    0.441855    0.543784   -0.117013   -0.241421    0.158809   -0.311802   -0.134064   -0.214658   -0.373575  0.00118103    0.482947  -0.0384049   0.0947738  -0.0274093   -0.152478  -0.0644018   -0.764533
 -0.434559  0.0213485    0.56775  -0.193124 -0.0172854   0.300228      -0.14   0.277493  -0.151037  -0.683975  -0.580439  -0.568553  0.0363103  -0.136144   0.712567  -0.208321  -0.524001    0.96988  0.0646256   0.258433  0.0245842   0.277013    0.33677   0.234255  -0.187293  -0.399289   0.247668  -0.211488   0.156107 -0.0583184   0.135839   0.424316
 -0.189665 -0.0427093   0.155244 -0.0293586   0.184103   0.180212  0.0513955  0.0813771  -0.272769 -0.0479391  -0.545264  -0.072045 -0.0813069  -0.345245   0.126859  -0.273242  -0.248196   0.331291  0.0916488 -0.0337811   0.242215   0.181354   0.539679 0.00851025   0.090189  -0.215205   0.260348  -0.421603  0.0499071  0.0941887   0.205294   0.296048
 -0.204277  0.0738128   0.141167 -0.0267041   0.188199   0.368614   0.195484   0.129106  -0.298879  -0.202834  -0.543737  -0.113704  -0.127422  -0.255317   0.212164   -0.24551  -0.184224   0.533689  0.0884438 -0.0593399   0.190218  0.0358234   0.272119 0.00111884  0.0108536  -0.187432   0.157715  -0.214535   0.150883 -0.0725655    0.12355   0.256367
   -0.01042  -0.0269991  -0.0387175   0.0249745   0.0527398 -0.00574885   0.0539767 -0.00573785  -0.0177571   0.0233892  -0.0486856  0.00106241   0.0467352  0.00716538   0.0162162   0.0784645  -0.0111453  -0.0162524   0.0124011  -0.0464515  -0.0400824    0.011334   0.0407541  -0.0355089 -0.00740406 -0.00721688    0.041767  -0.0273674  0.00753174  0.00791878 -0.00669333 0.000662573
   0.34276  -0.467829 -0.0141175 -0.0822162  -0.308522  0.0559284  0.0658483   -0.13541  0.0440351 0.00692392    0.15246  -0.220995   0.200804   0.154059 -0.0529436 -0.0529391  -0.139951  -0.555103   0.281236 -0.0126042  -0.148358 -0.0218527   0.200854  0.0379131  -0.104267  -0.179018  0.0479819  0.0662508   0.201815   0.247093 -0.0971233   0.692666
 -0.0233164  -0.0106911 -0.00271701  0.00243166 -0.00382065 -0.00447411 -0.00979294  0.00495693  0.00076129  -0.0184569 0.000606879  -0.0206081  0.00546534 0.000796388 -0.00935963  0.00169983  0.00966528  -0.0267173  -0.0014594  0.00806614  0.00375828  -0.0142909    0.012649   0.0215763 -0.00257704  0.00399738   0.0108358   0.0024624  0.00599767 -0.00317773   0.0152155   0.0216053
 -0.0530419  -0.0389897   0.0554577    0.046111    0.011725    0.110425   0.0172579  -0.0195105   -0.102446 -0.00724914   -0.135924   0.0141219  -0.0478024  -0.0713782   -0.012029  -0.0264414  -0.0525267      0.1238  -0.0196555  -0.0023404   0.0493576    -0.05574    0.068269   0.0381516   0.0289559   0.0267382   0.0325121  -0.0889398   0.0409264   0.0371102   0.0807669    0.019324
  0.0509584   0.0454726   0.0337106 -0.00861797   0.0223692   0.0544835   0.0546282   0.0815166  -0.0215418   -0.102764  -0.0773736  -0.0589123  -0.0609528   0.0120094    0.111395  -0.0622421  -0.0319049  -0.0279478   0.0202151   0.0453008  -0.0350784    0.119406  -0.0266391    0.025289  -0.0217909  -0.0338734   0.0772612  -0.0215616   0.0705534  -0.0389594  -0.0330604     0.15342
  0.00379356   -0.0230499   0.00693314  -0.00762767   0.00303132    0.0235801   0.00955397  -0.00845051  -0.00922155   0.00530531   -0.0122492 -0.000637396   0.00870094  -0.00013108  -0.00311586    -0.012459   -0.0141128   0.00942524  -0.00568534 -0.000656065  0.000557379  -0.00756835  -0.00596398  -0.00202056  -0.00848694  -0.00295099  -0.00389816 -0.000199495  0.000142752    0.0205423   0.00441759   0.00294985
    0.012715   -0.0123333 -0.000352747   0.00626531  -0.00273436   0.00806268   0.00999881  -0.00175321  -0.00853216    -0.013491   0.00117711   0.00570222    0.0124012  -0.00137215  -0.00347366   -0.0109674   -0.0159763  -0.00509409    0.0108412  -0.00085491  -0.00732476  -0.00566042  -0.00881549   0.00027943  -0.00697879    0.0052248   -0.0112394   0.00772908   0.00230079   0.00704084   0.00851394   0.00997019
   0.0297329    -0.153611   0.00908443     0.115954    0.0683282      0.14526    0.0567125    -0.036393    -0.123676    0.0405892   -0.0782887    0.0520464   -0.0663989   -0.0330631   -0.0191087   -0.0706713    -0.163803     0.182338    0.0102428   -0.0833976     -0.04675   -0.0599776    0.0983764   -0.0219636   -0.0244851  -0.00282604   -0.0851539   0.00329441  -0.00578339    0.0723574    0.0664913 -0.000711602
   0.323003   -0.205193   0.0415566  -0.0867593   -0.165131  -0.0759689 0.000354505 -0.00470526    0.201601   0.0577085   0.0139366  -0.0199195    0.232806   0.0422985  -0.0264111   0.0950027   -0.116111   -0.414298    0.177428   -0.101845   0.0198594 -0.00313958  0.00256739    0.115074   -0.102323  -0.0460123   0.0421318  -0.0441043   0.0804229    0.443715   0.0809786    0.358286
  0.379729   0.514541   0.396124   0.535862   0.482759   0.655854  -0.165046   0.291502    0.30507   -1.00915 -0.0120875   0.107497   0.029973   0.304705    1.23496  -0.476656   0.161429 -0.0477523   0.654608  -0.184159   0.227937  -0.455239 -0.0245327    1.40581   0.428839  -0.354574   0.685488 -0.0842316   0.558186   0.997344   0.505584  0.0559674
 -0.168334  -0.396058  -0.132446   0.142414  -0.299008 -0.0563099  0.0296528   0.194505  -0.449195    0.26157   0.351812  0.0839966 -0.0699081  -0.156883  -0.116061   0.127989 -0.0131744 -0.0586394  0.0814231 -0.0622484 0.00702359   0.133808   0.135363 -0.0687031 -0.0831554  -0.150979   -0.30705  -0.169347  -0.167867  -0.130098   0.362262   -0.10161
  0.00104196   -0.0217555    0.0160117   0.00431093   -0.0231649   -0.0112596    0.0234951   -0.0211047    0.0165126    0.0282322   -0.0116181    -0.029915   -0.0143759    0.0064931   -0.0181112    0.0244237   0.00960992   -0.0415391    0.0101894    0.0340141   -0.0409689 -0.000865193    0.0281606   0.00896369   -0.0140138    0.0397565    0.0300596   -0.0279999  -0.00202492   0.00665928   0.00837797    0.0215525
    0.075873    0.0603262    0.0366389   -0.0293385   0.00316768    -0.041983    0.0621803    0.0352819   -0.0118184   -0.0982094     0.149118    0.0160846   0.00916715    0.0460047     0.182557    0.0693413 -0.000751389    0.0408701    0.0509226    0.0201349    0.0758254     0.108229   -0.0152254     0.108105     0.069399   -0.0699207   0.00599056    0.0239596    0.0800479  -0.00563392   -0.0345362   0.00675489
   -0.027963   0.00993584  0.000309809 -0.000692021  0.000524796    -0.026845     0.003326    0.0196252    0.0138804  -0.00262363   0.00468778  0.000484925    0.0248007  0.000222246    -0.021613   0.00949025    0.0104156   -0.0170325 -0.000856665    0.0128816  -0.00698474    0.0119902   0.00968302  -0.00847893    0.0024465   0.00815934    0.0139214   -0.0132656    0.0096155    0.0130114   -0.0075155   -0.0138061
 -0.0043237   0.0012888 -0.00183188 -0.00639263  0.00167769 -0.00863272  -0.0121685  0.00992813  0.00358284  0.00438181 0.000393495  0.00809997  0.00295729   0.0204924 -0.00284872 -0.00523927 -0.00117487 -0.00712299  0.00190266   0.0161638 -0.00378861 -0.00585396   0.0102211 -0.00117962  0.00185163   0.0114309  0.00493041  -0.0061688  0.00839192  -0.0103725 -0.00315388  0.00541797
 -0.0400966 -0.00516767  -0.0259771   0.0030549   0.0333619  -0.0236125 -0.00362708 -0.00174222   0.0774857  -0.0159167  -0.0336537  -0.0497816    0.089355 -0.00299587  -0.0215677  0.00815144  -0.0611635   0.0292672  -0.0225072  -0.0200151   0.0448144   0.0361472   0.0119761   0.0280561   0.0526392   0.0364963   0.0177032   0.0190359  -0.0336217  -0.0131793  -0.0394597  -0.0418441
