   2.61606
  0.245573
   2.03772
   2.36214
  0.342268
   2.64215
   1.47441
  0.916438
   2.48375
  0.541211
  0.421471
 -0.750698
  0.515685
  0.120638
  0.527439
  -0.23614
  0.928214
 -0.855515
 -0.113234
 0.0104701
 -0.568665
-0.0358513
   -0.2708
  0.724329
 -0.444874
  -0.14017
  -0.41648
 0.0141223
  0.309261
-0.0969978
 -0.509862
-0.0915611
 -0.601809
 -0.485934
  -0.21606
  -0.58783
 -0.115736
-0.0191332
  0.203638
  0.371648
 -0.720633
 0.0692017
-0.0160501
 -0.501649
 -0.371607
 -0.121589
 -0.581434
 -0.272303
   0.61951
 -0.302088
  -0.21399
 -0.268918
 -0.142062
  0.202525
 -0.463885
 -0.196079
 -0.210663
 -0.242646
 -0.118007
 -0.503753
 -0.457111
 -0.390111
 -0.236188
 -0.532398
 -0.165153
 -0.469782
 -0.421029
 -0.525661
 -0.284331
 -0.407724
0.00463135
 -0.485695
 -0.532916
  -0.28017
 -0.498999
 -0.472158
 -0.392592
 -0.364462
 -0.249504
 -0.412016
  -0.47928
 -0.519696
 -0.412549
 -0.443032
 -0.486281
 -0.478111
 -0.449548
 -0.532992
 -0.401385
 -0.682191
 -0.738679
 -0.562843
 -0.438581
