    0.389604    -0.594541     0.456925     0.439133     0.665823      0.17795    -0.103509    -0.218137       -0.151     0.144724     0.345638    -0.344405   -0.0326807    -0.200481     0.525692    -0.377824    -0.638539   -0.0710337     0.481534    -0.437365     0.347542    -0.225581     0.312125     0.282497    -0.231976     -0.14943     0.136385     0.591453    -0.142808     0.376884     0.063294     0.417274
    0.382635    -0.220205  -0.00556698    -0.716045    -0.410284     0.312302     0.118683   -0.0773156   -0.0110058     0.328579      0.65966     0.300207    -0.175396     0.644035     0.146039      0.10162     0.299888       0.8042   -0.0168038     0.168273    -0.160195   -0.0603331     0.448815      0.80893     0.459147    -0.407013    0.0314892     0.230765    -0.415217     0.208327     0.298828   -0.0253946
    0.815394      0.91035     0.468102    -0.927107      0.42553     0.563657     -0.53536     0.167422     0.423552    -0.211941    0.0152285    -0.256141    -0.238551     0.733521     0.272237     0.280408    -0.415609     0.703281     0.832879     0.208832      0.12327    -0.437093      0.33805    -0.421339     0.381417    -0.328433    -0.590423     0.325837     0.374718     0.356624     0.516033     0.177505
   -0.150323      0.16185    0.0798506    -0.500954     0.246503    0.0194693     0.159576   -0.0258851    -0.238224     0.327415    -0.119565     0.182801     0.103455     0.144379    0.0295197    -0.361778     0.371944     0.155034    -0.415722     0.843569    -0.337161   -0.0671555     0.609651    -0.122819    -0.716846    0.0184679    -0.194036    0.0184055    -0.117204     0.713594    0.0964268     0.424819
    0.209181     -0.28392  0.000603058     0.161367     0.699878    -0.181398   -0.0568613    -0.342035      0.50141    -0.140417     0.437196      0.18371     0.198204     0.121813    -0.535173     0.349895    -0.405869     0.196527    0.0842914    -0.517059     0.341912    -0.641089    -0.277281    -0.379674     0.996869    -0.293684     0.714648    -0.473914     -0.28027    -0.751246    -0.347995    -0.300909
   -0.107886     0.511083     0.204449     0.387446    -0.231977    -0.856909    0.0908555     0.799191     0.303264     0.180746    -0.203586   -0.0431103    -0.255007      -1.1379     0.260408    -0.172317     0.288509     0.668667   -0.0114694    -0.196035    -0.576179     0.366386     0.332231    -0.124971    -0.295635  -0.00717159    -0.636145     0.768962    -0.349887    -0.406429     0.107179    -0.438891
    0.684022     -0.43678   0.00309075    -0.474479     0.276547     0.117307     0.104654     0.683928    -0.242409     0.500295     0.270767    -0.715839    -0.100275    -0.126025    0.0578979    -0.140214    -0.519695     0.257725    -0.106631    -0.144976     0.806144    0.0996037     0.674464     0.328639    -0.320883     0.153585   -0.0492771     0.166302     0.618137   -0.0327945    -0.265657     0.340738
  -0.0858069    -0.193103     0.581719    -0.428281    -0.137133    -0.267471   -0.0122618    -0.167245    -0.199953     0.314467      0.48317     0.106616    -0.175732     0.078676    -0.447008    -0.369143     0.182695     0.208765     0.304229    0.0475696     0.259818   -0.0305394   -0.0861703     0.598084     0.277396    -0.344671    -0.107385    -0.296617     0.341326     0.302141    -0.259066      0.12844
   -0.147668    -0.648593     0.433933    0.0926346     0.761346    -0.410626      1.02987    0.0847597      0.10049     0.262427     -0.33346     0.115185    0.0604246    0.0203479     0.393513     0.210531     -0.24519      1.05172     0.697596    -0.255106    -0.230903    -0.374495     0.414897    0.0515856     0.669274     0.265361    0.0143228    -0.697802    0.0503209    -0.528699    -0.128146     0.267758
   -0.498085    -0.523607   -0.0385235   -0.0673676    -0.789258     0.448559     0.164316    -0.133259     0.208912      1.31767     0.389966     0.569621     0.298481    0.0960907   -0.0628676     0.491893     0.589276    -0.331279    0.0385904     0.533469     0.513532     0.315187    -0.361484    -0.143411     0.149931    -0.193268    -0.168333    -0.840529    -0.535745     0.657939    -0.158933     0.596158
    0.310111     0.319096    -0.082475     0.652585    -0.805859     0.269696    0.0450916   -0.0863729     0.325311    -0.197416  -0.00762498        0.245    0.0272401    -0.700066     -1.00781    0.0507458     0.293406    -0.280519    -0.586277    -0.505533    -0.759174     0.231044     0.087079     0.385995    -0.186221     0.436304     0.136012     0.188729     0.366432    0.0136366    -0.379305     0.629711
   -0.206697    -0.100924     0.370238     0.613089    -0.365539     0.238635   -0.0963236    0.0110691     0.278377     0.776964    -0.750346    -0.406777      1.25783    -0.176665     0.505868     0.119374    -0.035725      1.61928     0.491501     0.246639    -0.287513    -0.400584     0.573373    -0.603943     0.454322    -0.534115    -0.156609     0.164611     0.389695     0.449234    -0.131417    -0.361502
   0.0846279     0.033422     -0.39871    -0.744221    -0.760806     0.320054   0.00120064   0.00479285    -0.166211    -0.515615     0.519648     0.165579   -0.0687107     0.322217     0.688656     0.602535     0.261858     0.195549    -0.474409    -0.265255    -0.166818     0.123807     0.101662   -0.0181506    -0.223974   0.00535574     0.162075     0.301181    -0.019008     0.144993   -0.0222168      0.67857
   -0.152346    -0.373594    -0.123233     -1.26656    -0.360413    -0.349818      0.22736    -0.616521     0.767294    -0.188241    -0.162581     0.259938   -0.0799416   -0.0784411      0.15301     0.916064    0.0386838    -0.239723     0.958212    0.0194321     0.584118     -1.08214    -0.781477    -0.193244    -0.103418   -0.0335539    0.0614762     0.446407      -1.0865    -0.180594    -0.543834      0.23344
   -0.326364    -0.479513    -0.289478  -0.00548404    -0.986078   -0.0570912    -0.377266    0.0203131     0.107534   -0.0238236    -0.134889     -0.10153     0.145612    -0.134091     0.366216     0.511556       0.3238     0.659689    -0.493477     0.331591     0.661841    -0.349069   -0.0668168   -0.0905386   -0.0867538    0.0343883     0.624443     0.292641    -0.181011    -0.226708    0.0466253     0.153228
    0.396432    -0.010154     0.678566     0.259171    -0.220527     -0.76682    0.0151186    -0.105861    -0.821564     0.027556    -0.305315     0.157459    -0.678555     -0.54619  -0.00405949    -0.498975     0.600643    -0.159214      0.20806     0.235587     0.160926     0.417794     0.186655    -0.565488    -0.019671     0.198073     0.117723     0.220927   -0.0673448    -0.161858    -0.454471    -0.105467
 -0.00537318    -0.312643     0.308948    -0.600445    0.0160229    -0.522343      0.62438     0.076128     0.533195    -0.118612    -0.225775    -0.503606    -0.222521   -0.0832362   -0.0363706    0.0119119    0.0289616   0.00338112    -0.368206    -0.533526     0.231781     0.770694    -0.517836     0.145342     0.640897      0.20226    0.0308391     0.035115    -0.214797    0.0298928     -0.73506    -0.700838
    0.931398     0.253514      0.49331    -0.368167    -0.279698     0.564646    -0.117859    0.0895581    0.0149946     0.346285     0.785304     0.243155    -0.723238     -0.53038     -0.73191     0.449577    -0.155723     0.309113    -0.165908      1.10193      0.97967     0.091244      0.12414    -0.197721      1.23694     0.543475     0.599927    -0.269287    -0.473393     -0.93017    -0.364911    -0.452693
     0.23132     0.150792     0.751293     0.592558    -0.134192   -0.0280007    0.0295591     0.371215    -0.764218     -0.12905     0.695477     0.193195    0.0296091     -0.98477     0.290999     0.453726     0.301705     0.815047   -0.0229051   -0.0995023    -0.290417    0.0360458    -0.515224   -0.0732775     0.947563    -0.397718     -0.13149    0.0178995    -0.426707     0.259784    -0.120576     0.147984
   0.0613591    0.0622234    0.0684717     0.137228    0.0954353    -0.660199     0.233032     0.277897    0.0224223    -0.600035    -0.672758    -0.271319    0.0342173     0.446276    -0.692627     0.239783    0.0773382       0.1354     0.331346   0.00832889    -0.300372    -0.380372    0.0159031     0.552946     0.919784     0.902373     0.573146     0.300666    0.0976016    0.0289292    -0.541023   -0.0662663
    0.394282     0.518541     0.428005     0.357218      0.46847    -0.730875    -0.339346    -0.478596     0.528738    -0.659826    -0.413701    0.0839383    -0.114897    -0.217119    -0.803631     0.366959    -0.630999       1.0261     0.631534   -0.0810139     0.391662    -0.466936     0.465791     -0.69699     0.523904     0.189833     0.224269     -1.16104    -0.277148    -0.375918     0.499696    -0.251053
  -0.0205008     0.104994     0.743867     0.738271    -0.760818   -0.0679738    -0.319227     0.204998     0.362633     0.415273    -0.379098    -0.412864      0.22435     0.300891    -0.449091     0.105993   -0.0162488    -0.124023     0.185563     0.316727    0.0983018     -1.25589     0.563272    -0.886482     0.333178     0.845242     -0.50037     0.662837    -0.437651     0.761003    -0.357167     0.899752
    0.230702    -0.965371     0.717122    -0.530589    -0.141937   -0.0309734    -0.273806    0.0117655     0.287331    -0.122163    -0.715751     0.127926    -0.229208     -0.62937     0.323352     0.653945     0.618557    -0.430415     0.644568     0.735454    -0.105127     0.686693      1.21035     0.407862    -0.558298     0.354428     0.255527     0.428284    -0.652204     0.393097      1.34807     0.108767
    0.754333    0.0628552   0.00775373    -0.336044    -0.679073    -0.521138    -0.193483   -0.0224353      1.13067    -0.666205      0.61874     0.208117    0.0930019     0.167495    -0.461081     0.237103   -0.0191522     0.746745     0.171635     0.386865     0.488833     0.118262    -0.163022    -0.448015     0.187081    0.0185278     0.605562     -1.22562    -0.443762    -0.375243     -1.20164     0.331626
    0.310568    -0.839284     0.188076   -0.0558499     0.832512     0.680663     0.327461     0.472848    -0.498992     0.371091     0.745101     0.838994     0.787598    -0.719771     0.588938     0.408446     0.457313     0.355199     0.425998    -0.499354    -0.659425     -0.62611      0.13134    -0.166592     0.170791    -0.430355     0.883338    -0.559633     -0.32284    0.0721591   -0.0142798    -0.447653
   -0.397859    0.0100913   -0.0849573    0.0406723    0.0823685    -0.157198      1.07897    0.0705817     0.687897     -0.59283     0.554006     -0.16526    -0.373268    -0.211184    -0.759585    -0.689629    -0.758345       0.2728     0.461757    -0.237566     0.167363     -0.30999   -0.0340519     0.109833     0.303573   -0.0989991   -0.0322505     0.934692     0.225077    -0.776535    -0.163736     0.472321
   -0.227861    -0.151355   -0.0219674     0.702101    -0.665574     -0.64584    -0.354437      0.44768   -0.0571394       1.5317     0.559608    -0.671486     0.517058    -0.136253     0.992501     0.124154     0.374833    -0.457679     -1.19092    -0.977161    0.0449271    -0.268746    -0.527807    -0.163461    -0.150473     0.358584     0.144089    -0.157667     0.329792     0.492926      0.17548    -0.176554
    0.133597     0.242065     0.255449     0.315204     0.216629     -0.57345    -0.207695   -0.0651193   -0.0859562     0.639866    -0.236258    -0.146758     0.185884     0.545141   -0.0266492     0.609577     -0.40601     0.210888     0.273331     0.331318    -0.220407    -0.227195    -0.524315     -0.29727     0.658554     -0.31834    -0.154478     0.141154    -0.169187     0.703611     0.071718     0.676982
  -0.0901254     0.201466     0.464497    -0.734379    0.0250525     0.101326     0.207912    -0.185268     0.932867     -1.20647      0.15628     0.955441    -0.365633   -0.0303564     0.217412     0.899328     0.478765      0.57683     0.284233    -0.149711     0.660137    -0.661285   -0.0373552    -0.745734    -0.690255     0.625841      0.88874    -0.156367    -0.107394    -0.734816    -0.858621   -0.0240638
   -0.574082    -0.169872       0.5499   -0.0650148      0.16924     0.283578   -0.0167646    -0.780379     0.228173    -0.186092    -0.505028     0.263367    0.0533671    -0.987811    0.0804863     0.268077       0.1186      0.30346   -0.0563124   -0.0579342    -0.274581    0.0659104    -0.239996    -0.881157     0.226666    -0.508222    -0.607991    0.0418372    0.0426264     0.355254     0.564921      0.56034
   -0.581029     0.158947    -0.452739    -0.154197    0.0505883    0.0396236    -0.149565    0.0986901  -0.00759395     0.168517   -0.0210317   -0.0674122    -0.286738    -0.121886    0.0853026     0.546519    -0.405358    -0.168326    0.0402317    -0.660077     0.945383     0.309005    -0.297227     0.388772     0.218194     0.117656    -0.298375    -0.250413    -0.293749     0.199955    -0.156122     0.359393
   0.0600836    -0.838849     0.567777   -0.0630666     0.514637    0.0744103    0.0326552   -0.0244927     0.774726    -0.359478    0.0309229     -1.06504    -0.243234    -0.322568     0.711385     0.653422    -0.280054     0.293019     0.427915    -0.563083     0.638068     0.562354     -1.78683   -0.0724635    0.0385963     0.498524    0.0353877    -0.790735    -0.507439   -0.0366866     -0.32166    -0.397579
   -0.579487     0.113692  -0.00315682     0.344372    -0.206878     0.551012    -0.290382     0.119369     0.206973     0.153092    -0.411384     0.166324     0.311531     0.171133     0.510132   -0.0559349      0.21521     0.299785     -0.32352     0.333449     0.162897    -0.135979     0.202661     -0.37527      0.33942    -0.335733    -0.230044    0.0885838    0.0584245     0.505784      0.12077     0.656449
   -0.213624     -1.26884    -0.102002     0.320667    -0.958872    -0.250631    -0.122961     0.200654   -0.0252628     0.687735     0.874345    -0.140333  -0.00797766     0.623237    -0.125534     0.215363     0.428943    0.0191356     0.128384     0.252799     0.344399      -1.1738     0.736535    -0.533919     0.540843    -0.489867     0.772783     0.872016    0.0514883     0.424272     0.639838       0.6588
    0.115468     0.298224     0.543459     0.124102    -0.382891   -0.0499807     -0.10668     0.415946    -0.497046    -0.363584     0.102746     0.115326      0.18395     -1.03099     0.528768    -0.281765    -0.547265    0.0276448    -0.753777     -0.14157     0.342018    -0.235673     0.648472      0.32583    -0.429539     0.403678    -0.537808     0.619285     0.134717     -1.32819       0.4151     0.166713
     1.05983    -0.920587      0.13595    0.0940648     0.994902    -0.285226    0.0232348      1.21606     0.235582     0.789987     0.509846    -0.595237     0.024673    -0.674699      1.01856      1.64606     0.712778    -0.474631     0.112288    -0.659996     0.333268    -0.595874     -1.03291     0.514176     0.514565      1.20303     0.561846     -0.71975    -0.881673     0.260717     -0.82694    -0.466923
   0.0830091    -0.102164     0.193562    -0.145557      0.22256    -0.655413    0.0423505   -0.0672295    0.0481833    0.0665753      1.08644     0.441819    0.0990602    -0.355667    -0.148763     0.544694   -0.0362478    -0.722228    -0.292556    -0.510574    -0.523401    -0.689994     0.525577    -0.342925    -0.560524     0.313916  -0.00380757   -0.0424809    0.0333853     -0.12023    -0.462851     0.579918
    -1.43627      0.44248   -0.0125626    -0.451998   -0.0591924       0.5886    -0.953466    -0.702882     -0.37104     -1.41827     0.628999      0.16074    -0.687847     0.915179     0.290544     0.752164   -0.0977503     0.969762     0.172425     0.730069     -1.02497     0.136222   -0.0342061    -0.628431   -0.0935055    -0.686403    -0.730849     -0.49912    -0.510566     0.813303     -0.96259   -0.0517656
   -0.358467    -0.301379     0.165561    -0.195435   -0.0314798     0.144194    -0.657961     0.659692     0.217282    0.0086608    -0.228386   -0.0773108    -0.536131     0.546002    -0.547384    -0.787257    -0.424033    -0.153565     0.017614    -0.598012    0.0538282     0.319981   -0.0677011    -0.100051     0.403605    -0.566201     0.197301     0.318128    -0.143429     0.345853    -0.876047    -0.212303
    0.458901     0.308157     0.272715    -0.304768     0.288794     0.106712   -0.0379633     0.910191    -0.181429    -0.186777    -0.187638     0.409129     0.336328      0.18263    -0.397352      -0.1498    0.0127143     0.470138     0.241455     0.307492    -0.356759     -0.10903    0.0950678    -0.425759    -0.133124     0.651617    -0.461909     0.392934    -0.579989    0.0159556    -0.380235    -0.342359
   0.0463417    -0.232573     0.231717     0.120453    -0.463754   -0.0799527    0.0403089     0.282737     0.614217    -0.255431     0.985906    0.0776298   -0.0727739     0.532077     0.247705     0.489192     0.280663    -0.137393    -0.133758    -0.394676       1.2553     -0.75484   -0.0852615   -0.0682297     0.264351   -0.0134234     0.529908    -0.955067   -0.0994989    -0.663816    0.0859988    -0.355711
    0.451346    -0.204476      0.23726     0.503915    -0.319944     0.578353   -0.0942926     0.297269     0.671423     0.534864    0.0927569    -0.034767     0.288493      0.59979     -0.12061     0.741319     0.101875     0.500111    -0.267417     0.550754    -0.261065     -0.92307    -0.388666    -0.295463     0.388177     0.468094     0.852666     0.413797     0.266569   -0.0966181     -1.04694     0.891737
   -0.072003      1.01349     0.633007    -0.381255    -0.411685    -0.057048    -0.520846      0.27071     0.817086     0.156887     0.120021     0.462957    -0.521636   -0.0279882     0.209827    -0.325472     0.168132     0.703303   -0.0506905    -0.405761      0.13713    -0.733398     0.301755    -0.242822     0.384048     0.734872    0.0919029   -0.0491809    -0.538584     0.827865     0.404635        0.735
   -0.119643    -0.668341      1.00163     0.544844    0.0947552     0.181691     0.605238    -0.715069      0.55309   -0.0635855    -0.104574    -0.258844     0.484211     0.154173    -0.342435      1.03779    0.0268771     0.450547     0.368348    -0.235479      -0.2513    -0.860087    -0.346874    0.0118915     0.697457     0.583139     0.317232     -0.16775     0.172001     0.563548     0.372162     0.244892
   -0.997381    0.0270697    0.0523282     0.411133    0.0502558     -0.96224     0.309611   -0.0646911     0.335489      1.18809    -0.168448    -0.393157     0.131303    -0.156232     0.349573    -0.539052     0.224363      -0.2546     0.903532    -0.449616    -0.432853    -0.491238    -0.392913    -0.216959   -0.0772857    -0.056319    -0.256789     0.307662    -0.785516     0.815061     0.467078    -0.203136
      0.8305   -0.0859663    -0.251601   -0.0260683    -0.973688    0.0636396      0.32398     0.270242     0.272211     0.929097    -0.398397    -0.151011   0.00556766      0.56511      0.16496     0.541972     0.378043   -0.0466495       1.0855     0.344409    0.0376682    -0.732103   -0.0567891    -0.889938     0.868307     0.683525    -0.213034     0.284811      0.26461     0.324274     -1.07413     0.835882
    0.702424     0.398524    -0.120625     0.301228      0.41667     0.181438    0.0136702   0.00947727   0.00957234     0.121642    -0.168367    -0.197506     0.277046    -0.130801    -0.239626     0.193143    -0.792031    0.0181589    -0.632812     0.754827     0.564549      1.10152     0.006065    -0.126726     0.267603    -0.236328    -0.483471     0.586447     0.256374   -0.0832191     -0.70766    -0.307297
  -0.0526364    -0.290444     0.282429    -0.613533     0.407515     0.285387     -0.43492    -0.326842     0.699098   -0.0178613     0.236771     0.768469     0.827584    -0.169306    -0.181125    -0.356642     -0.35927   -0.0394693     0.500597    -0.147613   -0.0689359     0.357757    -0.156579   -0.0469367     0.483998    -0.387285     0.151656    -0.380797     -1.03945    -0.158414     0.189168  -0.00827404
   0.0909648   -0.0691993    -0.138424    -0.549149    -0.243549    -0.324923      0.90062    0.0448652     0.752603     0.324822     0.447229     0.381387     0.163076     -1.05747     0.277234    -0.024349    -0.250839   -0.0506095     0.866891    -0.411531     0.401306     -0.27937    -0.308743     0.155217     0.653813    0.0913319    -0.358195     0.549545     0.258014    -0.234434   -0.0340595    -0.264672
     0.18312    -0.140236     0.383478      0.10117     -0.60358    -0.404643     0.279655    -0.348161    -0.310641    -0.183507     0.112726     0.439616       0.1392    -0.266937     0.413181      0.55545     0.201998     0.174836    -0.318916     0.768375     0.522619      0.30359    -0.849284    0.0967589    -0.239051    -0.113907    0.0916743    -0.141715     -0.43024     0.240458      0.63677    0.0832041
    -1.09168     0.112045    0.0349135     0.388844     0.664449     0.679405      0.12324    -0.590684     0.338604     0.359691    -0.442019     0.140762    -0.446122     0.500668    -0.611739     0.678184   -0.0228019    -0.201699    0.0520267     0.480534     0.367452    0.0525057     0.607367    0.0397487    0.0756473    -0.120057    -0.755059     0.100515     0.384481   -0.0414343  0.000549755     0.321807
    0.351676    -0.250765    -0.347988    -0.606238      -0.1197    -0.607039    -0.548514      -0.3977    -0.176978     0.413258    -0.377271     0.209258    0.0253491    -0.461021     0.375425    0.0285615     0.684293    -0.175915     0.169069     0.194964    -0.168815    0.0882275    -0.870053      0.34713    0.0536175    -0.625034    0.0190037      1.07006    -0.512824     0.493684    -0.198475     0.358681
    0.171954     0.114808     0.112036    -0.085815     0.449301       -0.507    -0.319326      0.31984     0.697846     0.319211    0.0913449    -0.519987    -0.166179    -0.752844    -0.242464    -0.226242     0.128586    -0.336184    -0.524903     0.387137     0.792502    -0.497412    -0.802636    -0.407967     0.290882   -0.0207832     0.675907      1.06579    -0.640543     0.165441     0.665732     -1.23318
    0.424675    -0.343402    -0.601806    -0.241171    -0.138815    0.0282076     0.456267    -0.441408     0.106217    0.0534335     0.268759     0.197975    -0.168747    -0.961709   -0.0401887   -0.0206728     0.500629      0.47034     0.604116     -1.52345   -0.0718757    -0.421375     0.314262    -0.944772     0.499213     0.401755     0.218513    -0.275333    -0.377717   -0.0296805     -0.52941     0.364381
   -0.658038     0.635334     0.948116    -0.513373    -0.160636     0.543057  -0.00324788    -0.189312     0.232115      0.20581    -0.424007    -0.289268     0.319533     0.367644    -0.909824    0.0996808    -0.215554     0.323647    -0.463169   -0.0321148     0.496818    -0.113733     0.511849    -0.162676     0.138583      0.46361    -0.271858     -0.17712    -0.194615   -0.0697657      0.25443     0.490166
   0.0074182     0.416671   -0.0561217    -0.532704     0.607019    -0.250438   -0.0544866    -0.306482    -0.321837    -0.274422     0.706761     0.203694      -0.2993    -0.441098    -0.319096      0.39152     0.191686       0.1963   -0.0858031    -0.699756     0.527323    -0.374939    -0.265515     0.129225    0.0790181    -0.437635    -0.131458    -0.734292    -0.418809    -0.160837     0.247916   -0.0779315
    0.208654     0.715319     0.324121     0.286786    -0.312524    -0.196289    -0.180023    -0.281934    0.0870628     0.277767     0.520685    -0.224244    -0.408059       0.3353    -0.482685     0.204473    -0.397525      1.20275   -0.0963821     0.146861    -0.411978    -0.578082     0.582508    0.0249437    0.0930445     0.245718      0.74074     0.624403     0.114736     0.537416     0.432394    -0.233322
    0.596513    -0.391548     0.295149    -0.175881   -0.0618207  -0.00585478    -0.165213    0.0595118     0.463661     0.228876  -0.00557686    -0.227233    -0.456892    -0.122057     0.350813     0.253245   0.00226919     0.556002     0.812807    0.0145682     0.242469    -0.238604    -0.737479    -0.128516    -0.440488    -0.261999    -0.209367    -0.214411    -0.401592   -0.0450312     -0.29693    -0.238366
    0.176118     0.728597     0.585021   0.00758417    -0.790002     0.351222    -0.160198    0.0425166   -0.0693318     0.558119    -0.428088    0.0507963     0.164424      0.48659     0.306068    -0.353389     -0.16614      0.13574      0.57053    -0.425711    -0.371506     0.302904     0.468518    -0.917225     0.394146    -0.891857    -0.787459    -0.156966    -0.407748     0.250321     0.443894     0.376886
    0.397948     0.231025    -0.505015    -0.724992    -0.737489    -0.325824     0.517808     0.527082    -0.224243     0.409341    -0.338301     0.747645     0.244847     0.460883    -0.592185    -0.424593      -0.2417     0.635583    -0.236322     0.903992    -0.139828     0.380568     0.470195     0.312815     0.507969    -0.278961     0.771909     0.208643     0.962252    -0.171964    -0.366333     0.777876
    0.686532    0.0336195    -0.372044    -0.437463    0.0680515    0.0674849    0.0446593     0.221699    -0.128172     0.634921      1.05627   -0.0938993      0.42387     0.119305     0.421931    0.0715867     0.477433      0.23565    -0.254918     0.157286     0.490075    -0.226747   -0.0713702     0.435483    0.0631367     0.227596     0.390824    -0.137201    -0.273354     -0.23417    -0.258929    -0.225857
   -0.392076     0.589165   -0.0838057  -0.00337796    -0.644905    0.0620974    -0.257583    -0.148053      0.26889    -0.118791    -0.692179     0.862966     0.173245    0.0909369     0.242668     0.354449     -0.35354      0.73048    -0.120648   -0.0848836    -0.199179    -0.713862     0.938124     0.567596    -0.476571     0.130012     0.940978   -0.0934691   0.00374695     0.151439     -0.36733     0.258379
    0.372914     0.784098    0.0579605      0.49696     -0.10245     0.436648    -0.246854    0.0443226     0.521427    -0.339327   -0.0854398     0.548342     0.367109    -0.495058    -0.101401      0.14468    -0.289515     0.683115    -0.429698     0.798484     0.100905     0.146254     0.493945     0.435182   -0.0961558    0.0816435     0.176539     0.651172     0.354811    -0.701578     0.306789      0.35622
    0.210933     0.469312    -0.408617    -0.916756     0.434225    -0.623375    -0.140524    -0.800692     0.612687      1.08931     0.425992    -0.531837    -0.482351    -0.932933     0.719106    -0.388883       0.2195     -0.14704     0.303506       1.1724   -0.0917146    -0.283375    -0.560155   -0.0258497    -0.745472   -0.0780894     0.131137    -0.406911     -0.94139     0.429221      1.05092     0.415855
   -0.414008     0.279807   -0.0838406      0.84109    -0.748288    -0.139155   -0.0286361    -0.477266    -0.107955    -0.125996    -0.255743     0.385747     0.981838     0.204506      0.26788    -0.325448    0.0309097   -0.0285074    -0.259247     0.349683    -0.269368    -0.456817     0.165724     0.103995     0.101031      1.16815     0.436003    -0.121455    -0.267596     0.243637    0.0306155     0.377984
   -0.159392    -0.429068    -0.355298   -0.0285261    -0.292061   -0.0400494     0.806002     0.185931 -0.000948927     0.590952     0.131301    -0.691579    -0.257267     0.161421   -0.0807974     0.221573     -0.25017     0.170822    0.0177189    -0.221763     0.624065    -0.388527      0.15647    -0.275901     0.396123     0.159431   -0.0733825     0.199266    -0.336889    -0.581574     -0.15793    -0.209632
    0.768811     0.174229      0.79048     -1.00718    0.0947397     0.887286      1.53827     0.907626    -0.491679     -1.08571    -0.103142     0.222167    -0.107992    -0.258205     -1.07245     0.482547    -0.548608     0.362464     0.441142    -0.209932     0.221283    -0.522354     0.157684      0.15816     0.521017     0.744758     0.472978    -0.223064    -0.207612     0.459381    -0.493463     0.227407
   -0.831349    -0.237128     0.739465   -0.0649952    -0.150648     -0.49291     0.167735   -0.0571121     0.514763     0.519063     0.531799    0.0978951    0.0151237     0.372049     0.339357     0.211948    -0.421315   -0.0369886     0.990303    -0.498387     0.652604    -0.322863     0.223093     0.292722      0.21502     0.539084    -0.535818    -0.774249    -0.493782     0.261978    -0.259127     0.335346
   -0.272098    -0.176292    -0.232716    -0.412526    -0.500929    -0.164095     0.419132     0.336242    -0.276757    -0.473347    -0.296525    -0.106655     0.161646    -0.175889     0.282031    -0.633395     0.411034     0.587832   -0.0484579     0.178003   -0.0829617     0.210347    -0.512029     0.362937    -0.330474     0.293595    -0.128584     0.611615    -0.726936     0.132787     0.232676     0.391008
    0.333412     0.143073    0.0546954    0.0676085    -0.383446     0.791934     0.602294     0.148326     0.103728    -0.829851     0.231286     0.785961    -0.321688    -0.771784    -0.160952     0.514942     0.458313  -0.00331433     0.420926    0.0572472     0.315173     0.342611    -0.649078     0.565156    -0.261791    0.0836108     0.618569     0.135031     -1.12817     -0.20611  -0.00630419    -0.388628
    0.232969    0.0757598     0.574487     0.315516     0.207273    -0.474877    -0.258363     0.109504     0.224982     0.266893    -0.198102  -0.00888266    0.0429283   -0.0502766     0.122738     0.313458    -0.243104     0.311683     0.536947    -0.376915   -0.0216391  -0.00345255    -0.423096    0.0859071      1.00074     0.146861   -0.0821458    -0.748074      0.24432   -0.0355386     0.159631    0.0568116
    0.173036     0.133607    -0.584418    -0.131137   -0.0971737     0.223406     0.358081     0.601025   -0.0686306    0.0362299   -0.0483013    -0.434127     0.481834    -0.823306     0.660968    -0.388495    0.0978143     0.369038     -0.40751    -0.363628       -0.121     -0.23153    -0.681451    -0.148055      1.06625     0.779543  -0.00221513    -0.672266    -0.173122     0.126052    -0.707906    0.0261697
   -0.210131   -0.0127848     0.525527    0.0820294    -0.531492     0.817475    -0.255199     0.361066     0.327644      1.09321    0.0958576    -0.412985     0.605296    -0.464489     0.812969     0.742219     0.712088     0.277535     0.360837    -0.278229    -0.129487    -0.208025    -0.242934    -0.010501     0.466128   -0.0739343     0.156175     0.654006      0.45669     0.700213    -0.460943     0.207617
    0.225142     0.414453     0.424221    0.0461993     0.139955    -0.307618    -0.887758       0.1563     0.363197     0.754384     0.182294     0.272978      0.10156    -0.475498     0.532921     0.437239    -0.176476     0.236655     0.356099    -0.284946     0.407844    -0.134085    -0.614297     0.106426    -0.252175    -0.254643     0.114553    -0.138894    -0.716801    -0.759052    -0.285811    -0.464201
    0.242286    0.0183372     0.153606      0.32892    -0.840405     0.404741     0.126405    0.0501723     0.123773     0.460985     0.206784     0.130812     0.180127     0.131005     0.434811     0.754506    0.0526362      0.53424     0.146546    -0.860087     0.640034    -0.716906   -0.0796321    -0.670888     0.290269     0.128946      1.04986    -0.174365    -0.578466    -0.251736      0.34577    0.0862153
   -0.188766    0.0250154    -0.423438     0.375431    -0.713257     0.560455    -0.230066     0.329242    -0.514315    -0.382205    -0.710107   -0.0209026     0.733642     0.298634    0.0898514   -0.0626166     0.426886     0.511067    -0.793739      0.81855      0.37662    -0.259483     0.332473      0.47761     0.344551    -0.178592     -0.53641     0.164251      0.12031     0.537103    -0.690614      1.06096
    0.109199    -0.322234    -0.536411     -0.26617     -0.30359      0.85545    -0.390774 -7.62809e-05   -0.0408217   -0.0573739     0.962777     0.493581    -0.698655    -0.445234     -0.86171     0.441608      0.92022     0.816447     0.249064    -0.247763     0.253669     -1.09497    -0.758291     -0.32857      0.88471    -0.222248    -0.250079    -0.471016    -0.356295    -0.201136     0.113448     0.283772
   -0.160979     0.377519     0.832108    -0.115845     0.471945      0.24447   -0.0556652   -0.0533511    -0.236405    -0.118374     0.171617     0.399051     0.107671     0.157364    -0.643154    0.0458338     0.172535     0.573759    -0.222865    -0.593457     0.140696    -0.184103    -0.313881    -0.235387    -0.448758     0.113724      0.58598    -0.854518     0.313794    -0.368909     0.749512    -0.848514
   -0.136361    -0.373777     0.371274    -0.753823    -0.404584     0.546824     -1.11684      1.00825     0.164733    -0.158236     0.863586     0.594736     -0.23429      0.55035    -0.108906     0.112044     0.699779     -0.48417     0.918877     0.158174      1.10352    -0.460804    -0.452477     0.294275     0.654329     0.102538   -0.0277497    -0.713931     0.114939     0.451771    -0.315731     0.156667
    0.349537     0.355203    0.0681231   -0.0914866   -0.0988608     0.122791      1.03737      0.46717     0.132742    -0.119053     0.237328    -0.692897    -0.128788     0.262622    -0.216219    -0.253352    -0.396548    0.0719852    -0.076347     0.690695  0.000333104     0.040886     0.242216     0.339149     0.356752     0.864868     0.178946     0.239222     0.459086   -0.0118787     0.617845     0.320502
   -0.307453     0.278179   -0.0954931    -0.190822    -0.296655   -0.0728901    -0.459833       0.2149   -0.0651931 -0.000177145    -0.317628     0.211754    -0.336552     -0.49594    0.0655245     0.918589     0.260932     -0.32241   -0.0306338     0.109424     0.725348    -0.102781     0.459482   -0.0183423      0.23849      1.01138    -0.139742   -0.0987389     0.569491    -0.216908   -0.0627164     0.129684
    0.721888      0.25964    0.0780012    -0.205784     0.439258    0.0452745    -0.268064    -0.335144    -0.493266    -0.288133     0.171783     0.534668   -0.0188918     0.529693    -0.172661     0.531296       1.4299      0.55727  -0.00314937     0.110742    -0.151549    0.0582982   -0.0561842     0.574927     0.824694     0.576353     0.180539    -0.143481    -0.109483    -0.397058     0.410282   -0.0406505
     0.36047     -0.39765     -0.52678    -0.418457    -0.944139  -0.00647583     0.436964     0.134256     0.435067    -0.114875     -0.47807     0.779146     0.327313   -0.0689589    -0.730952   -0.0297109     -0.31724  -0.00348121    0.0572882     0.480469     0.134153    0.0139835    -0.156125     0.283467     0.714022     -0.09663     0.950866     0.669773     0.791149  -0.00890427    -0.401595    0.0589962
    0.266929    -0.307757    -0.369617     0.527669     0.231083    -0.485728    -0.457878     0.396079     0.967745    -0.538107    -0.069948     0.307402    -0.171057    -0.175816    -0.472302     0.147952    -0.124294    -0.217315     0.312509    -0.360509    0.0391585     0.468616    -0.522812    -0.434349     0.330833    -0.100651     0.187784    -0.383818     0.379183    -0.100474    0.0634648    -0.121028
    0.165441     0.502231     0.523213    -0.153036    -0.281364    0.0291093    -0.406029     0.164496    -0.844983    -0.261646    -0.539935    -0.102138     -0.46727    -0.353362   -0.0405021     0.426871    -0.039398     -0.07077    -0.733104    -0.528977      0.70701    -0.541874     0.322657   -0.0389834     0.422351     0.490772   -0.0785681     0.477183    -0.422453      1.06012    -0.287547     -0.06328
   -0.150564     0.418758    -0.185306    -0.604686    -0.391746     0.586889     0.116515    -0.715834    0.0116066   0.00838004    -0.175554      0.14729    0.0371689     -1.07991    -0.315258     0.168664    -0.089852    -0.405834    -0.281643     0.108152     0.158596     0.324097     0.292618    -0.063295     0.289381    0.0111698     0.575407     0.257545   -0.0279788    -0.120355     0.289336     0.276225
    0.582811     0.116134    -0.246828     0.269525   -0.0957057      -0.3338     0.154449    -0.558593     0.141586     0.713255    0.0134864     0.502081     0.484094    -0.378978     0.382561    0.0697513    0.0646245      0.43227    -0.524157     0.315061    0.0751421   0.00194495   -0.0712018     0.420401     0.846133     0.353305     0.503745     0.097828    -0.991593     0.433444    -0.257534     0.114214
    0.889213    -0.324964     0.600802      1.26343     0.713403     0.882896     0.312671      1.99464    -0.178941     0.293055     0.918947    -0.461641     0.413742    -0.597523   -0.0192505     0.645512    0.0275841    -0.103242      1.00882   -0.0397015     -0.58034     -1.11787    -0.489659     0.538077     0.751381     0.862008     0.817121     -1.08409     -1.72385      1.28103     0.142373    -0.156555
   0.0811729    -0.218272     0.149486     0.743349     0.212865     0.461971     0.245316    -0.885067     -0.49306    -0.543199     0.107931     0.674018     0.667975    -0.278146    -0.797139     0.798497     0.642519      1.18516     -0.15611     0.416662    -0.246462    -0.719313   0.00711963    -0.072141    -0.226668    -0.677803     0.814927    0.0735064    -0.725636    -0.472938     0.114916     0.258131
    0.420469     0.485117     -0.48841    -0.166699     0.067526     0.548901     0.192645     0.431542    -0.316355      0.10877   -0.0484971     0.295868    -0.137771    -0.254614     0.187807     0.816933    -0.375251   -0.0900268     0.449643    -0.494346     0.198894     0.320745     0.038985     0.342512    -0.204742     0.384929    0.0637871    -0.291684   -0.0443363     0.042483   -0.0320735    -0.252837
    0.012254     0.429347     0.220888    -0.368818     0.180856    -0.235584     0.604469    -0.137901     -0.41074    -0.336064    -0.192946     0.281569     0.593715     -1.21316    -0.154071     0.938714     0.583856    -0.167357    -0.367336    -0.171746    0.0854011    -0.893194      0.16672     0.768212     0.333015     0.404889      1.38177    -0.873411    -0.366082    0.0558293    0.0506701    -0.305751
    0.194385   -0.0188823    0.0367294    -0.425963    -0.229381    -0.320337     0.030778    0.0170027     0.247618     0.110818     0.197652    0.0400813    -0.612357    -0.948448    -0.317592     0.702087     0.298487    -0.274164     0.444467     0.164983    -0.106661     -0.10357     0.215742     0.262647   -0.0696056     0.669747    -0.479713    -0.635318     0.458871    -0.338221    -0.310444     -0.13641
    0.197364    -0.518646     -0.13694    0.0355327    0.0787365    -0.317827     0.333148     0.693543     0.829371     0.926536     0.501663    -0.119188    -0.408522     0.102455     0.391648   0.00188622    -0.516065     0.126653     0.909242     0.696316     0.257502    -0.091842     -0.62618    -0.346812    -0.351517     0.259722    -0.766414     0.397404     -0.12399     0.400073    -0.274498     0.569664
    0.860444    -0.324101    0.0370614    -0.814586     0.166261    -0.720034    -0.123842    -0.422913    -0.201812   -0.0390349      1.12289     0.513717    -0.231865  3.36116e-05    -0.119869     0.792902     0.287804      1.17068   -0.0574528    -0.783282     0.375518    -0.214501    -0.458135     0.258789     0.492578     0.114483     0.492876   -0.0897305    -0.797814   -0.0669552    -0.132076    -0.599271
    0.427869      0.33245     0.697423   -0.0733045     0.366932     0.473307     0.378025    -0.140899   -0.0923186     0.471914    0.0731624     0.197477    -0.302387    0.0128081   -0.0467597     0.553337    -0.344438     0.635743       0.3871    -0.839357     0.890107    -0.729827     0.271536     0.701435   -0.0149965    -0.565419       1.0671    -0.549807    -0.221243     -0.28398     0.173703    -0.924066
   -0.591274    0.0314469    -0.698991     0.543381    -0.406167     -0.57294  -0.00365789    0.0762144    0.0904555     0.104988      0.18373    -0.401111     0.622008     0.303897     0.405617    -0.309068     0.142412     0.289846    -0.108746     0.690246    -0.444991     0.589546   -0.0640814    -0.708838    -0.651505     0.463544    -0.118063   -0.0611599    -0.194763    -0.223804    0.0992793      1.32897
   -0.380932     0.141916     0.832972    -0.110884     0.195117     -0.19796    -0.284988     0.695456    -0.855562    -0.845045   -0.0283052     0.752051    -0.438305     0.269087     0.194117     0.573122    -0.407342     0.525017     0.108339    -0.102014     0.963053   -0.0904953     0.237329    -0.336511   -0.0517737     0.763325     0.640195     0.431541   -0.0918717     0.759155     0.488921     0.015997
    0.150896    -0.242281     0.351134      0.10817     0.411933     0.367623   -0.0910294    -0.141889   -0.0018764    -0.268075    -0.106374   -0.0613109    -0.266148   -0.0154222      0.42581     0.480067     0.307276      1.37815     0.810824     0.257521     0.135741    0.0529611    -0.831731    0.0542997      1.11216     0.515751   -0.0838039     0.552218    -0.226821     0.909498   -0.0430925     0.586834
  -0.0816692     0.351068     0.150876     0.213684    -0.221336     0.529198   -0.0211558     0.525469     0.342509     0.464248     0.437031    -0.287692     0.436615     0.379266     0.621274     0.458251     0.298047    0.0233649     0.257924       1.1329    -0.168414     0.358574    -0.232635    0.0462882      0.36167     0.733725      0.21527     0.455664    -0.105006    -0.216048     0.799396     -0.35014
    0.116443    -0.174666    -0.119511     -0.37547      0.21357     0.240601    -0.194214     0.194364    0.0346711     -0.22157    -0.152817      0.14046    -0.176413     0.132279     0.519773     -0.49506   -0.0596728     0.586537    -0.300501    0.0581887     0.124926    -0.250772   -0.0727946     0.361989    -0.311681     0.782078    0.0583661    0.0974234     0.615748    -0.193157    -0.075749     0.521135
    0.735112    -0.463746     0.359072    0.0673488    -0.666232     0.829258     0.113353     0.919541     0.170547     0.152673     0.379072     0.106017     -1.53803    -0.236345     0.183155     0.162707     0.444272    -0.305771    -0.866586    -0.379256     0.203171    0.0905412    -0.623721     0.863346        1.044    -0.423199    -0.542993    0.0320609     0.193864      -1.1045    -0.454275      1.24492
    -1.13959     0.961583     0.559089     0.357727     0.115218      0.11948    -0.897703  -0.00969145     0.239739     -0.39933     0.183285    0.0581864   -0.0634592     0.700442    0.0752326     0.461534    -0.484686     0.535802   0.00455185    -0.311988    0.0649133   -0.0617794     0.818903     0.381952     0.166251     -0.28571    -0.633015     0.774936    -0.795548      1.06802    -0.115634   -0.0289526
   -0.012876    -0.145225     0.328038    -0.251913   -0.0704265      0.24819     0.587941    -0.282365     0.545356   -0.0590153    -0.831207     0.404448    -0.014997    -0.157411    -0.501624      0.67509    -0.923949    0.0337436   -0.0567537     0.137048     0.745488    -0.307006     0.470165    -0.531837      0.84365   -0.0480422     0.122493     0.244308     0.358559    0.0498267    -0.595923     0.177105
   -0.260797    -0.060527    -0.201383    -0.253625    -0.237786    -0.858875    -0.163188     0.534672      0.39253     0.322649    -0.196254     0.706516     0.314856   -0.0200912     0.334931    -0.269737  -0.00789479    -0.182875   -0.0457702     0.377901    -0.352075     0.101081    -0.629368    -0.581571      1.01772    -0.217695    -0.374802   -0.0970155     0.279249     0.111477      1.12206     0.740546
    0.707288    -0.418363     0.353685     0.389427     0.415314    0.0656823      1.03968     0.436825     0.485781    -0.248366    0.0763123    -0.646944     0.365618   -0.0278984     0.379768     0.448203    0.0651841   -0.0601801     0.843786     0.142671    0.0139592    -0.384507    0.0310579    -0.616237     0.490691     0.306111    -0.305548     0.249331     0.208503  -0.00925838    -0.271236     0.641776
    -1.07518     0.406497    0.0362187      1.00961     -1.21179    -0.133123     0.339486     0.627489     -1.14907      1.01502     -1.05508     0.061276     0.527158     0.894292    -0.890616     0.111154    -0.161079     0.375464     0.139359      1.59726     -1.39977     0.294281     0.578871    -0.109138     0.170384      1.11337   -0.0480403       1.3131    0.0624871      1.28889     0.518426      1.14281
    -0.39304     0.355125     -0.21709     0.189915    -0.111825    -0.185078    -0.326701     0.194318    0.0328167    -0.133756    -0.294573    -0.049786    -0.162551     0.446952    -0.401261    -0.723689    -0.217065     0.054899     0.159997   -0.0174813    -0.554274    -0.284282   -0.0857013     0.121745     0.441011    -0.262756    0.0653917     0.727707    -0.146296     0.219076    -0.201595     0.153064
   -0.164268    -0.670441    -0.277111   -0.0398498    0.0717264     0.183581    -0.401359      0.01451     0.400087     0.235167   -0.0411856    -0.586036      0.14274    -0.556793     0.645806   -0.0462404    -0.482395    -0.159359     0.205063    -0.677926     0.527114    0.0167525     -0.10173    -0.257189     0.272391     0.647194     0.392684    0.0849202      0.21668     0.471992      0.40475     0.196966
    0.080597     0.793842     0.729355    -0.626196    -0.347019    -0.232463     0.153815    -0.337095     0.400719     0.155924      -0.4242    -0.823112     0.577959      0.35699     0.671802    -0.757996     -0.26924     0.158894     0.953134    -0.633173    -0.159065   -0.0217827    -0.103421     0.650895      0.83952    -0.214777    -0.309411     0.613164     0.959948    -0.463506     0.538947      1.03946
   0.0728935   -0.0326474     0.312488    -0.186486     0.132453     0.102942     0.240099     0.854248    0.0596295    -0.997633     0.651972     -1.07464    -0.391077     -0.33814    -0.553174    -0.217145    -0.218345    -0.259833     0.657593   -0.0903449     0.825826    -0.356949    -0.579555   -0.0867696     0.325277    -0.230874     0.319206    -0.580855    -0.204117     0.815745    -0.546831    -0.286977
   0.0650987    -0.152906     0.500077     0.508551     0.179259    -0.508658     0.536453    -0.434187     0.551966    -0.168064    -0.319156    0.0241174    -0.217891    -0.538121    -0.272121   -0.0887543    0.0603895    -0.158683     0.102898      -0.6005    -0.176337    0.0738955   -0.0446426     0.120676      1.29981     0.507985      0.59126     0.213146     -0.43057     0.458346     -0.21612     0.649065
     0.63613    -0.752472    0.0110503    -0.542659     0.453473    -0.119812    0.0291853     0.314522     0.653741     0.139459    -0.219774    0.0242206    0.0218024    -0.365711    -0.119458     0.643741    -0.804695     0.856695     0.649012     -0.35774     0.223856    -0.733308     0.498077     0.340531     0.360433    -0.341378     0.523122    -0.597396    -0.186291     -0.55129      0.11046    -0.206379
   -0.341619    0.0322013     0.233872    -0.340848    -0.133905    -0.804851     0.272092     -0.34248     0.609631      0.26189      0.59249     0.533613     0.412179     -0.17764     0.340693     -1.12584     0.591843      1.62281     0.672186     0.938852    -0.197147    -0.222834     0.251316     0.116063    -0.707724       1.1442     -1.17388       0.6559     0.120754    -0.360415     0.536529     0.274029
     0.57924     0.589748    -0.217304   -0.0197712     0.338505    -0.162738    -0.012744      0.78098     0.723811     0.400354     0.464854    -0.417127     0.161544   -0.0227395     0.689793     0.488563    0.0909571    -0.244165    -0.549597     0.170665    -0.171996     0.513277    -0.306803    -0.458674    -0.315242     0.273112     0.586177     0.249093     0.426555     0.124376      0.43973    -0.432504
  0.00736331     -0.24739      1.94665      -0.3396   -0.0454802    -0.530006     -0.28574     0.561312    0.0748034    -0.513122     0.508594     0.376702     0.191806     0.106452    -0.861429    -0.407074    -0.520139      0.71874     0.758221   -0.0639932     0.189513    -0.086671     0.503383     0.801197     0.115227    -0.481199     0.286736    -0.791509    -0.384612     0.311166     0.217181       1.1518
   -0.759608    -0.289457    0.0216806     -0.28764    -0.755319    -0.164074    -0.370588     0.320209    -0.652219    -0.543334     0.271606     0.652222    -0.842581   -0.0423894    -0.205056  -0.00909071     0.136098    -0.375746     0.226637     0.236414    -0.379235     0.539724     0.219284    -0.777369     0.443682    -0.566466    -0.306544    -0.140151    -0.148741     0.115577    -0.602056     0.308996
   -0.260818   -0.0242143     0.202287     0.244124    -0.157203    -0.180761     0.257795    -0.194061     0.350232    -0.656748  -0.00472795    -0.447409    -0.914104    -0.384546    -0.699447     0.363992     0.135688     0.407558     0.171047    -0.426533   -0.0943323    -0.525934     0.218829    -0.650499     0.198645    -0.168874     0.217919    -0.164456    -0.197614      -0.6501   -0.0446511     0.293962
   -0.239438    -0.283351    -0.391594     0.461337    -0.280579     0.362081     0.596967   -0.0363959    -0.340901      1.48775      0.37557     0.684667    -0.178179    -0.622278    0.0739277     0.119512    -0.989178     0.322777    -0.477177     0.235422    -0.058931    0.0407945    -0.710586     0.071733     0.862978   -0.0152096     0.649169      0.43729     0.727642     0.315044     0.443912      1.11644
   0.0644862   0.00381129    0.0330698    -0.051629    -0.143844    -0.100006    -0.264585     0.073473     0.569184    0.0400333     0.439262     0.524547   -0.0634293   -0.0415746   -0.0031382    -0.217004     0.111774     0.518655        0.275    -0.130477     0.428294    0.0656703    -0.375676     0.384215     0.735627   -0.0893702    -0.125937     0.453481  -0.00422881   -0.0577892     0.454986   -0.0198006
   -0.362257    -0.125619     -1.19434    -0.284188    -0.920804    -0.259607    -0.263575     0.309795   -0.0111025      0.13379   -0.0586491    0.0719585    -0.167238    0.0837563    -0.212169    -0.100494     -0.31069      0.12517     0.169078     0.351484     0.739651    -0.190775   -0.0723927      1.02164   -0.0435397     0.209069     0.376969     0.323895     0.374558     0.192767     0.184297     0.594864
   -0.335028    -0.504831     0.824895      0.10339    -0.103061    -0.490726     0.182472     0.599277    0.0740633  -0.00429406    -0.469256   -0.0829506   -0.0900045     0.318765     0.191856    -0.225911    -0.341764   -0.0999048   -0.0189372     -1.02459   -0.0587024    -0.215041    -0.681028    -0.206043     0.417125     0.575575     0.762544     0.301343     0.868756     0.361717    -0.492054     0.258849
   -0.219109    -0.251583    0.0107728    -0.372936    -0.240706     0.706419    0.0119884   -0.0153973    0.0181053     0.581893     0.587448    0.0276866    -0.293211    -0.304143    -0.212367      0.29311     0.229077    -0.128972    -0.523278    0.0600788     0.658979    -0.597382    -0.203197     0.374063    -0.207243     0.141275     0.848525    -0.387283     0.272448      0.23121    -0.109129     0.172536
   -0.659325     0.937734   -0.0675544     0.775266    -0.521148    -0.648504    -0.187602    0.0672507     -1.09894      0.30918    -0.557975    -0.612478     0.798321      1.25736    0.0718004    -0.107263     0.981497    -0.138619     0.177873    -0.116778     0.457959     0.042201     0.159975    -0.419287     0.194677     0.438934    0.0490529    0.0697126    -0.065903     0.764335     0.155737     0.549687
   -0.136368     0.659376    -0.208222   -0.0464515    -0.129789     0.660061     0.640489     0.168434     0.255732     0.472701     0.356424    -0.199198    -0.301084    -0.747645    -0.374177     0.864025     0.476327    -0.599157     0.977311     0.103848     0.529404    -0.260737    -0.142762     -0.78915     -0.17447     0.421783     0.178186    0.0161322    -0.914041    -0.114206   -0.0148391    -0.899124
   -0.477429    -0.139136     0.221247    -0.220213  -0.00473744   -0.0210367     0.189413      -0.4991      0.16306    0.0295228     0.495502   -0.0471834    -0.353765    -0.331978    -0.264246       0.4901     0.411299    -0.867871    -0.162094   -0.0280043     0.158496      0.63108    0.0197506    -0.106474      0.42985    -0.277131    -0.279098       0.1076    -0.307457     0.142855    0.0587934     0.501501
   -0.282994    0.0979237     0.230765    -0.395464    -0.278337    -0.336807      0.35332     -0.27389    0.0474502  -0.00547163    0.0295434     0.239413      0.19152    -0.175223   -0.0459128    -0.748498     0.263954      0.36032     0.417986     0.983184     0.272705    -0.323332    -0.160346    -0.271284    -0.503677    0.0914965    0.0598301     0.253716     -0.14197     -0.26215    -0.394514    0.0930113
   -0.323229      -0.1764     0.395756     0.276676     0.150543    -0.669457      1.13638    -0.130221    -0.190725    0.0685616     0.707606    -0.400618    -0.440003    0.0420603    0.0621013      1.22892     0.148495      0.22842     -0.24242     0.312647    -0.206563    -0.347784    -0.189408    -0.139278    -0.402887      1.11273    0.0798626     0.825641     -0.80648     0.236464    -0.464751     0.459975
    0.305268    -0.419539     0.386781     0.117636     0.449142    -0.376823     0.303841    -0.623544     0.264294    -0.592876    -0.495114     0.230903    0.0593545     0.352616   -0.0855175      1.09308     0.401066   0.00979147    0.0719887     -1.07365    -0.221923     -0.84457     0.204746     0.101515      0.11993    0.0956334    0.0902584   0.00540271    -0.962428    -0.604005    0.0595631     0.708408
