   1.99991
  -1.47351
 -0.464995
 -0.028949
-0.0738698
 -0.638008
-0.0773202
 -0.377995
 -0.411001
 -0.358743
  -1.07292
  0.767565
 -0.627467
 -0.244727
  0.302851
  0.691531
  -0.72894
  0.274015
 -0.327988
 -0.825281
 0.0991136
  -2.81122
  0.195546
  0.672191
  0.968413
  -1.32486
   1.89954
-0.0251138
   1.21342
   1.23404
 -0.446613
 -0.811882
 -0.121309
 0.0603243
  0.324426
  0.469256
 -0.364261
  0.899114
 -0.462901
 -0.679794
  -0.32151
  0.323761
-0.0684988
 -0.548358
  0.184344
 -0.547638
 -0.393503
   1.31176
   1.68005
 -0.610581
   1.64909
 -0.306184
 -0.956079
 0.0960623
-0.0753559
 -0.201673
  0.234029
   1.05158
   -1.5501
  0.937377
  -1.55741
  0.295826
  -2.25064
 -0.327575
   1.15563
   1.54086
 -0.940417
   1.47264
  0.178702
 0.0893304
  0.573363
   1.35779
 -0.142998
 -0.207426
   1.17286
   2.18568
   -2.6864
  0.561483
  0.725217
  0.327264
  0.716665
  -1.73372
  -1.10133
  0.126145
 -0.781941
 -0.354353
  0.994419
 -0.759965
 -0.135529
   1.69235
 0.0554432
   1.71146
  -3.08618
   1.00782
 0.0672269
 -0.777215
  0.860028
 -0.291485
 -0.696132
 -0.486544
 -0.175195
 -0.468799
  0.393704
  -2.18978
  -1.65206
 -0.578623
  -3.41742
   1.23943
  -0.19848
   1.66225
  -1.42175
  0.262693
 -0.246157
 -0.221635
  -1.13911
 -0.673984
  0.101554
   1.36731
  0.405878
  0.645447
 -0.380179
   1.00348
   1.88749
  -1.24879
 -0.156859
   2.18273
  0.187518
 -0.363772
