   0.0580748     0.327368    -0.105878     0.107253     0.437932    0.0806088   -0.0622216    -0.222072     0.574418    -0.156825     0.221209   -0.0523346     0.163567    -0.325789    0.0461844    -0.412838    -0.204047    -0.219928   -0.0357344    -0.169644    -0.258716    -0.238099     0.963748     0.471817     0.205918   -0.0864443     0.632003    -0.422014     0.253273    -0.558852   -0.0867594    0.0719341
   -0.172141    -0.362438     0.418967    -0.173496   -0.0263429    0.0662708     0.221826     0.506664    -0.103318    -0.230626    -0.052012     0.432601    -0.345617     0.259884    -0.434779    -0.374206    -0.179019    -0.533058     -0.20017    -0.301083    -0.192092     0.031256     0.180063    -0.237896    -0.282675     0.265993    -0.439736     0.390261     0.228113   0.00631029    -0.280531     0.299003
   -0.034476    0.0684526        0.113     0.123569    -0.226836     0.285854     0.263981     0.132999     0.315719   -0.0414004    0.0577986    -0.343204    -0.397266     0.161374     -0.72529   0.00965212   -0.0355329     0.067731    -0.101399    -0.297278    -0.169707   -0.0475578   -0.0119127    -0.051787     0.365941    -0.448239     0.262026     0.729244     0.320969    -0.380771    -0.117936   -0.0465065
   -0.100552    -0.369133    -0.352456     0.121738    -0.251382     0.171359     0.255288     0.590905     0.260751  -0.00118888      0.54268     0.274908    -0.310707      0.21597    -0.111017     0.484098    0.0838529     0.231833     0.345114    -0.727571   -0.0452513   -0.0936279     0.606034    0.0887146   -0.0362647    -0.249536      0.24402     0.448613     0.326795     0.297112     -0.45394    -0.126612
   -0.262859     0.216273     0.375281     0.632651     0.225573      0.39629   -0.0679956    -0.125365     0.265651    -0.188519   -0.0251393   -0.0958545    -0.259928     0.303542    -0.205353     0.276545    -0.197243    -0.146799   -0.0151989    0.0828149     0.136148    -0.193707       0.2542     -0.23631   -0.0297976    -0.160357     0.201444     0.159521    -0.651364     0.378926   -0.0909961    0.0826927
    0.345057  -0.00774418    -0.303493    -0.190897   -0.0716118      0.11209   -0.0593306     -0.18133     0.162568    -0.166882     0.073238   -0.0356325    -0.275083    -0.213424    -0.212363    0.0437314    -0.154932    -0.194266    0.0682822     0.198317    0.0410765    -0.508538    0.0487151   -0.0371309    0.0660561     0.348557    -0.127828    -0.605713     0.118609   -0.0537978     0.502188    0.0278716
     0.63284    -0.107905   -0.0899492    -0.161767     0.537648    -0.132213    -0.618373    -0.150865     0.118117   -0.0595241   -0.0407727     0.114984     0.371555     0.633546    -0.041197     0.496181     0.124778    0.0248642     0.132503    -0.139484    -0.133428     0.154997    -0.229902     0.285932     -0.72109    -0.052337     0.420646     0.123595   -0.0934145   -0.0886951    -0.366349     0.047149
   -0.180729     0.276172   -0.0975574     -0.09968     0.471754     0.300741    -0.241821   -0.0943118    -0.326881     0.196884     0.115517     -0.36522   -0.0744289    0.0904796    -0.290819   -0.0361338   -0.0280358    -0.169102    -0.350702     0.311068     0.130011     0.104837     0.298478   -0.0307107     -0.55909    -0.122839     -0.37122    -0.289748    -0.285227     0.155111    0.0575463    0.0294738
   -0.135121    -0.665525    0.0339114    -0.339144    -0.479792    -0.241044    0.0894538     0.242067    0.0696072     0.199525    -0.519785    0.0409204   -0.0233357   -0.0659151    -0.104612     0.386715     0.239072    0.0774136    -0.332947    -0.241264    -0.336259    0.0973618    -0.471189    -0.437677    -0.446026     0.282966   -0.0630762    0.0890235     0.152629     0.437727     0.197095     0.268295
  -0.0931771     0.037216     0.183767    -0.315523     0.124811   -0.0121859    -0.228541     0.318542    0.0553974    0.0761649     0.249151    -0.112917    -0.415012   -0.0310977    -0.301466    -0.206741    -0.042105    -0.159666    -0.400157     -0.16116   -0.0299941     0.024938     0.175143     0.143344     0.158352  0.000331664    -0.169973     0.295805     0.147359    -0.186241    -0.280903     0.293697
  0.00662797     0.281497    -0.134387      0.31725    -0.107372     0.402452   -0.0962033    -0.968894    -0.166648    0.0102421     0.157065     0.087043     0.198075     -0.70671     0.137919    0.0364995     0.332097   -0.0780054    -0.123661     0.114043     0.170244   -0.0201933    0.0862978    -0.466701     0.326012    -0.105782    -0.202423     0.520042     0.611308     0.175954    -0.530315     0.260426
   0.0509733   -0.0652851    0.0907347    -0.301335    -0.414658     0.396016   -0.0938467    -0.193093    -0.192819       0.3453     0.170297    0.0522518    -0.145144     0.413902    -0.195799   -0.0709412    -0.291887   -0.0239216    -0.250148    -0.167121    0.0498104    -0.245917     0.133073  -0.00868912     0.103854     0.185411    0.0783792    -0.498927    -0.210914       0.2734     0.251259  -0.00496336
   0.0316006    -0.127449     0.096986     0.482299   -0.0502397     0.301153         0.12     0.638085     0.143601    0.0518769    -0.174976     0.200794    -0.427132     -0.15346    0.0397167    -0.216946    -0.725003    -0.224181    -0.259991    -0.124423    -0.294037      0.13072   -0.0836643    -0.298029    -0.468979     0.150734      0.23054    -0.113512    -0.347341   -0.0395647    0.0360545    0.0777152
    -0.40087    -0.584306     0.189864    -0.337446     0.233036     0.343544   -0.0405762     0.732341  0.000918842      0.33304    -0.171264   -0.0723492   -0.0148158    -0.231564    -0.221363    -0.623392    -0.298667    -0.277586    0.0889137    -0.359746    -0.181396     0.139772   -0.0624224     0.475605     0.369105     -0.29274     0.680546     0.279077     0.261126    -0.340361     0.519274     0.246899
    0.482807    0.0503687    -0.158173     0.726734    -0.180641    -0.251968     0.322434   -0.0589153    0.0974878    -0.353639    -0.113924    -0.309741    0.0646782    -0.104709     0.183178  -0.00736473    -0.319854    -0.212879   0.00685509     0.152527  -0.00254917     -0.15819    -0.391555    -0.203157   -0.0635013    0.0606856    -0.275494    -0.111572     0.132022     0.637615    -0.144048   -0.0972593
   -0.037784    0.0553027    -0.182924   -0.0251347     0.259073     0.131974     0.145977    -0.167793   -0.0589179   -0.0240459    0.0367043     0.375646     0.166228    -0.366266     0.126351     0.261134     0.098855     0.222977     0.292531    -0.157457    -0.368915     0.140976    -0.067734     0.263803      0.11845    0.0313932    0.0261725     0.186051    -0.187717   0.00248325   -0.0308765     0.431467
  -0.0794334    0.0374617    -0.330999    0.0479591    -0.479264     0.122468      0.14923     0.806883    -0.543461    0.0934024     0.356848     0.168732    0.0284577    -0.207824      0.63757     -0.11043     0.018917     0.315885     0.139327     -0.15043    0.0267588    -0.372024    -0.149729    0.0156196    -0.213562    0.0060333    -0.746424    -0.360726     -0.27115     0.234319      0.15588   -0.0420978
   0.0637277    -0.575448    -0.372145    -0.207384    -0.417902   -0.0540054    -0.240609    -0.108492     0.392981     0.180264     0.277736   -0.0365714     0.212283     0.152138    -0.255799    -0.302274    -0.361083   -0.0649867    -0.227617   -0.0839169     -0.28883   -0.0345325     0.233189    0.0685988    -0.117052    -0.170589     0.500359   -0.0146055     0.210882    -0.131139     0.155475    0.0431395
   0.0878243    0.0156656     0.452444    -0.387264     0.185386     0.320109     0.170071    0.0937073    -0.257348    0.0448552    -0.220364    0.0869366     -0.20381     0.447931    -0.487126   -0.0172472    -0.196605    -0.273698    0.0416162    -0.228838     0.379991     -0.18368     0.486504   -0.0345979   0.00601422    -0.118543    -0.248524    -0.454606    -0.100509   -0.0980129    0.0909099     0.322712
    0.192013     0.412516   -0.0126863     0.381037    0.0583933    -0.218947    0.0156006    -0.154784    0.0976162    -0.559432    -0.184686     0.107489     0.319972     0.383586    -0.100185     0.214389   -0.0805921      0.11178     0.327443    0.0852312   -0.0393628    0.0546427    0.0442367     0.268047    -0.171584    -0.030872     0.378222    0.0198263   -0.0905852    -0.149174     0.223624    -0.160044
   -0.245415   -0.0684011    -0.313934   -0.0840423    -0.126778     0.307917     0.274911     0.586101    -0.219192      0.11732    0.0084019    0.0693442    -0.145799     0.249251   -0.0961868    -0.207929   -0.0384364    -0.558523     0.104401    -0.281678    -0.271135    -0.141436    0.0848807    -0.421679    -0.145905    -0.122235     0.194052     0.198523    0.0744912    -0.112047    -0.296555    -0.263748
     0.13752     0.230597   -0.0586002    -0.257134    -0.205792    0.0738307     0.430144     0.211066    -0.171026   -0.0554113     0.455633    -0.102612    -0.337177    -0.137197    -0.196397     0.203068    -0.157176    -0.182246   -0.0318926    -0.291102    -0.053939    0.0594743   -0.0333217     -0.09423    -0.264096    -0.213566    0.0513783      0.62757     -0.06132    0.0870274    -0.114121    0.0408051
   -0.305189   -0.0809555     0.328003     -0.33427     0.599108     0.285123    0.0294104   -0.0287405     0.112006     0.232776    -0.432223    0.0456058    -0.136363     0.191313    0.0105645    0.0474868    -0.261457     0.108185   -0.0557054     0.194808    -0.132066    -0.210597     0.496952    -0.151467    -0.183293    -0.336414    -0.154815    0.0354939    -0.199765     0.299218     -0.11453    0.0421933
  -0.0477924    -0.243643    -0.206188   0.00378921     0.116555    -0.502871     0.179268     0.701163    0.0858454     0.310911     0.182014    0.0828903    -0.441985     0.266738    -0.365126    0.0255091   -0.0971378     0.190758    0.0227847    -0.437847    0.0962006    -0.511565   -0.0103934    -0.202505    -0.320005    -0.269516     0.135434     -0.24793    0.0688301    -0.209249    -0.246539    -0.111879
   -0.231685    -0.447241     0.831464    -0.199375    -0.247367    -0.148982     0.572569      1.09945    -0.211952    -0.101134   -0.0170437     0.213224      -0.4294     0.337805    -0.608578    0.0360807    -0.636513    -0.453893    0.0227578    -0.626235     0.194061   -0.0020317    -0.377737     0.132351    -0.115604     0.339422      -0.1909     0.599673   -0.0401904     0.036334     0.377775    -0.388894
    0.138261    -0.182975    0.0358908    -0.499965     0.119078     -0.55629     0.332043     0.512342   -0.0238492    0.0524697    -0.115255    0.0286706    -0.156387     0.324778     -0.29394    -0.140848    -0.205876     -0.17884   -0.0196449    -0.164514     0.438583     0.231061   -0.0231942     0.173633   -0.0675787    0.0697231     0.156487    -0.124111    -0.243022    -0.468824     0.242133     0.060298
   -0.243598    -0.110308   -0.0916229     0.147211     -0.26135     0.212393   -0.0524303  -0.00858761    0.0752173    0.0438573     -0.26731     0.166238     0.169098     0.134344     0.115708      0.01268    -0.322908    -0.128718   -0.0833076    0.0333991   -0.0203931     0.227589  -0.00793564    0.0056516    -0.153103   -0.0822278      0.05843    -0.324356   -0.0913932    -0.164929     0.300318     0.103792
   0.0792152     0.326878    -0.258518    -0.288189     0.131958     0.228759     0.152169     0.423845    -0.175963   -0.0116798    -0.215795     0.265469     -0.32205   -0.0347255    -0.287441    -0.159059    -0.238608    -0.148628    0.0484115      0.17411     0.191256     -0.15852  -0.00884395   -0.0262309     0.201472    -0.129501     0.358368    -0.152915   -0.0635368    -0.215868     0.188157     0.115859
   -0.338607     -1.01658     0.211284    0.0396354    -0.215856      0.17281   -0.0761658     0.782633     0.469653     0.292253    0.0759297     0.103781    -0.749614    -0.324362   -0.0453082    -0.405676    -0.319136    -0.502674   -0.0120055    -0.162171   -0.0194421    0.0145948    0.0926422    -0.318828    -0.377157   -0.0141273   -0.0944618     0.267051     0.100778     0.125933    0.0627726    -0.132492
   -0.341329   -0.0276481        0.308    0.0612536     0.401043     0.436424   -0.0955924   -0.0430126     -0.21507     0.247185     0.351786   -0.0653136    0.0425054    -0.087814    -0.244765   -0.0575747    -0.125052   0.00958712    -0.108684     0.289323    0.0115836   -0.0847343   -0.0259306    -0.447904    -0.211673    0.0627663    -0.100681    -0.122377    0.0440724     0.287333      0.12185     0.115924
   -0.290564    -0.496481     0.236203    -0.193971   0.00879746   0.00364261   -0.0462685     0.364248     0.317766     0.279946   -0.0291137    0.0573856    -0.125726      0.47522     0.158249   -0.0145679   -0.0974185   -0.0242451     0.106473    -0.360251    0.0734237     0.169027     -0.11268   -0.0321736   -0.0564073   0.00848398    -0.385265     0.131103     0.053381    0.0444348    -0.456656    0.0710738
   -0.267761    0.0299627     0.043119    -0.401653    -0.237176    -0.323852    0.0301404   0.00424423    0.0587668    -0.630141     0.635702    -0.112517     0.144198     0.235016    -0.123359    -0.309459    -0.477557     0.118708     0.099578    0.0142383     0.030916   -0.0323409     0.029508   -0.0189539     0.340662    0.0186562       0.5558     0.329492     0.347911    -0.166346      0.17828    0.0774294
   -0.244448    0.0633467    -0.188108   -0.0710416    0.0876877    0.0353192     0.159273   -0.0854718     0.270723    -0.323564   -0.0598078    0.0694464   -0.0255288   -0.0694609   -0.0646501    0.0386248    -0.239479    -0.472485    -0.280328    -0.362645  -0.00653383    0.0471581  -0.00119563     0.106397      0.13458    -0.144677     0.266124     0.708159     0.257721    -0.159324    -0.171989    -0.188086
   -0.106369     -0.80756     0.131944   -0.0138404     0.247143     0.257641   -0.0961568     0.587155    -0.229225     0.371839    -0.276325     0.321017   -0.0757434     0.295323    -0.645188    -0.697499    -0.455175    -0.281032    -0.193203    0.0262841     0.129962    -0.105507   -0.0548928   -0.0460912    0.0174301     0.488936    -0.100761     0.294437     0.452073     -0.14131    -0.100797      0.18034
    0.502291    -0.133444     0.357831      0.36598    -0.223623    -0.438606     0.375585    -0.185736     0.112224     0.120695    -0.194429  -0.00672624   -0.0731406    -0.187001    -0.386039    -0.266293    -0.150092     0.209242    0.0725963     -0.10173    -0.203125    -0.134051    -0.708409     0.391507   0.00148971     -0.21141     0.361304  -0.00310806    -0.183064    -0.537216     0.274453     -0.23985
    0.219588 -0.000138584   0.00548375     0.249689   -0.0318016    -0.107557     0.453969   -0.0830154    0.0161975     0.157582    -0.184612    -0.283502    0.0780443     0.329663    0.0483197     0.131033    -0.200078    -0.211348    -0.133575     0.222904     0.210995   -0.0452023    -0.235733     0.158985    -0.163113     0.243827     0.234822     0.287308     0.278927    -0.181102    -0.030083     0.184166
    0.113306     0.879039     0.183892    -0.298313   -0.0729518     0.118508    -0.108699    -0.852923    -0.533275     0.264486     0.475517    -0.457559     0.391301    -0.105908    -0.189201    -0.580751   0.00369316    -0.425002    -0.498573       0.2758   -0.0363007    -0.241055   -0.0532458     -0.42866     0.238626   -0.0629142     0.148704      0.16924     0.269706     0.179357    -0.129243    -0.260519
   -0.561472    -0.506916  -0.00221808   -0.0803096     -0.18803    -0.291358     0.296583     0.223743    0.0374459    -0.272959    0.0970015     0.162858     0.117449    -0.400917    -0.332436    -0.401238     0.391846      -1.1385    -0.148881    -0.777649     0.310232    -0.339986    -0.282135     0.128145     0.141345    -0.479568     0.416939    0.0847027   -0.0206357    -0.157906     0.221225    -0.209907
   -0.305061   -0.0236417    -0.165715    -0.143875     0.250275  -0.00904801    0.0907273     0.172706    -0.573158   0.00792752    -0.267038   -0.0431119    -0.147809     0.214092     -0.14128     -0.27605   -0.0203833    -0.246029    -0.443033  -0.00729198      0.15502     0.317153     0.141867    0.0179325   0.00973803    -0.128037       0.0393   -0.0284922    -0.619528    -0.388618    -0.157831     0.466257
    0.054504    -0.699526     0.278583    -0.337615    0.0683293    -0.122485     0.342055  -0.00930554    -0.180408   0.00951684    0.0583057    -0.282366    -0.208075    -0.193005   0.00584001     0.130159   -0.0226187    -0.313687   -0.0769351    -0.226456   -0.0430153    0.0685415   -0.0896964     0.351532     0.346025   -0.0504622    -0.078895     0.315049    0.0740375    0.0655481   -0.0320301 -0.000685915
    0.112216    -0.156739   -0.0885164   -0.0151527     0.131934     0.302348    -0.150976     0.798102     0.241891     0.302227  0.000624318    -0.250969    -0.140788    0.0270939    -0.186611    -0.597142     -0.43385    -0.549514     -0.20684    -0.158858     0.146743   -0.0963817   -0.0208587   -0.0734724     0.294008    0.0441551    0.0449162  -0.00866349    0.0650651    0.0177929    0.0257453     0.193826
   0.0481593     0.038581      0.24506     0.171809    -0.101542     0.441263    -0.119927   -0.0826663    -0.200885    -0.140669     0.136083      0.10354    0.0833588     0.200646     0.132237     0.396035    -0.231898   -0.0179409     0.257022    -0.149694    -0.221211    -0.236278    0.0465942   0.00348436     0.115293    -0.214405    -0.444831     0.189887    -0.216599      0.33012    -0.120061     0.221663
   -0.201787     0.391791    -0.206948     0.187237     -0.13282    -0.189719    0.0782079   -0.0674796     0.148676    -0.109832    0.0701314   -0.0190171     0.544087   -0.0820001   -0.0860862     -0.15375    0.0866034   -0.0816907     0.104902    -0.307616    -0.354576    0.0172232    -0.119313    -0.155647    -0.440533     0.185431    -0.158187   -0.0804565    0.0549286   0.00650717   -0.0098909     0.170358
   -0.132853    -0.288619     0.455077     0.554643     0.128094     0.339057    -0.255798     0.185341     0.469145    -0.195897      0.45303    -0.197223     0.414173    -0.100988     0.147286    -0.364959    -0.434636   -0.0646089    0.0529745   -0.0603663    -0.407076   -0.0822355    0.0516475    0.0488666  -0.00476014    -0.196231    -0.147484     0.576175     0.449315     0.111702    -0.157632  -0.00306776
    0.610901     0.469555     -0.16043    0.0137599    -0.548295    -0.275516    -0.436712     -1.07789     0.500743  -0.00334156    -0.170489     0.335684     0.152329     0.126983      -0.4379     0.244273    -0.258735     0.147495     0.403846     0.342619    -0.296966    -0.319571      0.03619    -0.156547    -0.535106     0.310613      0.53108    -0.198736     0.188311    -0.381551     0.638254    -0.542029
    0.238985    -0.109031     0.138783    -0.109881     0.160561   -0.0315613    -0.184185    0.0824438     0.170392    -0.200183     0.321496    0.0745475    -0.305504    -0.623981   -0.0488581       0.2252    -0.082784    -0.426448   -0.0407104     0.202122    0.0117575      0.23438     0.143774    -0.509217     0.150835     0.237069   -0.0224954     0.588254     0.250691    -0.404098     0.072735     0.315811
   -0.551412    -0.747682     0.536284     0.251795     0.241004    -0.241237    0.0283111     0.402651    -0.373011    -0.341261    -0.209553     0.121009    -0.062563     0.126073     0.624077     0.263154    0.0286788    0.0309615     0.130015     -0.14813     0.214889  -0.00312249     0.441833     0.304746     0.223758     0.796362    -0.240092    -0.139034    -0.155977   -0.0517591     0.218473     0.360062
  -0.0553728   -0.0359898    -0.137849    -0.132778     0.142186    0.0934574    -0.163878     0.119206    0.0427195     0.258702   -0.0450597     0.148775    -0.328938    0.0351012    -0.285028   0.00690538     0.216629    0.0428896    -0.201435   -0.0122298    -0.294421    -0.149522     0.129075      0.14151    -0.175258     0.309312     0.137028     -0.31856     0.389286      0.12277    0.0518135   -0.0774577
    0.162571     0.426212     0.606936    -0.113624     0.248334    -0.160902   -0.0282372     -1.02736     0.147988     -0.19333    0.0705595    -0.231992   -0.0837374    -0.118647    -0.782997    -0.187308    -0.145732    -0.479994    0.0545689     0.266844     0.384043    -0.098916   0.00919058  -0.00706867     0.269099    -0.228535     0.111427     0.487885    0.0930615   -0.0599573   -0.0293036    0.0993422
    0.178019     0.156597    0.0577049     -0.20604     0.594283     0.128576    -0.487622    -0.519569    -0.150011    -0.314882       0.2405    -0.323681    -0.369762     0.191693     0.290299     0.125441    0.0734207    0.0329064    -0.251318     0.294469     -0.21546     0.282647     0.103597     0.225401     -0.43258    -0.270398     0.133314     0.132872   -0.0843199     0.276737     0.127328    -0.154364
    0.125901    -0.363155     0.032068   -0.0224691     -0.27866     0.143103    -0.103104     0.206833    -0.041022   -0.0605373     0.240661    -0.425741    -0.237268    -0.170879   -0.0540132     0.365289    0.0377375     0.272115    -0.250058    -0.105623     0.340415     0.142824     0.759093     0.491266     0.233933    0.0403578    -0.232338     0.224809     0.472333    -0.253904     0.151806     0.238409
   -0.119922     0.630528    -0.349682    -0.128416     0.289737     0.395254     0.223439    -0.687788    -0.121753    -0.181263    -0.112413     0.214283     0.336729   -0.0240766   -0.0543864   -0.0563435    -0.214109    -0.152279    -0.279601     0.538382     -0.17753   0.00905014      0.30858    -0.199767     0.112285     0.540917    0.0235435    0.0675517   -0.0697889    -0.233386   -0.0982781    0.0662356
    0.146264    -0.285179   -0.0198963    -0.233921     0.099528    0.0174368  -0.00340606     0.301073     0.220371    0.0583077      0.43233    0.0142627    0.0646186    -0.256534   -0.0191039     0.286512    -0.199834     0.218534    0.0253223   -0.0209228   -0.0838654     0.414973    -0.147508     0.441912    0.0574791    -0.210627     0.277481    0.0726149    -0.247813     0.222418    -0.249703    -0.105366
    0.165471    0.0266572    -0.239658      0.13382     -0.31446     -0.37462     -0.19615    -0.208011     0.551997   -0.0749046     -0.15912     0.192681     0.362621    -0.191025     0.129362   -0.0683114   -0.0743114    -0.368629     0.463273     0.512709   -0.0315054     -0.23887    0.0622756    -0.317469    -0.479179     0.136164     0.237771     0.109755     0.403909     0.123747      0.15403   -0.0284698
   -0.290542    -0.454521    -0.134165      0.19075     0.043203     0.414164    -0.385929      0.96439    -0.541658     0.558726   -0.0823106    -0.447187    -0.386383     0.318667  -0.00915302    -0.264094     -0.32974     -0.28077    -0.237247    -0.316182   -0.0473011     0.467469    -0.130323    -0.219066     0.137553    0.0490425    -0.588473    0.0967697    -0.168238      0.46832   -0.0613629    0.0690214
   -0.094834    -0.191463    -0.102333   0.00160479     0.203141    -0.429137   -0.0642358     0.420036    0.0540084    -0.232063     0.275372     0.226996    0.0952066     0.336517   -0.0997192    0.0874734   -0.0870976    -0.210326     0.299216    -0.386014     0.100975    -0.146839    -0.187263      0.37798     0.138039    0.0658599     0.383522    -0.278742  -0.00338942    -0.595795     0.316316     0.167925
   -0.445635    -0.596857    -0.269241   -0.0218789     0.167539     0.191917   -0.0179663     0.803175    -0.142446     0.229013    -0.330137    -0.065291     -0.46125     0.297863    -0.262666     -0.13059    -0.279568    -0.309763    0.0669568   -0.0173664    -0.386598     0.605941     0.248027    0.0810301     -1.17814    0.0303397   -0.0884581    -0.501263    -0.191184       0.3493   -0.0994635     0.545964
    0.194184     0.407468   -0.0718104    -0.261286   -0.0389649    -0.170429   -0.0240312    -0.646037   -0.0574947    0.0194731    -0.285764     0.091811     0.309619    -0.166522    0.0503694    -0.168356    0.0409124    -0.138046     0.107454    -0.244538    -0.261619     0.173502     0.122911     0.281921    0.0675932    -0.204289    -0.143252     0.415349    0.0789027     -0.19646    -0.075368   -0.0621336
    0.281836    -0.150294    -0.301068     0.396076   -0.0740428   -0.0644706    -0.131291    0.0828698    -0.312227   -0.0112426    -0.411823   -0.0714508    -0.623659     0.270416    -0.429843     0.327346   -0.0112907    -0.591058    -0.138448    -0.457576     0.536712     0.225331     0.154797     0.158434   0.00103935    -0.259073     0.383472      0.33428    -0.335685    -0.511665     0.046214     0.118337
    0.143305     0.335007    -0.281505    -0.105491    -0.279447    -0.437097    0.0122258    -0.271128   -0.0622435    0.0397028     0.194867     0.198749    -0.264934    -0.157767    -0.521844    -0.285702    -0.153062    0.0492463     0.264816   -0.0963346    -0.321472    0.0138901    -0.455657   -0.0666086    0.0356373    -0.363131    -0.343792    0.0382543    0.0885036   -0.0748568    0.0841754    0.0355194
   -0.181226    -0.289153    -0.477704    -0.525086    -0.466335   -0.0950558    -0.240035    -0.156357     -0.34702     0.153772    -0.241413     0.126395     0.137258     0.139811    0.0140043   -0.0481867    -0.542572   -0.0922766     -0.23767     0.214159    -0.464898     0.102515    -0.345411   -0.0052527    -0.416448     -0.25425     0.456917     0.115852   -0.0877661   -0.0588613    0.0617264     0.316894
    0.126696     0.262924    -0.145142     0.353971     0.517354      0.23927    -0.289531   0.00900005     -0.34032    -0.148358    -0.152786    -0.122726    -0.408404    -0.222573    0.0659539    -0.111372    -0.311357    -0.114294    -0.215403     0.209058    0.0733821   -0.0624158    -0.144613    -0.535697  -0.00565946  -0.00309828  -0.00837068     0.235269     0.359908     0.265967   -0.0460238     0.205128
  -0.0426268     0.164804    -0.163735     0.269564    0.0611074     0.104282     0.211473    -0.211535      0.56372    -0.120463     0.194318     -0.29795     0.328345    -0.104426   -0.0910138     0.268261    -0.373178    -0.333659   -0.0406599    -0.218084    0.0612827    -0.206744     0.213588   -0.0454817    -0.267412     0.201594     0.365992   -0.0303775   -0.0315499     0.311944   -0.0703645     0.164712
    0.268512     0.312311    -0.400099    -0.124197     0.414748     0.594217    -0.135854     0.236449     0.270603   -0.0181635    -0.164468    0.0627965    -0.183726     0.200147    -0.065806    -0.171908     0.618854   -0.0236856    -0.339955     0.434997     0.026649  -0.00124796     0.173316  -0.00839031     0.293617  -0.00431512     0.248807    -0.368108     0.177973    0.0274339      0.14479   0.00542525
   -0.177011    0.0829019    -0.706545    0.0122944    -0.291412     0.335337   -0.0772777    -0.223876     0.221089    -0.429293    0.0366249     0.387884     0.281364     0.068334   -0.0937912     0.743828     0.449107     0.247877     0.462611     0.296006   -0.0868264    -0.160514   -0.0271012     0.247376    -0.551791     0.241195     0.686315    -0.181695     0.192588    0.0724644     0.161339     0.151407
   -0.122675   0.00641331    -0.176763     0.140587    -0.211547    0.0432936     0.311995     0.338227   -0.0871185   0.00284791     0.139612     0.239829     0.062719    -0.143685    -0.129808    -0.129371    0.0128277   -0.0199983     -0.11485    -0.160898     0.219601    -0.400334    0.0592872    -0.132674   -0.0782696    -0.114669    -0.180133    -0.117315   -0.0355554     -0.17066     0.225277     0.112557
   0.0220214     -0.13539    -0.427049   -0.0484075     0.188002    -0.363537    -0.264767     0.639508     0.275898     0.444032     -0.20219    0.0929627     0.376825     0.346965   -0.0932256     0.147116    0.0540265    -0.291407    0.0962032    -0.139575    -0.264347    -0.244279     -0.50533     0.134131   -0.0157069    -0.432774     0.211135     0.271213     0.122038   0.00712376   -0.0956431     0.602462
 0.000590366    -0.333734     0.575516    -0.225251    0.0350153   -0.0898816   -0.0234521     0.152698   -0.0994501    -0.150357    -0.352254    -0.227935    -0.118824     0.120719   -0.0789384    0.0450042   -0.0263362     0.044154     0.364039  -0.00503697    -0.112077     0.102628    -0.282197     0.168105    -0.302581    0.0919471     0.129272   -0.0371359    -0.299041     0.182262    -0.136308    -0.180348
  -0.0658399    -0.319041     0.432489     -0.10091    -0.412924      0.10099    0.0290825     0.526807    -0.206669    -0.311459    0.0837776    -0.258014     -0.24973     0.221205    -0.137985    0.0692517    -0.117945   -0.0583465    0.0107187    0.0752943   -0.0472024    -0.215672     0.348373    0.0892303   -0.0375667 -0.000409966     0.367435     0.240018    -0.623382     0.369331    0.0399433   -0.0440969
    0.344044    0.0152039     0.113859     0.309879    -0.240265     0.186866     0.354768    -0.750319    0.0564592    -0.348147    -0.319569      0.31749     0.284289    0.0338773    -0.381903      0.24522    0.0204998     0.342395   -0.0498461     0.124825   -0.0449293    -0.190932      0.14105     0.329738    0.0501717    -0.280186   -0.0994429     0.298161      -0.1158    0.0228799     0.142481    -0.389146
  -0.0758664    0.0984896    -0.705279     -0.23399   -0.0250047     0.353107    -0.368089    -0.483896     0.249961     0.164513    -0.359366  -0.00996384     0.392996     0.666244    -0.226868    -0.281788     0.277381     0.310169   -0.0990348     0.558397    -0.373447     0.332139    0.0186316    0.0995866    -0.188219   -0.0599489    -0.280086    -0.134817     0.220322    0.0839853     0.117339    -0.137919
   0.0176517     0.125476      0.17955     0.273353   -0.0178699     0.245899    0.0345684   -0.0134234    -0.323485    -0.142067    -0.325094    0.0711694     -0.46017   -0.0782566    -0.154255     0.433168     0.263992    0.0947472    -0.359783    0.0840307     0.110857    0.0580328    0.0805023     0.184445    -0.121673    -0.358653     0.315441      -0.1495    -0.176377    -0.466199    -0.284145     0.103449
    0.123765      0.32308    -0.125773   -0.0151222   -0.0624802   -0.0845456   -0.0279278    0.0774258     0.175817     -0.26645    -0.418652    0.0544426     0.190884    0.0665827   -0.0332768    0.0759184   -0.0526219    -0.446742   -0.0828248     0.431783     0.272444     0.277441   -0.0402962    -0.228987    0.0489642     0.182693     0.032868    -0.262109   -0.0501048   -0.0462774    0.0801105      0.16385
   0.0511681     0.331483   -0.0293541    -0.146082    -0.105834    0.0884283     0.214059    -0.283863   -0.0929666    0.0938048     0.221872    0.0167078     0.513799     -0.26166     0.196982   -0.0210989    -0.458482    0.0276116     0.250703   0.00993361    0.0421727    0.0463984    -0.063258   -0.0608868    0.0144523   -0.0602226     0.192122   -0.0869245    0.0182315   -0.0476139     0.506105     0.158875
  -0.0542767     -1.24408   -0.0482913    -0.186155    -0.300164     0.118687      0.16858      1.50018     0.131117    0.0767432      0.14489     0.502865    -0.660798    0.0673889    -0.467153    -0.393113    -0.233215     0.111187     0.180138    -0.574018   -0.0564794     -0.18416     0.102125    -0.249794    -0.472469      0.23177   -0.0627506    -0.296325     0.150199     0.126605    0.0502814   -0.0824402
   -0.330422     -0.26224     0.123391     0.174673    -0.232431    -0.156102     0.122574     0.442923    -0.157882     0.678969    -0.191763    -0.346459    -0.478684    -0.665013     0.653974     0.103422     0.357633     0.077951      -0.0435    -0.291814   -0.0123703     -0.21219   -0.0204799    -0.294162     0.339853    -0.172267      0.67318   -0.0520243     0.226035   0.00710375    0.0878002     0.492715
   -0.671883    -0.968499   0.00857814     0.191105    -0.294735     0.112885    -0.252645      1.35177    0.0752954     0.171475    0.0632561     0.403304     -1.11563     0.189629    -0.292578    -0.543298    -0.424299    -0.747583    -0.184796     -0.40946    -0.318941     0.187861     0.310256   -0.0248728    -0.187452    -0.205393     0.495621    0.0520967   -0.0930947    -0.193138     0.143642    -0.160705
    0.186024      0.18523    -0.257923     0.187549     0.124043     0.171879     0.154559     0.398054    0.0380424    0.0283139    0.0509377     -0.28878    0.0870272      0.15875     0.102222     0.154109     0.122034    0.0711627    0.0168114    -0.243624    -0.138068   -0.0653409     0.315374   -0.0376381    -0.102454    -0.132305     0.313409    0.0760251   -0.0638934    0.0395129    -0.260915   -0.0245638
   0.0262699     0.362671    -0.147629    -0.306841    -0.320204    0.0744803    -0.353983     0.292371    0.0281624    0.0867803     0.185459    0.0744013     0.519047      0.11645      0.14234    -0.129499   -0.0147894    -0.150078    -0.218891   -0.0700777     0.197882     0.168496     0.336714     0.159368    0.0451857    -0.588311     0.424262    -0.213601    -0.130025    0.0434531    0.0154988     0.109666
   0.0675799     0.275253    -0.392136    0.0533065     0.136931      0.18785    -0.270072    -0.447622    -0.214835    0.0754647    -0.475164   -0.0396723    0.0695491   -0.0320622   -0.0693147    0.0937499     0.161787     0.358565     0.375427     0.455901    -0.280551     0.114506    -0.248544    -0.499476     0.535326     0.113603     0.311114     0.185379     0.267141   -0.0788164     0.372672     0.205868
     0.14459    -0.322405     0.116536     0.269484    -0.336774    0.0486671     0.357153     0.501204    0.0362292    0.0684889    0.0763014    -0.261061    -0.309673    -0.068795    0.0768271    -0.025906     0.172906     -0.28697    0.0183348     -0.36309  -0.00929528    -0.337391     0.330584    -0.224082     0.068293    -0.115886    -0.233029   -0.0357188    -0.262145    -0.116197     0.371809    -0.200689
   -0.502169    -0.654018    -0.323256     0.142303    -0.255269   -0.0126629    -0.191215     0.680171    0.0210998    -0.216587    0.0673012    0.0286881     -0.46276    -0.357789    -0.241743    -0.122163     -0.39878    -0.148836     0.100363   -0.0705599    -0.292528    -0.103449    -0.167542   -0.0621992    -0.229742    -0.307709    0.0164388  -0.00429074    0.0680191   -0.0597848    0.0377978    -0.485584
   -0.382774    0.0249573    -0.354841    -0.107693    0.0165931    -0.025344     0.423918     0.183884     -0.31018   -0.0269287     0.148813   -0.0010428    -0.038209     0.156525   -0.0892671     0.274116    0.0884259    -0.153034   -0.0740535   -0.0667145    -0.220898    -0.282709     0.148541     0.163234   -0.0189755   -0.0558853    -0.176192     -0.50164    -0.201709     0.221308  -0.00723472     0.404798
  -0.0583318    -0.386973    -0.184388   -0.0362843    -0.105525     0.134653    -0.231996     0.325143   -0.0238878    -0.148694     0.276333    -0.180951 -0.000481301    0.0569501   -0.0854408    -0.142416   -0.0218389      0.38037     0.185869     -0.32892  -0.00173147     0.104863    -0.273556      0.19539    -0.351803     0.406089    0.0914097   -0.0976943     0.211791    -0.133068    0.0367626     0.197455
    -0.36583   -0.0742598    0.0825099    -0.235672     0.247444     0.292552    -0.383608     0.298327     0.139688    -0.101138    -0.205389     0.277811      0.17806    -0.162118    0.0669573      0.15015     0.016397    -0.287099    0.0975928   -0.0672149   -0.0372609     0.073838     0.236762     0.327821     0.220849     0.115747     0.304591   -0.0429381     0.170895    -0.308118   -0.0525776    0.0238935
    0.595233    -0.132631    -0.071403   -0.0718954      0.42019    -0.185979    -0.335672   0.00159316     0.246142    -0.236455    -0.280125 -0.000689482     0.143094     0.270905     0.229214    0.0349966      0.32127     0.139205   -0.0703029    0.0802893    -0.026318   -0.0695028     0.316521     0.130078    -0.187965  -0.00148435     0.302078    -0.216459   -0.0666452    0.0834536     0.336355     0.161981
     0.17181     0.229859    0.0650262    -0.154376    0.0993397    -0.177025    -0.170877    -0.717135      0.12313    -0.190116    -0.126521      0.23747     0.429073    -0.168729   -0.0991752     0.211703    0.0830473     -0.58408     0.109176    0.0735424    -0.513635    0.0329623     0.122441    -0.187409   -0.0996877     0.153528    -0.187051     -0.39757     0.557713    -0.183233     0.384618     0.465865
   -0.370208    -0.713825     0.233087    -0.026845   -0.0996775     0.432848    -0.157662     0.972828    -0.251185    0.0250647    -0.480274    0.0138964   -0.0977209     0.131615     0.120935    -0.013532   -0.0890626    0.0721681    -0.138037    -0.555868    0.0586545   -0.0517264     0.358917    0.0182183    0.0560284     0.223098  -0.00484154    -0.535511   -0.0498644    -0.350587   -0.0557609     0.126465
    0.511722     0.400422   -0.0891069     0.092571     0.122698     0.024829     0.312734      0.15895    -0.219639     0.205727     0.306194    0.0664832     0.208257     -0.12485   -0.0500636  -0.00946671    -0.186462    -0.109036     0.365409    0.0855523     -0.20135   -0.0539696    -0.113249   -0.0527847     0.090209  -0.00742137     0.137365    -0.196344     0.361934    -0.236456  -0.00504159     0.265636
 -0.00888944     0.352337    -0.268682     -0.12959    -0.223509    -0.364187     0.117834    -0.501296     0.372085     0.260587    -0.069686    0.0249324     0.165021    0.0106954    -0.310073    -0.108113    0.0145467    -0.275598     0.156389     0.228322    -0.309492    -0.277757     0.029309     0.191792    -0.351282    -0.303667     0.133819     0.124368     0.410708    -0.194089    0.0467333   -0.0440149
   -0.112118    0.0408067    -0.132298    0.0549057      0.20124     0.323385    -0.733385    -0.703882   0.00776034    -0.337117    -0.409201    -0.436985    0.0918755    0.0774656    -0.147273   0.00388279    0.0795059    -0.229662     0.145476     0.407658    -0.251873   -0.0061344     0.177085     0.218902   0.00498939   -0.0140366     0.391244     0.407607     0.491797     0.164281     0.227846    -0.127608
  -0.0688088     0.433382   -0.0371915     0.300777    -0.439928    -0.121072    0.0880627    -0.595613     0.191279   -0.0967177     0.116854     0.250882     0.277476    -0.400144    -0.080711     0.182049    0.0280804     0.185193    -0.119407    -0.284093    0.0111933    -0.551402     -0.25023   -0.0363861     0.078302   -0.0406401    0.0393246    0.0930264   0.00462571   -0.0944453    0.0355727    0.0400741
   -0.136677    -0.535619      0.24623     0.165111     0.420688    0.0725494     0.133991     0.167498     0.223399     -0.18025    -0.621143    -0.164219     0.063008    -0.111697    -0.542914     0.209056    -0.104828    -0.263657   -0.0447736    -0.186298    -0.590776     0.361557   0.00913553    0.0952768    -0.188553   -0.0909101   0.00890767     0.371437     0.524885    -0.250001    0.0223991     -0.17219
    -0.49488     -1.00247    0.0326231     0.232267    -0.231034     0.214243   -0.0412422      1.35777     0.171077     0.500148    -0.238584     0.482417    -0.493646    0.0931657    -0.475003    -0.763377    -0.345309    -0.335131    0.0210396    -0.296547    -0.205689    -0.187379   -0.0746461    -0.326829     -0.30113    -0.208023     0.115847    -0.159895    -0.192913   -0.0988372     0.327079    -0.117545
    0.464167    -0.123249    0.0586098     0.445798    0.0402465    -0.389026    -0.313695     0.359446     0.139737    0.0647414   -0.0666791   -0.0846044   -0.0992983    0.0176222     0.127746    -0.200198     0.107168   -0.0798996    -0.441953     0.152541   -0.0975245    -0.126106    -0.353186    0.0842052     0.111736     0.261684     0.215877    0.0429453    -0.224568     -0.32884    -0.311162   -0.0100301
    0.206623    -0.468509   -0.0353462     -0.10603     0.322875    -0.394105     0.180546    -0.220185      0.34446    -0.184903    -0.100138   -0.0791041    0.0514795    -0.236935    -0.182344     0.152278    -0.272823     0.387489    0.0621283    -0.410801     0.114455    0.0974212    0.0512342     0.324519    -0.489463      0.20892     0.792946    -0.282459    -0.127477     -0.13276    -0.152241     0.095177
  -0.0777394    -0.136001   -0.0483974    -0.246948    -0.348267     0.178401   -0.0606159     0.112047   -0.0612828    0.0691612     0.495852    -0.253332    0.0142286    -0.106067     0.177616    0.0430001     0.117174   -0.0619249     -0.28208     0.169249     0.167587   -0.0188194   -0.0785316   -0.0279657    -0.206116     0.479963   -0.0424634     -0.19872     0.163972     0.336278    0.0171278    0.0563249
    -0.11175   -0.0650179    -0.208954    -0.280323    0.0933821     0.140122     -0.19236     0.211443    -0.407415     0.243968     0.131709     0.154451    0.0388881    -0.183683    -0.213012    -0.522465    -0.224718    -0.325998    -0.390246    -0.485951    -0.282661    -0.294628   -0.0888876    -0.011344    0.0178867     -0.15978    -0.371742    -0.241484     0.095659    -0.564286   0.00862862     0.071493
    0.339766     0.597569    -0.077795    -0.216529    -0.181495  -0.00325717    -0.185387    -0.591997     0.373456    -0.170758     0.476983   -0.0753884     0.155979    0.0438238    -0.373439     0.723514    -0.133327   -0.0550033     -0.10793    0.0693763     0.253671   -0.0908053     0.140134     0.207721     0.197767     0.253568    0.0525955     0.513753   -0.0123611    -0.175213   -0.0639071    -0.251092
    0.504186     0.492995     -0.39591   -0.0366587     0.571221   0.00227124     -0.18174      0.54125     0.150638     0.482561    0.0960768   -0.0502698     0.433454    -0.192256    -0.263454    -0.555161     0.391485    -0.552533    -0.104306   -0.0201415     -0.74969    -0.157763    -0.277603    -0.441594    0.0399675     0.162993     0.024932    -0.129088     0.145561     0.248803    -0.708785      -0.3104
    0.183245     0.121594   0.00638497   0.00562357     0.343643   -0.0714009    -0.060392    -0.336981   -0.0116911    -0.155376    -0.200541     -0.47592    0.0428096      0.17149   -0.0596331     0.121368    0.0667068    0.0348454    0.0097288    -0.108984    0.0172931     -0.16697   -0.0700344   0.00140003     0.203691    -0.182418    0.0255056     0.236508     0.226507    -0.351675     0.318294   -0.0896233
   0.0193706    -0.311164     0.102379     0.205278     -0.39399   -0.0594924     0.228209    -0.152176      0.61416    -0.130463    -0.117835    -0.218825     0.199841   -0.0167048    -0.414668     0.597899     0.425455   -0.0862468     0.162151     -0.14673    -0.108057   -0.0531282   -0.0774042     0.268215     0.256231    -0.500434     0.513324   -0.0820486     -0.01957   -0.0658545      0.60871    -0.233476
    0.112753     0.393077    -0.378076    -0.193492     0.114955    0.0604561   -0.0796987    -0.319197   -0.0842914     0.311595    -0.391008     0.229726   -0.0779073   -0.0720616     0.297568    -0.260048    -0.159062    -0.180371     -0.16006    0.0850083    -0.176017    -0.330672    -0.182243     0.114843   0.00854506    0.0264363    0.0709023    -0.130934    0.0661988     0.131808     0.145246     0.178624
    0.149897    -0.216854     0.304969   -0.0396347     0.138078     0.197777     0.181716     0.395141     0.214559      0.14796   -0.0356572     0.439575    -0.571701     0.127723    -0.435527     0.148212    0.0101748    -0.125036   -0.0916624    -0.150124    0.0936556    -0.298211    -0.094918   -0.0964149   -0.0360552    -0.230239     0.163775    -0.389444     0.161547    0.0369177     -0.39058     0.254895
   -0.220388    -0.558168    0.0837355     0.096959    -0.152533    0.0131379    -0.266649     0.301711      0.21891    -0.293043     0.421058    -0.132973  -0.00339496   -0.0911647    -0.356429    -0.341522    0.0801933    0.0209664    0.0652081    -0.162181    -0.127477    -0.472142    0.0739889     0.216777     0.421647     -0.38383   -0.0377544    -0.188583     0.159028   -0.0631323    0.0601691    0.0673787
   -0.103991    -0.389399   -0.0449679     0.388734     0.081384    -0.178353      -0.3691     0.131308     0.048738     -0.17636   0.00590814     0.111942     -0.15594    -0.216962   -0.0441374     0.157455   -0.0405253    -0.551326   -0.0121399     0.323885   -0.0705497     0.168718    -0.572116    -0.182177       0.2599    0.0377093     0.750279     0.255192     0.208572    -0.195609    0.0836897    -0.117706
   -0.175504    -0.196273    -0.235858    -0.147859     0.231801     0.268375    -0.350208     -0.10754     0.196301    0.0651944   -0.0815829    -0.147929     0.119778     0.316539   -0.0506008     0.016543     -0.16026    0.0271603    -0.198182     0.340693    0.0268753     -0.14458     0.170643    0.0034534      0.12136     -0.14225     0.020853     0.359512    -0.130967     0.338024    -0.256706     0.258555
   -0.167697   -0.0875098     0.393143     0.608299    -0.165218   -0.0257766     0.158591   -0.0793941    -0.113476    0.0602408    -0.168596    0.0224828   -0.0601351    -0.159848     0.181002    -0.257718     0.117796    -0.253536     0.250535     -0.00411     -0.07021     -0.21484     0.230209    -0.252138   -0.0690812    0.0715071    -0.585182     0.123679     0.425005    0.0433338    0.0923206     0.137537
    0.208905    0.0895764    0.0752702     0.243766    0.0376438    -0.375583    -0.510843    -0.509177     0.156031    0.0585655    -0.478876      0.16373     0.197123    0.0801923    -0.218653    -0.129112    -0.126996     0.125533     0.328044     0.298223     0.150113    -0.581518     0.141922    -0.049032    -0.194478     0.038956    -0.213599    -0.273121   -0.0532049    -0.335082    -0.279073     0.458467
   -0.204146    -0.431911     0.406679   -0.0137155     0.248082     0.329434   -0.0603811     0.473207    -0.311611     0.272154   -0.0795338    -0.274159    -0.417488     0.107566   -0.0373377   -0.0447057    -0.154126    -0.042417    -0.101425    0.0572219    -0.291256     0.445893     0.236875    -0.516513    0.0770464     0.239871   -0.0740265    0.0512929    0.0655674    0.0384322    -0.178431     0.238273
   0.0183062    -0.199733    0.0211957     0.297054    0.0823139    -0.256014     -0.13617    0.0537191    -0.349017    -0.176055    -0.107299   -0.0331072   -0.0861753    -0.243254     0.569965    0.0642272     0.179735     0.365729   -0.0907404    0.0484985    -0.228616     0.144997   -0.0686383    -0.162864    -0.136599   -0.0412687   0.00557759  -0.00994769    0.0842153     0.367264     0.225362    -0.146574
   -0.355773     0.289533     0.150548     0.547029   -0.0324354    0.0858016    -0.100178   -0.0924003     0.345468   -0.0781302    -0.241229     0.045545    -0.352358      0.56199    -0.334691   -0.0351811    0.0461898    -0.521132     -0.15986     0.124043     0.344757    -0.519754     0.441996    -0.152193    -0.907285    0.0859747    -0.234059    -0.268903     0.209323   -0.0104534    -0.350516     0.486004
    0.149762     0.430084   -0.0197773    0.0684152    -0.107079    -0.383051   -0.0798408    -0.607091     0.635118     -0.31335   -0.0965971    -0.370243     0.290692     -0.14161    -0.119293    -0.273613     0.116274    0.0540419   -0.0419898   0.00169657     0.110594     0.159577     0.102191     0.517502      0.19523   0.00300639     0.658608    -0.511471      0.26941    -0.440195    -0.171886    -0.113009
   -0.139425    -0.136659     0.070383    -0.301844     0.366856     0.102644   -0.0843164     0.131383   -0.0183281     -0.16785    -0.312003    -0.153493     0.109159    -0.308279   -0.0999381      0.32171    -0.029708   -0.0171971     0.256191   -0.0980393    -0.171683    0.0645792    -0.472122   -0.0658045     0.264908     0.447837     0.218323     0.447581      0.13821     0.171219     0.214296     0.194753
    0.107164    -0.163031     0.541254    -0.254422     0.415319    -0.178152     0.145325     0.156135     0.215824   -0.0959402     0.218995    -0.504046     -0.58628     0.159153    -0.723511    -0.122267     0.163299   0.00843415   -0.0270492     0.187033     0.132895    -0.311989     -0.15375     0.293437     0.409004     -0.27879    -0.163208     0.261825    0.0633458    -0.304332     0.159622   -0.0397586
  -0.0549825     -0.14946     0.475113     0.384443    -0.334897    -0.412441     0.332969     0.140186     0.331395    -0.255813     0.343017   -0.0283333     0.193622     -0.73232   -0.0678062   -0.0079628    -0.430198    0.0718669     0.358691    -0.105518    -0.113884    -0.214514   -0.0388908     0.427038     0.828983    -0.143257    0.0128952     0.261642     0.215441    -0.144567     0.252469    -0.344068
   -0.240054    0.0369279  -0.00734211    -0.193264     0.520329     0.203859    -0.454773    -0.302144    -0.180016  -0.00773409    -0.362472    0.0772726     -0.13744      0.26387   -0.0945633    -0.202176    -0.384775   -0.0355316    -0.223756   -0.0206318    -0.438726   -0.0608811    0.0651888    -0.271896   -0.0966053     -0.26374     0.194799       0.2004   -0.0847389    -0.292738    -0.359181     0.181754
   -0.211345    -0.386173     -0.29371    -0.324736    -0.174119    -0.158355   -0.0187404     0.653469    -0.205859   -0.0557105    -0.091308     0.395777    -0.705631     0.454038    -0.237383    0.0028617    -0.256831    -0.283082      -0.2521  -0.00175379     -0.04574   -0.0434621    -0.342502    -0.604217    0.0193798     0.300908  -0.00291481    -0.386796      0.37396    -0.271802    -0.013325   -0.0710155
 -0.00918008     0.439226     0.144844     0.231905     0.115119    0.0971215    -0.416559    -0.225575     -0.14989    -0.053549      0.37439     0.217203     0.315152    -0.139586     0.246885  -0.00837438    -0.259976     0.403745    0.0288802     0.408075   -0.0532185    -0.305735    0.0863006  -0.00696467    -0.384796     0.212378    -0.106629    0.0905238      0.17162    -0.157711    -0.205019     0.231624
 -0.00628014     0.110412     -0.25962    -0.303637     0.344301    -0.222962     -0.04007    -0.151802    -0.219108    -0.556224     0.249096    0.0326493      0.09072     0.155861     0.185218  -0.00248557     0.476533    0.0677026    -0.303729    -0.025898    0.0746907    -0.176156    -0.292543     0.136422    -0.441581   -0.0204596    -0.332889    -0.208495     0.118763    -0.291471     0.345973     0.374458
   -0.131443    -0.259846   -0.0341765    -0.147753    -0.335485     0.409008   -0.0603744   -0.0930573      0.18653    -0.287981   -0.0244419     0.100503    0.0789919    -0.240729     0.477278    0.0942429   -0.0349363   -0.0641829    -0.388054     0.524577     0.273525     0.145341     0.167682    0.0502823     -0.13821   -0.0564289    -0.177009    0.0784055    -0.125619   -0.0648154     0.264168     0.266637
    -0.51937    -0.452535    -0.183001    -0.114252    -0.140318   -0.0968997    -0.108835     0.337346    -0.147409     0.123513     0.282819     0.257681    -0.105309     0.211922     0.186082     0.228295    -0.252448   -0.0135073    -0.481457    0.0208039   -0.0782997   -0.0305639     0.382928    -0.582868    -0.358909    0.0992474    -0.155509    -0.344741    -0.201497     0.238781    -0.114912  -0.00970959
    0.597146     0.429145     0.186706     0.543899     0.275978     0.268332    0.0110419    -0.516504     0.197838      0.11869   -0.0947439    0.0933844    0.0563263    -0.230078     0.288701     0.442059    -0.557498     0.151835     0.053498     0.183271    0.0734805     0.234704    -0.146799   -0.0935062    -0.612055     0.554747   -0.0380457     0.116797    -0.469542     0.785053    -0.201366      0.17858
    0.320462     0.442835    -0.158138   -0.0914277    -0.144516     0.136946      0.22684    -0.170716     0.318756    -0.499236    -0.156614      0.49426    0.0737878    0.0319161  -0.00358772      0.30669    -0.262544    -0.027917     0.279005    -0.116494    -0.501623   -0.0423803    0.0933792     0.141668     0.443583    -0.294555    -0.567661     0.773297     0.672773    -0.687377     -0.18479     -0.31634
    -0.26646    -0.274007     0.106348     0.403876    -0.483274    -0.134104    -0.530096     0.313731     0.210968     0.186258     0.293967    -0.348889    -0.397754    -0.028797   -0.0885782    0.0844401   -0.0217241    -0.134226   -0.0667791      0.17938   0.00676984    -0.278228    -0.225924    -0.179253    -0.370454    -0.673597       0.1038    -0.289986    -0.219166   -0.0390014    0.0229757    0.0208281
   0.0935155    -0.135003    -0.190425    -0.128051   -0.0801796     0.135134     0.269275    0.0612847    0.0144275    -0.148607      0.14831     0.011881    -0.239602      0.12688    -0.351417     0.287107    -0.376622    0.0395463     -0.19431    0.0788041   -0.0823728   -0.0330386    0.0112423    0.0310904    0.0130636      0.14187    -0.249863     0.508769     0.340622    -0.109584    -0.364186   -0.0548062
  -0.0797618   -0.0783534    0.0392661    -0.282204    -0.116096    0.0824198    0.0821343     0.316952    -0.375414        0.288    -0.226137      0.20067    -0.241312     0.371921    -0.345304   -0.0648563    -0.455409    -0.512917  -0.00553429     -0.39193     0.180699     0.039327     0.114074     0.182165    -0.319508    -0.276512     0.447717    -0.123432    -0.301058    -0.385111    -0.023552    0.0845463
   -0.576226     -0.88862     0.287812    -0.265173     0.202628      0.21096     0.364559     0.509747    -0.217619     0.279779     0.102404   0.00836459    -0.285164      0.13563    -0.292822   0.00918641    -0.251739    -0.341986    -0.103438    -0.275098     0.204244      -0.1176   -0.0790264        0.142     -0.22776     0.186819     0.116029   -0.0665405    0.0142214     0.342472   -0.0241486      0.34815
