     1.47444     0.415093    -0.856012    -0.762364     0.147268    -0.333216       -0.224     0.022174     -0.11773     0.523853     0.430867     0.529819    -0.203544    -0.450085     0.686772    0.0497073     0.781581       1.2044     0.942372    -0.219581    -0.214149     0.169432     0.748901     -1.00535     0.167377    -0.521395     0.361867    -0.701427    -0.194304     0.530054     0.162445     0.144717
   -0.217421   -0.0996249    -0.238835     0.292746    0.0147838    -0.345318    -0.139012    -0.378148        0.271    -0.108329    -0.147818    0.0127318    -0.170404    -0.327547      0.23702     0.129748    -0.335967      0.14438   -0.0573479     0.218457     0.317304    -0.310136     -0.63865   -0.0352894      0.56637     -0.31452    -0.398829    -0.196209    -0.291172     0.395939     0.405197    -0.201379
     -1.1818     0.254325     0.321688     0.356482    -0.269116    -0.384932     -0.80629    -0.361467    -0.330942     -0.23147    -0.197188    -0.591008    -0.482599      0.18327     0.117293      0.72193     0.370727    -0.645324    -0.685179    -0.501177     0.370082    -0.398045    -0.947924     0.797587     0.482586    -0.205525    -0.479329     0.546328    -0.154531    -0.238499    -0.711765    -0.486959
    0.417911    -0.250166      0.31972    -0.457312     0.307098     0.148301    -0.201425    -0.226977    -0.263493      0.30361     -1.05133     0.951703     0.433086     0.701455     0.194776    -0.481296     0.640734     0.842164    -0.138247      1.18325    0.0589013   -0.0326508     -0.25227    -0.637199   0.00253009     0.706716    0.0117494    -0.003977   0.00965052     0.184956    -0.567684     0.544079
   -0.512809   -0.0815352    -0.187654     0.248729     0.237664    -0.241979    -0.238936     0.189131     0.175596     0.239445   -0.0837362    -0.277113     0.112743    -0.172515     0.374631    -0.020219    -0.263437     0.175359     0.058847     0.261069   -0.0224329    0.0112796    -0.027965   -0.0825826     0.323831    -0.386687    -0.634301      0.17048     0.254292    0.0538953      0.32782    -0.518189
    0.416383      0.31569     0.811694    -0.701582     0.817934    -0.674513   -0.0742323      0.37446   -0.0505322     0.372914    -0.653975     0.434756     0.622278     0.962822     -0.16872    -0.833424     0.341979      0.70274     -1.02269      0.27821     0.202996     -0.18874   -0.0398229    -0.446429     -0.34361     0.639081   -0.0609613     0.163899    -0.273261    -0.401709    -0.221846    -0.333549
   -0.717916    -0.428798     0.592041     0.611813   -0.0291775    0.0983114    -0.447512    -0.527023     0.659575    -0.326865    -0.723467      0.05612    -0.414791     0.607869     0.506327  -0.00964804     0.161364    -0.606136    -0.456818     0.602052    -0.311469     0.296449    -0.248667    0.0119837     0.228681     0.225159   -0.0919135     0.685878    -0.117752   -0.0755521    -0.143271    -0.491752
   -0.702857     0.344072     0.969673    -0.753579    -0.235033    0.0579605     0.611809     0.149088    -0.361793      1.01868     0.126243    -0.341101     0.702575    -0.269352    -0.686812    -0.224785     0.123443    -0.327416    -0.708407    -0.104742   -0.0951291    0.0898111    -0.638052     -1.08131    -0.776909     0.176873     -1.05813       1.4509    -0.650743     -0.55251    -0.370089     0.249322
   -0.144585    0.0736271   -0.0939609     0.715729     0.249255    0.0715012     0.490028    -0.437437   -0.0367515    0.0975331    0.0796228     0.126775     0.294638    0.0787016   -0.0334906    -0.247488    -0.640669      0.51734  -0.00533534    -0.520109      -0.1943    -0.190165    0.0123764     0.209427    0.0388321    -0.181749     0.298414    -0.128617     0.438765    0.0372974     0.254361     0.310121
    0.469419    -0.183098     0.372205     0.801334     0.229213     0.016329    -0.596932    -0.216292    -0.715996   -0.0762482    -0.327247     0.712691    -0.064415    0.0950448     0.595489    -0.324635     0.333621     0.557485    -0.144755     -0.54419   -0.0996369    -0.335643    -0.195393     0.113407     0.372376    -0.394902     0.247964    -0.672654    0.0193403     0.230918  -0.00504918     0.281686
   -0.212851    -0.401843    -0.269242      1.01517     0.180615       0.4574    -0.591126     0.078083    0.0163698     0.227228    -0.819393    0.0717725    -0.446697     0.525234     0.206684    -0.250576     0.206782     0.632714      0.46986    -0.191812     0.190199   -0.0036096   -0.0902079    -0.295101     0.109657    -0.641119     0.009538     -0.15458   -0.0147186     0.186367      1.09063     0.205305
    -1.31579      0.48765    -0.168701      1.67501   0.00741247     0.484145    -0.519583    -0.499996    -0.839375     -0.22213     -0.88813     -1.53697    -0.718319   -0.0849296      0.30085    -0.194316     0.448895    -0.479988     0.167848    -0.538822    -0.833663    -0.327343    -0.650545   -0.0551592    -0.125928     -0.65647      0.25224     0.558212    -0.861716   -0.0998575     0.692868     0.678122
     0.17529     0.792662    -0.175393     0.778532   -0.0237133     0.719831    -0.909893    -0.265242    -0.236324     0.786898    -0.547618     0.577386    0.0595698    -0.231664     0.358721   -0.0418777     0.277309      0.30836     0.374763    -0.356375    -0.173952     0.981323    -0.447236     0.162268     0.533727   -0.0577206     0.241177    -0.117373    -0.270621    -0.134973    -0.433466    -0.542667
    0.901485   -0.0987442     0.161227     0.345447    -0.414114      1.28755    -0.229145    -0.388691     0.402824      0.95692     -1.79386    -0.681541   -0.0238573    -0.729098     0.173146    -0.221515     0.217627      1.36835     0.527837    -0.570649     -1.32696   -0.0665052    -0.189311    -0.625148      0.14351     0.177006    -0.268548      1.05584     -0.72094   0.00501943     0.423313      1.03825
   0.0438317    0.0934742   -0.0473556     0.251353     0.216723   -0.0755932    -0.315672     -0.40951    -0.404182    -0.274111    -0.435575   0.00479071     0.176207   -0.0884181   -0.0039297    0.0512672     0.529745     0.266799     0.188275     0.074594     0.311875    -0.157233     0.353585  0.000979106     0.178117    0.0832807     0.384332   -0.0430959   -0.0104139     0.717306     0.218808   -0.0754902
    -0.37684    -0.156875   -0.0111515     0.476804    0.0659382    -0.288256    0.0790696   -0.0225584     0.912909    -0.218042    -0.114773    -0.230468   -0.0528649     0.565992     0.945797     0.718499      0.60457      0.56083     0.638065     0.609239    -0.512354     0.236659     0.187803    -0.608568 -0.000568081    -0.452747    -0.514809  -0.00757876     0.259842    -0.156297    -0.545259    -0.356003
   -0.311696    0.0503932    0.0941971    -0.232644    -0.135313    -0.268332    -0.585878    -0.540872     0.458402    -0.359842    -0.114223     0.498291    -0.130846     0.163906    -0.481688     0.130317    -0.381482     -0.47887    -0.134172     0.355024     0.560224     0.606643    -0.429619     0.514101     0.187608    0.0543085    0.0530928       0.4143    0.0481232     0.332032    -0.622077    -0.513723
   -0.272651     0.267164    -0.175028    -0.163009    -0.192015    -0.724724     -0.12717    -0.186326     -0.11746    -0.558682     0.632886    -0.222816    -0.228441     0.158839    -0.400006    -0.522265     -0.55166     -1.23269     0.044605    -0.079767    -0.316487    0.0176225   -0.0921582     0.851853     0.265489     0.109333    -0.209702     0.569015    -0.578185     0.201429     0.280224     0.125203
    0.356739     0.614764    -0.267285     0.816914    -0.319433     0.487416    -0.597245    -0.304686     -0.92946     0.425099     0.494631     0.178948    -0.438234     0.259414    -0.302915     0.224533     0.234563     0.805654    -0.222105    -0.322169   -0.0974819     0.483852    -0.292589     0.376107     0.305263    -0.192887    -0.408031    -0.287254    -0.247664     0.085219    -0.299002    0.0182746
    0.423295    -0.225556     0.139406    -0.375167    0.0951306    -0.334604    -0.120605      0.51183      0.03431     0.700418     0.682014     0.123475     0.488658    -0.163967     0.116317   -0.0381015    0.0923762     0.656018     0.195657     0.455723     -0.67977   -0.0955303     0.247288    -0.911064     -0.38844     0.455369    -0.319699   -0.0328784     0.113063     0.268733   -0.0195848    -0.111977
   -0.218099    -0.289421    -0.355601     0.101809    -0.403849    -0.494258    -0.598255    -0.427308      0.81419     0.247804    -0.513988    -0.425886    0.0294245      0.24802     0.761115      0.32548    -0.812874     0.779686     0.330061     0.281778       -0.463     0.102393    -0.233644    -0.213992     0.283301    -0.942937   -0.0906366    -0.143655     0.122303     0.302165    0.0394271    -0.454792
    -1.01959     0.243101    -0.817796     0.397919     0.415932     -0.34044    -0.296007    -0.466231     0.815846    -0.487704     0.649889    -0.382514    -0.422528    -0.493397    -0.515066     0.310928    -0.262573    -0.162312     0.127378     0.056665    -0.265888   -0.0650854    -0.071589     0.755672     0.437116   -0.0874333    -0.322459     0.343713     0.616826     0.410874    0.0670696    -0.536546
    -0.50795   -0.0412722     0.787152    -0.525195    -0.382211    0.0529628     0.140609    0.0947541     0.111251     0.805389    0.0734371    -0.101276     0.386155     0.461602   -0.0873262     0.406518     0.436709      -0.0613    -0.685057   -0.0121441    -0.313601     0.599621     0.325216    -0.760251    0.0347639     0.890046    -0.103917     0.775228     0.235066   -0.0267912     0.135328    -0.266106
    0.682121     0.866296     0.529009     -1.33643     0.180436     0.558557     0.783665      -0.1572     -1.01071   -0.0885684    -0.240767     0.320856     0.382534    0.0396264     0.364848    -0.383127      1.09887     0.571951   -0.0552052   -0.0227218    -0.115556   -0.0438647     0.318643    0.0875331    -0.597822     0.164973     0.918854    -0.192324    -0.534818     0.595002     0.194651     0.864528
    -1.25345    -0.227546     0.423662     0.327449   -0.0972367    -0.349175     -0.31426    -0.150857     0.220893    -0.815813    0.0644115    -0.307937     0.567614     0.539416    -0.551825     -0.25528    0.0674001    -0.270576    -0.186666   -0.0525013    -0.426895     0.579025    -0.446802     0.185231   -0.0114188     0.361293    -0.201996     0.452937    -0.373471     0.268771     0.202721    -0.604828
   -0.549192     0.673323    0.0734387     0.774564     -0.57285     0.621216    -0.569139    -0.221524     -0.37017    -0.907422     -1.62128    -0.344573     -0.89245      0.93398    -0.341223     0.382618     0.251285    -0.900826     0.068745    -0.321176     -0.66969    -0.164856    -0.444683     0.620474    -0.160509     0.333273     0.395875    0.0834717     0.241664     0.337186    -0.218434    0.0241641
   -0.980847   -0.0997493     0.135208     0.181598    -0.575109    -0.186399     0.189746   -0.0833808     0.615331      0.78176     0.496404    -0.233435    -0.112682    0.0468795   -0.0898602     0.932883    -0.285535     0.137042     0.116362     0.183693     -0.29393    -0.197576     0.175709     0.076402    -0.386958    -0.169798    -0.562082     0.154734     0.262024     0.318294     0.167484    -0.677079
   -0.303862    0.0157478     0.232594    -0.141923    -0.540769    -0.230792     0.649441     0.190711   -0.0923625    -0.144582    0.0111733     0.736264    -0.126356     0.163624    -0.523014     0.251441     0.199285    -0.131021    -0.755749    -0.257844    -0.020586    -0.142126     0.520094    -0.103681    -0.114178     0.605997     0.566679     0.271094    0.0637937     0.432691    -0.166833     0.653314
     -1.1874    -0.808777     0.146377     0.589871      0.24298   -0.0204686     0.059217   -0.0545774   0.00827938     0.236505     0.249834      1.24813   -0.0489569     0.571639   -0.0167424     -0.37281    -0.588452   -0.0271175    -0.312273    -0.774904    0.0361626     0.127122     0.489085     0.866678     0.423511    0.0205889    -0.774636   -0.0321827     0.147567    -0.529821     0.407741    -0.285073
   -0.101234    -0.211525    -0.312679      0.19304     0.439336    -0.160217   -0.0391079    0.0166934    -0.011868     0.163729    -0.125794     0.122119    -0.185988    -0.259117    0.0666794   -0.0368957    -0.319257     0.377088    0.0820702    -0.167038     0.111917     0.115406    0.0933092     0.288842    -0.515633    0.0601906    -0.365712    -0.065231      0.49152    -0.128982    0.0861883    -0.382017
     0.88543    -0.167405    -0.476854      1.32068     0.667988    -0.130078    -0.983527    -0.355382    -0.919224     0.411141    -0.647906     0.234574    -0.671846      0.62957    0.0209115       -0.222    -0.111489    -0.144019     0.500063    -0.761774   -0.0531539     0.640981    -0.290723     0.361022    0.0790207    -0.222486     0.243611    -0.315778    0.0374198     0.224698     0.299836    -0.730574
    0.466414    0.0294491    -0.423394     0.185373    -0.401791    -0.198945    -0.472243   -0.0855237    -0.133081     0.205723   -0.0249727    -0.529422    0.0323826    -0.147266   -0.0510505    -0.385363     0.159724   -0.0333571    -0.355017     -0.62198    -0.359961     0.767755    -0.214171    -0.592597   -0.0830365     0.100919     0.239032     -1.18784    -0.488789       1.2228     0.202118    -0.272231
