    -1.06925    0.0595684      0.22806   -0.0459263     0.125459    -0.195727    -0.247064    -0.231047     0.448786    -0.567543     0.545299    -0.528152     0.521199     0.122794    -0.576158     0.524037    -0.336306     -1.02514     -0.16167    -0.183346     0.563291     0.398242    -0.294025     0.579804     0.466052     0.461567    -0.445118     0.979945     -0.27132    -0.491118     0.295005    -0.194523
    -0.33496    -0.199789    -0.583184    -0.205342     0.372254    -0.423068    0.0471052     0.601053     0.273161    0.0298851   -0.0357447     0.142242     0.022696    0.0162427    -0.152132    -0.328662     0.300648     0.390277     -0.31064    -0.111636    -0.230815    0.0163732     0.313039    -0.163415    -0.427484    -0.108468    -0.398914     0.690602     0.319728    0.0473352    -0.387764     -0.11116
   -0.142143  -0.00145811     0.493032    -0.126992    0.0674196     -0.23176     0.313033     0.163309       0.1527     0.149378   -0.0495928   -0.0361225     0.237551     0.310119    -0.518878     0.118831    -0.107012    -0.175149     0.102907    0.0802855     -0.19949    0.0363927    0.0205512  -0.00102074     0.150483     -0.37569     -0.36155    -0.367923   -0.0851729    -0.178581    -0.257843    -0.102438
    0.266245    0.0173307    0.0166987    -0.744482    -0.122803     0.686029     0.587074     0.812596     0.233735     0.584093     0.148013     -0.20812       0.2494     0.252203    -0.235845     0.669073     0.365309    0.0649067    -0.208619     0.386987    -0.084504    -0.261492      0.85102     -1.08725     0.252677      0.52129    -0.305168     0.240694   -0.0834129    -0.393095    -0.331258    0.0413058
    0.526091    -0.296653     0.112211       0.3709     0.297597    -0.199059     0.154448     0.331496     0.545701     0.194992    0.0608234    -0.109584      0.48468    -0.283044     0.332056   -0.0999803    -0.109789     0.659492     0.107483     0.198512   0.00213531     0.144664     0.183418    -0.399649     -0.28631      0.28061     -0.26343   -0.0986091   -0.0387758  -0.00557774     0.182044     0.246369
    0.208122    -0.294118     0.203465    -0.788577    -0.363346    -0.222014      0.37954    -0.376053     0.650053     0.220863     0.254953     0.236806    -0.142965     0.295638     0.271445    0.0693618     0.439219      0.58003     0.205808   -0.0825265    -0.129207     0.311298   -0.0248463    -0.396446    -0.116176     0.391125     0.324891    -0.385731     0.194127     0.436315     0.312137     0.110809
  0.00944111     0.450278    -0.275525    -0.338607    -0.625859     0.181378     0.380452     0.143357    -0.402607   0.00234204     0.417857     0.311706    -0.773886     0.678688    -0.183304     0.367936     0.550554    -0.412694    0.0265687    -0.337023     0.606057     0.266808 -0.000869195    -0.282313   -0.0550594     0.850442   -0.0472767    -0.518115     0.102091    0.0305425    0.0162825   -0.0264516
    0.169942     0.157922    -0.563059    -0.483328   -0.0614065     0.617197     0.785812      1.19422    -0.330757     0.804105    -0.830332     -0.46213    -0.530579    0.0825455       0.2236     0.763587     0.335854    -0.167409     0.206296    -0.296854   -0.0928281     0.173068      1.15073     -0.40553    -0.530885    -0.304743     0.263536     0.565168     0.921166    -0.363263     0.100003     0.779606
    0.309389    -0.444433    -0.426269    -0.246843    -0.370216     0.523599    -0.722438     0.102753    -0.276605     0.253107    -0.868538    -0.283269    -0.590913    0.0102694      0.47448     0.132387     0.111712    0.0162281    -0.465567     0.357141     0.463132     0.401179     0.124086    -0.248317    -0.103404   -0.0343598    -0.311776     0.318776     0.429936     0.260544     0.112041    0.0426866
    0.605284     -0.17771     -0.49222     -0.31793    -0.477007    0.0938181     0.356633      0.31569     0.119679    -0.699551    -0.358326     0.518156     0.488499     0.432615    -0.895266    -0.303748     0.391358    -0.150501     0.234113     0.149503     0.674748     0.616981   -0.0933877    -0.588579     0.353691    0.0250608    -0.103201   -0.0963668    -0.658355     0.115724    -0.451325     0.268177
  -0.0970373   -0.0392196     0.252615     -0.22866    0.0814791    -0.293527     0.131665   -0.0823778    -0.200921    -0.418325     0.382066   0.00274539     0.410587    0.0580793    0.0955952    -0.157487     0.422628    -0.198886    -0.412577     0.202356     0.103061   -0.0242525     0.288388     0.262454    0.0616347     0.621803     0.269241     0.184667     0.557586    -0.393027    -0.595918     0.352768
     0.36512   -0.0168268   0.00678404    -0.495302    0.0632488   -0.0947535     0.651146      1.55025     0.427613      1.25315     0.489812     0.769241     0.172354      1.14309    -0.893428     0.969872     0.755211     0.162448   -0.0648403     0.285235     0.413626     0.134654     0.891226    -0.702423    -0.231708      1.14126    -0.375515     0.207503      0.60263    -0.136029    -0.236437     0.694294
     1.18391    -0.119867     0.413364    -0.732646    0.0683936     0.285398    -0.525364      0.10769     0.110175     0.204906     0.221255     0.231814     0.273943     0.157456    -0.555514     0.280182  -0.00321473     0.295616    -0.623646  -0.00794051    -0.847985   0.00584249     0.280548    -0.919267    -0.538348     0.583995     -0.22373    -0.402681    -0.211095    0.0318403    -0.137713     0.111329
    0.607226    -0.725555     0.148638    -0.871829    -0.304002     0.178939      0.32984     0.292219    -0.323053     0.215197    -0.334334     0.758676    -0.438084      1.19574    -0.377865     0.398552   -0.0108504     0.676757    0.0817993     0.303542    -0.259403    0.0627607     0.337331    -0.533778     0.117022     0.753959  -0.00599289    -0.386644    -0.561464     0.131233    -0.857181     0.049138
   0.0583224     0.174378     0.622223     0.127931    -0.245151    -0.249832     0.297105    -0.530608   -0.0471672    0.0636156    -0.356466    -0.114055     -0.25298      0.40783     0.218204    -0.579394    -0.014264    -0.542433    0.0765837  -0.00291359    -0.323618     0.313523    -0.465686     0.504172    -0.443713     0.326907     -0.13667     0.214072    -0.472756    -0.231431    0.0149904    -0.311736
    0.527544     0.329094   0.00901351    -0.369669    -0.429012      0.20251     0.229988    -0.246639   -0.0211347    -0.165402    0.0873069    -0.411011     -0.11251    0.0728697    -0.265637     0.751838   -0.0116791    -0.216938     0.224228    -0.322593    -0.888442     0.353768     0.806889    -0.780736    -0.267741     0.396674     0.364073    -0.152161    -0.468105    0.0895111     0.118983     0.304453
   -0.656716     0.227182    -0.378996   -0.0197787    -0.509847    -0.235383     0.134327    -0.402886      0.63242    -0.197799    -0.196272   -0.0188094    -0.329203    -0.300498   -0.0966499     0.116585     0.491193     0.243795    -0.155226    -0.236881    -0.380613    -0.383986    -0.208958     0.224224    -0.431264    -0.188622      0.10873    -0.167987    -0.439426     0.431022     0.160338    0.0621818
    -1.09515    0.0266335     0.409348    0.0892036   0.00358299    0.0308309    -0.658071    -0.295644     0.241123     -1.37401    -0.628875    -0.593853    -0.204706     0.803685     -1.05892    -0.274425    -0.442669    -0.859869     -0.67777    -0.579038     0.385014    -0.366299     -1.05524     0.921404    -0.147425     0.343594     -0.75284      0.56417    -0.818058    0.0445737   -0.0682152     -0.51455
    0.362807     0.343415     -1.23685    0.0384123    -0.417875    0.0391611     0.360433     0.335474    0.0186013     -0.25414     0.486461    -0.551244    -0.399942    -0.239495    -0.438806     0.199822      -0.0352     0.863741    -0.186327    -0.367922     0.104781    -0.778196      0.11114    0.0989503     0.274276   -0.0127843     0.558211    -0.325528     0.240806     0.156106    0.0203158    -0.242958
   -0.140985     0.134295    -0.231273     0.441655      0.33005   -0.0956976     0.160479    -0.658861   0.00674401    -0.219079   -0.0160589    0.0121606     0.075184    -0.102691   -0.0224849    -0.205054    -0.281749   -0.0396306    -0.132845     0.105077    0.0677035     0.200041    -0.793794     0.563692     0.356595    -0.351916    0.0990723    -0.195055    -0.264952      0.18412     0.384017    -0.239672
   0.0484665   -0.0441221    -0.353444   -0.0556837     0.333894     0.196385    0.0842069     0.177667    -0.355999   -0.0906266   0.00605181      0.33609   -0.0627878    0.0171582   0.00813521   -0.0883068    0.0760898    -0.121663     0.185818     0.224479    -0.390254     -0.35631    0.0842861     0.508343     0.174128     0.209586    -0.168815     0.327507     0.224213     0.350161     0.064348     -0.14741
    0.555123    0.0768976     -0.26624    -0.696574     0.347031      0.50951   -0.0869805     0.595731     0.621348    -0.258967    0.0700086     0.109373     0.424419    -0.205524    0.0282179    -0.125973   0.00560138      1.08564    -0.261412     0.224055     0.497695     0.402247     0.469388    -0.467331    -0.213832     0.215508     0.065993    -0.132763     0.121547    -0.502582  -0.00907972      0.17629
    0.586848    -0.245206     0.271311     -1.09089    -0.286514    -0.300857     0.604713     0.878391    -0.747253     0.248627     0.424217    -0.155638     0.463819     0.308562      0.12767   -0.0775016    -0.688457   -0.0684869   -0.0511336     0.568504   -0.0155202    -0.352019     0.822246    -0.745487    -0.243468     0.853956    -0.276363      0.24202     0.305416    -0.232338     0.205529    -0.130791
   0.0680521      0.24668     0.324782     -0.27421     -0.05866   -0.0768109     0.360906    -0.208241    -0.050993     -0.77036     0.545357    -0.263497    0.0366514    0.0115862    -0.704941     0.185217     0.151165   -0.0240219    -0.268989     0.194302     0.325619    -0.425094    -0.669655    0.0384435    0.0925815     0.268085    -0.491206     0.195591     0.143087    0.0491809     0.187064     0.250845
   -0.498928      0.23234    -0.118915     0.670911     0.216069    -0.262305    0.0700016    -0.733138     0.219004    -0.180532      0.33533   -0.0187503     0.340337     0.107831    0.0511705     0.186209     0.445102    -0.263144    -0.184164    -0.365923    -0.491853      0.31319    -0.139232     0.395833  -0.00918064    -0.339334   -0.0631571    -0.310515    -0.165394    -0.223511   -0.0789689    -0.488567
    0.278195    -0.105517    0.0803689    -0.789345    0.0427705     0.154023     0.575945   -0.0670422     0.182509     0.471125     0.380372     0.339155     0.015391     0.832961    -0.686958     0.398763     0.314104    -0.349996    -0.528372    -0.186717    -0.334635    -0.186911     0.817671    -0.870876    -0.445775      1.49188  -0.00749672    -0.674678    -0.145307    -0.535301    -0.196701     0.291504
    -1.05461   -0.0780329     0.511338     0.408232    -0.198187    -0.193827    -0.211908   -0.0847581    -0.540098    -0.656727    -0.222657    -0.177278    -0.950421     0.467301    -0.241214     0.113488     0.209063    -0.819378    -0.188737     -0.24821      0.13236    -0.649168    -0.280213     0.776643    0.0435889     0.102621    -0.057684     0.737861   -0.0262718    -0.299228    -0.291889     0.102865
   -0.495577    -0.732715   -0.0358758     0.593691     0.307808    -0.413645     0.244838    -0.155746     0.159543    -0.545605    -0.301041    -0.908755    0.0942574    -0.677938    -0.190245     -0.17117     -1.12259    -0.351034    -0.203375    -0.507665     0.455276     0.215759     0.482496     0.647321     0.163277    -0.045159    -0.150111      1.74331      1.04592     -1.42721    -0.203326    0.0500451
    0.434623   -0.0106694    -0.425964    -0.302109    -0.167776  0.000948991    0.0611162     0.671261     0.293968    -0.930674   -0.0250192    -0.765321     0.556051    -0.102074    -0.660958     0.184483    -0.181255     0.671094    -0.143765    -0.473016     0.473355       0.8597      0.79449    -0.477583     0.788544     0.600358     0.100926     0.196196     0.813348    -0.601228    -0.852612       0.3557
   -0.604665    -0.127381    0.0918042     0.414226     0.518082    -0.414503     0.147749     0.292564    0.0384741   -0.0376332    -0.349019    -0.510772    -0.188289    -0.380163    -0.315867      0.39233    -0.291348    -0.540756    -0.121292    -0.221089     0.214213     0.127957     0.141162     0.521679     0.134705     0.423353    -0.093995      1.02221     0.899092    -0.350923    0.0921033     0.625971
   0.0833619     0.265078    -0.431236   -0.0649967    -0.227796     0.274499     0.156928    0.0333546      0.10056    -0.463355    -0.757508   -0.0313792     0.716547      0.19473    -0.151671    0.0488983  -0.00477922      0.36198    -0.533184    -0.251878   -0.0812974    0.0257032     0.499875    -0.102402  -0.00846429   -0.0520147  -0.00996492     0.371957    -0.147419     0.338152     0.129831       1.0292
   -0.240094    -0.230703     0.136798    -0.576893    -0.268817    -0.805318    -0.227404     0.107925     -0.52216    -0.460994    0.0585116     -0.47014    -0.112967    -0.214393    -0.476677   -0.0402149     0.331611    -0.126817     0.595141    -0.545068   0.00655502     0.115086    0.0601342   -0.0720571    -0.233512     0.401692     0.086782     0.190624     0.396941    -0.229594     0.206373     0.257816
