  -0.0530638     0.494277     0.213054    -0.387094    -0.680431     0.251691    -0.509687    -0.044736     0.133218     0.246761    0.0851536    -0.229562     0.233616     0.277538     0.170159     0.137548     0.413294    -0.449586     0.203419    -0.464079    -0.312856    -0.710003     0.568204    -0.149528     0.062097      0.22162        0.097     0.479334    -0.433001     0.271358     0.112213   -0.0146069
    -0.57551     0.176203    -0.137776    -0.494771    -0.319609    -0.486164     -1.15931     0.281924    0.0691396     0.401538    -0.831678    -0.726131    -0.712141    -0.282851     0.348875     0.354937    -0.170154     0.672557    0.0479698   -0.0565937     0.404275     0.107895     0.122633   0.00581091   -0.0904214     0.334003     0.499263   0.00148052     -0.17405   -0.0826921     0.216999    -0.309115
   -0.282268     0.918627      0.39823     0.566745     -0.33032     0.271504     0.793066    0.0767767      0.76272    -0.371024     0.227078     0.573689     -0.22388     0.792567     0.152769     0.139512    -0.481905    -0.536471      -1.0114    -0.545329    -0.356811     0.149655    0.0297788   -0.0756757    -0.272475     0.539613    -0.279365    -0.416759      0.21836    0.0631579    -0.073987     0.136653
    0.699193    -0.155296   -0.0449141    -0.315479     0.296581    -0.289584    -0.756863     0.299875     0.445416     0.327527     -0.67169    -0.167591  0.000759913    -0.219527     0.571276    0.0431692    -0.130015      1.19996   -0.0966263      0.85809      1.07096     0.170072    -0.418742    -0.307736    -0.346435     0.348626    -0.151476     -0.56783     0.449921     -1.08259     0.506434    0.0937714
   -0.664404     0.136559    -0.033952    -0.307352    -0.481285    -0.191499    0.0689211     0.140671   -0.0624318    -0.724091     -0.36579    0.0927796     0.134171   -0.0633234     0.306992    0.0372512    0.0293986     0.736053   -0.0822162    -0.140069     0.380199    0.0995778    -0.285872      0.28414     -0.15294   -0.0627526     0.204422    -0.477282     0.608323     -1.10726    -0.129064    -0.151731
    0.093324    -0.641264   -0.0765717    -0.473772     -0.55848    -0.301576    -0.867649   -0.0507614    -0.365725     -0.51526    -0.164938    -0.161139    -0.296192    -0.782576    -0.716866    -0.109789     0.147828     0.907825    0.0855925     0.448244     0.221331     0.297206     -0.17279    -0.248273     0.344936   -0.0155982    -0.313751    -0.522832     0.275979      -0.2078    -0.163605    -0.229182
    0.363126    -0.290391    0.0526732    -0.298484    -0.162568    0.0865182    0.0470858     0.376809     -0.55569     0.350775    -0.212371      -0.1908    0.0128206    -0.156634     0.343513   -0.0919951     0.318248    -0.419733    -0.270688    -0.334873     0.472687    0.0870183     0.102874    -0.266764     0.244763      0.25397     0.532841    -0.333362    0.0464773    -0.519975    -0.402268    -0.313881
    0.209728   -0.0120587    -0.260327     0.823516    0.0926485     -0.34074     0.126443    -0.334418     0.704748    -0.457193     0.588162   -0.0820484     0.378017     0.222187     0.669394    -0.145769      0.59912      0.14618    0.0582975     0.395429   -0.0281077    -0.630229   -0.0163919     0.309055    -0.787769     -0.60452    -0.476338       1.3782    -0.358089  -0.00696906       0.1717    -0.309745
   0.0349772    -0.251034    0.0441874    -0.187171    -0.173267     0.264191    -0.346195    -0.392779    -0.242846    -0.457232    -0.364652    0.0386329    -0.206276    -0.230696     0.405207    -0.232414    -0.063615     0.344911     0.422454     0.724678     0.379803  -0.00119669   -0.0974821     0.224466    -0.200203    0.0332292   -0.0698695     -0.30875     0.232935    -0.743681     0.400304    -0.294009
   -0.683126     -1.50809     0.849414    -0.163333     0.230334    -0.581075    -0.422692     0.461069    -0.486654     0.474915   -0.0341532    -0.698851    -0.542162    -0.203678    -0.101949    -0.393941    -0.483071     0.217182     0.451547     0.537109   -0.0522025    0.0844378    -0.802458   -0.0729754    -0.201911      0.50466     0.238352    -0.430087    -0.148477     0.228384    -0.367067    -0.560494
   -0.224502   -0.0287353   -0.0534095    -0.133058    -0.251455    -0.312441     -0.17335    -0.342466     0.495486    -0.479246     0.469273  -0.00157398   -0.0459991     0.181658    -0.333353    -0.182989     0.509164     0.398989    0.0311581     0.330284     0.169783     0.357361   -0.0311344    -0.115947    -0.238331    -0.447146     -0.32786     0.127394   -0.0280091    -0.106224   -0.0577315    -0.259872
   -0.735414    -0.240226    -0.108536    -0.195791    -0.220735     0.425591     0.239976     0.120191     0.501614    -0.652403    -0.581032    -0.169287    -0.689613     0.658448    -0.464949     -0.41502    -0.739827      0.62087     0.265512     0.426938    0.0907371    -0.435064     0.510198    -0.376807     0.498721     0.413039     0.426498    -0.155478     0.244611    -0.966167      0.67279     0.546415
   0.0553012    -0.578733    -0.232376     0.388064    -0.153349    -0.203655    -0.221911     0.112424     0.224552    -0.175652     0.382582    0.0502656     0.189335     0.337971     0.293761    -0.850073      0.72859      0.12291        0.549     0.442661  -0.00316717    -0.145075     0.156106     0.750564    0.0587836      0.34685    -0.434927     0.455548    -0.174953   -0.0352069      0.24487    -0.637791
    0.164424    -0.174992     0.138454     0.672797      1.12159    -0.238586    -0.278434    0.0278315     0.218866    -0.102394     0.264668     -0.43583     0.530883   -0.0628765     0.138482    0.0998676     0.147584     0.217925    -0.126858    0.0998202    0.0279482    -0.387274     0.320544     0.552653    -0.414087    -0.349554    -0.233201      0.72109    0.0906337     0.493663    0.0910217    -0.137967
    0.227095    0.0292959    -0.211224    -0.339764     0.465736    0.0231137      1.18183     0.761803     0.362301     0.446047    -0.349475     0.268801   0.00990104    -0.633376    -0.997067     0.517036    -0.201791     0.814112    -0.608418     -0.31686    0.0797754   -0.0351989    -0.623163    -0.948291     0.194188    -0.492234     0.042996    -0.739509      1.20582     -1.00139    -0.319139      1.46596
   -0.525903   -0.0356655     0.378565    -0.156615    -0.160939     0.227923    -0.577246    -0.245561    -0.132375    -0.115318     0.207975     0.222748     0.316558    -0.371044    -0.378739     0.106044    -0.682499    -0.624301    -0.531478     0.544594      0.32903     0.156871     0.321189    -0.143717     0.466912   -0.0774122    0.0156651    -0.252364    -0.264203     0.963058    0.0944396     0.159832
    0.988513     0.166543    0.0453265    -0.321515     0.649423    -0.307764    -0.317651    -0.299472    0.0512771     0.169928     0.241177     0.218979     0.497163    -0.502453      1.12463     0.358804   -0.0551602    -0.417036    -0.416492     0.415257     0.582615     0.539119     0.349954     0.323595   0.00332952    0.0726257    -0.206509     0.347111     0.197052       0.1375     0.180444    -0.242574
    0.165636     0.600261    -0.100226    -0.257096   -0.0237539     -0.80182     0.276109     0.263173      0.80085     -0.12614    0.0476412    -0.138403    -0.554769     -0.04984     0.037234   -0.0715826     0.964205    0.0173303    0.0154559     -1.04333     0.224616    -0.965271     0.422735    -0.172202   -0.0283561    -0.472599    -0.184754    0.0826185     0.106602    -0.447336      0.33593     0.658349
  -0.0938891    -0.732115   -0.0415382     0.195608     0.347377     0.536656    -0.686615   -0.0261947     0.149625    0.0416023   -0.0470551    0.0757827    -0.187211     0.409518     0.239187    -0.589677     -1.01765     0.193673     0.425608     0.982616     0.302462     0.436883    -0.340796     0.251249    0.0524693     0.587785    -0.278086    -0.132299    -0.570137    0.0408993     0.469521   -0.0726611
    0.177735      0.42124   -0.0397993     0.482847    -0.192698    -0.396829     0.100038     0.232147    -0.167137    0.0371958    0.0361336     0.041233    -0.253483     -0.43991      0.79076  -0.00409026    -0.380804    0.0842015    -0.576134    -0.623689     0.295299    0.0825764    -0.145878      0.30079     0.203785     0.488719   -0.0665604     -0.45684     0.202742    -0.677196    -0.414583   -0.0755211
    0.681287     0.396571     0.520897   -0.0717246    -0.370238    -0.333616     0.190342   -0.0193998     0.425879    -0.113811     0.686776     0.140921 -0.000820603    -0.494707     0.527433    -0.161968     0.496702     -0.16737     -0.10819     0.259693    0.0251775    -0.215464    -0.366259    0.0348626    -0.628769    -0.433739    -0.329397   -0.0554223    -0.683646     -0.19947     0.128013     0.327249
    0.725524     0.820669     0.352772     0.634042     0.269384    -0.130872     0.549309    -0.190363     0.204981    0.0267789     0.644936     0.520625     0.367428    0.0866722     0.401216     0.317947     0.447186    -0.933328     -0.16693    -0.943873    -0.402744    -0.194278    0.0473828     0.647866    -0.203087    -0.391053    -0.172609     -0.51698    -0.369011     0.451454    -0.920335     0.523163
    0.497976      -0.2281   -0.0142256     0.114803     0.277563    -0.551868    -0.723961     0.505855    -0.277465     0.425981    0.0111387    -0.320279    -0.320636     0.106695     0.748147    0.0779441  -0.00688217     0.262357     0.652688   -0.0428562   0.00139246    0.0496887     0.339632     0.204941     0.484208     0.163232     0.427031    -0.131396     0.150648    -0.359048    -0.224191    -0.155323
    0.469495    -0.256023    0.0287117    -0.273348    -0.698768    -0.105636     0.101493     0.290793     0.148668     0.198287     0.717275    -0.184176     -0.28825    -0.317074     0.348691    -0.568633     0.550882    -0.258752     0.182138     0.332405     0.421074    -0.151578    -0.641619    -0.127027    -0.168382    -0.441072    -0.512093    0.0406137    -0.459086    -0.421146    0.0124414    -0.396902
   -0.445084     0.312643    -0.682152   -0.0453155    -0.576374     0.140793    -0.295376    -0.174207     0.134628    -0.533979    0.0203529     0.380317     0.478708     0.329874    0.0896897    -0.318338    0.0181219    -0.094959    -0.122218     0.251348    -0.160058     0.826352     0.146204     0.311091     0.107733     0.427854    -0.293781     0.794207    -0.274743     0.119806     0.306491    -0.620299
   -0.274564   0.00450417     0.115001     0.444755     0.192768    -0.186524   -0.0791192     0.151323      0.53622     0.520292    -0.496455     0.456628    -0.929009    0.0368435      0.94646     0.145558    -0.149441   -0.0279158    -0.540349    0.0713039     0.346055     0.056538     0.972631    -0.282995     -0.13632     0.395801   -0.0194153     0.467345     -0.75515      0.22488     0.163232   -0.0419976
  -0.0379645     0.195902     0.114109    -0.628904    -0.726252     0.101562    -0.283081   -0.0547419     -0.17918   -0.0310827     0.326583     0.076785    -0.106277     0.335215    -0.185275     -0.22499     0.279569    0.0700929  -0.00115926    -0.279337     0.190033    -0.218487     0.135038    -0.375501      0.26181     0.221125    -0.075472    -0.236417   -0.0668402    -0.680851     0.209587     0.355257
    0.142787     0.535545    -0.161543   -0.0986421   -0.0699122    -0.215008    0.0891788    0.0429509    -0.194152    -0.103395    0.0195116     0.605152     0.106464     0.190876     0.573305     0.429513     0.025948    -0.655452     0.316769    -0.923127    -0.453261     0.170317    -0.141202     0.519175      0.53816     0.641869     0.162622    -0.434511     0.253642    -0.269246    -0.252721     0.242281
    -0.11724     0.263813     0.444168     0.224089    -0.416325        0.215    0.0826839    -0.902055     0.351961     0.136367     0.461827    0.0356327     0.208702   -0.0280493    0.0890856      0.26031     0.753728    -0.368972    -0.114569   -0.0704554    -0.272415    -0.411621   -0.0465975   -0.0323435    -0.700089    -0.255523    -0.144808     0.677141     -1.09311     0.367205     0.107498    -0.261386
    -0.37737    -0.817773     0.612362    -0.495774     -0.54309    -0.469073   -0.0947897    -0.493752     0.699476    -0.611509     0.217204    -0.729033    -0.345498    -0.675682  -0.00840663    -0.105917     0.476868      0.49713     0.215503     0.400543     0.490303     0.611265   -0.0584432    0.0877791    -0.807025     0.173832    0.0248534    -0.305272      0.29675      -1.3874    -0.141944   -0.0338006
   -0.668528    -0.487161    -0.303421   -0.0410432    -0.137392     0.831785     0.968499     0.104686     0.241315     0.358197    -0.433063     0.292421    -0.612515    -0.217991     -1.00207    -0.606286    0.0165325     0.972109    -0.603346     0.106831     0.314833     0.493726    -0.673139    -0.981273    -0.616338     0.456622    -0.432858    -0.390342     -0.26342    -0.241012    -0.317792    -0.146627
    0.132967    -0.275251     0.148818    -0.299364   -0.0656462     0.474128     0.636465    0.0814448     0.163329     0.366758    -0.355876     0.290386    0.0416948    -0.140361    -0.084587    -0.216973      0.20219     -0.34331    -0.181809    -0.105154     0.328791    0.0172966    0.0523902    -0.139957      0.21104    -0.110891     0.232827   -0.0775649     0.164399    -0.380809  -0.00141873   -0.0403078
