   -0.361522    -0.276997     -0.38686     0.677107 -0.000397506    -0.283573      0.66096     0.489841    -0.257245     0.175491     0.262805     0.346216   -0.0944485    -0.248717    0.0902708    -0.021447     0.557558    -0.286116   -0.0404958    -0.601654    -0.445528   -0.0228227     0.285187      -0.4844     0.246093    -0.401174     0.282492     0.623623    -0.167372     0.316232     -0.48961    -0.426354
    0.287094     0.274069    -0.220489    0.0811099      0.47743     0.139031     0.905073    -0.106427    0.0781872  -0.00175949     0.649949   -0.0360882    -0.080168    -0.108667    -0.462919    -0.118611    -0.183243   -0.0490275    -0.105888    -0.326057     0.212591     0.258633    -0.324689     0.103112     0.310596    -0.246573    -0.509993   -0.0978343     0.238493    -0.131113    -0.627021    -0.161578
   0.0527586     0.245329    -0.148928    -0.206294    -0.448567     0.202735     0.196646    -0.721913    0.0355119    -0.435209    -0.375817    0.0558032    -0.550995    -0.780369    -0.761306     0.598494    -0.550402     0.348557    -0.533307     0.242309    0.0727079    -0.338499     0.872062      0.56644     0.126326  -0.00505987    -0.232044    -0.646605     0.360183    -0.355586     0.352123      -0.3952
    0.379278    -0.362225    -0.597478     0.646941    -0.196112      0.10703    -0.196716      0.43274     0.153103     -1.08246    -0.479593    -0.591273     0.246014    0.0217482     0.378112    -0.105466    -0.129944     0.350697    -0.217184     0.284686     0.632239     0.035671     0.247073     0.336595     0.256903     0.175544     0.390835    -0.539526   -0.0310513  -0.00179372    -0.126598    -0.367796
     0.10161    -0.347108     0.969629    -0.148508    -0.423266    -0.128712     0.132851     0.278604       0.5847    -0.140316    -0.725827    -0.481771    -0.535408     0.339739     0.521153     0.180144     0.139814    -0.328812    -0.110151     0.238698     0.138772    0.0292137    -0.575395    -0.424025    -0.198128     0.805944     0.381332   -0.0230174     0.119639   -0.0273757     0.249031     0.179117
   -0.218715      1.02724     0.162392    -0.643513     0.167104     0.223387    -0.285305     0.275583    -0.246696     0.603457    -0.591502     0.443583     0.421641     -0.19084     0.342143     0.495822   -0.0386658   -0.0107926    -0.353666     0.176842    0.0972494     0.294254     0.677216    -0.694906     0.352457   -0.0577345    -0.301026   -0.0138155     0.287119     0.696509     -0.81587      0.31215
    0.366751     0.045354    -0.778067    0.0853774      0.30525     0.444175    -0.452508     0.046239    -0.254171     0.390726    -0.488528    -0.527234     0.197072    -0.133293    -0.836908    0.0767733    0.0331068     0.310593     -0.44887    -0.622813     0.186308     0.350549    0.0689602    -0.209761    0.0857518    -0.279523    -0.195002    -0.434491    0.0910972     0.742515    -0.382975    -0.728964
   0.0654935    -0.796139     0.108029     0.428254    -0.390666     0.640643    0.0404601    -0.128443   -0.0461958    -0.555374     0.323232   -0.0488749     0.226712    -0.127806      0.31084    -0.229069   0.00712852     0.431828     0.125566     0.911374   -0.0600455     0.641705     0.108088     0.727368    -0.227031    -0.509678     0.436806    0.0924564    -0.233996    -0.343021    0.0678457    -0.449613
    0.590705    -0.156333    -0.417562     0.115045    -0.256834    0.0490542    -0.429593    -0.360387    -0.317578     0.377831    0.0564076    0.0622274    0.0183327     0.247469   -0.0763188    -0.203223     0.347399     0.639988     0.576352     0.217919    0.0353941    0.0775966    -0.303071     0.426043    -0.441051     0.108528   -0.0988388   -0.0473715   -0.0449745   -0.0981958    -0.246419    -0.148515
    0.342935    0.0868648     0.103875     0.291714       0.2055    -0.135687    -0.402495    -0.864204     -0.29434     0.256267    -0.610906     0.277483     0.200534    -0.198085      0.76399     0.201456     0.469391    -0.513163     0.258406   -0.0869763     0.404032    -0.233121     0.069222     0.413312   -0.0157163     0.355704    -0.128016     -0.18066     -0.75709    0.0953045     0.251347    -0.404042
     0.20262     0.335081     0.472422     0.222121     0.670331   -0.0658459    -0.513169     0.191373    0.0697327     0.451198    -0.277072    -0.302815     0.518733      0.20639     0.386025     0.873307    -0.350704   -0.0597697    -0.478396   -0.0742694    -0.511313     0.531551     0.653371    0.0592169     0.468302    0.0634479    -0.299211     -0.18979     0.101644     0.863911    -0.109929     0.103783
  -0.0631683     0.025957    -0.142183    0.0212968    -0.510165     0.327559   -0.0484335    -0.209726    -0.404252   -0.0690971    0.0739339    -0.428344    -0.759069     0.267411    -0.154744   -0.0127008     0.656395    0.0962048       0.3509   -0.0743381    0.0612276     0.269976  -0.00535195   -0.0525323     0.250019     0.164988     0.335025    0.0139977    -0.205493    -0.323611    -0.290273    -0.822916
   -0.155579    -0.184356     0.117682    -0.345378    -0.279836   -0.0524086    -0.468854    -0.447569     0.185686    -0.077619     -0.70466    -0.077041     0.135163   -0.0272595      0.35313    -0.161552     0.297505    -0.335144     0.627734     0.442787    -0.115399  -0.00139766     0.366575     0.813308     0.128675     0.716166     0.335249    -0.297996     0.483309      0.56907     0.505035    0.0990754
   -0.286057     0.559758     -0.98043     0.896155    -0.513538     0.289121    -0.248199     0.186306    -0.166195    -0.391498    -0.476515   -0.0703356    -0.218485    -0.240407    -0.200595    0.0434277      0.40582     0.262738   -0.0136628   -0.0429713     0.112198     0.954741     -1.09549    -0.238844     0.108583     0.323905     0.534139     0.145189    -0.146634    -0.252983    -0.878278    -0.520909
    0.333281     0.302574     0.103491      -0.1945     -0.06399     0.472129     0.422257    -0.456468   -0.0103425     0.453669    -0.648565     0.370867    -0.137414     0.213849    -0.565103    -0.265115     0.147297     0.293791    0.0520725     -0.48255     0.106211    -0.191674    -0.241488     0.118215    -0.279023     0.614543    -0.100743    -0.401368     0.261193   -0.0160547     0.520226     0.767196
    0.263327     0.336643     0.234473    -0.548516     0.404017     0.150952    -0.475726    0.0712079    -0.540241    -0.512514    -0.331478    -0.447266   -0.0574246    -0.173968    -0.517659     0.329852    -0.160376    -0.219994     0.136924     0.415444    0.0735993    -0.329366     0.476151      -0.5544      1.02935    -0.350857    -0.169742    0.0804639     0.153242    -0.498166    -0.253272     0.187241
    0.197883    0.0850024     -0.39002    -0.244225    -0.195528     0.539703     0.430456    -0.250115    0.0506516     0.218083      1.13798    -0.301328     0.258212   -0.0258069    -0.397802    -0.290756    0.0970949     0.376041    -0.322575     0.654282     0.198032     0.253362     0.285715     0.360286    0.0462899    -0.279758    -0.601847     0.355067   -0.0766599    -0.348191   -0.0106874     0.622971
    0.261248     0.241866     0.675162     0.220109     0.136298     0.584311    -0.173459    -0.306625     0.122581    -0.362686     0.281042     0.191597     0.231499      0.27331     0.569525    -0.194212    -0.272956    -0.184052    -0.724336   -0.0903294     0.421729    -0.149155     0.725776     0.682002    -0.196264     0.400018     -1.10267    -0.426521   -0.0643953     0.063854    -0.179479    0.0502708
   -0.256109    -0.313884   -0.0694413    -0.594007    -0.691274      0.46719    -0.103045    -0.287634    -0.452773     0.203816   -0.0473025     0.436309     0.340675    -0.526744     0.990468    -0.292292   -0.0641298      0.53551     0.252854     0.747875     0.821285     0.238619      -0.2165   -0.0652652     0.281074     0.724489    -0.566165    -0.157434    -0.539807    -0.460654    -0.310007    0.0248829
    0.703441   -0.0210324    -0.413202    -0.401255   -0.0784412    -0.291751    -0.176518    0.0822193     0.339889    0.0127883   -0.0256891      0.57725   -0.0633207   0.00742849   -0.0651238     0.267778     0.241966   -0.0653324     0.186984    0.0665641   -0.0152016   -0.0131231     0.123843    -0.287512     0.107926     0.324815     0.432231    -0.494437     0.338512    -0.652593    -0.101099     0.761208
    0.518906     0.718868     0.164932    -0.346001    0.0545368    -0.336848    -0.470547   -0.0797016     0.267964    -0.231056     0.135038    -0.200183    -0.141137     0.279371     0.293348     0.331903     0.201557     0.447702    -0.471689    0.0400061     0.492733     0.198121     0.209074     0.257531     0.172137     0.193856   -0.0429595    0.0290042     0.195284   -0.0894382   0.00652275     -0.16484
     0.30332   -0.0730759     0.272828   -0.0324233     -0.17359     0.412971   -0.0995755     -0.45351    0.0729697   0.00368416     0.155449    -0.340794     0.178903    -0.156882      0.40886     0.146418    0.0313208    -0.786193    0.0830103    -0.157102     -0.23251     0.319585     0.394773     0.151015  -0.00322441    -0.656877      0.17217      0.44432     0.207899     0.359079     0.275883    0.0133416
   0.0505684     0.122144   -0.0270833    -0.159186  -0.00291178    -0.143252    -0.256787   -0.0359751   -0.0346033    -0.172813    0.0663714     0.350223    0.0207841     0.491677     0.199743   -0.0510083     0.143248     0.461835    -0.279675    0.0302953     0.248104     0.110333    -0.161334    0.0828782     0.178886    0.0464189 -3.24859e-05    -0.352542   -0.0968379    -0.931947    -0.416627    -0.453086
    0.109216     0.608028      0.19138    -0.267024   -0.0866284      0.38574     0.121553    -0.240242    -0.256075      0.57663    -0.383493     0.421824      0.49135     0.693874    -0.157903     0.788204     0.209882    -0.178918    -0.432355    -0.278777    -0.174246     0.120058     0.226771    0.0326138     0.120036     0.262074     0.118716    0.0198246    -0.386568     0.343817    -0.326886    -0.239668
    0.198049    -0.333757    -0.150907     0.129181     0.449138     -0.20735     0.224481    -0.201484    -0.169297    -0.232089     0.856879     0.209693     -0.46161     0.634542     -0.69837    -0.506596    -0.149783   -0.0989543    -0.069785      -0.5831     0.363724    0.0517938    -0.386123  -0.00379399     0.445504     0.132383    -0.231744    -0.126508    -0.242211     0.682369    -0.153906     0.307486
    0.381958    -0.223519     0.213683    -0.256836    -0.203445  -0.00521007    -0.839749    -0.344526   -0.0869589     0.349974    -0.457779     0.398499    -0.381347     0.246647     0.710783    -0.456144    -0.424191     0.587862     0.423063     0.515682     0.432037    0.0582053     -0.68638     0.773912      0.17874      0.67901    -0.355502     -0.34261    -0.360709    -0.779699      0.67273       1.0412
   -0.580414     0.387296    -0.226731     0.343949   -0.0149934    -0.367544     0.127106    -0.425519      0.46029    -0.507939     0.389159     0.566789   -0.0416999     0.179643     0.501807    -0.267712    -0.158549     -0.50423    -0.629988      0.10438      0.10627   -0.0150132    -0.182399     0.405103    -0.666938   -0.0295635    -0.184089      0.28066    -0.316801    -0.190239     0.331736     0.073176
   -0.420652    -0.871973     0.107913     0.371322    -0.545769   -0.0497228   -0.0280853     0.439597    -0.266857    -0.237152    -0.043039     0.214391    -0.423448     -0.13629     0.260141    -0.461197    -0.125527     0.112492     0.494401     0.779124    -0.356497     0.323103     -1.02101    -0.156069    0.0994834    -0.103905    0.0891464    -0.525473     0.096347    -0.595759    -0.247107     0.229068
   -0.501687    0.0271035     0.429604     0.468669    -0.119084    -0.703812    -0.190927    0.0696754    -0.183757     0.552313    -0.314544    -0.101365    -0.688903    0.0156926    -0.327523     0.292271     0.610737    -0.411562     0.123243    -0.402667     0.110812     0.472223     0.173016     -1.01105      0.34429     -0.25861     0.414421     -0.28466     0.124682    0.0623891      0.09421      0.13926
    0.704261    -0.367244     0.381568     0.123605    -0.113129     0.518182    -0.344195    -0.275858    -0.301106    -0.579417     0.206915    -0.511648    -0.221433       0.3687    -0.322516    -0.230726    -0.228234     0.222144     0.294495    -0.199957     0.301428    -0.282825     0.381339    -0.328785     0.494004     0.251509    -0.139845   -0.0479311    0.0838736    -0.719377     0.211423    -0.339752
    0.513571     0.184183    -0.188079    -0.582024     0.304709     0.270077    0.0898764   0.00450672     0.194292     0.270823    -0.451702      0.89957    -0.149542     0.725275    0.0265296    0.0732089     0.179544     0.237786     0.763101     0.200514       0.2236   -0.0208007    -0.701522    -0.804144     0.778269     0.241921    0.0464025      -0.4636     0.037511    -0.102032     0.165594     0.976337
   -0.129918    -0.133872     0.270485     0.165668    -0.371971    -0.472564     0.254566      0.12455     -0.18667     0.561492      0.60032     0.494611    -0.428776      0.38385    -0.528156     0.199902      0.52337    -0.270649    -0.120024    -0.290382   -0.0186412    -0.545384    -0.403044    -0.767621   -0.0646204   -0.0470592     0.111328    -0.144316    -0.228224    -0.154638    0.0467923     0.412736
