   0.0039853  -0.00217709    0.0073231  -0.00871843   0.00549066   0.00511696  -0.00212688   -0.0047581   0.00159645   0.00561528   0.00477432  -0.00185563   0.00303011   0.00924035   0.00726452  -0.00013161   0.00940205  -0.00702825   -0.0096395 -0.000771345   0.00578979  0.000402678   0.00485338  -0.00631618  -0.00813852   0.00792024    -0.007018   0.00564872  -0.00310326  -0.00776899  -0.00990288  -0.00911797
 5.39227e-05   0.00742022   -0.0078364  -0.00445542   0.00253719  3.67234e-05  0.000786482  -0.00586636    -0.004348  -0.00443919   0.00227801   0.00868211  -0.00519884 -0.000457469   -0.0014495  -0.00579679   0.00251429    -0.001089   0.00343187  -0.00169592   0.00931367  -0.00171476    0.0019879  -0.00882484  -0.00379452   0.00496989   0.00682388   0.00310222    0.0072009     0.006921   0.00398426  -0.00274517
 -0.437534   0.516989 -0.0398625   0.409426  0.0239847   -1.37949    1.03251   0.224633  -0.174652  -0.413215   -0.33095   0.209245  -0.549833  -0.365723   0.209349   0.319266 -0.0892369 -0.0353523  -0.549155  -0.451038 -0.0952002   0.214889  -0.298339  -0.278543   0.125359  0.0595485  0.0208076   0.441914   0.599774  0.0263283  -0.347541   0.344902
 -0.236941   0.262322   0.422744    0.30124   0.194794  -0.743071   0.828189   0.408457   0.141401    0.68364   0.591873    0.58629  -0.314478  -0.849138   0.216219 -0.0825911   0.584875  -0.175843   0.160091  -0.523888  -0.317259  0.0390801   0.166591   0.228108  -0.131969 0.00404537   0.310498   0.202135   -0.10378   -0.68632  -0.325318   0.563097
  -0.82979     -1.144   0.523315   0.417284  -0.518348  -0.565766   0.644994 -0.0651694  -0.212577  -0.457255   0.216081  0.0609078  -0.514001   -0.43623    0.39473 -0.0110887  0.0549807  -0.568486  -0.439899 -0.0225423  -0.178883   0.144399  -0.629226  -0.714584  -0.575792  -0.303795   0.078042   0.536488 0.00835821  -0.215839  0.0667258  0.0292707
 -0.821003  -0.273578   0.689441   0.257892   0.276593  -0.765672   0.727322   0.471985   0.273068   0.471388 -0.0917157   0.420468  -0.732267   -1.07971   0.231137  0.0965214   0.637226  -0.242142   0.342752  -0.067056  -0.667199    0.15868 -0.0904123  -0.176919  -0.358999  -0.416632   0.747094   0.149247  -0.201067 -0.0826799   0.063218 -0.0994624
  -1.63896   -1.30141    0.57251  -0.757318  -0.717916  -0.217807   0.134547  -0.151081   0.338853   0.350744   0.343982  -0.226545  -0.267317  -0.135261  0.0282721   -0.85416   0.248091 -0.0901517   0.440591   0.258436  -0.637792    0.33262   0.013117 0.00423671  -0.746842  -0.286863   0.643449   0.405482    0.44308   0.106292  -0.597764   0.654185
-0.922689 -0.518236  0.547458   0.34194 -0.394315 -0.500986  0.210634  0.134823  0.583372  0.740094 -0.338334  0.337202 -0.342927  0.226276  0.389545 -0.219283  0.126361  0.399627  0.178449 -0.347356  -1.17618  0.753692 -0.456791  -0.66267  0.965778  0.367392  0.570114  0.609045  0.381749  0.381025  0.175155   1.31535
  -0.511725   -0.109446    0.764202    0.536156  -0.0793759   -0.876279    0.420528    0.104367    0.269934 -0.00600813  -0.0937355 -0.00812842    -0.38959    0.212186    0.391768    0.686545    0.666246    -0.28951    0.155376   -0.620077   -0.700025   -0.339701    0.347001    -1.02528   -0.258584   0.0132334    0.664935     1.04821    -0.28202   -0.201219   0.0907148   -0.226058
 -0.870235  -0.295088   0.109774   0.485086  -0.448444  -0.747301    0.78689   -0.22108   0.221578  -0.191934   0.250644   0.830555  -0.119014 -0.0740175  0.0356005   0.229729  -0.050614   0.180003 -0.0162441   0.104948  -0.589475  0.0471929  -0.733465  -0.352382  -0.591169  -0.653299  -0.212443   0.354502 -0.0293567  -0.471341  -0.524512   0.165909
 -0.0663203    0.401782    0.544576   -0.324448   -0.363614   -0.315846    -1.59265    0.294367    -1.02799    0.596689   -0.497869   -0.284542   0.0682621   -0.739894     0.15855    0.472109   -0.302209    0.179439    0.022594    0.109853   -0.203649    0.450235   -0.407241   0.0121621     0.54206 -0.00559163    0.636333    -0.30529   -0.539184    0.485446   -0.723347   -0.785904
   0.706851    0.168346   -0.272163    0.192043    0.324398   0.0599655    0.793442    0.466051 -0.00512788   0.0392559     0.71837    0.208927    0.362087     0.11692   0.0413875   -0.286578 -0.00607023   -0.645418  -0.0398765   -0.567484   0.0353588   -0.241566   -0.472159    0.308386    0.255758    -0.40558    0.136648   -0.477255    0.344886   0.0904324   -0.315815    0.232789
  -1.01736  -0.168811  -0.182161   0.473578   0.188383   0.524598   0.168212   0.106505  -0.312011  -0.197238 -0.0929692   0.324114  -0.103453   0.454427  -0.228808   -0.71083  -0.779189  -0.334991  -0.521286  -0.125082   0.255046   0.583883   0.317026   0.383026   0.505474   0.628607   0.398587  -0.282463  -0.266809   0.462462 -0.0911557  -0.546358
    0.20085    0.571714    0.358994    0.573663 -0.00489873    -0.16131   -0.104014   -0.283368  -0.0171373    0.362373  -0.0479317   0.0201249    0.124517    0.494492    0.492705    0.737463    0.315007   -0.586564   -0.091042   -0.507952   -0.625579   -0.515887    0.798917    0.160423   -0.225465   0.0983343   -0.146321    0.498554   -0.350865    0.824673   0.0276942 -0.00798165
 -0.262525   0.369364  -0.411664  -0.726002  -0.725469  0.0475726 -0.0828778  -0.523335   0.401757  -0.894591   0.344103   0.194907   0.557123   0.114461  -0.158087  -0.526125   0.740942  -0.141658   0.112365   0.147467   0.269855  -0.257681   0.351735   0.286617   0.116395  -0.363107   0.035341   0.717211  -0.180698  -0.442777   0.871762  -0.238818
   0.298748   -0.445052   -0.189333    0.187905   -0.649621    0.395121    0.530635   -0.856764   0.0702491    0.307108    0.835826   0.0573142   -0.200983    -1.92043   -0.272422   -0.472769   -0.453483   -0.750983  0.00655643    0.410712 -0.00134613    0.140617  -0.0895779    0.344008    0.369975    0.455791   -0.910663   0.0521193   -0.154018    0.873261   -0.118178    -1.31212
  0.392991  -0.145296 -0.0153599  -0.210218   0.151219  -0.150716  -0.406728   0.604752   0.120164   0.214272   -1.42764  -0.616942  -0.237315  -0.852237  -0.191691   0.553016   0.754136   0.302385  -0.553461  -0.528459   0.557286    1.13967  -0.329964  -0.614999 0.00434615  -0.387763   0.711073  -0.946709    0.43313 -0.0614153   0.125938  -0.887415
 0.769584 -0.175966  -1.17378  0.167555  0.300351  0.386288 -0.120341  0.211476  0.198505  0.720081 -0.743887  0.262446 -0.111216 -0.621969  0.994509 -0.674535 -0.452071  0.398182  -0.23602  0.494837    1.2476 -0.239244  0.723602   0.33971   0.63185  0.143401 0.0122883  0.493596 -0.210942 -0.684262  0.186479 -0.335049
    1.44603    0.166783    0.611668   -0.659135    0.251137     1.35639   0.0751614 -0.00717547   -0.115271   -0.280649   -0.685636    0.709689    0.629512   0.0576335    0.124273     0.64942   -0.637836    0.313574    0.131546     1.70873    0.141135    0.747954    0.261767   -0.342036    0.474597    0.102151   -0.199603   -0.404915    0.608554   -0.204857    0.541388    0.892615
 0.0288133  -0.132889  -0.103999  -0.516981  -0.716682  -0.411975  -0.613204   0.356326   -0.65794   -0.36313  -0.645634  -0.294645  -0.615178   0.196235   0.684415   0.676148  -0.310916   0.331163    0.96216   -0.17644  -0.268324  -0.212728    0.41127  0.0125638   0.283629    1.08851  -0.129769   -0.72024    1.08795   -1.06887 -0.0331052 -0.0156453
  -0.442928    0.670181   0.0713716 -0.00543926   -0.119745   -0.174603    0.296085   -0.382181    0.327463   0.0511909   0.0948184    0.208329   -0.538538    0.432062   -0.511328   0.0544589   -0.492011   0.0569502    0.526035   -0.244498   -0.774112  -0.0472316   -0.309354  -0.0767334   -0.325157  -0.0532903   0.0933824   -0.773753    0.135849   -0.648911      0.1363    0.587538
 -0.558702   0.349059  -0.137036  -0.201812   0.445546 -0.0305545   0.622791   0.466144  -0.461643   0.248343  -0.187026   0.132231  -0.334697    -1.4815   0.694634  -0.886978    0.74519  -0.674745  0.0557496   0.302233 -0.0657248   0.486957   -1.14658  -0.301516  -0.559181 -0.0768643   0.368156    0.43641   0.489277   -0.60948   -1.24303   0.902428
  -0.53737    0.59246   0.399055   0.491175   -0.35029  -0.608977   0.800031   0.612378   0.114196   0.130051   0.555989   0.105476   -0.89552  -0.486746  -0.394152   0.336186   0.511908     0.2235  -0.119065   0.424549  -0.847621   0.227805   -1.02248  -0.261565  -0.300283 -0.0546094   0.314262    0.94742 -0.0382904 -0.0767776   -1.04528  -0.786806
  -0.537799    0.253672    0.266863    0.597568   0.0664695   -0.484364    0.131275   -0.499982    0.772556 0.000423038   -0.776633   -0.195503     -1.0685    0.440073    0.696407    0.320167   -0.124162    -1.16419     0.72156    0.104927    0.162276    0.387916    0.463206   -0.408103   -0.294782   -0.151649   -0.255383    -0.21277    0.643601    -1.26439    -0.55285    0.440399
  -1.00523  -0.460096   0.711907   0.704753  -0.341967  -0.981738   0.454883 -0.0927759  -0.454496  -0.461595   0.643574   0.786563   -0.33938  -0.579264  -0.174766     -0.241  -0.348331  -0.217294  -0.193956   0.188642  -0.645795   0.193615  -0.757577  -0.513044  -0.648175  -0.808902    0.47956   -0.21988  0.0499724  -0.456771  0.0129774 -0.0781961
 -0.725023  -0.351249   0.108953   0.543831  -0.369312   -1.26088   0.522221    0.56859    0.42692 -0.0352716 -0.0267271   0.533332  -0.424529  -0.644433   0.692159   0.639878   0.286185   0.126771   -0.41608  0.0517656  -0.160293   0.228333    0.20983  -0.142135  0.0846877  -0.155909   0.411819  -0.368138   0.186761 -0.0475808 -0.0829121   0.456057
  0.049214   -1.06197   0.349739   0.224473    0.43268   0.284729   0.463586  0.0532784   -0.23156  -0.951984  0.0746669   -0.50315 -0.0938136  -0.536408  -0.705982  -0.622721   0.674884   0.699874   0.626432   0.411639  -0.100914  -0.779621   0.384763   0.266178   0.235325  -0.768342  0.0803367  -0.417797 -0.0177804 -0.0206164  -0.204394  -0.307991
   0.296499    -0.89401    0.311586    0.106683    0.550926   -0.360804    -1.00636 -0.00513972    0.196761   -0.306554    0.578522   -0.610149    0.536901   -0.100061    0.922773   -0.356349    0.265165    0.197156    0.311386    0.762455    0.512838    0.303851   -0.333567    0.779407   -0.479138  -0.0794726   -0.420818    0.240939   -0.617911  -0.0287199      0.2662   -0.335717
  -0.351832   -0.770285    0.356044    0.491393  -0.0811775   -0.677172    0.864958   0.0599055  -0.0163929    0.124521    0.290352   -0.182903   -0.428914   -0.667735    0.136572   0.0272778   0.0440428   -0.533109  -0.0173818    0.363307    -0.15099   0.0631074    0.105359  -0.0436094   -0.926382    -0.19373   0.0693531     0.50674 -0.00139598   -0.528785    0.252726    0.402128
  0.190591  -0.914615   -0.28893  -0.818147  -0.641423   0.955832   0.212169   0.185407   -0.70413   0.438939   0.709658  -0.400508  -0.441926     0.5469  -0.904729  -0.377005  0.0315108   0.481217   0.161907 -0.0079421   0.462663   0.190145 -0.0871889   -1.10822   0.471601  -0.243745  -0.578719  0.0348643  -0.471319  -0.663794  -0.141368   0.175928
  0.179375    0.23031   -1.27345   0.830718  -0.013017   0.605013   0.485315 -0.0731402   0.332168  -0.422317  0.0328525   0.191297 -0.0260877   0.519702  -0.623895  0.0505649   0.510114    1.43255  -0.350064   0.104924  -0.244089    0.73086  -0.644449  -0.108716   -0.63895  -0.309394  -0.603657    0.38951  -0.186267   0.169652   -0.47802  -0.671878
  -0.017186   -0.330928    0.278057    0.817861   0.0785497    -1.34503    0.576961 -0.00110334    0.764875   -0.170456    0.513904    0.386089    0.039203    0.696475    0.108501     0.37828    0.292332   -0.670843    0.296246  -0.0800088   -0.458209    0.266208   -0.174419   -0.368757     0.30518   0.0409004    0.586763    0.105946     1.17998   -0.632836   -0.122773   0.0932769
 -0.500137   0.146508  0.0631623  -0.450277    1.00333   0.956627   0.302675 -0.0699357  -0.328297   0.784399  -0.338929  0.0190436   0.875313  -0.477667  -0.805213  0.0277217   -1.02137   0.326558  -0.530743 -0.0898429 -0.0688987   0.623466   0.285139  -0.381889  -0.617394  -0.160552   -1.44606   0.209175   0.835084   0.441052   0.185807  -0.495919
-0.0488037   0.450783   0.177784   -1.33703  -0.303017   0.098365   0.199635   -1.06625 -0.0348852   0.437241  -0.486641   0.505187   0.211545  -0.716115   0.667444   0.768045   0.277964   0.263045  -0.869611  -0.723268   0.622782  -0.389107   -0.69502  0.0227751   -1.25644   0.333813   0.282779   -0.29575  -0.783825   -1.38899   -0.57923   0.983878
  -1.59676 -0.0353533   0.721538   0.640988   -1.64848    0.75542   0.225853  -0.198875   0.789528  -0.358908 -0.0030001  -0.227892   0.881613   0.960072  -0.513308   -0.46257   -1.45892   0.251629   0.189292    2.39106  -0.130897  -0.297277   0.222209  -0.361894   -0.80617    1.44653  -0.143159  0.0333051   0.789957     0.6432  -0.363583   -1.65418
 -0.734146  -0.649796   0.164066   0.289398  -0.149427  -0.836934   0.806303   0.243033  -0.170541  -0.188593   0.501521   0.265109  -0.331595  -0.526872  -0.405155  -0.162516   0.454987  -0.353072  -0.362798   0.356356  -0.583015  -0.405837 -0.0150696  -0.401651  -0.715409 -0.0856093   0.658839   0.461514  0.0771924   -1.04437 0.00120598   0.453498
  -0.613746    0.495453   0.0110966    -1.81499    0.333818 -0.00350658   -0.788385    0.238408     0.67523   -0.126848   -0.748018   -0.131852  -0.0616872    -0.28851   -0.041355     0.59213   -0.566982    0.275751   0.0538904   -0.194285   -0.589833    0.424091    0.467793   -0.199557   -0.308307   -0.177015   -0.382146    0.109786   -0.245839    0.668239  -0.0156286 -0.00202548
 -0.738082  -0.281841   0.214059   0.307634  -0.101753  -0.501026   0.472682   0.359887   0.110368   0.101189    0.22423   0.280831  -0.627184  -0.708193  0.0797755 -0.0408267 -0.0311198 -0.0168604  -0.506423 -0.0954008  -0.720968   0.618253  -0.226403  -0.545784  -0.448255    -0.9478   0.432337   0.510567 -0.0598072  -0.559286  -0.399265   0.306377
 0.529421  0.364177 -0.663281 -0.426712   1.16603 -0.789659 -0.490607 0.0819301  0.769279 -0.163773  0.735533 0.0825497  0.581729   0.10202  -1.25878  0.782945 -0.329043  0.422599 -0.681204  0.202905  0.638626  0.175855  0.638132 -0.985231   1.50181 -0.517416 -0.380853  0.348738  0.456304  0.158678 -0.311094  0.495696
  -0.587448   -0.123336    0.545728    0.534108   -0.962987    -1.01154     0.84432    0.227286    0.193409   -0.531843    0.993316    0.274223   -0.809116   -0.260375   0.0187987   -0.356778    0.515693    -1.00723   -0.767903    0.515811   -0.352835  0.00638576   -0.751123   -0.136241   -0.688477   -0.467114   0.0622147    0.185039 -0.00376348 -0.00153913    0.265544      0.4851
 -0.807135   -0.70593   0.560113   0.271481   0.251018  -0.516485   0.738999   0.288431  -0.408404   -0.23877    0.62589    0.32882  -0.594264  -0.810978  -0.518943   -0.45625   0.656422  -0.171847   0.382574 -0.0906915  -0.692271 -0.0947377   -0.75411  -0.340841  -0.528783   -1.04021   0.748079   0.136001  -0.195289  -0.439322  -0.430307   0.302547
   -1.04445    -0.44028    0.497542    0.121633     0.39595   -0.542842    0.758106    0.158802   -0.392408   -0.222304    0.193233   0.0763128   -0.476773   -0.186762    0.373957   -0.250639 -0.00328801    -1.10301   0.0695747   0.0667505   -0.119333    0.183424   0.0550988   -0.784343   -0.512678   -0.753709    0.108238    0.641465    0.166815   -0.628778   -0.227686  -0.0816375
 -0.138692   -0.26865 -0.0515568  -0.322167   0.422339 -0.0948895 -0.0984583   0.408524    0.22332   0.986969  -0.950409   0.632548  -0.208125   0.214798   -0.54897  -0.368347  -0.375864  0.0389915   0.569009   0.266794 -0.0526936  -0.687152     -0.958  -0.408377   0.155929     0.5504   0.350582  -0.377156  -0.145073   0.679294   0.839543    0.43759
 -0.258381  -0.823605   0.691354  -0.087458  -0.542844  -0.140813    0.82295  0.0758432  -0.239667  -0.157146   0.134335  -0.162053  -0.531705  -0.932804  0.0132651  -0.816239   0.403002  -0.283599  0.0875914   -0.22445   0.161331  -0.481352  -0.271043   -1.15302   -0.64319 -0.0975306   0.361927   0.341504   0.157631  -0.397403  -0.419651   0.504158
  -0.557309     0.48465 -0.00703444   -0.270514    -0.84457  -0.0039308   -0.752507   0.0995664    -0.48787   -0.330175  -0.0775363   -0.269175   -0.344644     -1.4929   -0.215965    0.637506   0.0124893    0.557243    0.195743   -0.201714   -0.236378  0.00205315   -0.864415     0.34899   -0.237767   -0.507904    0.158174   -0.225927   0.0384267    0.381153   -0.381526   -0.536852
  0.0348162   -0.192266   -0.779816  -0.0885719     0.40301   0.0558625     0.42029   -0.219263    -0.37034  -0.0743745   -0.612775  -0.0381298    0.392609   -0.777739   -0.414204 -0.00995942    0.854099    0.387035    0.326784    0.334558    0.181314    0.890068    -1.00783    0.223081  -0.0165806    -0.22056   -0.231019    0.633554    0.115241    -0.12409   0.0686157  -0.0694164
-0.0632207   0.943311    0.82187  -0.558475   0.268028   0.393515   0.575694   0.469997    0.82275    0.24506   -0.27273  -0.818951 -0.0638035   0.432801   -0.66015  -0.638493  -0.774016   0.932726   -1.56547  -0.266509  -0.327748  0.0387164   0.437908  0.0234961  -0.559923   0.591681   0.255046  -0.725067   0.558601 -0.0594357  -0.131219  -0.645859
 -0.173506  0.0366139  -0.405993   0.617385   0.203221    1.31326  -0.240446   0.478482   0.852212  -0.682055  -0.149282   -1.18363   0.674878 -0.0367981  -0.518841  -0.419014  -0.933865   0.403472 -0.0217719   0.059127  -0.198003  -0.301865  -0.135967  -0.338391  -0.430401  -0.162918  -0.403386   0.455628  -0.263056  -0.658498   0.252147   0.493621
 -0.551514 -0.0606901    0.66565   0.304967   -0.90021   0.702783 -0.0213613  -0.242291  -0.580443   0.392678  -0.128448  -0.286402   0.569669   -0.64266  -0.654176   0.321923  -0.797394   0.622089  -0.658476  -0.201393  -0.285045   -0.62829  -0.499038     1.4262   0.161041  -0.497284  -0.741453 -0.0769881     0.9865  -0.159591   0.324188   0.353733
 -1.74142  0.494781   1.22717 -0.292594  -1.29952   -1.3877 -0.253864  0.151047   1.41965  -0.82618   1.10048  0.548363   -3.1662  -0.18478  -1.14546  -1.25319  -1.65115   1.60607  -1.62138  0.765229   1.58037   0.16946  0.108043 -0.965569 0.0690191  0.377282  -1.15283  -1.80188 -0.794468  -1.09843  0.307983   1.03941
-0.762601  -1.35281  -1.01905  0.143129 -0.375429  0.723001 -0.138818 -0.835557 -0.894935 -0.312357 -0.187447  0.132987  0.514758 -0.305542  -1.24667  0.540842 -0.300698  0.189042 -0.269862  0.906626 -0.226025  0.888141  0.190698  -1.39431 -0.201613 -0.706618 -0.287138 -0.393218 -0.693675   1.51415 -0.833185 0.0932179
     0.486  -0.356354  0.0374173   -1.23603   0.452331  0.0762022   -1.19892   -1.11797  -0.698975   0.355975   0.555798  -0.642232   -0.26654   0.190878  -0.892377  -0.727499   0.155377    0.61274  0.0104188 -0.0592093    1.10077   0.487864   -0.66783   0.373047    -0.8363   0.887903   0.170916  -0.761398 -0.0566528  0.0400028  0.0691248   0.304263
 -0.335171   0.380946  -0.105068   0.381528   -0.42395   -1.40725 -0.0680394   0.268902  0.0827276   -0.31859 -0.0145686 -0.0332861    -0.0403    -0.4798 -0.0944668   0.807565   0.129651 -0.0478506 -0.0310754  -0.128792  -0.404181   0.939509 -0.0836361  -0.782696  -0.235446  -0.363374   0.346144   0.351171   0.676051   0.227099  -0.578198   0.331157
 -0.231676 -0.0149147   0.207822  -0.376076  -0.302976  -0.112056  -0.286263 -0.0208113  0.0486799 -0.0956837 -0.0668138   -0.23348   -0.50142  -0.781315 -0.0585285   0.347575   0.228792   0.123869   0.101701  -0.134331   0.100077   0.460115  -0.471748  -0.174562  -0.445188  -0.228549 -0.0606257  -0.178253  -0.219082  -0.348338   -0.17609  0.0467781
 -0.789127  -0.107557    0.19986   0.515723  -0.100993  -0.426806   0.490283   0.299102  -0.129775  0.0757973   0.235776   0.168164  -0.145162  -0.347849    0.10568  -0.316458   0.092786  -0.272178  0.0172513 -0.0605956  -0.397927   0.182066  -0.394078   -0.18995  -0.110147  -0.527903   0.442306   0.288972   0.229263  -0.363947 -0.0447501  -0.133849
   0.24453 -0.0324142 0.00131575  -0.118874   0.314374   0.361032  -0.156433  -0.218909  -0.114457  -0.356154  -0.195015  0.0707681   0.168308  -0.400414  0.0527177  -0.070804   0.146743   0.279175  -0.348243  0.0449177   0.266573   0.288993  -0.219313   0.232811  -0.325828  -0.553608 -0.0758579  -0.392759  -0.502008  -0.352801   0.198317   0.259959
-0.980565  0.510109 -0.383181 -0.351263  0.563978  0.290874  0.755693  0.332719 -0.821591   1.35322 -0.792013  0.351886  0.173053  -0.25659   0.68012  0.550081   1.06174 0.0826605  0.402652 -0.569258  0.256607 0.0636199 0.0673066 -0.909513  0.118153  0.487242  0.308256 -0.827279 0.0392317 -0.334106  0.338141 -0.162523
  -0.33742   0.188124   0.474292   0.504049  -0.370669    0.11374   0.117618     1.4766   0.264496   0.691687   0.267923  -0.505448  -0.137863   0.247644  -0.308003  -0.890209  -0.115105   0.930094   -0.74243 -0.0591837    0.83559 -0.0364113  -0.653242  -0.230536  -0.292667   0.627529  -0.243825  -0.091421    1.31089  -0.394773    0.32844  -0.481759
-0.293141  0.235053  0.154495 -0.151969 -0.646371  0.221461 -0.294485 -0.392092  0.402627 -0.109047 0.0831871 -0.251851 -0.570125   1.08976 -0.736571  0.424452 -0.197691  0.314956   0.62518 -0.360407 -0.820118  0.202949  0.287586 0.0653531 -0.164508 -0.260621  0.168561 -0.440927  0.587655  -1.25533 0.0876799  0.869281
-0.127554  0.847085   -0.6585 -0.968873  0.718979 0.0841865  0.604205 -0.146424 -0.103531  0.265541 -0.029185 -0.737394  0.194596 -0.563527  -1.34723  0.623595 -0.930356 -0.560025  0.579846 -0.713984 -0.675721 -0.734409  0.560459  0.481614  0.538706 -0.352555  0.535173  0.323416  0.450167    1.0027  0.242976  0.906611
 -0.0583822    0.196815    0.151282  0.00714187  -0.0252269   -0.339796    0.204406   -0.161651    0.617823  -0.0626929   -0.292454     0.60425   -0.416711 -0.00524197   -0.253174   -0.300401 -0.00759679    0.692622    0.119266  -0.0253644   -0.128151   -0.101861   -0.397512   0.0764834 -0.00517549    0.267579   -0.241886   -0.249436    0.576273    -0.45001    0.161918    0.515798
-0.0301567   0.343696   0.169744   0.348252 -0.0801646  -0.206259   0.131874  -0.625702   0.527829  -0.641516  0.0222858   0.518887  -0.466761   0.488086  -0.559273   -0.41598  -0.452693  0.0336366  0.0235775  -0.206785  -0.379811  0.0312409  -0.294234    0.13136  -0.333557   0.185879   0.170302  -0.670144  0.0477045  -0.541633   0.348421   0.459056
 0.0741583   0.104168 -0.0425278   0.305143  -0.108158   0.231097   0.292287  -0.279613    0.85046  0.0896854  -0.267782   0.608766  -0.248461 -0.0119876  -0.951739  -0.277033  -0.111246  0.0478278  -0.181837   0.166465  -0.445162 -0.0608221    -0.8155   0.283236  -0.233474   0.370238  -0.174964  -0.614375 -0.0233652 -0.0929698   0.212582   0.677684
   -1.00243    0.302132    0.598627    0.124653   -0.262145   -0.613623    0.759159    0.198007   -0.482348    0.520592   -0.587939 -0.00983857   -0.699895   -0.502583     1.25198    0.152475    0.820814   -0.558227    0.617043      0.4108  -0.0485993   -0.118151   -0.729076    -1.02153  -0.0188902    0.267706   -0.167112     0.48833   -0.182245 -0.00332358   -0.645285     0.31659
 0.0501005    0.56341   0.342123  0.0206765  -0.315917  -0.150181   0.209473  -0.396596   0.392753  -0.190627  -0.410511   0.168571  -0.655114   0.163089  -0.601704 -0.0687707  -0.601146  0.0599624   0.672402  -0.277779   -0.47025 -0.0925756  -0.253936  0.0873082  0.0978238    0.32199   0.240132  -0.823854   0.468579 -0.0357421 -0.0658617   0.675364
   0.134099  -0.0281206  -0.0752868    0.347911    0.453636   -0.555508   -0.595213   -0.600394    0.347244    0.537136   -0.409239     1.09621   -0.556375    0.472233   -0.441978   -0.450451   -0.131111     1.18005   -0.173073    0.268899  -0.0148331    0.417504   -0.394045  -0.0946479    0.119608 -0.00886839   -0.363773   -0.329828    0.501488   -0.571675   0.0250839     1.20883
   0.67411   0.309181   -1.57845    0.16313    1.39814  -0.529162  -0.367938  -0.697887 0.00729669 -0.0798087  -0.468994  -0.820083   -1.03199  -0.472954 -0.0701311    1.34877   -1.18123   0.575623   0.293654   0.981666   0.836151   -0.72149   0.662526  -0.594899   0.520109  -0.743741   0.348158    1.13993   0.471004    1.03531   0.637675  -0.517653
 0.0389177   0.317061   0.273576  -0.104611  0.0451692  0.0181933   0.184016   -0.53463   0.445731  -0.548721   -0.13042   0.517102  -0.648091   0.347851  -0.476814  -0.121352  -0.231711    0.35336   0.513244  -0.199057  -0.209663  -0.267543  -0.300214 -0.0287596 -0.0878352  -0.185463  -0.424151  -0.877273   0.472267  -0.531099 -0.0316634   0.718757
  -0.15073     0.2704  -0.148356   0.259868  0.0537535   0.296055   0.226688  -0.544953   0.560992 -0.0770952  -0.139006   0.299656  -0.547968   0.489268  -0.988233  -0.108673  -0.568763   -0.01196   0.152384  -0.176205  -0.771299  -0.202914  -0.363871  -0.487192  0.0694909 0.00674914  0.0378228  -0.314621   0.216885   -0.33933    0.50222   0.644989
 -0.320591  -0.225375   0.389031 -0.0505303  -0.407132 -0.0855588   0.687022   0.565087   -0.12022 -0.0664614  -0.183849 0.00475535  -0.623764  -0.749102  -0.112076  -0.511721   0.837147   0.053264   0.243932   0.172193  -0.133509 -0.0159509  -0.757053   -0.92792  0.0758633   -0.11779   0.572089   0.165295 -0.0743759  -0.481174  -0.538054   0.117081
 -0.389298 -0.0905429   0.181661   0.462615  0.0036664  -0.464701   0.590964   0.280824  0.0212587 -0.0620539   0.132502   0.113293  -0.614242  -0.226285   -0.13013  0.0454519   0.335724  -0.354987 -0.0189152 -0.0175701  -0.429423  0.0968857  -0.265737  -0.459492   -0.15655   -0.38018   0.233964   0.193115   0.292158  -0.377569  -0.145003   0.257002
-0.0804025   0.138512   -0.29158  0.0458808   0.355616  -0.221963   0.138405  -0.219652   0.250355  -0.209243  -0.401907   0.207716  -0.654404  0.0213091  -0.599994  -0.352918  -0.430122   0.195323   0.159832  0.0984936   0.102124 -0.0712253  -0.616507  -0.281999 -0.0974513  -0.159489 0.00980777  -0.682946    0.55285  -0.581541   0.243248   0.533158
 -0.0633397 -0.00276051   0.0398516  -0.0402845   0.0673987   -0.179717  -0.0126733  -0.0118188   0.0625465   0.0491838   0.0853574   0.0444122   -0.141872   -0.025086   0.0762644  -0.0632936  -0.0724318   -0.104452  0.00502515  -0.0594212   0.0764513  -0.0457539  -0.0893346    0.120325  -0.0685569    0.016274  -0.0256071   -0.102727     -0.0697   -0.111839  -0.0375933    0.122112
  -1.00022  -0.376848   0.972964  -0.697557  -0.618101  -0.325547  -0.119764  -0.655382   0.824204  -0.575883 -0.0674768   -1.51495  -0.980319  -0.317738  -0.754953   0.477392  -0.431984   0.138549  -0.704384   0.180021 -0.0412668  -0.294113  -0.197562    0.39661  -0.689571 -0.0758589    1.12665   0.910602 -0.0599737   0.281708   0.537924   0.498468
-0.0507963   0.145659 0.00846601    0.79765 -0.0608317  -0.830202   0.343891   0.151659   0.782298  -0.195169  -0.293057   0.271914  -0.260826 -0.0765655  0.0343394   0.564885  0.0672285 -0.0356099 -0.0949604  -0.174302  -0.261462   0.691614  -0.135868  -0.315362  0.0704403 -0.0232803   0.378167  -0.140086   0.292072  -0.155842  -0.343124    0.24387
  -0.14636  0.0857607   0.639189    0.17871   0.136869  -0.463164 -0.0500726  -0.387575    0.64387 -0.0375958     -0.415  -0.115431  -0.813609 -0.0919918    0.11598   0.218125 -0.0496885 -0.0860616  0.0547537  -0.128276 0.00484321   0.280624  -0.187286  -0.441093    -0.4711   0.285402  0.0378496  0.0369179   0.477268  -0.275831 0.00503841   0.580184
 -0.0298662 -0.00192277   0.0811973  -0.0269389    0.012391  -0.0987755  -0.0494979  0.00863471  -0.0067351   0.0548659  -0.0172547  -0.0181194  -0.0518787  -0.0244435   0.0589423   0.0211148   -0.024579  -0.0327365   0.0332959  -0.0303907  -0.0136171  -0.0094547  -0.0285206    0.027261  0.00624422   0.0432378   0.0683064  -0.0808962    0.022888  -0.0445254  -0.0138587    0.058536
 -0.550623   -0.48665   0.422038   0.427254  0.0265327  -0.524987   0.757568   0.115727  -0.407707   0.102257  0.0555454   0.378632  -0.498941  -0.353573   0.299125  -0.138912   0.433932  -0.332419  0.0264823 -0.0677298  -0.260902   0.141033  -0.275895  -0.587959  -0.250698  -0.300884   0.276142    0.29182 -0.0639935  -0.487451  -0.175019   0.516028
 -0.306556  0.0503782   0.246881   0.573499   0.170458  -0.523275   0.674076  0.0868416   0.230686   0.122517  0.0727068   0.235606  0.0239753  -0.167183   0.184794  -0.053792    0.19045  -0.420341 -0.0301779  -0.171243  -0.285099  -0.137685  -0.243255 -0.0573902  -0.208878 -0.0748583   0.118219   0.479133  0.0192986  0.0785743   0.025057   0.131924
 -0.0319855    0.153285   0.0279252  -0.0815507  -0.0323713   -0.163545   0.0381721   0.0160421   0.0355638    0.086113   -0.108696   0.0253082  -0.0721263  0.00164819   0.0614781    0.263792  -0.0405701  -0.0950205   0.0538259   -0.106211   -0.144768   -0.106396   0.0795408   -0.125194  -0.0187077   0.0667172   0.0439338   0.0340046   0.0828416 -0.00743037   0.0192559    0.147697
 -0.224865 0.00583254   0.205066   -0.14493 -0.0284927   0.162887  -0.724725  -0.103911 -0.0171118   0.204604  0.0562978  0.0236773  -0.946448  0.0478275  -0.370584  -0.255116  -0.839269   0.962172 -0.0152999   0.372392   0.437015   0.181381  -0.585997  -0.112506   0.240201   0.204287  -0.165097  -0.291469  -0.363578  -0.292182  0.0343427   0.138108
  -0.030864  -0.0966904   0.0743731   -0.272813   0.0222758   -0.111176   -0.121849    0.146394   -0.166689   -0.014394   -0.142311   0.0132371   -0.153289   -0.250467   0.0895029 -0.00528104   0.0847107      0.1114    0.193902   0.0418682   0.0801244    0.121116   -0.215131  -0.0801983   0.0826931  -0.0352396   0.0861084   -0.174436   0.0539254   -0.242124 -0.00696119   0.0725872
 -0.0634976  -0.0295726   0.0545391   -0.211263   -0.045173   -0.143697  -0.0898964 2.56467e-05  -0.0756399  0.00685306   -0.127463   0.0827565   -0.123315   -0.132076    0.103177   0.0475095    0.129215   0.0372115   0.0609013   -0.047942   0.0884963    0.121776   -0.126942  -0.0257285  -0.0467432  0.00825271   0.0880551  -0.0937299  -0.0330934   -0.185033  -0.0324227   0.0761226
 0.0999301  -0.201087  -0.176779   0.405166  0.0697593   0.475765  -0.253869   -0.13493  0.0987409   0.151883 -0.0362847  0.0700007   0.345415   0.673026  0.0450236  -0.343714  -0.332107   0.532051  -0.313324  0.0474064   0.359403   0.352809   0.551604 -0.0332441  0.0641342   0.155608  -0.406656   0.190448  -0.220761   0.158941   0.247751   -0.23572
 -0.478322  -0.367965   0.266204    0.62052 -0.0963399  -0.562408   0.485766   0.267398  -0.139976  0.0306408   0.134259   0.161759  -0.235714  -0.508828   0.343222  -0.107852   0.457866  -0.414174    0.12126  0.0609518  -0.370263 -0.0261226   -0.30738  -0.319866  -0.220267  -0.257875   0.250412   0.499025 -0.0493409 0.00883946 -0.0811783  -0.195346
  0.264113   0.341149  -0.346511  -0.595165   0.161603   0.013247  -0.542514  -0.436564    0.11361  0.0168887 -0.0647706  -0.236033   -0.27129   0.153247  -0.278387  0.0484524  -0.585758   0.576481  -0.083046   0.178882   0.874803   0.128197   0.182812  0.0258588   0.336095   0.208798  0.0478879 -0.0847259 -0.0430563   0.145404   0.517626   0.406792
  0.209736   0.212685 -0.0374927  -0.114413  0.0133948 -0.0606174   -0.19345 -0.0523808   0.170213   0.064484 -0.0276928  -0.139155    0.15012   0.161063    0.25698  0.0301161   -0.18619   0.282337  -0.075017   0.063681   0.578631   0.194004   0.197415  0.0967674  0.0641428   0.107066   -0.11127  0.0678724  -0.100529 -0.0219456  0.0325626 -0.0289846
  0.356782   0.365548  -0.142418  -0.144934   0.252162 -0.0512251    -0.3736  -0.202028   0.162516 -0.0905293  -0.190011  -0.308134   0.035381   0.082119   0.154185   0.250647  -0.341634   0.191878  0.0518043 0.00856146   0.307327  0.0188784   0.172573    0.33495   0.135139   0.142111   0.102756 -0.0481946   0.124543   0.231702   0.119505   0.063067
 0.00354643  -0.0108255   0.0132598 -0.00457249 -0.00288234 -0.00866887  -0.0311664  -0.0238613   0.0122763   0.0077211  0.00993635  -0.0082599  -0.0102866 0.000421265   0.0162759  0.00159769 -0.00195031  0.00072189    0.018147  0.00909501  0.00470082  -0.0202822  -0.0145219   0.0244065 -0.00802459  0.00788035 0.000255845   0.0252202  -0.0151197   0.0066147  0.00476627   0.0026198
   0.452236   0.0178607 -0.00519106   -0.182171    0.161877   0.0675887   0.0444354   -0.112305    0.287268   0.0197006    0.233915    0.279824 -0.00240848 -0.00689717  -0.0991343   -0.147176   -0.174499    0.458158   0.0874953    0.243464    0.328548    0.383477   -0.484671    0.154054   -0.113846   -0.264211   -0.318128   -0.180363   -0.166759   -0.133361    0.143242      0.3829
 -0.0216917   0.0658923   0.0223271 -0.00496327  -0.0308239   -0.063432   0.0186192   0.0301567   0.0542039   0.0369135  -0.0677288  0.00670071  -0.0462601  -0.0171802 -0.00944379    0.094539  -0.0210314  -0.0212988  -0.0213334  -0.0301052  -0.0264338  -0.0118666  0.00962245  -0.0644505   0.0479183   0.0427968   0.0788826  -0.0137733   0.0352228  0.00546663   0.0013272   0.0341106
  -0.160591  -0.0635465  -0.0309534  -0.0299361   -0.118609    0.127037 3.14273e-05  0.00665808  -0.0852297  -0.0764337   0.0791697  -0.0632893   0.0479677   0.0122277   -0.148249  -0.0858403   -0.130694   0.0548989  -0.0670507   0.0941448  -0.0234231    0.111427   0.0697021  -0.0224871   0.0298094  -0.0527017   0.0292003   0.0011869  -0.0201076   0.0611998  -0.0293533   -0.106142
   0.114695    0.140682  -0.0173025  -0.0177936   0.0253969   0.0383729   -0.100856 0.000908762 0.000716374   0.0357497  -0.0529788   0.0483281   0.0509853    0.076308    0.134618   0.0516771   -0.078504   0.0902422  -0.0895375  -0.0175583    0.172289   0.0230597    0.137827   0.0705629   0.0872488   0.0627477  -0.0342471 -0.00532747  -0.0970421   0.0685601  0.00134038   -0.037294
  0.0251444   0.0335973  -0.0154893 -0.00975543   0.0202452   0.0135924   0.0141561  -0.0107292   0.0174621 -0.00278037  0.00548939 -0.00634247   0.0118447 -0.00615768  -0.0269603   0.0182704  -0.0178616     0.01811  -0.0029627 -0.00645881 -0.00399942   0.0142938  -0.0128539   0.0264473   0.0158193  -0.0114194  0.00726113  -0.0215491  0.00857413   0.0224031   0.0106709   0.0255285
 0.00575785   0.0247038  -0.0188811  -0.0212048  0.00909552   0.0276139  0.00907926 -0.00353514 -0.00443207  -0.0139228   0.0199977 -0.00667854  -0.0216203   0.0134922   -0.048391  -0.0145266  -0.0416394    0.029744  -0.0057398 -0.00116496   0.0178383   0.0073015   -0.016668  -0.0237045   0.0216401  -0.0129033 -0.00212405  -0.0334674   0.0170434  -0.0212823  0.00292289   0.0459034
 -0.0921499    0.132053  -0.0664533  -0.0432314  -0.0740437    0.234884   0.0213082  0.00209469  -0.0293844  -0.0524023    0.124817   -0.105274   0.0134413    0.128932   -0.232198  -0.0484246   -0.218746   0.0986596  -0.0878751 -0.00823679   0.0155462   0.0595105   0.0346957   0.0369443   0.0660502  -0.0171581   0.0193661  0.00566894  -0.0175116   0.0718576  -0.0125933  -0.0936953
   0.237992   -0.132471  -0.0239888   0.0181263    0.110043   0.0673735 -0.00753543    0.145427   -0.128178   0.0195824    0.294422  -0.0288527    0.170665  -0.0393421    0.171892   -0.142628  -0.0906159  -0.0408661    0.126306    0.182479    0.198926    0.218645   -0.157365    0.170615   -0.168756   -0.176114   -0.230226  -0.0399314  -0.0908588    -0.11162  -0.0304001  -0.0542187
 -0.266009   0.675861  -0.307537  -0.488177   0.216124  0.0421948   0.344434 -0.0253431   0.426991   0.162577  -0.374496  -0.559769  -0.426859   -0.65508  -0.631304   0.797718   -1.15642   0.063939   0.389816   0.717762  -0.217439  -0.140089  -0.228104  0.0326234  0.0876315   -0.65566   0.691429  -0.195781   0.501919  -0.124174   0.898371   0.793831
 0.0994377  -0.210111 -0.0659691  -0.316138  -0.196039  -0.190147  -0.134516 0.00440412  -0.430727 -0.0220177 -0.0285345  -0.066928  0.0493198   -0.32824   0.246417   0.197109   0.216627  -0.205256   0.181018  0.0286275   0.101005  0.0660309  0.0676564  0.0701782 -0.0739761 -0.0760392  0.0166505  -0.129683  0.0393156 -0.0496935  -0.159082  -0.275324
 -0.00598732   0.00485757  -0.00254095  -0.00677565 -0.000779801    0.0250311     0.030835    -0.026492   0.00659519   -0.0208751    0.0260363 -0.000590166    0.0198467  -0.00356434   -0.0356745    -0.028998  -0.00869725 -0.000938386  -0.00209216    0.0228835  -0.00501903    0.0056486   0.00772725   -0.0048177   -0.0199188   -0.0128569   -0.0197073    0.0147626    0.0267418   -0.0312322   0.00369475   0.00829037
  0.0159418   0.0570336  -0.0170514  -0.0206604  -0.0190289  0.00409083  -0.0169013   0.0278272    0.015879   0.0429694   -0.061076    0.012281  -0.0174805  0.00555975   0.0625015   0.0483941  -0.0136813  -0.0332975   0.0193226  -0.0594812 -0.00194308  -0.0565972  0.00652107  -0.0152581   0.0095944   0.0139648  0.00730505  -0.0083341  0.00984791  -0.0203237   0.0137044   0.0490781
   0.0211043    0.0135982   0.00164161 -0.000642989    0.0160022    0.0175836  -0.00801418    0.0115801  -0.00541465   0.00733886   -0.0103517   0.00459902   0.00748609   0.00810023  0.000675518    0.0126483   0.00957394  -0.00618888   0.00644319  -0.00691286  -0.00895962    0.0127592    0.0100888   0.00295891  -0.00885925    0.0175661    0.0155864   -0.0050532   -0.0139203   0.00269647   -0.0121313   -0.0140582
  0.0231902   0.0179164   0.0133116  0.00113369  0.00223027 -0.00527544 -0.00859534   0.0225075  -0.0189559  -0.0296106  -0.0350292  -0.0202371 -0.00310841    -0.03661   0.0370418   0.0324785   0.0254693 -0.00120043   0.0281423  0.00614592   -0.010884    0.010758   0.0062667  0.00815454   -0.015342  -0.0326313 -0.00666965  0.00338535  -0.0121527 -0.00823587   -0.032791  -0.0438974
  0.0406236  0.00425747  -0.0245494  -0.0398057  0.00788182  -0.0221872  0.00796934  0.00470545  -0.0490792   0.0419079  -0.0167905   0.0143178 -0.00744039   0.0132522   0.0518868   0.0408527   0.0336219  -0.0344003 -0.00109074   -0.039747   0.0142301  -0.0047062  -0.0129609  -0.0266805   0.0148422 -0.00266289   0.0346749   0.0243613 -0.00468274  -0.0353309  -0.0238035   0.0457611
