 -0.704016
 -0.819835
  0.274471
 -0.687185
 -0.248562
  0.739048
  -0.65506
 -0.665081
 -0.790018
  -0.23491
 -0.580864
 -0.878098
 -0.972228
 -0.280578
 -0.987312
  -1.15104
 -0.423573
 -0.470805
 -0.447533
 -0.873531
  -1.00652
 -0.652401
 -0.846722
 -0.615029
 -0.800731
 -0.024346
 -0.581121
 -0.739772
   -1.2006
  -1.22878
 -0.608773
 -0.223743
  -1.04392
 -0.583289
 -0.491195
   0.11032
  -0.42437
 -0.527616
 -0.667937
 -0.734117
  -0.37154
 -0.687166
 -0.941024
  -1.04445
 -0.860759
 -0.973965
 -0.884742
-0.0915182
  -0.45902
 -0.437667
 -0.606983
 -0.348716
 -0.368536
 -0.551101
  -1.09236
 -0.555807
 -0.259345
  -0.57232
 -0.607021
  -1.08146
  -1.36702
 -0.472209
 -0.396888
 -0.983369
 -0.653998
 -0.920663
 -0.396737
 -0.557235
 -0.651396
 -0.420881
 -0.729365
 -0.561082
  -1.04719
 -0.644162
 -0.115757
 -0.445649
 -0.599308
 -0.200457
 -0.429833
   -0.8775
 -0.544168
 -0.504467
 -0.454972
 -0.504574
 -0.543239
  -0.44698
   0.22903
 -0.205418
  -1.11938
 -0.535799
 -0.320428
 -0.774819
 -0.299616
 -0.881068
 -0.764128
 -0.289236
 -0.881328
 -0.624875
 -0.584297
 -0.417933
 -0.332138
 -0.541773
-0.0791717
 -0.315977
 -0.761783
  -1.01837
 -0.705202
 -0.913079
  -0.57335
  -1.01849
  -0.15722
 -0.732449
  -1.16194
 -0.407111
 -0.418861
 -0.567941
 -0.501206
 -0.257757
  -0.46895
 -0.214367
 -0.564594
 -0.984399
 -0.552817
 -0.655528
 -0.416569
 -0.599804
 -0.575152
 -0.950657
