   0.0822861     0.277289     0.065697    -0.095175     0.314505     0.448323   -0.0330007    -0.201192     0.188354   -0.0103181    -0.292308   -0.0689332     0.127022   -0.0617945   -0.0154094    0.0117962   -0.0270255    -0.399178     0.113327   -0.0282471     0.266782   -0.0423451    -0.289011   -0.0498746     0.166362    -0.380406    -0.438431     0.264474    -0.109019    0.0866033     0.152428     0.292928
    -0.23693     0.040577    -0.246572     0.146572    -0.148765      -0.4297   -0.0488704   -0.0994138     0.242756    -0.355739    0.0858436     0.551846     0.181169     0.215442    0.0685135     -0.44699     0.561619    0.0111012    0.0729659     0.341403    -0.397742      0.12003     0.664104    -0.439232     0.218949     0.092449    0.0234609      0.39875    -0.345062    -0.186492      0.29149    0.0427358
   -0.331342    0.0888069   -0.0766856    -0.276235    0.0945434    -0.312892    -0.675101     0.612011     0.099724     0.452222    -0.486726     0.310868   -0.0485867     0.141594    0.0412947   -0.0837277    -0.428259    0.0425777     0.504496   -0.0401712     0.273606     0.394677     0.394364     0.193792    0.0650444      0.67396     0.350006     0.717029    -0.705811    -0.447461   -0.0265021    0.0300261
    -0.53465     0.307183    -0.103998    0.0936909     0.457813     0.399106     0.719598    -0.329702    -0.235643     -0.39808    -0.437928     0.422352       0.2077    0.0865914    -0.353872     0.190828     0.317473    -0.613021    0.0874632     0.177086    -0.325367    -0.204446    -0.113797     0.035354   0.00611778     0.207466    0.0298233    -0.122388   0.00384357    -0.103592   -0.0375463    0.0607233
    0.275407      0.52902    0.0702992   0.00619716     0.126471    0.0522329    -0.414609   -0.0992311     0.353856     0.354232     -0.15192   -0.0467095  -0.00365356   -0.0214598     0.227892    -0.339129    -0.126243    0.0799524     0.408014    -0.154736    -0.088855     0.416132    -0.212386   -0.0252092    -0.307743    0.0282133    0.0905436    -0.140382    0.0199315    0.0979781   -0.0121548     -0.24486
 -0.00959875    -0.256946    -0.201696     0.193333  -0.00355095   -0.0832532    0.0723436    -0.138938    -0.251939    -0.559745    -0.771144     0.422011   -0.0343256    0.0401714    -0.279095    0.0732464    0.0619165    -0.333156    -0.325885     0.246692    -0.404135    -0.210064    -0.289914    -0.132277    0.0906194     0.433367    -0.180126   -0.0760138     0.121916    -0.141507     0.130298    -0.426732
   0.0252333    0.0908058     0.141343     0.080568     0.154645    -0.241966     0.131895    -0.364494    -0.149755   -0.0165049     -0.36042     0.382934     0.143952    -0.398737     0.249861     0.263816   -0.0232445     0.008599   -0.0358457     0.154991     -0.20755    -0.492678    0.0651853    -0.220587    -0.118425      0.29165     0.105479    0.0710414   -0.0473349   -0.0966564     0.310784    0.0126874
    0.603555     0.262161     0.161951    0.0784729     0.137826     0.273765    -0.143849     0.165858     0.125186    -0.442205   -0.0385167      0.07421    0.0381019     0.061014  -0.00648732   -0.0434962    0.0742449   -0.0665955     0.357641     -0.14315     0.613083     0.099304    -0.152618      0.12275    -0.179049     0.133928     0.290238    -0.184643    -0.142017    0.0667859    -0.477376   -0.0620299
   -0.116691     0.337151    -0.344667    -0.479023    0.0232082      0.26833   -0.0135883    0.0379345    -0.267356   -0.0660324   -0.0989259     0.339153   -0.0534203     0.250211    0.0770494    -0.429206    -0.233238    -0.192459     0.177289    -0.173156    -0.317293     0.529501     0.104006    -0.224683    0.0670101    -0.111412   -0.0873681   -0.0702454     0.131528    0.0469749     0.181768     0.101985
   0.0680574    0.0722043     -0.20693     0.310482     0.297077     0.292342      0.34368     -1.05839    -0.551377    -0.247022    -0.585223     0.388135    -0.225958     0.442491   -0.0288078     0.138761   -0.0466066     -0.25136     0.273497     0.217484    -0.777759    -0.313248     0.628269    -0.137256     0.325973     0.290269     0.246736    -0.324642    -0.344671    -0.423642    0.0927497    -0.176636
    -0.37425     0.298633    -0.335138      0.33932   -0.0659082     -0.16829   -0.0741755     0.140471    -0.106446     0.493566      0.25377     -0.10905   -0.0600403    -0.211568     0.101135    -0.404342     0.241797    -0.396286     0.157581     0.392007     0.148221   -0.0481036    -0.105169   -0.0038809     0.318793    0.0761525   -0.0568049    0.0975473     0.062449     0.101681    0.0306047   -0.0576159
  -0.0854828    -0.103826      0.20102    -0.018439    0.0320287    -0.016693     0.243759    0.0532001    -0.170942     0.044608   -0.0592574    -0.107029    -0.514383    -0.174912      0.46551     0.577036     0.232516     0.133362   -0.0918147    -0.104693    -0.367444   -0.0727425    0.0160272      0.48057  -0.00243169    -0.164011    -0.265042   -0.0236197    -0.164509    -0.150551    -0.198226     0.125048
   -0.168545     0.289816     0.227943   -0.0174348   -0.0464684  -0.00287281    0.0236181    -0.014137    -0.277797     0.383701     -0.20954   -0.0247188     0.160038    -0.336907     0.128154    -0.129768    0.0133955     0.268374     0.257691  -0.00332127     0.111311   -0.0146977    -0.217941    -0.223604   -0.0218976     0.168983    -0.131956    0.0416844     0.165238    -0.307121     0.137173    0.0118396
  -0.0900511    -0.221609     0.108268    -0.454027     0.230903     0.111165    -0.282771     0.169348     0.105687    -0.580016     0.419319     0.129092  -0.00800688    -0.221061     0.378003     0.107376     0.369211      0.11822    -0.210614 -0.000176688   -0.0339774     0.146465    -0.043164    0.0817954    -0.293852     0.136403    0.0417911    -0.201428     0.316969     0.240974      0.35862   -0.0847864
  -0.0692397     0.174341  -0.00943389    0.0923135   -0.0162394   -0.0587282 -0.000971192    0.0971828     0.119175     0.135756    -0.191163     0.152148    -0.196414   -0.0545311     0.192386   -0.0219974    0.0696003     0.156808    0.0598153     0.108886     0.335662    0.0601921     -0.15809     0.103089    -0.226677   -0.0105708     -0.10948   -0.0974187    0.0396684     0.147441    -0.021697     0.125533
    -0.10786     0.141683    -0.233901     0.298299    -0.277642     -0.17691    -0.137883   -0.0158019     0.118611     0.274856    -0.254996     0.382003   -0.0560668    -0.230697     0.272078    -0.440788     0.419102    0.0684417    -0.191071     0.200432   -0.0305901   -0.0200876     0.219028    -0.367896    0.0902422    -0.462496    -0.368314     0.159277    0.0278093   -0.0590677     -0.31173     0.118066
  -0.0402549     0.306232     0.235784     0.377705     0.254618     0.197712   -0.0145361     0.154712  -0.00885176    0.0324785    -0.152623     0.424322     0.110374      0.18559     0.466206     0.145332     0.510556    -0.223591     0.227122    -0.103315     0.189859    -0.312054     0.218663      0.32099    0.0305202     0.189857    -0.277428    0.0945625     0.178918     0.221139      0.11362     0.129267
   -0.810937     0.112819    -0.102886    -0.550813    -0.322856    -0.374161     0.180756     0.188341     0.301448     0.103669    -0.142124     0.218239   -0.0820987    0.0942025     0.648883    -0.238658    0.0663003   -0.0499316    -0.120096     0.279804   -0.0706149      0.33518    -0.263783    -0.428131    -0.142191   -0.0561131    0.0543886   -0.0490879     0.735931    -0.244082    -0.461289     0.610965
    0.251201     0.552616    -0.136485    -0.181683     0.340363     0.221223    0.0179049     0.137176     0.316578    0.0615491    -0.051763     0.383667    0.0833319     0.495336     0.435484     0.405192    -0.345451    -0.312421   -0.0706953     0.121355     0.135464    -0.131579   -0.0751603     -0.47478    -0.066746    0.0296279    -0.401868     0.220171     0.249432    0.0587749    -0.080486     0.179178
   0.0566037    -0.400733    -0.531482    -0.210582     0.106234     0.132536     0.153965    0.0901839    -0.201298   -0.0232997    -0.139351   -0.0150527    -0.147308    -0.222548  0.000694732    -0.310991   -0.0907682    0.0699773     0.169921     0.277335    -0.122649    -0.323483    -0.215279     0.304675    -0.114863    -0.156946      0.04461    0.0810011    0.0976645    0.0610916    -0.256737   -0.0458697
    0.184684    0.0649432    -0.258856      0.13345      0.26644     0.273162    0.0975608    -0.200534     -0.14352     0.136815    -0.281149     0.175637    -0.229755   -0.0794823     0.263389 -0.000199694    0.0909769    0.0970569      0.17009     0.076179   -0.0916316     0.236141    0.0128763    -0.167921    -0.371053      0.11776   -0.0984445      0.35878     -0.29564    0.0596054     0.268364    0.0330242
  -0.0706147    -0.380795    -0.535964    -0.338973     0.667656   -0.0466051    -0.249737    -0.477869    -0.213123   -0.0178029    -0.356074     0.282245     0.199424    0.0721463    -0.641207   -0.0857558     0.742879     0.436094    0.0610018    -0.203513     0.217833     0.331597   -0.0593064     0.115585    -0.549899    -0.129925     0.311675    -0.301027     0.524866    -0.348784   -0.0897659     0.176773
   -0.163808   -0.0413676     -0.80225     0.687427  -0.00269042   -0.0201753     0.378873    -0.674949    -0.112043     0.214213    -0.383294     0.690638     0.504237    -0.117495     0.187565    -0.269086     0.827502    -0.481403     0.122637     0.227882     -0.38907    -0.176511     0.133054    0.0325112     -0.11109     0.322109    -0.217458    -0.702692     0.444242    -0.852086   -0.0844696   -0.0566176
    0.239321     0.118718   -0.0878698     0.827508    0.0413415     0.206571   -0.0296811     0.387502   -0.0991555     0.321003   -0.0244142     0.629005   -0.0272194    -0.137209    -0.198985    -0.521959   -0.0416414    -0.317835     0.327906    -0.449447    0.0834866    0.0765668     0.942493   -0.0560086   -0.0613739     -0.56735   -0.0702852     0.364019   -0.0996397    -0.483192    -0.378995     0.159178
     0.38138    -0.431877     -0.32358     0.129669    -0.147589    0.0968595     0.128921    -0.215619    -0.537611    -0.300843     -0.13836    -0.219667    -0.116459    -0.279507    -0.169101     0.324952     0.235029    0.0444042    -0.404464    0.0980465   -0.0377387    -0.158068     0.244983    -0.217489    -0.507004    -0.415022    -0.370643     0.335947    0.0802046   -0.0994592     0.127731    -0.157757
   -0.187496     0.390728     0.692729   -0.0481073    -0.120328    -0.151886    -0.133909   -0.0728767    0.0759864    0.0336294    -0.289632     0.321587    -0.460502   -0.0556652    -0.252462    -0.314412    0.0811898     0.215574   0.00204875   -0.0126539      -0.1395   -0.0537983     0.295448    0.0359631     0.121238    -0.255628     0.090824     -0.31363   -0.0571216    -0.150265     0.050281    -0.186677
   -0.185896     0.509724    0.0172923     0.236506    -0.191339     0.192123    -0.274548    -0.236745     0.129451    -0.113477     0.140381     0.392436     0.190708    -0.131286      -0.4547   0.00936998     0.360276   -0.0776397   -0.0131461      0.56743    -0.140516    -0.129646    -0.201312     0.321366    -0.097379    0.0233358      -0.1972    0.0363913     -0.14154     0.328147    0.0428748     0.117784
    0.141001   -0.0998623     0.195096     0.434466   -0.0182206    -0.263569     0.329876   -0.0402589    -0.219776    -0.179729    -0.404546   -0.0765965    -0.168938    -0.382162    -0.019361     0.354951   -0.0988637    -0.215085     0.272863    0.0705342    -0.170522     0.127459       -0.403     0.219111     0.158108      0.10716    0.0973485     0.541247   -0.0457714    -0.220514    0.0639072     0.646617
    0.273053   -0.0133737    -0.348759     0.475575    -0.108691    -0.392893    0.0162036     0.139443    -0.371706     0.484618    -0.145384     0.499733   -0.0956583     0.124822    -0.270115    -0.267984    -0.226439   -0.0102873   -0.0878319    0.0825706    -0.346498    -0.331165     0.146843     0.108241    -0.145728    0.0579293   -0.0368325    -0.330701    -0.104267   -0.0313472    -0.144453    -0.317956
   -0.604689   -0.0766845    -0.278558     0.179085   -0.0403072    0.0943401    -0.144226    -0.227264     0.329905   -0.0215454   -0.0682578   -0.0177188      -0.1102    0.0095198    0.0268381     0.214677     0.223917    -0.159133    -0.166782     0.195921    0.0633325     0.152665    -0.535052    -0.188911    0.0531955    -0.163227     0.222994   -0.0997681     0.559668     -0.18287    0.0414778     0.164674
 -0.00462763     0.115135     0.099397     0.189016    -0.231575    -0.108965     0.288458    -0.105773    -0.266578     -0.20867    -0.393954   -0.0334241     0.272756   -0.0806814     0.047754     0.190328  -0.00863663    -0.153405     0.236158     0.182449    -0.177568    -0.350905    -0.316114   -0.0811735     0.386985  -0.00832753    -0.308572     0.134891    -0.055629      0.42779  0.000783333    -0.312654
    0.237254    0.0416386     -0.48246    -0.112808    0.0590103    -0.332456       0.2234    -0.115351    -0.115103    -0.220169     0.229262  -0.00824564    -0.135861    0.0360101    -0.148699   -0.0866603    -0.217684    -0.363745     0.193386    -0.313689    -0.164761    -0.200488    0.0966865     0.379402    0.0926619      0.59055      0.25536     0.262334   -0.0851111    -0.458019    -0.315641     0.135241
    0.121684    -0.207485    -0.210591     0.123228   -0.0224531     0.148488     -0.17164     0.149616   -0.0169712     0.341118    -0.191329    -0.199859   -0.0926519    -0.363884    -0.338444    0.0972069    -0.124576    -0.315209     0.312237     0.270624     0.164679   -0.0887452      0.07571     0.422282     0.102674      0.24607      0.10129   -0.0561151    -0.200614   -0.0720617    0.0352793    0.0682156
   -0.260149   -0.0198089     0.114485   -0.0574428    -0.308388   -0.0619655    -0.362084   -0.0614417    0.0134258    -0.124321     0.142499     -0.25166   -0.0271433     0.265729    0.0756317    -0.330051    -0.212531     0.176922     0.233683   -0.0295161     0.172118     0.164547     0.126852    -0.137694   -0.0431409   0.00270097     0.234805    -0.454532   -0.0818415    -0.434202    -0.342768    -0.107744
   0.0365167    -0.206912    -0.224115    -0.333288    -0.183995    0.0532394     0.163438    -0.247738      0.51355     -0.10775     0.361628    -0.319537    0.0754708    -0.080459    -0.294231     0.283711    -0.388024    -0.555322     0.321626     0.232314     0.625083    -0.341206    -0.166404    -0.175421   -0.0781558    0.0027578    -0.277324    0.0619053    -0.329813    -0.302779    -0.240859    -0.292029
    0.188876  -0.00381151   -0.0526121     0.112523    -0.197134    -0.156816     0.054894    -0.199328    -0.177774     0.553332     -0.42942    0.0221482    0.0465134     0.211664     0.287728   -0.0418591    -0.435664    -0.326013     0.104522   -0.0731364    -0.480839     0.209005     0.188058    0.0333966    -0.344572     0.107157    -0.340785     0.051109    -0.377874    -0.177667    0.0177677     0.165881
  -0.0806682     0.158902    -0.158192     0.334921     0.223976     0.408037    -0.193189    0.0372814    -0.112219     0.118362    -0.281921     0.183108    0.0454091     0.101473    -0.418084    0.0612014      0.24312   -0.0635645     0.155329    -0.351091     0.420501   -0.0737464     0.116662    0.0307874    0.0642954    -0.172325    -0.231663    -0.129315    -0.188552     0.180132     0.348463    -0.142917
   -0.199055     0.362453     -0.35868     0.563953    0.0632686   -0.0796754     0.145139     0.111952    -0.479722     0.578023    -0.461272     0.712011    -0.170937     0.184775   -0.0499281    -0.163222    0.0179686    -0.180566     0.381055   -0.0311094    -0.488235     0.147912   -0.0884486     0.110524     0.293284     0.145972     0.259254    -0.242327    -0.228685    -0.246714     0.115095    -0.228559
    0.084387     0.507213     0.185961     0.206658     -0.25035      0.21356    -0.404431     0.106836    -0.376127    0.0385357     0.334196   -0.0680095   -0.0268133    0.0993641     -0.21345    -0.217035     0.157959   -0.0457132     0.179696     0.041492    -0.318614     0.354919     -0.17175    -0.123347    -0.281237    0.0554028     -0.27404     0.534274     0.127632    -0.105618    -0.449278     0.149613
    0.146659    -0.552095   -0.0869829     0.281592    -0.235862    -0.311955    -0.106991    -0.107815     -0.25549     0.112434    -0.025136    -0.604764    0.0667553    -0.197226     0.228506    0.0299149    -0.027163     0.139868     0.124783     0.341898     0.317181   -0.0925625    0.0921031     0.037785     0.269757    0.0980532    -0.191104     0.298099     0.108038    -0.160946     0.322559    -0.140394
    0.273074     0.300665     0.334694    -0.139367      0.15008    -0.031942  -0.00616485     0.476654    0.0278485      0.37954     0.117693      0.12972    -0.120408     0.131066    -0.410637    0.0893944     0.148691     0.184944     0.221717    -0.218611     0.425508     0.282615   -0.0127845     0.251937     0.351936    0.0365621     0.394104    -0.231332    0.0311398    -0.173012    -0.168023    -0.302282
   -0.238516   -0.0216799     0.223454    0.0264007    0.0606941     0.626023     0.378372    0.0893592    -0.109573     0.179196     0.282615       0.7557    0.0836348     0.489775    -0.321632     0.292351    -0.165822    -0.224066    0.0352411      0.42419    -0.252529    -0.240488     0.596684    -0.215089    -0.129842   -0.0608869    0.0151968    0.0166768     -0.10861     0.160083   -0.0461095     0.153467
   -0.181646     0.190018    0.0318812     0.264836   -0.0339646    0.0525793   -0.0107795     0.128543      0.07091   -0.0228536    -0.163601     0.175845     0.336441    -0.163957    -0.165638     0.143299    0.0780315    -0.215927    -0.141768     0.288356    0.0389664    -0.181579    0.0533403    -0.171329    0.0501053     0.145266   -0.0502691   -0.0345452   -0.0136963     0.153763    0.0237728     0.272734
   0.0136368     0.570124   0.00877405    -0.160058   -0.0491421    -0.354095   0.00306113    -0.686022     0.241949      0.12177    -0.235655     0.318976    -0.544127     0.188456    -0.433659    0.0792616    0.0493505     -0.26248      0.33628     0.400996    -0.397668    -0.302112     0.278311     0.443961     0.180601     0.376332     0.264887    -0.479782    -0.175366    -0.766926     -0.36026     -0.58258
   -0.403261      0.44249     0.268073    -0.113373    -0.267586  -0.00160788     0.285318     0.279169   -0.0993417     0.121539     0.282283    -0.245313   -0.0803949    -0.168933    0.0394604    -0.251049     0.172235    -0.165717     0.112339     0.136994    -0.356377    -0.153003    -0.349685     0.100921    -0.418107     0.135388    0.0491529    0.0144107   -0.0397465   -0.0834402    -0.277316     0.269921
   0.0190056   -0.0764449    -0.305869     0.186424     0.373714  -0.00481699     0.156078    -0.369582   -0.0241878    -0.629754    0.0292341     0.393167     -0.23323     0.601472     0.133801     0.463076     0.155734   -0.0633882   -0.0863347      0.52761    -0.375696    -0.328945     0.515805    -0.360866    -0.332209     0.521262    0.0301887    -0.170366    -0.367102    -0.127829    -0.322564     -0.09817
   -0.546017     0.177898    -0.168282     0.297362   -0.0571256    -0.200849     0.136808    -0.236928       0.1947     0.106734    -0.356093  -0.00092946   -0.0516646     0.147295    -0.105528  -0.00440708     0.214642    -0.310201     -0.16717     0.184151    -0.440501    0.0886998     0.232643     0.146855    0.0973492    -0.208948     0.136332     0.033614    -0.116367    -0.125474     0.133824     0.235503
    0.258372     0.303631    -0.140092    -0.360307    0.0950387    0.0600078    0.0485692     -0.18522    0.0109236    -0.216521    0.0276489    -0.142863   -0.0487346     0.181595    -0.195882    0.0118378    -0.404138    -0.239305     0.154201    0.0957831    -0.278021    -0.292438    -0.272821    -0.601554      0.35214    -0.182214     0.168289    0.0958885    0.0690965     0.286132    -0.049028     0.328161
    0.312748     0.500045     0.327918      0.40859   -0.0721998   0.00423718     0.184402     0.215565    -0.353307     0.126941     0.127318    0.0838605    -0.193337     0.113503    -0.295705    -0.111358   -0.0796574     0.141083     0.320133     0.148121    0.0292919    -0.284799      0.80523    0.0339563     0.105244    0.0490554    -0.338806     0.336765    -0.493141    -0.515305    -0.434681    -0.174667
    0.264463    -0.173349     0.188326      0.38457     0.178639    -0.102705    0.0819908   -0.0278659   -0.0988049   -0.0115075   -0.0490929     0.171294     0.317557    -0.313696    -0.059838     -0.11523    0.0933837    -0.057229     0.317812     0.482504     0.440707    -0.208281   -0.0313963     0.329785   -0.0624107    -0.420701    0.0537549   -0.0453906    -0.540385     0.208651  -0.00622385     0.511378
   -0.342883    -0.542358    0.0387259    -0.460888     0.188647    -0.255537   -0.0718656      0.19403    -0.361438     0.118676    -0.100197    -0.442635   0.00884876    0.0212614     0.440109     0.135856    -0.358238    0.0874862    -0.476069   -0.0502504   -0.0474919     0.228286    -0.307969     0.109901    0.0757812     0.107033     0.110601     0.390226   -0.0828855    -0.134902     0.208328    0.0993836
    0.367941     0.523912    -0.142712   -0.0970487  -0.00903266   -0.0146771     0.341969    0.0667072    -0.150356     0.203007   -0.0120842    -0.139791     0.178384    -0.402796     0.411581    0.0695363     0.100076     0.404881   -0.0668417     0.192885     0.313462    -0.472498    0.0797763     0.432542   0.00643632    0.0216522    -0.449166      0.30144     0.104566     0.138426     0.220902    0.0635211
   0.0301788     0.141523     0.278274    0.0820509     0.195444    -0.442942     0.397916   -0.0267981    0.0336714    -0.222057    -0.845328     0.484449    -0.149988     0.190031   -0.0785611    -0.294979    -0.117265   -0.0274798    0.0102272    0.0735995    0.0249548   -0.0422001     0.554939    -0.229084     0.042365   -0.0154334    -0.260786     -0.15873    0.0728312    -0.208478     0.292385     0.136773
   0.0364569     0.136181     0.310953     0.436889    -0.109622   -0.0987918    -0.277775     0.366628    0.0786949     0.439288     0.145113     0.263127   -0.0386275    -0.355728    0.0213995    -0.215128     0.234613     0.121043     0.266595   -0.0314693     0.195873      0.23693     0.119932    -0.307909     0.123474     0.156168    -0.370312    -0.435833   -0.0825721    -0.677865    -0.507872     -0.08077
   -0.367046      0.16826    -0.319086     -0.01633    -0.174831     0.200458    -0.138237     0.361005     0.282031     0.208516     0.159561    -0.248964     0.138682    -0.135663     0.153532    0.0721609         0.03     0.250796    -0.277595    0.0517066     0.660217    -0.295506   -0.0264702   -0.0870335     0.173189     0.184453    -0.103764     -0.38842     0.148178   -0.0648392     0.200687     0.159037
   -0.342105     0.243863     0.232362   -0.0947892    -0.245233    -0.210259    -0.386476    -0.205206   -0.0905172     0.114098    -0.112022    -0.171946      0.15436    0.0413711     0.131297    -0.123759     0.199807    -0.587066    0.0249369     0.313742    -0.374062     0.176707     0.358448    -0.188826   -0.0287768    0.0158314   -0.0766991   -0.0921078    -0.173815    0.0632959     0.586516     0.422986
   0.0278931     0.249151     0.367248    -0.197656   -0.0203669    0.0398878     0.157785     0.028766      -0.3531    -0.332536    -0.488691    -0.119297   -0.0973439     0.380785     0.199432    -0.341269    -0.311422     -0.20817     0.282258     0.272862     0.244374     0.521536     -0.51612   -0.0719615     0.251404    -0.181022   -0.0339232    -0.179816    -0.485034     0.148535      -0.2265    -0.171737
   -0.231201    0.0394289   -0.0711288     0.198736     0.249944     0.229249     0.188649    -0.247197     0.451308     -0.18144     0.351179   -0.0683268     0.456896     0.218799    -0.310058   -0.0823397     0.310248    -0.281429    0.0623214    -0.170091     0.347411    0.0721972     0.467058     0.664901     0.152768    0.0552346    -0.456363     0.127358     -0.29873   -0.0520026    -0.390583    0.0214182
    0.147127    -0.598044    -0.198038   -0.0519578   -0.0511634    -0.166667    -0.246849    -0.336538    -0.182458    0.0993853    -0.753845     0.330776    0.0510872     0.150302     0.396059     0.237271     0.265908    -0.330228   -0.0124146     0.631186  -0.00371846  0.000248721    -0.105165    -0.736412  -0.00699908    -0.129221    -0.316288     0.449893   -0.0776658    -0.230056    0.0592008     0.102615
   -0.224387    -0.242319    0.0504164     0.559845     0.440737     -0.12072     0.366719     0.067186    -0.528471    -0.170131    -0.404012     0.244698    0.0298435    -0.328253    0.0959881    -0.121428     0.539693   0.00512604     0.572395     0.270878     0.127848   -0.0456158     0.487546     0.246956   0.00569764    -0.120358     0.240571     0.211433    -0.295603    -0.305671     0.132154   -0.0116469
    0.466206   -0.0168326    -0.413421    0.0609037    -0.171852    0.0759661    -0.522283     0.149423    -0.321607     0.240989    -0.271743     0.095886    0.0614787    -0.349415     0.186328   0.00201085     0.136741    -0.406266   -0.0304864    0.0714799    -0.436585     0.380565    -0.323178    -0.482071    -0.242601    -0.278425    -0.713666    0.0720825     0.505567     -0.22228   -0.0342479     0.243602
   -0.197375    -0.332436     0.109453   -0.0927719     0.172845    -0.219717     0.359176   -0.0306052   -0.0468379     0.381142    -0.333783    0.0362332     0.207432   -0.0616487     0.545471   -0.0901379    -0.268508    -0.317276     0.434244    0.0473697    -0.204881   -0.0637385   -0.0813159    0.0332716      0.03802    0.0701794     0.228915      0.34189    -0.442545    -0.256344     0.089135     0.336194
   0.0323871   -0.0405744    -0.307029     0.307037  -0.00750614    -0.160791    -0.143621    -0.353483     0.347151    -0.315016     0.112748     0.140352     0.154198   -0.0908233    -0.418056     0.192962     0.473578    -0.307987    -0.231987     0.227963   -0.0641801   -0.0916454    0.0222969     0.118934    -0.215361     0.414188   -0.0666728    -0.106076     0.138085     0.459848   -0.0281083   -0.0811736
  -0.0453695     0.183033    -0.268727     0.215527     0.100988    -0.171872     0.160483    -0.104342    0.0360491    -0.172747     0.128068     0.108825      0.22622    -0.102653    0.0813142   -0.0585313   -0.0589247    -0.327642    -0.224859     0.431219    -0.149015     0.141424    0.0942113    -0.123964    -0.185864     0.110236     0.281421    0.0527397     0.131233   -0.0242963     0.332021    -0.386215
    0.378306    -0.302875     0.342959   -0.0459498    0.0131822     0.032988    -0.168967   -0.0820695      0.10675       0.1395     0.270467    -0.359038    -0.186311   0.00227534     0.501655   -0.0940673    0.0462433     0.347595     0.182937    0.0175733     0.213372     0.113103    -0.283279    -0.186683    -0.108171    -0.221312   -0.0245713     0.274329    -0.498746    -0.580526     0.279516     0.231948
   -0.300708     0.176764    0.0530844    -0.114013    -0.135518    -0.181751     0.133933     0.073585     0.123975  -0.00924065   -0.0100168     0.170915    0.0369427     0.119504     0.360712    -0.426784    -0.103899    -0.139889   0.00436351     -0.12359    -0.370202    -0.212425    -0.150314    -0.275201    -0.190723     0.265705    -0.229662     0.297923     -0.18031    -0.243862     0.126697    0.0736838
    0.727147     0.273953   -0.0876061     0.629497    0.0493643    -0.340835    0.0831209   0.00285381     0.691767       0.2089    -0.417031    -0.277224     0.229978    0.0834509     0.590844   -0.0365797    -0.846338    -0.406843     0.357769      0.31368    0.0133908    -0.544844     0.262348     -1.03718   -0.0599685     0.203825    -0.154208     0.265112    -0.448808   -0.0522755    -0.316415     0.151257
   -0.338674    0.0280514   -0.0939917      0.14298   -0.0526014    0.0549514    -0.193147    -0.109736   -0.0489997    -0.226199    -0.369551     0.152338    -0.202757     0.156457    -0.138726    -0.109584     0.123604     0.112825     0.247763    0.0920429     -0.33047    -0.256015    0.0509529     0.372535    -0.348879    -0.194379     0.195677      0.10061     0.311563    -0.195316     0.303097    -0.165508
   -0.278968    -0.035456    0.0209917    0.0415405    0.0107003   -0.0875982    -0.177627    -0.182268   -0.0826915    0.0731869   -0.0571505     0.233785    -0.152279     0.288727     0.243768    0.0017053     0.135721    -0.142465   -0.0204251    -0.360439   -0.0585037   -0.0545376      0.52427    0.0445624   -0.0772182    0.0182358    -0.224387    -0.253169    -0.396762    -0.432469   -0.0854079     0.292131
    0.615856     0.301114     0.389502    -0.122439    -0.262977    -0.621785     0.104306    -0.185044  -5.1301e-05    -0.026808    -0.380677    0.0322596     0.293405     0.140114     -0.18087   -0.0203647   -0.0442242    0.0447829    -0.305891    -0.187675    -0.114656    -0.200125     0.018668    -0.253871  -0.00459676   -0.0231705    -0.509858   -0.0575165     0.113929    -0.251154    -0.485242     0.281621
 0.000734894     0.375082    -0.737182   -0.0822803     0.238978    0.0572583    -0.312736   -0.0729274    -0.240492     0.138847     0.230643       0.2005    -0.121129     0.460441     0.321935  -0.00823794     0.400284    -0.348119     0.275759     0.310333    -0.283666     0.242215     0.330988     -0.22434    -0.246098     0.165873    0.0185301    -0.312563      0.36057    -0.203812      -0.0703    0.0405795
   -0.150617     0.367097    -0.348053     0.111762    0.0175148    0.0149999    -0.299302     -0.15203    -0.410648     0.436539     0.160766     0.193361     0.320476     0.123415    -0.214607    -0.151544     0.336096   -0.0254081     0.272231     0.002956   -0.0381762     0.476162     0.100718     0.213989     0.152451    0.0970256    -0.441303    -0.220537   0.00181645    -0.155139    -0.234717    -0.191299
   -0.249915     0.491643     -0.31324    0.0613987      0.13798    -0.195051    -0.608655      0.53491    -0.241763     0.499512     0.137016       0.1047    0.0225022   -0.0489565     0.333965    0.0976567     0.079357   -0.0151904     0.562166     0.291803   -0.0454178     0.191263    -0.197731     0.289432     0.561762     -0.10955    0.0787542   -0.0803021     0.393896    -0.508107     0.019625    -0.250955
    0.193347    -0.170222     0.544385   -0.0258202   -0.0879984   -0.0542542     0.209937    0.0266619    -0.217233   -0.0129256    -0.200331    0.0604363    -0.125436    0.0684801     0.380434     0.143139    -0.587036      0.15724     -0.12521      0.33616    0.0255469    -0.504616    -0.197857      0.18254     0.258547    -0.100344    -0.355048     0.709724    -0.493605   -0.0908499    0.0204383     0.409883
   -0.152748     0.375904     0.154363      0.17145     0.211967     -0.23519     0.129685    -0.224681     0.146034    -0.390265    -0.029876   -0.0122934     0.187124     0.052482    -0.158115     0.156642     0.394564     0.363672    -0.556559     0.176756     0.111182  -0.00401509     0.172549    -0.075761    -0.159088     0.117137    -0.225109    0.0359389     0.115643    0.0798365  -0.00889002    0.0065407
   -0.114312     0.335351   -0.0236877   -0.0992058    -0.125803   -0.0760644     0.351963    0.0234492     0.033315      0.33081     0.114432     0.203265    -0.169343    0.0599175     0.238908    -0.240431     0.272882     0.484607    0.0982458    0.0401945    -0.272509     0.124941    0.0211133   -0.0348485     0.111982    -0.155864    -0.263278    0.0991137  -0.00968792    -0.181129    -0.116522     0.124642
    0.258388     0.985099    -0.199097    -0.315334   0.00516628      0.22774    -0.378815     0.239024    -0.155525     0.318077     -0.47068    0.0824266     0.138868     0.299128    0.0213684    -0.139753     0.123933    -0.138082    -0.007106   -0.0410796   -0.0333888    -0.363481      0.22623      0.41284     0.176378     0.359909     0.102136   -0.0140502     0.050806     0.112783    -0.155456   -0.0687312
     0.10214     0.150719     0.257472     0.529244   -0.0219724    0.0862445     0.228085     0.133663     0.140998    -0.285271  -0.00562247     0.248507     0.177097     0.198474     0.105487     0.194011     0.272303    -0.366973     0.484933    -0.277397     0.128141    0.0485688     0.245453   -0.0667825   -0.0944058    0.0240517    -0.209443    -0.535374     0.467775     0.313662    -0.774106    -0.287877
  -0.0269374     0.175888    -0.161905      0.30591    -0.128704    -0.231595     0.209871     0.150814    -0.101522     -0.13537     0.329887     0.192003     0.317397    -0.230045     0.456865     0.001875     0.243865    -0.163841    0.0226847     0.342578   0.00336196     0.517633     0.275964    -0.487446   -0.0954685    -0.127659    -0.152466    -0.341379     0.166399    -0.128383     0.236364   -0.0443804
   -0.236007     0.097214     0.232022     0.201067     0.356851    -0.391665    -0.217905    0.0494943     0.169168   -0.0219984     0.214668     0.129297   -0.0782814   -0.0735562    -0.303428    -0.109795    -0.306662    -0.135722     0.199252    0.0771363    -0.226106    0.0742606     0.575128     0.684568     0.127528    0.0337235     0.170315     0.199072    -0.798836    -0.283874     0.182714    -0.279564
    0.207475     0.430522     0.277857    0.0423864    0.0167218     0.073611     0.527215   -0.0459859    -0.220229     -0.21347    -0.347956    0.0340388     0.243627      0.37665     0.241637   -0.0558239    0.0792859    -0.157408     0.465221    -0.217754    0.0368363    -0.129756    -0.195549     0.139564    -0.556381   -0.0322519    -0.149525    -0.149791     -0.46312    -0.111211     -0.42348    -0.396837
    0.125273     0.169637    0.0981669   -0.0903461   -0.0679621    -0.266022   -0.0440556   -0.0300957    0.0220695    -0.378039    -0.420705    0.0100128    0.0552786    0.0788502    -0.206875     0.401297    -0.121736     0.117959    -0.397064 -0.000460041     -0.31457    -0.245155    -0.502368    -0.222509    -0.261727    -0.033344    -0.182285   -0.0651892     0.337429    -0.171035     0.275413     0.158343
  -0.0684732     -0.52866    -0.437582    -0.374264     0.571932    -0.174759     0.496008    0.0250122     -0.41787    -0.026429    -0.455662   -0.0378176    -0.044102    -0.137075    -0.144713    -0.199473      0.14189     0.188363    0.0132235    -0.542973    -0.129688     0.209577     0.361281    0.0498752    -0.322137    -0.294899     0.117039    -0.163977    -0.239445    -0.448244     0.339703    0.0610866
   -0.382746     0.358205     0.296039    0.0868202    -0.117027    0.0809632     0.361964    -0.117302    -0.109984    0.0176873 -0.000447854     0.444076    0.0716362    -0.160481     0.199368     0.150227      0.53707     0.108555    0.0156237     0.321495   -0.0773015    -0.191918    0.0813278    -0.195115    -0.106971    -0.219281    -0.203291     0.143683    0.0637415     -0.31591      0.20285    -0.150798
   -0.371996       0.5188    -0.677825     0.439956     0.282118     0.278308     0.304701    -0.492385    -0.186172      0.41082    -0.780005      1.12661     0.179906     0.295423     0.158949    -0.321745     0.520965    -0.545028     0.345917      0.13132    -0.452172     0.568177     0.369072   -0.0467986     0.544565     0.173324     0.185706    -0.345891   -0.0562442    -0.681021    -0.181162   -0.0523235
   -0.212541   -0.0926364     0.320349     0.230579    -0.190492    0.0583485     0.140436     0.275569    -0.163341   -0.0542972    -0.421082     0.107646    -0.243795     0.148047     0.138318     0.192476     0.178743   0.00581069    -0.170444     0.106816     -0.26108    -0.245458     0.794367       -0.369    -0.253726     0.117519    -0.272623     0.128492    -0.476948     -0.25545    0.0879672   -0.0537486
   0.0988313     0.471795    -0.164425    0.0796288     0.246046    -0.165757     0.422692    -0.198229     -0.16113     0.190235    -0.359009     0.141861      0.10682     0.120651    0.0657675   -0.0232928    -0.298255    -0.174708  -0.00830711    -0.173072    -0.261461    -0.321393     0.379032     0.262799   -0.0191319    -0.174228    -0.131453    0.0549832     -0.39931    -0.178936     0.261758   -0.0265442
     0.17861    -0.186165    -0.101262     -0.23276   -0.0516134   -0.0917632    -0.102598     0.138426     0.145634    -0.100937   -0.0501019     -0.43708    -0.214429    -0.372514     0.145326    0.0185227     -0.11182    -0.112843     0.180552     0.261102    0.0580672     0.284058    -0.552149     0.143526     0.171629     0.110471     0.146276   -0.0405523    0.0875055     0.318929     0.351927     0.372697
   -0.174101   -0.0156745     -0.12215    -0.134287     0.271325    -0.249313   0.00281523    -0.169547     0.386906    -0.198125    -0.302181     0.287325  -0.00860866     0.448688    -0.084715    0.0352533     0.372333    -0.264957     0.352575     0.348149   0.00423986    -0.617506    -0.182197    -0.615264     -0.13458     0.120887     0.280786    -0.331607    0.0109978     0.129521     0.125545    0.0581638
    0.220651    -0.194357    0.0327038     0.125015   -0.0334288    0.0911987     0.339499    -0.542361      0.27427    -0.132987    -0.115953     0.517296     0.257595     0.549964   -0.0382886    -0.208291     0.248181       0.3877    -0.513982     0.141233     0.394366   -0.0811629   -0.0245027    -0.359606    -0.470546    0.0389758    -0.275901    -0.205277     0.117629    -0.115141     0.138033    0.0216414
   -0.144347    -0.122486     -0.12631    0.0471745    -0.105099   -0.0118613   -0.0287781     -0.31788    -0.251032   -0.0853929    -0.223454      0.50209     0.215662     0.105609    -0.186728     0.160139     0.404261    -0.180835     0.114642    -0.225247     0.565809    -0.479682    -0.337601    -0.244798     0.196226    -0.231103    -0.270318   -0.0980999     0.395088   -0.0706694    0.0691931    -0.226114
   -0.563615    -0.556379     0.378666     0.225133     0.227165   -0.0232629     0.513725    -0.151938     0.200469    0.0277717    -0.135564     0.779752     0.139158    -0.226877     0.467604   -0.0896178    0.0778935     0.167549  -0.00437196     0.412463    -0.370149    -0.407485    0.0935203    -0.176627  0.000975091    -0.318881    0.0546127   -0.0783536    -0.114793     0.172785     0.170078     0.137777
   0.0106916   -0.0089803      0.18386     0.290057    -0.110659    0.0970759     0.247269    0.0138471      0.23864   -0.0651853    -0.417763      0.45455     0.358965    -0.223894       0.7928    -0.120271     0.469774    -0.188906     0.410299   -0.0676147   -0.0354497   -0.0206301   -0.0270533    -0.397536   -0.0773327    -0.154306    -0.136879    -0.599665    0.0530579  -0.00584629    -0.130812    -0.205104
   0.0951092     0.232112    -0.223397    0.0584052   -0.0845881     0.158418  -0.00233388   -0.0200276    -0.210464  -0.00806884   0.00327499    -0.110249     0.334179     0.034481    0.0297283   -0.0299599    -0.294529   -0.0779223    0.0700757     0.105072   0.00277613    -0.280279     0.289858   0.00929594     0.232739    0.0818484    -0.152562    -0.139608    -0.110171    -0.159452    -0.219071  -0.00421554
   -0.689536   -0.0767123    0.0249594    0.0847878   -0.0765369    0.0867746   -0.0266088    -0.226643     0.263697    -0.185979   0.00311845     0.202173    -0.171818    0.0677307    -0.197389     0.337624     0.185215     0.385537    -0.232583     0.138159     0.193817    -0.600556    -0.153088    -0.402664    -0.120071     0.140541     0.201975    -0.078969     0.459483     0.278783     0.128467    -0.167516
   0.0319124    0.0754667   -0.0213205    -0.169287     0.343883     0.113795    -0.214318      -0.3877   -0.0816523    -0.352603    0.0865808     0.147851   -0.0972297     0.130863    -0.601144    0.0455353    0.0749947    0.0263908    -0.521868  -0.00347418  -0.00315907    -0.537545     0.109973   -0.0201279     0.222561   -0.0349342   -0.0964986   -0.0268997   -0.0159303     0.246159   -0.0837671    -0.457045
    0.327585   -0.0212586    0.0100221    0.0245919    0.0515126   -0.0156871   -0.0101511    -0.287794    0.0731509    -0.135986    -0.125168    -0.142211    0.0978764     0.296906    0.0416929     0.232768     0.154932    -0.219513    -0.471302      0.43567    -0.219695  -0.00862271     0.365891   0.00206192    -0.135508     0.610987    -0.377868    0.0985544     0.245861    -0.121669    -0.425926    0.0340364
    0.101317     0.310378   -0.0135616     0.240612    -0.151314     0.332381    0.0599717    0.0104361   -0.0966038    -0.198811    -0.437838     0.556239      -0.4065     0.234785   -0.0537144     0.144818    -0.174642     0.120982     0.259711   -0.0361414    0.0665438     0.587403     0.250068     0.258487     0.226247    0.0485264     0.138713    -0.209804    -0.538215    -0.170732    -0.450023    -0.130064
   -0.684963    0.0398046    -0.396378    -0.225882     0.487798     -0.10329      0.14846    0.0749202     0.168907    -0.162594    -0.102202      0.08564    -0.413259    -0.107613    -0.112249      0.25375     0.282011     0.385022     0.103822     0.314134     0.155809    0.0828404    -0.358872    0.0170087     0.192349     0.133154     0.209528    -0.226309   -0.0447951    -0.449459    -0.197833     0.193932
   -0.254361  -0.00709402   0.00616163     0.316141    -0.173872    0.0830658    -0.203122    0.0531933    -0.209792    0.0277898     -0.56455     0.431493   -0.0270868    -0.115075     0.152809   -0.0995504    -0.142132    -0.230511       0.2487     0.146187    -0.200706     -0.27745    0.0508457    -0.360135     0.355456     0.287054     0.302674     0.243244   -0.0409134    -0.453167    -0.400969   -0.0230459
   0.0282619   0.00790967   -0.0188358    -0.194143    -0.172862    0.0284398    0.0107942     0.341027   -0.0802845    -0.127676     0.250441       0.1342    -0.188497    -0.182514   0.00916505    -0.124256    -0.404086      0.15418   -0.0504573    0.0252635    0.0499121     0.378687    -0.129233      0.24781   -0.0225355     0.213803    0.0148435     0.329507    0.0173906    -0.129828     0.143572     0.330763
    0.224751     0.307994     0.317865     -0.10457    -0.175254     0.447736     0.138168    -0.185973    -0.360018     0.142425    0.0313546   -0.0902156     0.115033     0.267315    0.0614331    0.0625409     0.206862     0.370183     0.196419    -0.337454    0.0918701     0.165181      0.09975    0.0730724    -0.265794    -0.308182   -0.0238991    0.0197256   0.00347786      0.10241    -0.213061    -0.120468
    0.186214     0.132128   -0.0478029     0.312173    -0.129018    -0.148264    0.0431926    0.0724902     0.147301  -0.00194437    -0.140132    -0.278636    -0.173978    0.0210838     0.323755    0.0598327     0.188445    -0.396586     0.362159     0.236662    -0.212502    -0.208038    -0.168971     0.254258    0.0686129     0.042954   -0.0139833      0.36131    -0.663005     -0.39764   -0.0984207    -0.236634
   -0.243157     0.243496     -0.11672    -0.285957     0.281233       0.3896   -0.0941429    0.0820119     0.134041   -0.0715448     0.511934     0.154177     -0.22239     0.267083    -0.546709    0.0567079     0.576765     0.136903    -0.145174     0.048096     0.223255   -0.0491707    -0.286263   -0.0537785    -0.075926     -0.31202    -0.308248   -0.0143761     0.396323    -0.210092     0.120151  -0.00255185
   -0.254134     0.655482    0.0568392   -0.0179794     0.177717     0.355732    -0.136503   -0.0135983   -0.0969046     0.162931     0.085859     0.562365    -0.208424     0.241294    -0.375624    0.0425949      0.16092    -0.156933     -0.37605    0.0634237    0.0489168     -0.50088      0.12207   -0.0147222   -0.0560061    -0.128421    -0.101853    -0.192006     0.162935    -0.443305     0.104438     0.167804
    0.171839     0.134768     0.273776    -0.167328    0.0741246    0.0915876    -0.222607    -0.167345     -0.10869    -0.571068     0.228224   -0.0215436     0.262097   -0.0740527    0.0789595    0.0848501     0.270668   -0.0149417     0.106465     0.358566     0.178324    -0.101377     0.211657    -0.332304    -0.432544    0.0573029   -0.0671524    0.0329935     0.382673     0.400374     0.184806      0.12775
   -0.375849      0.20236    -0.236372     0.379766     0.658503    -0.358936     0.548166    -0.823673     0.317294     0.271752    -0.946511     0.769823     -0.13367     0.110485     0.912218    -0.291526    0.0968194    -0.821879     0.628238    -0.197367    -0.229471   -0.0177451    0.0882802     0.340901    -0.131418    -0.286485  0.000934916    -0.454842     0.211992    -0.443682    -0.023787   -0.0436217
  -0.0508793     0.408304   -0.0445332    0.0256346    -0.183506     0.287442    -0.130328     -0.10575     -0.10876     0.206036     0.049905    -0.109943  -0.00653864     0.384624     0.138522     0.372284     0.029293    -0.282737    -0.010844     0.167001     0.235051    -0.288643     0.239993    -0.507302    -0.113694     0.153335    -0.266113    0.0749395     0.138714    -0.235648    -0.116264     0.172619
    0.231685     0.143782    -0.222234   -0.0743558    -0.348372 -0.000655771     0.480169     0.140803    0.0415724   -0.0725053    -0.168257  -0.00980282    0.0424709    -0.424784      0.35798    -0.119567    -0.182094     0.206334    -0.108414    0.0841299    -0.183034   -0.0819263     0.198331    -0.147952   -0.0220136    0.0915984    -0.156112     0.206668    -0.318877     0.190106    -0.203325    -0.327216
    -0.36047      0.19384    -0.288134     0.228826    0.0914028     0.314848    -0.190393    -0.204047     0.134358     0.472956     0.309195    -0.157187  -0.00858612    -0.182729    -0.353819     0.118614    0.0991617     0.164209    0.0905213    -0.443919    -0.245253    0.0185981    0.0428449    -0.064438    -0.501446    -0.211739    -0.337104    -0.093611     0.368391    -0.196786     0.254733     0.265315
    0.114036     0.112429     0.428178      0.19444    -0.134714    -0.235414     0.132266   -0.0753838    -0.155837    -0.039082    -0.086089      0.28405     0.125436     0.339682    0.0834658    0.0232256     0.167429 -0.000648305    -0.362322    0.0525694   -0.0366206    -0.123992     0.270046    -0.163602    -0.458844     0.352002    -0.391768    0.0937536    -0.288159     0.226068    -0.548811   -0.0403672
    -0.23029    -0.278073    -0.158731  -0.00696087   0.00710087   -0.0190904    0.0193261     0.182152  -0.00220421    -0.252112   -0.0445139    -0.114928      0.21758     0.188465    -0.427451    0.0910656   -0.0191952     0.199154    -0.149044     0.023173      0.15239    -0.256712    -0.178091    -0.237376    -0.014906    -0.246514   -0.0804269   -0.0696459     0.201939     0.330824     0.463075   -0.0845703
     0.23298     0.310308    -0.366479    0.0812765   -0.0322282     -0.10747    -0.250898    0.0849373    -0.357413    -0.226115     -0.31672     0.422457   -0.0794774   -0.0415347   -0.0737385   0.00236997     0.272257    -0.575767    0.0724288    0.0153457  -0.00547896    0.0494516     0.422527    -0.459258    -0.174556     -0.21548    -0.209121     0.463532     0.128342    -0.077252    0.0983109     0.340012
   0.0477371      0.15188    0.0368572      0.12306   0.00195219    -0.100596     0.240935    -0.328152   -0.0558781    -0.106537    -0.514624     0.219338     0.216196     0.383711    -0.213087     0.256065      0.17146    0.0721024    -0.203925     0.239423    -0.268129    0.0048034    -0.370136     0.260594     0.181156    -0.162495     0.164091     0.351422  -0.00178916     0.219942     -0.21435     0.147753
   -0.269388   0.00791881    -0.408591     0.247809     0.338737     0.312205     0.234464    -0.473625    -0.503984     0.342708     0.154048    -0.528525     0.342885    -0.394738   -0.0530032    -0.153954     0.424759    -0.573267     0.212924    0.0481985   -0.0306156   -0.0389169     0.367319     0.213099     0.604707     0.158413    0.0296362    -0.431064   -0.0618438    -0.347022    -0.443604    -0.143089
   -0.125847    0.0193209     0.245278     0.223811     0.166812    -0.453199    -0.216502    -0.225646   -0.0190736    0.0468821    0.0491375    0.0830429     0.364144     0.364909    -0.375429    -0.109916     0.417546     0.414959     -0.18305     -0.43017    -0.064295    -0.233015     0.118661    -0.166977     0.239371    0.0930096    -0.144233    -0.285238    -0.362396    -0.334663    0.0710448     -0.43259
   -0.247399     0.691551     0.106831    0.0740731     0.157916     0.260186    0.0273781    0.0260462     0.213222   -0.0266343    -0.118282  -0.00754567    0.0240554    0.0510807   -0.0598226    0.0580223    0.0271682     0.275256   -0.0647774     0.135825    0.0336091    -0.149429    -0.200698     0.201063    0.0874333   -0.0227597    0.0679469    -0.660897     0.345893    -0.276389     0.139492     0.146328
   0.0971411    -0.228967    -0.450439    -0.122144     0.371168    -0.336658    -0.329069     0.186247    0.0020983      0.18445    -0.154732    -0.206827    -0.194263    -0.151164     0.467277    -0.194792    -0.454156    0.0636057      0.11528     0.216579    -0.451072     0.166186      0.11042     0.265445   -0.0544648    -0.189371     0.114893     0.730508    -0.602741    -0.444482    -0.180924      0.15392
   -0.457021     0.365996    -0.185263    0.0770427    0.0912206    -0.234347    -0.327413    0.0631815   -0.0924595     0.111281    0.0694226     0.129527    -0.237129    -0.124825    -0.152526    -0.322344     0.325946   -0.0768808     0.377629      0.29352    -0.239214     0.187417    -0.198842    -0.302843    0.0525214    -0.248865    -0.244408   -0.0419706     0.347108    -0.190323    -0.271649    0.0187066
    -0.22906     0.315797    0.0191232     0.119301     0.340566     0.129504    -0.243508    -0.148925    -0.430187    -0.156577   -0.0129212      0.12086    -0.232431   0.00180552    -0.345829     -0.10859     0.138713     0.199804     0.055613    -0.414154    -0.122864    -0.359829     0.264918     0.333488     0.117024    -0.446394    0.0728571    -0.555865     0.482015    -0.382961      0.22511     0.103829
   0.0333261      0.17517    0.0819259   -0.0679136   -0.0250906     0.390114    0.0460455    0.0401435     0.106227    0.0980604   -0.0332988     0.223565    -0.232158       0.1742     0.139464     0.538909     0.102607    -0.138616    -0.411668     0.123553     0.172392    0.0878607    -0.148241    -0.339757    0.0913001   -0.0150353    -0.502194     0.193901    -0.108634    0.0219957    -0.157961     0.124751
     0.32367     0.479024       0.1349     0.125004    0.0134957    -0.452484     0.195568   0.00709968     0.586152    0.0232045     0.240462    -0.148494    -0.102153   -0.0993743    0.0344924    -0.116556    -0.175921    0.0104268     0.494919     0.207905    -0.530806   -0.0237082    -0.140359     0.358266     0.103024    0.0505099    0.0692684     0.759855    -0.349524   -0.0923193  -0.00311518     0.402466
   0.0818431   -0.0597458    -0.174412  -0.00550411    -0.304422    -0.437882     0.137017    0.0169174    -0.135633    -0.323969    -0.130633    -0.253574     0.354518    -0.103965    -0.149659    -0.233288   -0.0267367    0.0559931     0.144079     0.341881     0.194653    0.0201333     -0.54882     0.135528     0.624216    0.0788445    -0.589948     0.132532     0.359559     0.286307     0.153602     0.120757
   -0.049653   -0.0363533    -0.421705     0.338269     0.245383    -0.109313       0.7168    -0.194864     0.143043   -0.0701935    0.0395251     0.567878     0.260524      0.29448    0.0857525     0.102393     0.346111    -0.166059     0.142021     0.156473     0.161031    -0.133538    -0.412108   -0.0125087    -0.234502     0.292968    -0.226498   -0.0846103     0.146405    -0.164099   0.00917917   -0.0275337
   -0.089371   -0.0890676   -0.0380195     0.403613    -0.066458     0.204581    -0.328373    -0.137765    -0.404705     0.131194    -0.259117     0.202177    -0.172244    0.0121645     0.363915     0.245204     0.352913     -0.09899   -0.0572929     0.046707    -0.191977    -0.207564   -0.0396145      -0.4004   -0.0527068     0.161631     0.223705     0.362587    0.0829006    -0.566951    0.0532509    0.0771364
  -0.0613897    0.0615157    -0.202632    0.0677954    -0.329432   -0.0220223   -0.0052308     0.186425    -0.109353      0.34167     0.371405    -0.220513    -0.173222    -0.190646     0.129931    -0.356139     0.276347    -0.190272     -0.32238   -0.0600148   -0.0196049     0.244575     0.310751    -0.042456   -0.0458499    -0.239144    0.0079983    -0.140729     0.192456    -0.143248   -0.0526278    0.0567691
  -0.0468677    -0.357799   -0.0332401    -0.132225    -0.133967    0.0302127     0.125923   0.00880126    -0.203161    0.0522034   -0.0997598   -0.0260025     0.053766      0.63535     0.196258     0.302771   -0.0813935     -0.18873    0.0334117   -0.0285661    0.0320483    -0.159575     0.400574    0.0476967     0.197837     0.459015    -0.212591    -0.266679    0.0512763    0.0425892    0.0226131     0.189461
  -0.0383893  -0.00148474     0.182667     0.512237     0.115247    -0.235809    -0.250012     0.384596   -0.0991191   0.00895862     0.352095     -0.15995    0.0236528     0.259884    -0.288917     0.115507    -0.239767   -0.0211721    -0.179644    -0.142103    0.0505027     0.247903   -0.0415376     0.103234     0.239901    -0.174862    -0.119344   0.00118721    0.0506179    -0.289674    -0.115732   -0.0366432
