 -2.34402
 -1.34988
  -1.9697
 -2.24229
  -1.2426
  -1.0208
 -1.15945
 -1.26007
 -1.01684
 -1.03173
 -2.04517
-0.964597
 -1.71804
 -1.48017
 -1.16033
 -1.19905
 -1.83292
 -1.99596
 -1.34693
 -2.18839
 -1.17606
 -1.42193
 -1.87104
 -1.45106
 -1.35046
-0.799623
 -1.10317
 -1.86174
 -1.53429
  -1.2362
 -1.50491
 -1.37161
  -1.2446
 -1.24783
   -1.199
 -1.20423
 -1.49785
 -1.32425
 -1.67234
  -1.3819
 -1.38471
 -1.03633
 -1.34044
 -1.32317
 -1.29022
 -1.35599
 -1.07193
 -1.07053
 -1.69261
 -1.17444
 -1.29526
-0.907787
 -1.30109
 -1.98771
 -1.02315
  -1.3844
 -1.08092
  -1.2324
 -1.19409
 -1.02653
 -1.39943
 -1.26955
 -1.13818
 -1.29275
  -1.7374
 -1.10135
 -2.09556
 -1.32787
 -1.09899
 -1.25906
 -1.44886
 -1.27552
  -1.0541
  -1.2189
 -1.39491
 -1.35418
 -1.93795
 -1.28867
 -1.15726
  -1.2309
 -1.53734
 -1.13673
 -1.76788
 -1.17938
 -1.82616
  -1.7454
 -1.51501
 -1.67131
 -1.21715
 -1.16476
 -1.20148
 -2.20195
 -1.40163
 -1.28072
 -1.37576
 -1.73762
  -1.8089
 -1.36759
 -1.20249
 -1.08756
 -1.31123
-0.885244
 -1.28924
 -1.37688
 -1.50498
 -1.07494
   -1.272
 -0.93891
 -1.59111
 -1.53712
 -1.16601
   -1.568
  -1.5939
-0.959735
  -1.1221
 -1.76257
 -2.12953
 -2.05488
 -1.67813
 -1.57585
 -1.87467
 -1.57725
 -1.03904
-0.981926
 -1.50431
 -1.65036
-0.983138
 -1.09673
