 -0.866061
 -0.818188
 -0.540739
  0.287887
  0.209449
 -0.511004
 -0.397734
    0.6056
  0.812864
 -0.347098
  -0.40693
 -0.361316
  0.830071
 -0.388637
 0.0455465
 -0.538098
   1.10924
   2.16879
0.00751345
  -0.24252
 -0.197879
  -0.68986
 -0.348401
  0.439197
 0.0243092
 -0.268438
 -0.608198
 -0.490036
  -1.09549
  0.474656
    2.4033
 -0.502315
  0.196605
   1.05987
 -0.517048
 -0.809698
 -0.205704
  0.500301
 -0.294678
 -0.280573
  0.521359
  0.801838
 -0.641392
 0.0391018
  0.187718
 -0.729487
 0.0831045
   1.46075
 -0.232419
  -0.17253
 0.0562834
 -0.522869
-0.0515695
 -0.330304
 -0.653557
 -0.770647
