     0.21536    -0.493311     0.156719     0.036392    -0.144384    -0.226292   -0.0859903     0.421024    -0.122764    0.0445388   -0.0964842   -0.0091153    -0.186119    -0.575666    -0.020927    -0.149236 -0.000254526   -0.0175706     0.317511     0.144001     0.199221     0.100199   -0.0796474    -0.162111      0.07273    -0.265902    -0.100177    0.0137408     0.200262      -0.3852   -0.0771206   -0.0816447
   -0.200178     0.268003    0.0844627    0.0529094   -0.0481604    0.0359254    -0.139616     -0.15976    -0.161275    0.0790673    0.0284539     0.325093     0.539877    0.0614045     0.121136     0.217667    0.0499402    0.0674367    -0.425402     0.175748    -0.433859    -0.127427   -0.0512737    -0.532799    -0.133152    -0.100892    -0.353264      0.19968    0.0457793    -0.354461   -0.0952011    0.0907976
  -0.0638969      0.52959  -0.00861115     0.257198     -0.33085   -0.0445799    -0.675415    -0.109546     0.739403      0.25599     0.176054    0.0531806     -0.39493    -0.243599     0.366449     0.307649    0.0733782     -0.47358    -0.285049     0.316868    -0.257398     0.308749     0.122243    -0.256373    0.0264945  -0.00380451     0.219236   -0.0400847     0.205107     0.127605   -0.0717604      0.27859
 -0.00362385     0.471519    -0.322758    -0.438775    0.0468931    -0.070998     -0.50197     0.257574    -0.195158     0.533087    -0.496916     0.288165    -0.378636     0.231336    -0.562384     0.237237    -0.318362   -0.0622142     0.134155     0.433657    -0.301222    0.0979779    -0.157244    0.0245583     0.719933     0.517615      0.22952     0.328714     0.178849     0.104135    0.0219939    -0.161864
   -0.201965     0.460481   -0.0669774      0.06242     0.143313    -0.106775   -0.0551235     0.122088     0.406761   -0.0443976     0.153758     0.188492    -0.128362     0.214244    0.0192003     -0.23389   -0.0897514    -0.113182     0.231047     0.150882    -0.222441    -0.332713     0.454107    -0.389761   -0.0524012     0.104175  -0.00495517     0.292387    0.0382514   -0.0945742    -0.326141    -0.137797
   -0.120181     0.189575    -0.160087    0.0409308    0.0630441     0.104461    0.0581684   -0.0777864    0.0165717     0.239954    -0.412396   -0.0854188    -0.152402    -0.087638     0.183751     0.539931    -0.200284    -0.446154   -0.0725654     0.174113   -0.0122352   -0.0811221    -0.294209    -0.078947     0.426275    -0.144993    -0.190495     0.142816   -0.0239252     -0.13425     0.128671    -0.182404
  0.00857963    0.0709691     0.171333     0.274571    -0.402546  -0.00877099     0.178157    -0.154584     0.301222   -0.0052215     -0.56918     0.104732      0.21875      0.29255    -0.402082    -0.242279     0.269395    0.0165917    -0.101649    -0.116429    -0.297388    0.0127747    -0.342802     0.192954    0.0699481     0.184214    -0.208118      0.24239     0.128068    0.0184828     0.101626   -0.0692276
    0.552992     0.171828   -0.0387031     0.223871     0.145914    0.0841667    -0.302358     0.278364    -0.406954     0.192429    0.0832127    0.0298428    -0.237506     0.254493    -0.562151    -0.372715    -0.267339    0.0883913     0.242209    -0.286944     0.365173    0.0484343     0.369013   0.00847239    -0.441981    -0.211007    -0.341717   -0.0977412    -0.166828    -0.303165   0.00517129    -0.289249
    0.732688   -0.0110744    -0.623628     0.146964    -0.162134    -0.212306    -0.180532   -0.0918973    -0.814546    -0.118584    -0.407929    -0.382904    -0.191835    -0.317838     0.139298    -0.144989    -0.713005     0.185188     0.457502    -0.230492    -0.722773    -0.106711     0.882231     0.273423   0.00411455     0.305617    -0.432643   -0.0525111    -0.633449    -0.365525     0.139168    -0.283845
   0.0737786     0.283355    0.0121622     0.132237     0.204401     0.239109   -0.0104272    0.0408736    -0.329182     0.128021   -0.0762243     -0.21757   -0.0465174   0.00368681    -0.315902     0.378525   -0.0688331   -0.0268449   -0.0632498   -0.0840959    -0.121098   -0.0282211      -0.4779    -0.227071     0.350048     0.125878    -0.175844   -0.0907241     0.338775    -0.245905     0.236221   -0.0778581
    0.162174    -0.469975    -0.338414     0.702627   -0.0118194    0.0770214     0.329678    -0.162277    -0.146773    -0.391565    0.0425032     0.285812     0.371055   -0.0575132   -0.0203653     0.286979     0.415647   -0.0122217    0.0197609     -0.35674    0.0564887    0.0702527    0.0721183    -0.414484     0.270442    -0.123798    -0.441783    0.0568809    0.0202167    0.0767256     0.266434     -0.46922
   -0.412588    -0.677506    -0.380912     0.226431    -0.162776     -0.12857   -0.0362675    -0.501366     0.317775    -0.155681    -0.351473     0.461244    -0.367765     0.422376     0.137581     0.167666     0.293684    0.0931518     0.268512      -0.2925    -0.109044    -0.428344     0.831382      0.12188     0.557295     0.428772    -0.237368   -0.0551014    -0.362874     -0.55559    -0.601509    -0.331575
   -0.562535     0.181695    -0.272767    -0.412404    0.0593136    0.0633284    -0.395142    -0.595306     0.562696     0.431967     0.357301   -0.0774944    -0.321793   -0.0429941    -0.218407     0.296231     0.125015    0.0472791    -0.443581     0.206372       0.1436     0.268772     0.733187     0.158524     0.359487    -0.106443    0.0337277     -0.30009    -0.450852     -0.32352    -0.039649    -0.110762
   -0.304897    -0.486924   -0.0465585    0.0860879     0.145368    0.0224732    -0.033664    -0.108703     0.189312     0.133271    -0.260311   0.00634917   -0.0410973    -0.136311     0.344504    -0.208315     0.259334   -0.0930422     0.141217     0.047332 -0.000923904     -0.10167   -0.0307672   -0.0143411    -0.311846    -0.381776     0.250052    0.0298548    -0.110002    0.0635091     0.240794     0.115852
    0.306712     0.264555    0.0963247     0.386751   -0.0097762     0.318831    -0.121686    0.0607019    0.0795465    -0.208366     0.265263   -0.0103489     0.188602    -0.186739    -0.115132   -0.0459852     0.116371    -0.343177    0.0469129    -0.459003    -0.018443    -0.156316     0.480481    -0.545647    -0.472623     0.133128     0.163301    0.0950899   -0.0601332     0.294326    0.0507506     0.232145
    0.142867    0.0147678     0.223235     0.138538     0.146052   -0.0601514     0.254611    -0.282961     0.208384  -0.00775918   -0.0662456     0.422805       0.4558     0.341002   0.00573566   -0.0977283   -0.0052034    -0.199337    0.0375235   -0.0141529   -0.0612766   -0.0511132    -0.334838    -0.273486    -0.181667    0.0972195    -0.380515     0.261914   -0.0317818     0.102235    0.0354498     0.408188
    0.282987    -0.101361      -0.3936     0.302363   -0.0973441   -0.0871448    -0.269363   -0.0850172    -0.376836    0.0679755    -0.111251   -0.0700239   -0.0747627    -0.115601     0.131296    -0.432188    -0.276622   -0.0605227     0.368953    -0.339694    -0.279425     0.322433    -0.120202    -0.215073    -0.160368    -0.146632     0.300594    0.0895193    0.0407071   -0.0036905     0.230423   -0.0546957
    0.303351   -0.0595234     0.297043     0.332202    0.0709366    -0.149621    -0.371783      0.14531     0.133069    -0.348322     0.121017     -0.22239     0.349197     0.281965 -0.000145167     0.323862     0.475013   -0.0700306     -0.38883    0.0173039    -0.116844   -0.0786091     0.394692    -0.359867    -0.172273    -0.144457     0.129666   -0.0869607     0.340068     0.127219     0.305393     0.193611
   -0.419176     0.211478     0.104169   -0.0938225    -0.107735     0.180049     0.178686     -0.17386     0.190178    -0.609094    -0.295678     0.038013     0.343404    0.0955372     0.170364    -0.434156     0.151883    -0.037848    -0.526594    0.0677717    -0.500849    0.0770336      0.45152     0.223114     0.249188    -0.352304      0.26005    -0.233092    -0.156006    -0.176299   -0.0559012     0.240012
    -0.38037     0.225534    -0.201125    0.0989534     0.243708    -0.190635     0.135687   -0.0938162    0.0629097   -0.0323466     0.693873    0.0449894    0.0878922    -0.337526    -0.291223    -0.241636     0.187662     0.338135    0.0861055     0.155108    -0.113693    -0.202068    0.0540042    -0.108612     0.132766     0.206306    0.0481053    -0.269548     0.419068    -0.435869    -0.415203    -0.272834
   -0.178192     0.161951   -0.0603575     0.164776    -0.561527     0.255607    -0.633978    -0.124659    -0.324588     0.217492     0.299544    0.0179576    -0.422351    -0.332995      0.27844     0.273523     0.197017     0.170573   -0.0634384     0.620199    -0.231121  -0.00899393     0.100669    -0.105679    -0.179353    0.0935169      0.35774    -0.239202     0.284284    0.0443775     0.207391    -0.164061
    0.294345    -0.029681     0.107354    0.0605617    -0.124434    0.0227648     -0.14326    -0.181859    0.0720968    -0.140932   -0.0714286    0.0214303      0.12904    -0.237606     0.191594    -0.229572     0.429999    -0.249302    -0.110412     0.321462     0.214196    -0.209727    0.0299893     0.527007    -0.499388     0.183746     0.203481    -0.463308    -0.127309     -0.17892     0.129162   -0.0851271
   0.0156153    -0.547821    -0.101885    0.0669336    -0.293003    -0.154756     0.516204    0.0107148     0.266193       0.2009    -0.158735     0.490204   -0.0308263  -0.00670032    -0.164772    -0.300296    0.0285318     0.302843     0.241643    -0.344423     0.184951    0.0473588    0.0281801  -0.00924502    -0.310231    -0.186241   0.00597492     0.378976    -0.261764    -0.138551    -0.172253   -0.0159766
   -0.422495    -0.081512     0.185478     0.408394     0.669788    -0.124704     -0.24655    -0.442577     0.383147   -0.0030535    -0.325857     0.812221    -0.142348    -0.063182     0.195318     0.362863     -0.17606     -0.17991    -0.167029    0.0536669     0.332762       0.3996     0.507491     0.118578    -0.235203      0.42969    0.0285572   -0.0612317  -0.00776663    -0.070242    0.0311131    -0.448475
   0.0268374     0.415645   -0.0133032   -0.0413596    -0.274277     0.475336     0.404801     0.117027    -0.335526   -0.0699069    -0.404339     0.477363    0.0242699     0.105674    -0.214922     -0.38928    -0.197207    -0.147176     0.521317    -0.121207     0.149269   -0.0749205   -0.0473367    -0.095871     0.185053     0.243277    -0.216057    -0.166689      0.47867     0.102002   -0.0156264    -0.261717
    0.295049     0.146269   -0.0450026      0.30998    -0.372615    -0.245733    -0.566278     0.252115      0.56143    0.0546466    -0.405114    0.0975365    -0.193503    0.0283857     0.244183     0.033988    0.0919191    -0.362678    0.0876368    -0.244661    -0.524472    -0.400556    -0.126411    -0.249729    -0.318983     0.201258    0.0430049     0.251003    0.0324051    0.0786675    -0.129832     0.153861
   -0.271027    -0.184468    -0.223358    -0.133627     0.204459    -0.198189    0.0990903     -0.18964    -0.179031     0.119865    0.0225868    -0.123762    0.0601993    -0.335465    -0.351751     0.125051     0.203204   -0.0727848     0.110676    -0.281199     0.140147     0.392619    -0.306016     0.289772      0.16088    0.0802902    0.0597538    -0.129057    -0.027225     0.212553      0.14714    -0.214556
   0.0284511    -0.731521    -0.539026     0.433414     0.376559     0.183186     0.107827    -0.207577    -0.840145    0.0874045    -0.496505   -0.0888426     0.326278     0.257624     0.035445   -0.0857889     0.429526   -0.0975754    0.0370446   -0.0241213     0.254193      0.43734     0.132839     -0.21946    -0.298103    -0.138604     0.193914   -0.0403477   -0.0530477     0.116728    -0.389216    0.0834725
    0.202635    -0.203825      0.11672     0.375151     0.140343   -0.0138166    -0.303143    -0.221463     0.162696     0.152323    -0.285346    -0.151755     -0.17672     0.129329    0.0519065      0.02319    -0.351431    -0.317509    0.0335342    0.0342086      0.45901    -0.512388    0.0478004  -0.00517352    -0.121106    -0.106747     0.399586    0.0775418    -0.359614    0.0733205     -0.19121     0.051979
   0.0271273     0.156432   -0.0876304     0.333479     0.045812     0.299361     0.180418    -0.317501    -0.142885    -0.462671     0.222279    -0.102179     0.733002     0.265442     0.391757     0.502502     0.659112  -0.00696445    -0.375287   -0.0831491     0.224219    -0.781746     0.142042    -0.532473     0.262017    -0.201085    -0.104903    0.0760367     0.116006     0.310752     0.123005     0.106925
   -0.355734     -0.31038    -0.332252     0.438229   -0.0120702    -0.629937     0.794747    0.0128497   -0.0528161   -0.0260296    -0.528896    0.0982033    -0.170584     0.326106    -0.153242     0.496605       0.1459    -0.487602  -0.00868602     0.163303     -0.21541    -0.160395     0.677706    -0.145288     0.117902    0.0390589       -0.349     0.172973    -0.319007   -0.0587608    -0.338075     0.393338
   -0.252539    0.0416486    -0.021359     0.186037   -0.0655277    -0.085478     0.173672    -0.291604   -0.0517861    -0.082752    -0.206962     0.220489    0.0956394   -0.0955893     0.296278     0.344684     0.150255    -0.142526   0.00892974     0.355108   -0.0920143     0.414097    -0.115409    -0.276333     0.273743     0.456272    -0.128118   -0.0536927    0.0506443   -0.0878543    0.0118785     0.021868
    0.459796     0.313832   -0.0533122     0.188261    -0.291491     0.474874     0.146083    0.0984927    -0.205237     0.328873   -0.0603944     0.170818     -0.12495    -0.273204     0.438496     0.383883    0.0841684   -0.0195399     0.215737    -0.332922     0.214167   -0.0524796     0.218367     0.241917   -0.0167274   -0.0289771   -0.0854997    0.0493309    0.0783528   -0.0233903    -0.123121    -0.227215
     0.18308     0.495228     0.232378    -0.237273     0.101639     0.139876    -0.306441    0.0139373    -0.204217     0.241163    0.0163271     0.209412   -0.0389675    -0.185615    -0.244038    -0.206585     -0.29004    -0.352609    -0.116383     0.190701    -0.261129   -0.0117425   -0.0344416     0.464948    -0.380262      0.19969    0.0573635    -0.277824    -0.278865     0.128132     0.438071     0.257328
     1.05638     0.269752    -0.132624    -0.219376    -0.201505    0.0877525    -0.470417     0.225975    -0.312025     0.309002     0.192288  -0.00511814    -0.154164    -0.429805   -0.0203736   -0.0279123    -0.379203     -0.12959   -0.0090214     0.284921   -0.0730084     0.463304     0.126312     0.357581    -0.313204     0.150709     0.137241    -0.376999    0.0184772  -0.00935294     0.128898    -0.292568
   0.0849805     0.240184    0.0990455      0.12805    -0.311233     0.269074    -0.537784    -0.117056    -0.513527     0.400385    -0.286537     -0.37209    -0.133972    0.0697401   -0.0880275     0.142942     0.212431    -0.192384     0.182949     0.138612  -0.00119474     0.364543     0.136889    -0.194424    -0.188608     0.106047     0.220053    0.0740432     0.125599    -0.205927     0.100674    -0.200455
    0.722101     0.193577      0.18041     0.280779     0.115814    -0.024771    -0.163691     0.238819     -0.46278     0.255289    -0.324455     -0.32149     0.210498     0.133918    0.0808796   -0.0657472     0.125882    -0.185912   -0.0950744   -0.0818774   -0.0936343     0.147543    0.0252252    -0.266518   -0.0766386    -0.175714    -0.213177     0.613499    -0.199027   0.00537505     0.409878     0.192455
   -0.166541    0.0685325    -0.231608    -0.437141     0.483624    -0.144459    -0.368501    -0.196184      0.10262     0.101957   -0.0232838     0.460645    0.0127986     0.311344     0.198072   -0.0126605     0.229586     0.265821    -0.386584    -0.307442   -0.0391606     0.619705    -0.441042    -0.128516    -0.198393    0.0886459    0.0134269    -0.284804    -0.142455    -0.500214    0.0803362    0.0854436
   -0.122873    0.0759125    0.0421606    -0.162064     0.182089    -0.106454   -0.0572166     0.319624    -0.116906    -0.423479    -0.358672     0.131125     0.197837    0.0786036    0.0975438    0.0844095    -0.181623     0.121709   -0.0943282    0.0478441    -0.134773    0.0129796    -0.287112    -0.813705    -0.138307     0.380056     0.367773     0.165801   -0.0652305     0.332921    -0.191459     0.119636
  -0.0449205  -0.00516189    0.0707781     0.304686      0.26551    0.0637205    -0.119509    0.0201284    -0.109262  -0.00104389   -0.0750676     0.438316     0.153739    -0.103027    -0.288454    0.0787746     0.424971    -0.218453     0.267174     0.177096    -0.283252    -0.194086     0.184549   -0.0551897     0.183731  -0.00610989      0.26096    -0.171688    -0.150714   -0.0549453   -0.0282891    -0.244095
      0.5265     0.426497     0.357215     0.172105    -0.215513    -0.244688     0.119114    -0.263257     0.414994     0.500443     -0.26534    -0.505553     0.156896    -0.425925     0.506104    0.0493281    -0.318617    -0.499805     0.503021     0.375315    -0.351811    -0.283496    0.0751789    -0.179153 -0.000603181    0.0197536   -0.0566927    -0.136914    -0.640814    -0.469973    -0.280229    0.0949329
   -0.238763    -0.309591   -0.0988172     0.518569    -0.032303   -0.0868541     0.139676     0.156154    0.0225588      0.11858     0.112022      0.16053     0.258264  -0.00838717    0.0814614    0.0859722    -0.126007    -0.231562     0.142564     0.103197    -0.486492    -0.517798     0.232159    -0.287715    -0.209283   -0.0802579     0.137354     0.479106     -0.15526     0.331695    0.0671551     0.287123
    0.168695     0.193079    0.0305355    -0.012027    0.0544018    -0.252643     0.265327    -0.249827    -0.106706    0.0848733    -0.134442     0.177116   -0.0627273   -0.0851449     0.312852    -0.188989   -0.0706013     0.366572     0.158827     0.131378    -0.224836     0.243915    -0.132377    -0.519182    -0.108298     -0.15041     0.255971    -0.539707    0.0135945   0.00474655     0.017449   -0.0366195
    0.581223     0.138643    -0.182024    -0.060052    -0.145739     0.138923   -0.0691336     0.349618    -0.707715     0.235683    0.0347107    0.0723877     -0.20929    -0.219021    -0.508796    -0.177587     0.358303    0.0688708   -0.0229141     -0.43393    -0.446094    -0.199428     0.439203     -0.45234    -0.305674    -0.026341    -0.169316  -0.00868183    -0.367835    -0.384117     0.131939     -0.47376
   -0.339574   -0.0816411    -0.384229    -0.028029  -0.00216112    0.0707617    -0.114362     0.250941     -0.15118     0.316445      0.06801     0.137764    -0.628965     0.269275    -0.115805     0.320811     0.148179    -0.240195    -0.143178    0.0104879     -0.17167   -0.0187897     0.221105     -0.13232     0.323325    0.0823845    0.0797838     0.268695     0.309444     -0.29253    -0.643214    -0.355866
   -0.288794     0.366578    0.0892505     0.444888    0.0465168     -0.25715    -0.246581      -0.1471    0.0396174     0.329142     0.224007    0.0710385     -0.28883    -0.401874    -0.298608    -0.175819    -0.304388    0.0899327   -0.0349095     0.316854      -0.3209     0.577011     0.352695      0.70681     0.109568    -0.203336     0.204072     0.174675    -0.256942    -0.257778     0.148987    -0.393878
    0.170165    -0.510819     -0.57057    -0.177953    -0.424911     0.209587    -0.105333    0.0301769    -0.179543     0.170829    0.0307622     -0.02315    -0.211613   -0.0458682    -0.392034    -0.126066     0.112147     0.195748    -0.222847   -0.0675773     0.393082     0.145387     0.206667     -0.31882    0.0244904     0.430842    -0.184767     0.114609     0.169614     0.296841     -0.27655    -0.213766
  0.00182575    -0.225154     0.084561    -0.416281     0.304994    0.0789559    -0.189538    -0.252404    -0.272682   0.00707466     0.473747    -0.582676     0.103941    0.0655239     0.109804      0.18098     0.420501     0.272742   -0.0538657     0.427452    -0.148424    -0.144704    -0.266916   -0.0385978     0.130953     -0.37146     0.087974   -0.0463054    0.0659299     0.200237     0.113395    0.0115399
   -0.250732     0.457594     0.405279     0.120964     0.231964   -0.0237594    -0.489234   -0.0409218    -0.168184   -0.0871661    -0.810056    -0.031866     0.281899    -0.029685      0.16964    -0.345496    -0.442753     0.180047     0.240313   -0.0295516      -0.1034   -0.0100046     0.416551      -0.2645     0.650677   -0.0111614   -0.0278364    0.0920458    -0.798215    -0.911404    -0.501137    -0.258545
    0.565519    0.0507656    -0.307314     0.306745        0.144     0.307715     0.263997    0.0090227    -0.315386    -0.178452   -0.0396676  -0.00496267   -0.0549258    -0.244019    -0.363583    -0.294874    -0.320938     0.282381      0.36015    -0.181311     0.155705     0.179533      0.61826      0.59333     0.405172    0.0473549   -0.0789043     0.231151    -0.523203    -0.229665    -0.277711    -0.583987
    0.241978    -0.230338    -0.197056     0.158316   -0.0438851    -0.220029     -0.13003    -0.532602     0.215957    -0.923319    -0.131179    0.0385159     0.165146     0.378898    -0.244659     0.506434    -0.205123     0.286846    -0.458354    -0.115915    0.0594974    -0.460275     0.134046   -0.0903471    -0.188701    -0.283397   -0.0871769    -0.777575   -0.0549437     0.330519    -0.267795    -0.188819
    -0.13413    -0.317378     0.169412     0.250518   -0.0351517    0.0583361    -0.208936    -0.147664    -0.190849   -0.0154154     0.152685     0.195205    -0.232625    -0.224745    -0.457375   -0.0763699     -0.18997    0.0135366    0.0540669    -0.484989    0.0102377     0.265242    0.0881159    -0.156594   -0.0503684     0.122393    0.0399837    -0.339293    -0.143397     0.109161   -0.0434118      -0.1694
   -0.187985     0.344939    -0.731015   -0.0115517     0.147643    0.0611759    -0.129638   -0.0455157     0.543602    -0.641544    -0.235518     0.376402     0.160388    -0.075308     0.272826    -0.354429    -0.190921    -0.060451    -0.400901    0.0609829      0.19201     0.159551     0.176238     0.589694     0.430494    -0.572298     0.173758     0.299226    -0.037396    -0.354037     0.189688    -0.557318
   -0.544099    -0.282496     -0.13033      0.54098      0.03873    -0.344006   -0.0678913      0.12743     0.252963     0.186531     0.148519     0.248213    0.0949111     0.250404     -0.17599     0.300539    0.0154378    -0.122628   -0.0756147    -0.037141     0.547997    -0.436668     0.591662     0.325067     0.243058     0.376854    -0.104855     0.621333   -0.0343491   -0.0679218     -0.11959    0.0366396
    0.390056    -0.630358    -0.437257     0.245513    -0.327449    -0.361089    -0.433217     0.017842      0.64352    -0.224398    -0.512046    -0.728674     0.198835    -0.462779     0.738448    -0.370346    0.0089283    -0.486384   -0.0436643    -0.260496    -0.336973     0.157327     0.645032    -0.304443     0.280729     0.100348    -0.308102     0.148615    -0.403644    -0.438913    -0.149883     0.266162
   0.0660212    0.0530481    0.0909797   -0.0594934   -0.0783274    -0.244222     -0.07102      -0.2309     0.106157    0.0991036    0.0290563    -0.327717      -0.2658    -0.107957   -0.0445288     0.228413    0.0607633     0.112432    -0.319177     0.177357    -0.128848     0.311589   0.00442173     0.265662    -0.137807    0.0461021    0.0514234    -0.214969     0.219181    -0.177768     0.281961     0.015495
    -0.14165     0.269006     0.072585    0.0379156    -0.226538   -0.0252035    -0.252836     0.248051    0.0235315     0.147504     0.274653     0.125438     0.218675    -0.119942    -0.311904   -0.0216708     0.380463   -0.0785506    -0.307413     0.111742   -0.0690167    -0.280862     0.380154    -0.117613    -0.041585    -0.485492    -0.308409    -0.291718 -0.000604023   -0.0332284     0.110804     0.268501
     -0.2001    -0.652878     0.101465     0.208022     0.172262     0.196025   0.00696107    0.0698371    -0.583059   -0.0538891    -0.191169     0.240391    -0.407576    0.0977699    -0.377542    -0.437773     0.298638     0.303568     0.257515     0.134028     0.373289    -0.126803     0.350486     0.675086     0.105539     0.266934     0.219296    -0.304026    -0.200109    0.0441201     0.184852    -0.548305
   -0.107784     0.196591     -0.14556     0.104006     0.147649     0.521834    -0.100434   -0.0214882     0.141515    0.0671957     0.112251     0.152751    0.0974517     0.215738    -0.348495    -0.179048     0.278191    -0.339487     0.416656     0.516395    -0.048442   -0.0964023     0.452847   -0.0896235      0.47415    -0.458336   -0.0425847    -0.302072     0.216744    -0.182666   0.00194429    -0.317401
    -0.12056     0.594586     0.011605     0.251776    -0.163478    0.0564804    -0.159083     0.254301     0.204975     0.225753     0.175113    0.0742289    0.0284545    -0.241041    -0.444983    0.0853286     0.131557     0.394284    0.0502413     0.166543      0.15958    -0.329408     0.188461   -0.0272895    0.0334275   -0.0265249    -0.355812     0.268766    0.0215771    -0.153675    -0.130349    -0.019866
    0.313412     0.256267      0.21323     0.259712    -0.324262   -0.0603819    -0.499877    -0.113433     0.270568     0.234996    -0.248193    -0.205898   -0.0479376     0.191212    -0.225958    0.0823013     0.253447    -0.161316     0.488874   -0.0324701    -0.262663    -0.502441     0.529385    -0.248071    -0.186719   -0.0972354     -0.33096     0.333835    -0.437125    -0.180846    -0.338765    -0.292925
    0.355355     0.353005   -0.0775461     0.240251      0.46402    0.0153352    -0.200248     0.103719     0.102266     0.303823     0.125244     0.148143    -0.108713     0.401189     0.216132    -0.136991     0.403852     0.153468   -0.0280123      0.04885   -0.0117461     0.269626    -0.302196     -0.14312     0.233576     0.069309     0.151688     0.447989      0.10004      0.32354   -0.0907318     0.244736
   -0.206378    -0.364469    -0.244563    -0.287999    0.0443512     -0.29596   -0.0851677   -0.0318257     0.145126    -0.148406    -0.275442     0.439576      0.22333    0.0970562     0.293203    0.0926236     0.137237   -0.0524747    0.0288312  -0.00205645    -0.186035     -0.21779    -0.105402    -0.204366     0.170336     0.209743     0.187408    -0.208785    -0.423264     0.214204    0.0268448     -0.01412
  -0.0943179     0.368981    0.0213367     0.146149  -0.00801233   -0.0546096    -0.284869    0.0296515    0.0545062    -0.116712    -0.219294    -0.260599     0.141854   -0.0523762   -0.0935147     0.172679     0.292919    -0.388723   -0.0548845    -0.181356     0.454914   -0.0406873    -0.172863   -0.0288573     0.165898     0.105014    0.0420349   0.00523948     0.164738    -0.280899     0.205502     0.428292
    -0.29765     0.317633    -0.297182    -0.202868    -0.153249    -0.241992    -0.440732    -0.113449     0.282069     0.018919     -0.12781    -0.239902    -0.127449    -0.215019     0.315816    -0.135605     0.200994     0.173398     -0.11736     0.257523    -0.325921    -0.161168    -0.121187     -0.13057     0.231084   0.00732521     0.089494     0.590423     0.509718     0.200883    0.0445078     0.338244
    -0.16007   -0.0702506    -0.257783     0.165247     0.109189    0.0203577   -0.0430844    -0.242385     0.217531    -0.181382     0.035386     0.123753     0.173816    -0.419573     -0.24325    0.0242631     0.159354    -0.326451     0.381228   -0.0430845    0.0979574   -0.0173222     0.178337    -0.155956    -0.131647     0.346616      0.31535    -0.186103    0.0936714     0.542224     0.368106    -0.125734
    0.252338    -0.327933    -0.220637    0.0595827     -0.10145     -0.12727    -0.236585   -0.0998781    -0.329063   -0.0610515     0.461742    0.0010844     0.234823    -0.136796     -0.40435    -0.105665     0.177513    0.0533832     0.336421     0.185535     0.376693     0.248633     0.120823    -0.105235     -0.41256    0.0923136     0.113697    -0.925199      0.23925   -0.0734426    0.0923043    -0.512367
   -0.103449    -0.154565    0.0508347   -0.0256006     0.181448     -0.39532      0.34588   0.00535747    0.0797098     0.373003     0.136803   -0.0586455   -0.0166395    -0.369204     0.205035    -0.227042    -0.350074    -0.212998     0.441761     0.301445    -0.190399    -0.254862     -0.23703     0.337052    -0.167047     0.114107     0.303359     0.159065    -0.396608    -0.126416     0.398245   -0.0443047
   -0.254402     0.286647     0.250606     0.700317    -0.137415     0.305372    0.0889334     0.155327    -0.123247   -0.0335405    -0.148845     0.252266   -0.0728585   -0.0756953    0.0388459    -0.210527     0.118163     0.193927     0.411014    -0.428362     -0.91221    -0.239011      0.57191    0.0627334    0.0671558    0.0870979    -0.297552    -0.185256    0.0959649   -0.0192603    -0.115298     0.212228
   -0.217505    -0.203858   -0.0523643    -0.119169     0.039252      0.43793     0.189325    0.0642333   -0.0260705    -0.346011     0.208913    -0.206914     0.147768     0.360426     0.153958    -0.762174    -0.221006    0.0956203    0.0335544    -0.355771    0.0571119     0.326325     0.323157     -0.26152    -0.123285    -0.229876   -0.0877995     0.184809    0.0468556   -0.0446982  -0.00599667     0.462697
  -0.0871047     0.205241     0.393542     0.447265   -0.0317763     0.133314    0.0111246    0.0519513     0.197329    0.0341469     0.153314     0.399499   -0.0782935     0.044385    -0.171711   -0.0179656   -0.0117027     0.101968    -0.153046    -0.104075    0.0965682    -0.149355     0.438719    -0.142806   -0.0478285    -0.101769   -0.0522731   -0.0837871   -0.0738817    -0.351334      0.19342    -0.130527
     0.30227    -0.251194     0.451561     0.764851     0.183107     0.138134      0.16536     0.107868     0.420262   -0.0578446 -0.000315047     0.195306     0.213243    -0.147003    -0.210426   -0.0130865      0.39661     0.139385     0.210699     0.160893     0.324366    -0.186664     0.349142     -0.37241   -0.0339345   -0.0169192     0.129201    -0.357893     0.431356     0.210936    -0.147405    -0.116665
     1.26204    0.0148569    0.0953999    -0.432464     0.193013   -0.0407772     0.169923    -0.630856    -0.041518    -0.731748    -0.115248    -0.193525     -0.33889     0.311212    -0.587168     0.279827    -0.897723   -0.0512219    -0.299708     -0.16888    -0.294497    -0.384753     0.618682     0.732906     -0.18753   -0.0735142     0.163477     0.113772    -0.757431   -0.0290869     0.259835    -0.863123
    0.243202     0.267835   -0.0323012     0.426002    -0.102798     0.570973    -0.175388    -0.206184     0.101436     0.188428     -0.03784     -0.17634    -0.588066   -0.0435514     0.219029     0.233762    -0.171795    -0.127804     0.221041    -0.296479     0.136767     0.219523    -0.132614    -0.278947    -0.370721    -0.114458    -0.120939     0.383367     0.199085     0.208888    -0.370866    -0.171254
   -0.386507       0.6239   -0.0188175     0.296556   -0.0321787     0.513618     0.408977   -0.0993716    -0.279951     0.303512   -0.0159894   -0.0781003   -0.0466698     0.302688    0.0377152   -0.0129313     0.405748    -0.151776     0.206647     0.363281    -0.381093    -0.516865     0.229176     0.238566     0.444346    0.0345416     0.137733     0.231201     0.177586     0.186571    -0.312225     0.500282
   -0.405967    -0.559238   -0.0699831     0.413533     0.328571     0.236415    0.0527751     0.100295     0.281794    -0.307224    0.0250776     -0.51901     0.208209   -0.0526931    -0.230868     0.083904    0.0352488   -0.0279135     0.205789    0.0500169     0.127393    -0.361459     0.761703    -0.273486   0.00302199    -0.179084       0.3583 -0.000584764    -0.157654    -0.204248      0.16183   -0.0346375
    0.146497     0.494698    -0.403426     0.188993     0.182589    -0.419993     -0.42728    -0.624006     0.288571    0.0712421    -0.129789    0.0156985     0.340603     0.178107     -0.45989    -0.123885     0.246015     0.161592   0.00823598   -0.0686403    -0.901553   -0.0839671     0.969103     0.105645    -0.190671    0.0842041      0.17477    -0.964375    -0.761637    -0.309375    -0.128244    -0.324037
    0.185021    -0.423922     -0.13665     0.164504    -0.177297     0.107204     0.209989    0.0294659     0.204555    -0.239371    -0.129924     0.184051   -0.0323503    -0.358136    -0.065094    -0.260305     -0.34193   -0.0072813    0.0370399    0.0641151    0.0243606     0.137918    -0.013633    0.0628396    0.0979365   -0.0192039    -0.051764    0.0441233    -0.386451    -0.094044    -0.119932     0.671677
   -0.217814    -0.138773    -0.360247     0.205688    0.0408009     -0.38389    0.0189354    0.0463345     0.543333     0.162005    -0.397765    -0.171928    0.0134846   -0.0711133    -0.107363      0.06111    -0.391963    -0.358873    -0.403006    -0.053252    -0.225019     0.386355    0.0148233     0.357974   -0.0857279    -0.184605     0.143102      0.21313   -0.0544861     0.053049    0.0748977   0.00165314
    0.437539    -0.264525   -0.0438604    -0.176819     -0.17953   -0.0659419    -0.151882    0.0605327     0.481633     0.130097     0.107517     0.297502     0.361887    -0.241374    -0.180559    -0.387749     0.195498     0.155242    -0.143645   -0.0456809    0.0688549      0.23563    -0.548785  -0.00365651     0.380278     -0.19891     0.138179    -0.154334  -0.00367881    -0.296464     0.119564    -0.204003
   0.0465826    -0.159812    -0.208109     0.331846   0.00269465    -0.185966     0.424691    -0.369516    0.0510073   -0.0797374     -0.27883     0.376669     0.277558     0.449073     0.105081     0.515135     0.363244    -0.474311    -0.221519    -0.203036      0.25222     -0.35799    -0.158249    -0.299479    -0.283086    -0.385216   -0.0703849    -0.157772    -0.125829     0.125101     0.258785    -0.234434
    0.329119    -0.376918    -0.174342     0.471963    -0.193666     0.132769    -0.124128    -0.451726    -0.348162     0.652721    -0.120291    -0.120515    -0.362435     0.167213    -0.272608    -0.565703     0.073628    -0.320548     0.243402    -0.432794     0.178342    -0.209497    -0.286774     0.313168     0.135095    0.0635704    0.0783155   -0.0343306     -0.20392    -0.315699    0.0406478    -0.317554
  -0.0797986    0.0531736     0.254831    0.0789152     -0.11593     0.260232     0.388271    -0.121646    -0.271753     0.201626    -0.221016     0.115515     0.251415   -0.0365979   -0.0513213     0.112486    -0.215158     0.224844     0.106623    -0.081245     0.380196   0.00850777   -0.0257834    -0.272478     0.155405    -0.184188    -0.347138   -0.0966324     -0.27486    -0.306822   -0.0306677    -0.293963
    -0.33108   -0.0315918   -0.0681809   -0.0716277    0.0198836   -0.0659878    -0.137544    -0.122027    -0.505929    -0.193129  -0.00598751     0.142146     -0.14782    -0.216472    -0.355574    -0.150373     0.250741    -0.218472   -0.0629082   0.00979422    -0.152472     0.274082    -0.205466    0.0886706    0.0636506    -0.186523    -0.210566    -0.618424      0.19825     -0.13663   -0.0921249     0.271498
   -0.176994   -0.0877592    0.0109742     0.339642     0.083091     0.354067    -0.323544    -0.427474     0.116172     0.146025     0.339872   0.00631495     0.193741    0.0250696    -0.166665    -0.180776     0.699066    0.0640512     0.283551    -0.561653     0.409109     0.143739   -0.0367722    -0.247067      0.31036    -0.140277    0.0361576    -0.260466     0.323557    0.0376233    -0.290633     -0.36785
  -0.0128328    -0.140148     0.365863    -0.573768    -0.169494   -0.0720392   -0.0885172   -0.0777468     0.541898    -0.322739    0.0678504    -0.191422     -0.07646   -0.0833828    0.0580572     0.195471    -0.328352    -0.227633   -0.0991179     0.137931   -0.0956763    0.0510169     0.193338    -0.529563    -0.492187    -0.244325     0.590357   -0.0422087    0.0590565    -0.215937     0.249403    0.0530368
   0.0283033    -0.308953     0.110791    -0.136505   -0.0913861    -0.201905    0.0995473    0.0476466    -0.168935   -0.0510196    -0.155822     0.148649    -0.401669   -0.0433134   -0.0529089    -0.126767   -0.0933992    0.0995461  -0.00146216     0.158502    -0.139473    -0.134882   -0.0502454    -0.232888    0.0513202     0.308168    0.0437706     0.334438    -0.150781    0.0734818    0.0551563     0.129176
   -0.106686    -0.158957    -0.378132     0.247896     0.190876    0.0236536     0.120584    -0.285855     0.192813     0.034529    -0.111025      -0.2678    -0.412389   0.00499116   -0.0809429    0.0980662     0.380643    -0.195384    -0.505402    -0.254176   -0.0126249     0.465828    0.0908166   0.00287201    0.0804492     0.293594   -0.0663233    0.0343249    0.0542875     0.155361   -0.0379409    -0.332145
    0.145938      0.88525    0.0270171      0.41747      0.29711    -0.115228    -0.412678    -0.332044     0.559447    -0.115554    -0.126865     -0.34653    0.0817023     0.235118     0.303333    -0.402801    -0.257684     0.180368     0.179302   -0.0745618     -0.11855     0.292953     0.450352    0.0396359     0.327049     -0.43385   -0.0944368     0.500533    -0.433447   -0.0680141    -0.257165    -0.135373
   -0.393433    -0.314998    0.0530503    0.0345082     0.395913    -0.283942     0.497462    -0.639283    0.0910989     0.082741    -0.346389    -0.299635    -0.124468    -0.123383     0.385088     0.053304  -0.00764474    -0.321502     0.222123   -0.0397466   -0.0491667    -0.691091    0.0959414     0.147407    -0.303163    -0.160312    0.0527676     0.200619    -0.356439    -0.150558     0.122232    0.0267597
    0.210708     0.303716  -0.00172853      0.26256    -0.103295     0.171445    0.0760969   -0.0141409    -0.301301    0.0970046     0.294313    0.0590901     -0.18607     0.141988    -0.289761    -0.180071      0.20992      0.34708   -0.0213825     0.284016     0.090729     0.204668   -0.0552379    -0.231199      0.03817    -0.600457     0.286246   -0.0629076  0.000560624    -0.361919    -0.362402     -0.10758
    0.188776    -0.615678     0.187706    -0.256629   -0.0649423    -0.240971    0.0369186     0.219052    -0.165793  -0.00586564     0.630535    -0.138667     0.143941    0.0783865     0.194135    0.0292699      0.37162      0.28148    -0.265625    -0.264234     0.158666      0.43258     0.577057    0.0657649    -0.514307    -0.636356    -0.106588     0.227011    -0.189054   -0.0230468    -0.586339  -0.00836279
    0.467346     0.199909     0.282679    -0.251895    -0.212769     0.124673    -0.592614    0.0279532    -0.169262    0.0840951    -0.239623   -0.0261502    -0.363539     0.136249    -0.469487     0.358353    -0.586363   -0.0187001     -0.78703      0.32751    -0.663349     0.401108    0.0679153     0.156251     0.209465    0.0802625     0.208377    -0.602287     0.579965     0.213391    0.0397254   -0.0444409
    0.516604   -0.0601864     0.478345    -0.110597    -0.114359    -0.296549    -0.204704    -0.158108    -0.355222    -0.291087   -0.0468766     0.482776    -0.429528    -0.168477    -0.519109    -0.388357      0.28259     0.191181    0.0367332  -0.00267281   -0.0342868     0.523206     0.418937     0.423903    -0.055539     0.126521    -0.274108    -0.752184    -0.691051    -0.170031    -0.401631    -0.919183
   -0.199371    -0.208494    -0.196649    0.0753023      0.19175    -0.219418   0.00729688   -0.0666302    -0.244788    -0.313903   -0.0360202    -0.280109     0.259171     0.176883    -0.208029    0.0273823     0.442907   -0.0377133    -0.171424     0.187406    -0.123488     0.194711    -0.130102    -0.316332     0.222391    -0.322762   -0.0191871    -0.328576     0.250869   -0.0329767     0.321563     0.184431
   0.0594994    -0.167486    -0.116954     0.486684     0.281704    -0.182133    -0.103071    -0.589163     0.106421      0.19392    -0.484764      0.38825     0.430359    -0.187858    -0.399322   -0.0444081     0.119187    -0.223357     0.263919     0.143913   -0.0983375    0.0554591     0.231781      0.63324      0.21356   -0.0134695   -0.0100177   0.00465364    -0.450774   -0.0403744     0.211723    -0.322961
   0.0536317    -0.096562   -0.0523824     0.241539     0.046335    0.0727826     0.322976     0.221499   -0.0906224     0.154955   -0.0874944    -0.291383     0.456951    -0.427271     0.488499    -0.141664     0.186815    -0.178707     0.120437   -0.0466599    -0.100789    -0.145857     0.223986   -0.0558457   0.00558609    -0.163711    -0.185289    -0.382081   -0.0464009   -0.0226909     0.188352   -0.0180328
   0.0933121     0.381713      -0.2696     0.013339     0.330305      0.22379     0.244054    -0.115971    -0.374886     0.205507    -0.451326     0.274136    -0.213062    -0.303095     0.527398    -0.112095      0.50472    -0.172457    -0.136351     0.198672   -0.0294762     -0.35008    -0.243626    -0.229202    -0.170207   0.00469482    0.0306906     0.138147    0.0512701    0.0283648    -0.118407    0.0777715
    -0.22658    -0.249649   -0.0123978    -0.196501    -0.116355    0.0389037   -0.0759566    0.0936314   -0.0724213    0.0852052    -0.138582    -0.176903   -0.0564379    -0.395379     0.355552     0.154479     0.107958    -0.138517     0.051329   -0.0439486    -0.144968     0.256443    -0.385404   -0.0268771     0.181164     0.234866     0.731123    -0.372636     -0.32617    -0.314142     0.427706      0.15426
    0.336475     0.180398    -0.347461     0.144372    -0.185054     0.280318   -0.0361579     0.100895     0.206562   -0.0561749     0.509902     0.316208    0.0668071   0.00916349    -0.367016     0.215404   -0.0697549     0.368132   -0.0433497  -0.00754731     0.231403    -0.304293     0.198203     0.276903   0.00355396    -0.133456    -0.327093    -0.303885     0.196241     0.139669     0.198129      -0.5173
  -0.0699099     0.263723    -0.216165     0.251126    -0.234926    -0.240613    -0.123379     0.336203     0.103476     0.449692   -0.0230495       0.2263    -0.107925   -0.0988831     0.194038    -0.244034    -0.267681    -0.252622   -0.0995795     0.271145     0.150359   -0.0861511     0.284724    -0.205537     0.380193   -0.0494545   -0.0412098   -0.0691958     0.133943    -0.281119    -0.135291    -0.248089
   -0.176409    0.0292184    -0.395665    -0.140843     0.378622      0.38913    0.0174595     0.324456      -0.6452     0.085762   -0.0105965    -0.481784    -0.425974    0.0283795   -0.0349615     0.111073    -0.201913    0.0811836     0.491774    -0.375335    -0.666789     -0.26215    -0.210909   -0.0726524     0.256339    -0.299291     0.152639    -0.242029    -0.132024    0.0676197    -0.113039    -0.142025
  0.00374238    -0.579683    -0.273149    -0.332866   -0.0578041     0.400254    -0.267321     -0.29687     0.262811    -0.163048     0.061907    -0.837023   -0.0254819    0.0735973     0.452966     0.063154    -0.258631    0.0947376    -0.240552    0.0865672      0.23177       0.3069    -0.190692    -0.192748    -0.184929   -0.0726116     0.158976     0.171606     0.472124   -0.0364761     0.173367     0.548966
    0.555841    0.0270001     0.174225     0.138436    -0.131812     0.233207   -0.0218627    -0.190254     0.296932     -0.16869    -0.162519     0.795511    0.0480905      0.48451    -0.272401    -0.160534     0.556783     -0.17331    -0.467905   -0.0256449   -0.0108013    0.0414834    -0.397517    -0.651531    -0.699452       0.2068    -0.357749    -0.357745     0.265012    0.0102008     0.315209     0.172677
   0.0164095    -0.553548    -0.204393     0.239664     0.275768     0.214257    -0.252107   -0.0892685     0.165964   -0.0577533    -0.173435    -0.535859    0.0569064    -0.167364  -0.00806079     0.286785   -0.0649396   -0.0408884   -0.0795598   -0.0990907    0.0354861     -0.18921    -0.204759     0.446631     0.238426    -0.107129     0.370588    -0.386074     0.149539      -0.1601    -0.122886     0.513765
     0.31582     0.190819     0.100367     0.306223    -0.213206    0.0341284      0.24625    -0.188813     0.364344    0.0253063     0.086417     0.597516   -0.0679023     0.814804   -0.0322455    0.0821371     0.157903     0.162603    -0.280494     0.384446   -0.0296658     -0.60185     0.190222     0.291764    0.0907732     0.789694      0.35603    0.0842312   -0.0963017    -0.116204   -0.0256468     0.307921
     0.16151     0.309596     -0.24778   -0.0599636     0.190282   -0.0693241    0.0283332      0.36261     0.128623      0.38699    -0.215437     0.222205   -0.0973956    -0.048591    -0.273076    -0.115799    -0.426408    -0.418918     0.331473   -0.0748185     0.317633     0.388512     0.498303    -0.234254    -0.115759      0.20919      0.50908     0.148873    -0.137124    0.0438458     -0.14123    -0.208094
    -0.14919   0.00199115    -0.398088     0.203109   -0.0352684     0.432797    -0.221549     0.266886     0.267687   -0.0374359    -0.253099     0.296683      -0.1769    0.0119726    0.0251101    0.0531951     0.398872   -0.0975189    0.0338358    0.0241724    -0.237537     0.254511   -0.0850719    0.0487556     0.352206    0.0712989    0.0892681    0.0600579    -0.442566    0.0976447    -0.300277   -0.0673246
    -0.26976     0.285931   -0.0996079   -0.0600259     -0.25625    -0.350271     0.102604     0.167732     0.284745     0.317816    -0.209481     0.361114    -0.492766  -0.00721474     0.550271    -0.136326    -0.417559     -0.53438    -0.098205      0.33971     0.046318    0.0347888    -0.139344    -0.161711    -0.340873     0.333775     0.255568    -0.129444    -0.219422   -0.0761962    -0.215507     0.280571
   -0.427578     0.121769     0.130822     0.381203     0.316507    -0.169887     0.101072     0.107992      0.41395     0.394256   -0.0594401    -0.474253   -0.0469969     0.594466     0.275585     0.199519     0.381826    -0.158047    -0.116198     0.239078    0.0966262   -0.0177111     0.341189    -0.338284     0.271058     0.377628     0.294373   -0.0995345    -0.126626     -0.16235   -0.0212546     0.135422
    0.308151    0.0390952    -0.239161     0.266715     0.301482   -0.0816307   -0.0678787    0.0304028    -0.127267    -0.297251   -0.0481571    -0.252767     0.204091   -0.0476648     -0.47096     0.149304    -0.260754     -0.25278   -0.0887586    -0.246894   -0.0236295   -0.0768411   -0.0764675     0.559705      0.15881    -0.247091     0.421524   -0.0430269    -0.371504   -0.0597105    -0.218699    -0.268679
   -0.525654   0.00752018    -0.103186     0.018939     0.197534    -0.243473    -0.329696     0.581376     0.275506    0.0103351    0.0676578   -0.0472606   -0.0787913    -0.488266     0.307985    -0.266235   -0.0770109     0.115087     0.444569     0.207288   -0.0033101     0.672704    -0.348741     0.225207     0.455445     0.191446     0.383569    -0.076709    -0.390973    -0.265838   -0.0383766    -0.287577
   -0.298355     0.172744    -0.296587   0.00705096     0.307461      0.07085    -0.228325     0.150503     0.112469   0.00407317  -0.00111976    -0.149228   -0.0360707    0.0739641    -0.453762     0.155007    0.0850178     0.455038    -0.221338    -0.179745   -0.0219839    0.0336236    -0.108563    0.0233739     0.237019     0.317299    -0.223768   -0.0169914     0.471641     0.291174    0.0533978    -0.211904
    0.268956    -0.185773    -0.104182    -0.469812     0.113476    -0.382196    0.0162714    -0.478092    -0.426527     0.358257      0.18084     0.187999   -0.0827956    -0.245051   -0.0217467    -0.448257    -0.170475    -0.320149      0.33024     0.295022    -0.121689     0.352811     0.137509   -0.0536515    -0.590434     0.411992     0.256765     0.198344     0.185413    -0.277977    -0.232109     0.457442
    0.021631     0.154111    0.0107251    -0.243243    -0.176889    -0.129854    -0.178996    -0.197702    -0.124804     0.314911     0.165621     0.144635     0.032622    -0.151477     0.428582     0.158527    -0.448134     0.191238     0.348617    -0.358965    0.0976006     0.208848   -0.0447781     0.266606    -0.192428    -0.046175     0.236046     0.178031    -0.216504    -0.377861     0.103382    -0.255455
    0.310993     0.199105    -0.205713     0.233005     0.106389   -0.0149427     0.110705    -0.377891     0.169767     0.153209    -0.147842     0.331747    -0.400177    -0.245271    0.0714324     0.202788   -0.0441896    -0.115545     0.170079  -0.00605699   -0.0765415    -0.486565     0.628644     0.190158    -0.382355    0.0447844     0.315681    0.0957216   0.00422884    0.0775427     0.435543     0.145446
   -0.129569      0.11042    0.0414652   -0.0274724   0.00341197     0.202826    -0.104519    0.0725106     0.174155    -0.112748       0.4525    0.0669278    -0.162098     0.282387     0.369507    -0.120787     0.314515    -0.238631     0.200938     0.271134     0.039452   -0.0977464    -0.217775    -0.110219     -0.28674    -0.238807   -0.0706592    -0.270832    0.0453556    0.0379221    -0.242816   -0.0761475
   -0.415123     0.212901    0.0103351     0.252917      0.22103    -0.288882    -0.106082    0.0808609     0.602803   -0.0654213   -0.0360899    -0.212667    -0.264455     0.191232     -0.14514    0.0675501     0.131153      0.11345    -0.154783       0.2262    -0.195185   -0.0432409    -0.191022     -0.12118     -0.29482    0.0713952    0.0852342    0.0916635     0.276368     0.111219   -0.0879755   -0.0747532
  -0.0118047     0.430293     0.287429      0.11907   -0.0297784    -0.117048     0.131742     -0.38676     0.642968     0.487055    -0.600652    -0.555271     0.210904    -0.145831     0.309827   -0.0551249    -0.183688    -0.171153     0.154639 -0.000878955     -0.71041     0.253802    -0.292911    -0.187397   -0.0856947   -0.0482147   -0.0747187    -0.262088   -0.0767054     0.504295     0.445485    -0.120086
    0.414796    -0.160938     0.229177       0.2692    -0.215829     0.236838    -0.276755     0.363733   -0.0236377  0.000429113     0.106358    0.0219376    0.0551401    -0.198163    -0.336702    -0.115675    -0.100346     0.204183     0.203522   -0.0218872    0.0880489     0.445572   -0.0780526     0.131689   -0.0487062    0.0235663    -0.187801    -0.195033     0.410748      0.17934     0.010168   -0.0317005
    0.381099    -0.385133     0.241086    -0.305952    0.0361916    -0.310151    -0.316118    -0.302989    -0.592647    -0.114372     0.395526    -0.189961  -0.00367049    -0.627086    -0.418916    -0.288918     0.176763      0.38136    -0.213835   -0.0659275     -0.20808     0.365926    -0.284862     0.372848    -0.125234    -0.210188    -0.212861    -0.204785    -0.266462     -0.51135     0.551537     0.405986
   0.0860661   -0.0965798     0.286631   -0.0965603   -0.0467617    -0.173248    -0.328871     0.171371    -0.173124    -0.125344   -0.0845555   -0.0480917    -0.374169    -0.164508    -0.391846     0.071662    -0.110885    -0.114654    -0.052046     -0.44759     0.131939    0.0932299   -0.0719654     0.196243    -0.352578     0.172425   -0.0756922      0.23351     0.101428      0.03996    0.0576807     -0.21069
    0.248257     0.377455     0.374109   -0.0434925   -0.0201065     0.147434   -0.0478423     0.559374    0.0762588     0.192608 -0.000373083    -0.134123    -0.308286      0.26269     0.257953     0.079175   -0.0485363    -0.228514     -0.33823    -0.097657      0.21819    -0.318234     0.251474   -0.0578455     0.198557       0.3882    -0.245293    0.0719803   -0.0834852      0.22175    -0.435129    -0.100784
    0.406387     0.306166    -0.332971   -0.0232929    -0.513968     -0.32611     0.142381    0.0418592    -0.232534     0.459698     0.138375    -0.206153    -0.257381   -0.0155529     0.383161    -0.274619     -0.28988    -0.454083     0.174914   -0.0960286  -0.00839838     0.120632    0.0543736    -0.185404   -0.0575768    0.0102729    -0.223044     0.556457    -0.190026    0.0474706     -0.15337 -0.000766152
   -0.562238     0.169572    -0.162353     0.555471    -0.132635   -0.0405642   -0.0759466   -0.0109622    0.0824887   -0.0230042    -0.113799    0.0808941    -0.361398     -0.41316    -0.191787    -0.339606     0.012895    -0.295424     0.132272    -0.638974     0.339705      0.22328   -0.0533676   -0.0961003    -0.156869    0.0897146     0.152993    -0.701817    -0.104506    -0.859426      0.14116     -0.19601
  -0.0395029    -0.113291     -0.43919     0.243985    -0.185279      0.15098     0.154535    -0.193681     0.424724    -0.182654     0.174242   -0.0396329    -0.179551     0.172812     0.226155    0.0511798    0.0523324    -0.414236    -0.368649    -0.186129    -0.374076      0.30766    -0.264721     0.175993   -0.0472443     0.152883     0.194747    -0.233144    -0.338026     0.317223     0.102539    0.0892725
   -0.520532   -0.0186499    -0.173605   -0.0950299    -0.435152    -0.154374    0.0865288     0.142998     0.447249    -0.204071    -0.229779    0.0761327     -0.29473    -0.267748   -0.0324834    -0.542131    0.0853011    -0.208471     0.286463    0.0547302   -0.0894925    -0.318301   -0.0592696    -0.577556   -0.0360095    -0.175364     0.152161     0.157686  -0.00167504    -0.188613    0.0086289     0.356746
   -0.390731     0.220029    0.0379483     0.717222     0.130982    -0.299986    0.0481248   -0.0161507    0.0294737     0.238789    -0.215635    -0.216956   -0.0216689    -0.207466   -0.0235356    -0.437697     0.163226   -0.0896793      0.07341     0.292292    0.0114309    -0.411799    -0.051652     0.337079     0.469615     0.897184    -0.247576    -0.330449     -0.54533     0.248299    -0.167511    -0.104132
