   -0.180592     0.243321     0.086492   -0.0820405   -0.0468986   -0.0120669    -0.166766    -0.231222   0.00074232    0.0613688   -0.0467001   -0.0346281    -0.125446       0.3357     0.609976    -0.134428    0.0238858     0.417155    -0.266085     0.225382    -0.106765     0.177058   -0.0439206     0.147461     0.329683     0.070417     0.177949     0.240615     0.208192    -0.613089       -0.395   -0.0782987
    0.882964     -2.57431    -0.732013     0.652046    -0.631713   -0.0753388      1.35817    -0.166527     -1.40624      1.64889      1.38149     -1.00165     0.244219     -1.39671     -1.23015     -1.67206       -2.314     -1.34165      1.30331      1.05414      1.48275      0.98087     0.921857      1.05189     -2.82789      1.47196      2.85348     0.908651     0.537659    -0.833442     -1.00561    0.0618601
  -0.0445582      1.39961      0.50309     0.211148    -0.132266    -0.853258     0.698494      1.06026     -1.29476      0.75332    -0.804099    -0.255464     0.478794    -0.614628     -0.99348      -1.4767     0.399461     -0.83196     0.980093     0.139598   -0.0260399    -0.728684  0.000207979    -0.279889     0.409577    -0.964259   -0.0809686     0.142642      0.21865    -0.687428    -0.263713    -0.225317
   -0.490659    -0.613967      0.28218     0.604193    -0.401517     0.438083    -0.740757    0.0424055     0.295186     0.547375    -0.633169    0.0983192    -0.230374     0.555558     0.166843      0.71721     0.540713     0.209028    -0.183032      0.36326   0.00219666     0.404884    -0.238379      1.15053    -0.790578     0.902933    -0.431241     0.585636    -0.485278     0.749015     0.874885     0.277388
    0.282616     -1.54161      2.14299 -0.000750751    0.0647515    -0.890687      1.11223     0.210304     -1.24637     0.453289     -0.34096    -0.920997    -0.222231     -2.24032     -1.48788    -0.940458    0.0720929     -1.62668      1.47156     -0.25492     -1.75675     -1.16472   -0.0533792    -0.185062     -1.59439     -1.87641      1.22794     0.550177   -0.0385441     -1.19954     0.202785    -0.126987
   -0.291563    -0.632064    -0.365504     0.107663     0.571698     0.192119    0.0228136     -1.20766   -0.0110052     0.838588      0.67722     0.844526   -0.0796409     0.484844     0.619533     0.753874     0.464214      0.80595    -0.367867     -1.37137    0.0745106       0.7291     0.931209    0.0314896   -0.0890842    -0.802718    -0.343769      -1.1103     0.590412     0.541461   -0.0492275     0.191785
    -1.12062      0.62773     -1.39828    -0.523464    -0.867986    -0.199002   -0.0639356   -0.0155738     0.142363    -0.936712     0.574871    0.0312603     0.329251     0.353625    -0.236637     0.246794     0.673033    -0.738342     -1.54139    -0.405238     -1.12713    0.0904355    0.0428735     -1.04939      1.50936     0.764397    0.0210887     0.555629    -0.811608     0.627831      0.34066     0.438657
   -0.254477      1.08609     0.563382     0.600252    -0.122359    -0.515149    -0.526674     0.698178     0.526111    -0.576755      1.09715     0.225741    -0.120707     0.344732   -0.0726962     -1.25323     0.425913    -0.707773      -1.1418    -0.808316     0.390088       0.4292     -0.35114     0.203342    -0.959059    -0.502747      1.29525     0.492678    -0.394189    -0.413019     0.882851     0.506943
    0.129852    -0.554623    -0.636744    0.0271769     0.514675     -0.48192     0.447121     -1.08201     0.773662    -0.367932      1.30203     0.822142    -0.803997     0.209389    -0.112506      1.12805      0.41453     -1.41307     -0.26782     0.500508   0.00800829      0.33608     0.998545      1.03231    -0.150929     0.942382     0.608566    -0.293755      0.30726     0.762285    -0.441103      1.30452
    0.364387     0.409609      1.03176     0.270261     -0.09246     0.152991     0.153831      0.51801     -1.13211    -0.886114    -0.290291     0.338959    -0.116041    -0.321518     0.997784     0.884613      0.42969    -0.485109     -0.42097     -0.11079     0.861538      1.46467    -0.104298   -0.0362231      1.61529    -0.480036    -0.402245     0.476889     0.627774    -0.562634       1.0225    -0.883467
    -1.31008      1.38633      2.03943    -0.143817     -1.16597    -0.365849    -0.186058     -1.00266   -0.0508512     0.668428      -1.1226     0.887606    -0.126682      1.69256     0.268198     -1.94889     -1.21685    -0.853961    -0.436951     -1.08296      1.11132     0.626194     0.459917     0.476026    -0.811313      1.01903     0.144422     0.918074     -1.08108     0.869911     -0.15831     0.141018
    -1.05473    -0.421439   -0.0459926    -0.200339    -0.399968    -0.253113     0.287708     0.502268    -0.123469     0.243526     -1.03649    -0.659651     0.147026      1.66488     0.605612     0.630299    -0.670125     0.397083     0.707085     0.117576    -0.912109     0.987789     0.636222    -0.379448     0.536137     0.797981      -1.6736    -0.224084  -0.00703037      1.55785    -0.828331     0.714615
     0.65038    -0.725526     0.257218     0.490763    -0.321629      -1.4762     0.328318     0.782621    -0.127367     0.377201     0.368849    -0.291313    -0.956156     0.292934     -2.17189    -0.160992    -0.447249     -1.72418    -0.228418      1.17243      0.74989     0.250658     0.955571     0.389953     0.648906     0.139712      1.25654     0.917262     0.188582      2.14291    -0.691593     0.361274
   -0.547606    -0.414732    -0.783737    -0.919376    -0.135097    -0.471325     0.047067      1.47551    -0.308384    -0.538255    -0.508403      0.27101   -0.0558202     0.486663    0.0917732     0.655567     0.341068   -0.0388414    -0.815766     0.526938   -0.0553787    -0.166955    0.0626155    -0.698274    -0.092108    -0.135896    -0.528031     -0.21041    0.0484436   -0.0459794   -0.0368504     0.838249
    -1.91666      0.17269    -0.897271      1.28497    -0.362262    -0.206636     -5.09113      3.03712     -1.50429     0.235145    -0.237574     -0.79423     -1.45985      1.79921     -1.45159     -1.93755     -1.42048     -1.40742     0.542797     -1.98618    0.0957186    -0.559709     0.772643    -0.150759      0.76218      2.32018      1.96486     0.503418    -0.526202     -1.71468     -1.03723      3.68076
   -0.794147     0.791327     -0.75005   -0.0190242    0.0261892    -0.843159     0.544545     0.582156     0.485646     0.744191    -0.179171    0.0778752      1.01566     0.647423    -0.534752     0.439084    -0.129816   -0.0976713       -0.326     0.175451    -0.213052      1.05606     0.204617     -1.23872    -0.746993     0.116053    0.0212621     -1.16292     0.394516   -0.0163947     0.262061     0.318189
    0.494813     0.168025     0.300119     0.454868    0.0973098    -0.697066    -0.357045    0.0795682     0.182371   0.00187765     0.384661    -0.655912    0.0987197   -0.0321658     0.367079     -1.01043    -0.348581     0.257441    -0.614895     0.913156     0.349021     0.457723    -0.116708    -0.420046    -0.119105    -0.499896     0.292275    -0.711745     0.272356     0.545228     0.347929     -1.18996
  0.00719402     -1.00328     0.196431      1.48579    -0.904311     0.309584   -0.0661494    -0.706782    0.0683289     0.180289     -1.23525    -0.439607     0.282065    0.0438158    -0.381834    0.0776421      1.57003     -1.25818    -0.934363    -0.104661      1.07805      1.33391     -0.30174    -0.884832    -0.554012      1.07466   -0.0768498    0.0776884    -0.358632      1.17156      1.51068     0.880671
    0.175862     -0.67598     0.714086    0.0187589    -0.497008     0.751139    -0.325842    -0.186921     -0.10898   -0.0724772    -0.278003     -1.35319    -0.197535     0.579504     0.670891    -0.276221    -0.143707    -0.303838      0.22881    -0.651558     0.676165     -1.15399    0.0793357     0.673971     -1.13449     -1.35255      1.08624     0.740586    -0.142383     0.384722      1.49331     0.407731
    0.188767    -0.591928    -0.904465     -1.42594      0.36904     -1.33961      2.15968    -0.399443      0.40173      1.08949     0.467898    -0.256287    -0.278123    -0.804832    -0.609514     -1.43383    -0.342755     0.300434    -0.775572     0.711561    -0.732973      1.57059     0.741064    -0.684207      -1.4597    0.0906029      1.31377    -0.425198      1.23897    -0.852323      1.19504     0.931134
   -0.457471      -0.1175    0.0202821    -0.321991     0.629042     0.489812     -0.08485    -0.727884     0.425129    0.0147592   -0.0188002     0.737419    -0.983493     0.352979     0.937864     0.305723     0.774901     0.105902     0.294232    -0.324553    -0.368734   -0.0267722    -0.402062    -0.128334    -0.210251     0.231015   -0.0430785    -0.129006      0.63215    -0.344054     -0.38437   -0.0818729
   -0.985854     0.372188     0.995641     0.982313    -0.553458    0.0556862      1.53009      1.71194     -1.48122      1.88987    -0.291681    -0.454646    -0.252211     -1.13371    -0.140547     0.327664     -1.66501     0.819691     0.686279      0.22476     0.341649     0.447311    -0.724679     -0.12041     0.531302    0.0630614    -0.222649    -0.855076    -0.120432  -0.00593932    -0.770309    -0.121727
   -0.671908    -0.418456     0.921137      0.90384     0.189237    -0.541941   0.00368029       0.8012    -0.408791   -0.0626513     0.499348     -1.14066    -0.388813      -1.2054     0.759811     -0.19185   0.00654845    -0.268328    -0.457435     0.866983    -0.168098     0.288266     0.459953    -0.219363     -1.23258     -0.29693     0.615872     0.601326      1.29754    -0.901878     0.795201    -0.369101
   -0.184067    -0.351114   -0.0665142    -0.111187    -0.480607    -0.596828     0.224964     0.510895    -0.322555     0.242051   -0.0823901     0.164345    -0.365952    -0.185271    -0.481196      0.57892       -0.249    -0.456429     0.364932     0.524818    -0.128355     0.758926     0.580234    -0.132201   -0.0887272    -0.325716   -0.0653745   -0.0031805      1.07129     0.748447    -0.364235     0.855627
    0.224747   0.00332346    -0.154325    -0.374336     0.528737     0.306383     0.694874    -0.678194    -0.395247    -0.043134     0.391608     0.196308   -0.0994719   -0.0260501     0.313006    -0.241849     0.293084   -0.0659286   0.00290618     0.344851     0.291819    0.0179903   -0.0413345   -0.0650943     0.166057     0.445416     0.341743     0.366964    -0.354608   -0.0933555    -0.046542     0.152078
    0.396424     -1.57295     0.750083     -1.27658     0.050795    -0.687764     0.596855     0.184389     -1.32347       1.4956     0.774735    -0.212524     0.289437    -0.302221   -0.0255337      -1.1874    -0.386193   -0.0237914     0.931482    -0.784127    -0.996146    -0.274067    -0.227426    -0.138258     -1.72894     0.427475     0.588252     0.168723       1.2339    -0.418543     0.131801     0.439618
  -0.0877229    -0.884409   -0.0661704    -0.509917    -0.560249     0.517859     0.725416    -0.403865    0.0405146     0.281558   -0.0220817    0.0365544    -0.215492   -0.0191739     -1.02621     0.339423     -1.59463    -0.811846    0.0832516    -0.478283   -0.0703073   -0.0130215     0.133041    -0.574587    -0.492911     0.232266     0.165985   -0.0464843   -0.0647684     0.337304     0.637618    -0.189632
   -0.148745    -0.176251   -0.0265635    -0.113634     0.206024     0.372947   -0.0477835    -0.306593     0.125273    -0.563531     0.538026    -0.227284     0.350328    -0.119596   -0.0253109     -0.24386   -0.0505977     0.229649     0.552738   -0.0720038      0.26955     -0.22903    -0.375594     0.295268    -0.510706    -0.807994    -0.115807      0.16232    -0.116743    -0.504659    -0.341825     0.238875
    0.153784    -0.119185      -1.2933      1.06748      1.60503     0.120464     -0.40592    0.0940325      2.61377    -0.198869     0.962684    0.0244057     0.263173      1.08607      1.19115       1.3237      0.25859    -0.187416    -0.374536     0.423277     0.445951      0.48941    -0.978677     -1.23477    -0.639757     0.351228    -0.633064     -1.18683    -0.389378     0.120704    -0.249657     -1.04204
   -0.392722      1.02083     -2.24497      1.14314    0.0404425    -0.173572   -0.0844779    -0.834582    -0.441254      1.64616      0.95069    -0.791514     0.920222    -0.406883      1.23029      0.73468    -0.482163     -2.22584      1.38872     0.221895      1.34908     0.489639      2.15556     0.642271     -0.24078     0.814792    -0.578158       1.4685    -0.901761    -0.751132    -0.598239    0.0708223
   -0.937436    0.0824468   -0.0676052     0.333006     0.340046   -0.0107611     0.544372    -0.651761    -0.912178    -0.278984     0.921685   0.00997602   -0.0266392    -0.118783    -0.270241     0.611341    -0.498478     0.177032     0.386794     0.472026     0.261854    -0.327196     0.305894    -0.455801    -0.172338     0.521883     0.398133      1.61017     0.464591     -1.15135     0.783488     0.582332
     0.23166    -0.351753    -0.560449     0.361787    0.0603473    -0.350623    -0.228906   -0.0704906     0.107158     -0.14064     0.132033     0.483114      -0.3587    -0.510404    -0.348789     0.951057     0.442451    0.0962833    -0.239712     0.628483     0.398447    -0.972347     0.724618     -0.22147      0.21903    -0.466581     0.754865      0.28118 -0.000812832    0.0297189     0.557773     0.927261
    0.886315    -0.233502     -1.57918     0.119482      1.17685      1.31885     -1.07122     0.499945     0.176447   0.00387293    -0.610549     -1.05059     -1.43865     -1.16916    0.0900797     0.679459     -1.66991     0.972815      0.42422    -0.128649      1.12501     -1.39304     0.829928    -0.262664     0.370953    -0.803022      0.59696    -0.473319     0.121951     -1.47103     0.786923     -1.37144
    -1.00307     -0.39707   -0.0352276     0.012167     0.173601    -0.243743      0.02588     0.256174    -0.217816    -0.101893    0.0706002     0.163015    -0.222317    -0.833394     -1.09728      0.16518     -0.43551    -0.437801    -0.118449     0.974461  -0.00162629     0.608938      1.05202    -0.262196   -0.0723401     0.759582    -0.641491      0.23607     0.222368     0.583696       -0.874    -0.427245
   -0.299939     -2.39994    -0.211764     0.142508     0.646182     0.192273    -0.732075        0.839      0.72554     0.234367    -0.776219    -0.587973     -2.01539     -1.06543     -1.62906      1.45848    -0.829484    -0.826885       1.1987      1.09594    0.0126906    -0.953131      1.34528     -0.94387     0.377348    0.0329161     -1.13362    -0.240408    -0.418702     0.842364      0.68854     0.419444
    0.198561     -0.18277     0.482465    -0.081162     0.528671    -0.344965     0.370355    -0.222003     0.239591    0.0434278    -0.100079     0.111864    -0.540719   -0.0406553     0.231349     0.046759     0.361371   -0.0865674    -0.139124     0.292746   -0.0498016     0.715767    -0.235794   -0.0979212     0.215122   -0.0674878    0.0882798     0.334043    -0.259124    -0.338452     0.252786      -0.6003
    -0.35489      1.34157     0.833055     0.282057    -0.326243    -0.339918     0.361702   -0.0638025     0.321029    -0.608677     0.430467     0.259044     0.804888    -0.219317     -1.19748     -1.02358     0.228913     0.235609    0.0104153    -0.839066     0.553842   -0.0443242    -0.856765     0.139489    -0.631489      -1.0841     0.796124     0.338539     0.281357    -0.282388     0.997029    -0.170098
   -0.495385    -0.176585    -0.725688    0.0647724     0.831723     -0.35048     0.317651     0.176522     0.147437    0.0874496       1.3205     0.759059     0.184227      1.64744    -0.845562       1.8301     -1.00548     0.188152       0.2005    -0.104489     0.527914  -0.00788763    -0.944498    -0.603082    -0.895183      1.39001      0.23906    -0.907082    -0.906492    -0.181587     0.423543    -0.231019
    0.165455    -0.595249    0.0330807    -0.141135    0.0524932     0.072699     0.511628    -0.622391    -0.400003     0.153432     0.232059    -0.444379     0.657254    0.0156478     0.297926     -0.11602    -0.087444     0.157256   0.00981702    -0.304963    -0.705544     0.195293     0.580441     0.418461     0.215533     0.433221     0.181027 -0.000539635     0.364619     0.102815    -0.082615     0.131055
    0.455811     0.203582     0.691899      0.31016     0.172371     0.475003     -0.58434     -0.17512    0.0950482    -0.147119    0.0283613    -0.690659     0.655227    -0.654003   -0.0572304    -0.348699     0.649449    -0.429126     0.084026     -0.39363   -0.0228498     0.339916    -0.149627     0.336404     0.175039    -0.290863     0.457092    0.0846778      0.44092     0.220324    -0.458771    -0.251008
   -0.155736    -0.319097    -0.703041    -0.488595     0.517057     0.370251     -0.33001      1.09111    -0.156268     -1.17268    -0.774468   -0.0848369    -0.194813   -0.0350811    -0.291658      0.46799    -0.355814     -0.51192     0.401847    -0.597588      0.11398     -1.38956     -1.31281      0.49366   -0.0611181    -0.840213     -0.02619       1.0074     -1.05306      0.66437    -0.214263     0.178656
    0.739187     0.804474    -0.733071     0.485357     0.787043    -0.362922     0.189763    -0.237378    -0.245228    0.0964286      0.32846     0.662546     -0.83908    -0.628041     0.811467      1.47236    -0.183904     0.695066     -0.20182     0.116225     0.326871   -0.0141298     -0.29577    -0.236964      1.86339    -0.844049     -1.09343    -0.160481     0.328497     -1.19653    -0.814524    -0.739515
    -1.02697     0.892456     0.301313     0.014933     0.270724     0.578949     0.791082     0.887871    -0.477345     0.984207    -0.212521     0.136515    -0.211772    -0.278503    -0.170553    -0.781444     0.412465    -0.109232      1.03036     0.836638     -0.30462     0.414283     -0.96954      0.71042     0.274774     0.515426     0.723676     0.487104     0.301814    -0.337949    -0.218406    -0.524497
  -0.0740633    -0.165545     0.104956      0.73423     0.756705     -1.10968    -0.388738       0.1218    -0.406363     0.188733     0.864084   -0.0445075    -0.211935   0.00097471    -0.263946    0.0516377      0.28453    -0.579877     0.959322     0.789467     0.274895      0.42443     0.679658    0.0140307     0.248818    -0.859751     0.454745     0.446987    -0.126271     0.564169    -0.736018    -0.451329
   -0.926261     0.818391     0.829764     0.468936    -0.362902     0.526781      0.70216     0.965158    -0.426887      1.75901     0.399182      -0.1891      0.51445     -1.25102     0.379461    -0.229911    -0.575619       1.0085      1.78621    -0.128043     0.856804    -0.503607    -0.467455      1.25225    -0.957095     0.155529   -0.0994974      0.18203   -0.0308139    -0.962752     0.316204    -0.966009
   -0.700591     -1.07093      1.31524    -0.229586     0.365174      -1.3848     0.894597      1.84423     0.169537   -0.0896088     -1.75741     -2.19558     -2.31761    -0.602113      1.28514      1.92207    -0.301287     -1.08913     -1.94963      1.30467     0.886371     0.554421     0.646385      1.76405     0.226275       2.9818    -0.719755    -0.883315   -0.0708201      1.98429   0.00940268     -1.34921
   -0.299283     0.660009    0.0901508     0.253863    0.0193501   -0.0562574      0.29221     0.584918    -0.183852    0.0238101    -0.586294      0.44696    -0.378633     -1.03843     0.965584     0.473008    -0.249893     0.656728    -0.318836    0.0630159   -0.0619851    -0.795127    -0.474041    0.0286365     0.986782     0.217787    -0.976019     0.258502    -0.308575     -1.05695    -0.401865    -0.996396
  -0.0722625     0.152962     0.616323     0.677483     -1.01613     0.278701    -0.473133    -0.178015     0.715691    0.0388769    -0.066404    -0.660643     0.132924    0.0721981    -0.341791    0.0189793     0.776316       -1.173     0.136954     0.100204     0.309803     0.512269     0.482621    -0.134588    -0.796418     0.391868    -0.354223   -0.0523823     -0.24521     0.635627     0.561041       0.1362
    0.825647    0.0685941     -1.62659     0.474396     0.744032    -0.413396     0.305508    -0.317083      0.20864    -0.338476    -0.277362     0.253867    -0.151643    -0.891076    -0.192294      0.50662     0.655376    -0.751688    -0.306164    -0.175607    -0.154573     -2.19413    -0.679511     0.177264      2.48786    -0.556541    0.0407074     -1.58537      -1.0853     0.449167     -2.45446     -1.04736
   -0.216001     0.862691    -0.350883    -0.356154      0.60751     0.481929     0.410533     0.713856    -0.287312     0.473524     0.279949    -0.413971    -0.554088     0.129712    -0.489796      0.17188    -0.345087    -0.254298    -0.142653     0.551224     -0.55212   -0.0522703     0.441612    -0.338152     0.535162     -0.96236    -0.384513     0.418574   -0.0678334    0.0193957   -0.0482741   -0.0972418
   -0.413903    -0.427774    -0.116383      0.52512     0.718835      0.38932     -1.12681    -0.586267     0.510744     -1.18456     -1.49244     -1.04303     -0.92065     -1.16054      1.91372     0.537384   -0.0495212     0.872767     0.797969    -0.709062     0.546614     0.135284    -0.463866      1.45964     0.713174    -0.801578    -0.477621     0.401803    0.0672832     0.340254     0.185252      -0.3663
     0.27846    -0.252413    -0.133772     -0.43122     0.222997    0.0751249     0.354106    -0.883313    -0.461285    -0.143223    -0.159027      0.08861     0.371197    -0.107956     0.218306    -0.106115   -0.0839007     0.222299      0.33605    -0.122249    -0.502954     0.555053    -0.217516    -0.264139  -0.00101678    -0.447799     0.352713    -0.416505    -0.120548     0.485141   -0.0178523     0.036709
    0.152503    0.0821849    -0.125431    -0.110162   0.00704668    -0.388714    -0.150912     0.245664    -0.449584    -0.096677    -0.355048  -0.00386307     0.288816    0.0447104    -0.272331    -0.295475     0.571342     0.134403   -0.0793626   -0.0376124      0.12308     0.500913    -0.136865    -0.275081     0.485325     0.111344    -0.274976    0.0596872     0.509171    -0.205949     0.249831   -0.0622968
   -0.251339   -0.0299913    -0.399909     0.660321     0.482925     -1.43779     0.643744     0.412809    -0.651102     0.659123     0.668833    -0.384817     0.294785     0.939071    -0.517395     0.488936    -0.130985     -1.13378     0.510872     0.342739   0.00245887      1.26815    -0.185575    -0.440886     -1.53981      1.10307   0.00201579     0.336688     -0.17766     0.247965    -0.941907     0.558529
   -0.665186     0.524721      1.20732     0.274486    -0.203476     0.848859     -1.69111     0.034828    -0.154518     -2.35079     -1.46558     -1.10968     0.650872     0.428617    -0.373375    0.0260937    0.0544987     0.480383    -0.584045     0.305819     0.359765     0.320357     -1.09672     0.624549     0.821159    -0.697748      1.07198    0.0339358     -1.17254      1.67589     0.843889    -0.446947
    -0.98514    -0.565963    -0.558666      1.50524     -1.10427       1.3182    -0.355877    -0.526872     0.578034     0.580222    -0.202237    -0.722516     0.195924    -0.473382      1.25886    -0.980902     0.123496     0.551882     -1.18182      0.51075     -1.23933      1.03234     0.353678     -0.18044     -0.77419      1.30988    -0.700082    -0.301021    -0.717699     0.963702    0.0194621    -0.517291
   -0.522931    -0.179271  -0.00328129     0.479607     0.469047    -0.105857     0.385787     0.473388    -0.128958     0.832286   -0.0312803   0.00967319     0.472501     0.218984    -0.210269    -0.228976    -0.497158    -0.800961     0.161741     0.398628    -0.523878     0.493148     0.270487     0.161718     -1.29817     0.105042     0.508991     0.405354    -0.157524     0.268224    -0.785474     0.301886
     1.32801      -0.6154      1.11991    -0.164146    -0.253565     0.658389    -0.211155     -1.12301     0.121468     0.824564      1.56875      0.66708     0.321879    -0.752004      1.01062     -1.01577     0.850954    -0.277017     -2.16472      1.03798     -1.09093      1.04906      1.54732    -0.331856    -0.856026      1.38345      1.94126     -1.86843      2.08966      1.64808      1.03479   -0.0793525
    0.928325      1.78735     -1.21102     0.203027    -0.348706     -1.47894     -2.55636    -0.188557     -1.67793     -1.52957     0.338543      1.02851     -1.07233    -0.104142     -1.33691    0.0587032    -0.596714    -0.579089      1.03103     -2.02862      1.31208     -1.38891      1.12111      2.02028      1.73371     -1.45338     0.194322     0.459004     0.313344      0.37726     -1.11628      3.14283
   -0.115858    -0.749645     0.584772    -0.298313    -0.188286     0.460448      1.26217     -1.63857    -0.791567      2.38838      2.18463    0.0350729     -1.02837      1.46607    -0.219718    -0.156205    -0.818483     -1.35657     0.517976     0.630039     0.882943     -1.11564     0.630566    -0.974736     -2.78436     0.792143      2.00187    -0.233688    -0.160942    -0.647198     -1.15722    -0.159653
    0.474575    -0.437333     0.326587    -0.587185     0.461545    -0.693517      0.49555     -1.60692   -0.0948559       1.0067      2.37317     0.151577     0.542867    -0.517475    -0.668093    -0.116266      -1.3604     -1.00139      0.20424      0.48697     0.859732     0.766505     0.608687     0.230443     -1.47597      0.56068     0.975697     0.361613      1.29441     0.221819     0.511176    -0.701253
    0.404192    -0.787785      1.16769    -0.878194      -1.5464      0.82627    -0.162008    -0.335464    -0.277796      1.02265    -0.491905     0.051861     0.737135      0.48203       -1.321    -0.669924     -1.60561     -1.08612      0.25895    -0.829835     0.826453     -0.30153    -0.159982  -0.00861947     -1.30663    0.0561352     0.530584     0.995109     -0.59767      1.13329      1.78136      0.45416
   -0.763209    -0.446058     -1.15424     0.384919     -0.63568     0.337504    -0.268671    -0.808828     0.354257      1.55081    -0.414478     0.640796    -0.220073     0.683208    -0.485713      0.24141    -0.438748     0.671093    -0.579781     0.365627      1.44073    0.0570001    0.0969914    -0.151804    -0.244322    0.0106607     0.372391     0.249734    -0.616102     0.296474     -0.16301     0.462064
   -0.519697     0.856711    -0.281004    -0.124359     -1.08236     0.787399    -0.759083     0.324111    -0.264449    -0.899726     0.463999   -0.0274874      1.12821    -0.122718     0.456158     -0.95213    -0.408122     0.432784    -0.184139     -1.16358    -0.569572     0.499795   -0.0935156    -0.386312     0.416594     -0.02563    -0.283143      -0.4308     0.613316    -0.249388    -0.587519     -1.09796
    0.398189    -0.732714      0.33725    -0.613141     -0.38458    -0.185774     0.229674     -0.10865     0.170713     0.175652     0.270929     0.413091  -0.00206954    -0.244999     0.320375     0.360192    -0.496544     0.216686     0.357508   -0.0773294     0.255399     0.247985    -0.701969   -0.0694582    -0.325884     0.640998   -0.0828984    0.0641875     0.105144    0.0443858     0.106374    -0.401695
   -0.325502   -0.0286131     0.291807     0.372019   -0.0315464     0.874776     0.109651     0.571073    -0.788318     -0.72434    -0.397342     0.499879    -0.281036    -0.203423     0.543926     0.132466      0.64826      0.14309    -0.248499     0.329305    -0.437351   -0.0692583    -0.690814     0.420472      0.47337   -0.0807251      1.16161      1.10152     -1.18491     -1.23436    -0.345262    -0.767446
   -0.276443      1.10093     0.410779     0.250816    -0.115325      0.27811    -0.597832    -0.454647    -0.351073    -0.584863    -0.626336     0.436899     0.163293      1.02083      1.15203     0.723074     0.561331   0.00696039     0.174449    0.0540687    -0.175064    -0.675175    -0.213608     0.692031      1.35785     0.140887     -1.15065      1.08672    -0.961364     0.875839     0.340623     0.312428
   -0.168631     0.059914     0.336499    -0.475305    0.0771822    0.0332046      0.28452       -0.313     -1.16274     0.340737     0.272094    -0.138391     0.793941      1.36397     0.281053    -0.634277     -1.74077     0.627816     -0.32592   -0.0591071    -0.312058   -0.0250442    -0.111477    0.0369197    -0.786682    -0.337913     0.270215      0.85647     0.094503     0.649559     -0.43114    -0.715909
   -0.852893     0.218781     0.464344    -0.846012     0.512904   -0.0823403     -1.03392    -0.276814  0.000531294    -0.364782   -0.0180342   -0.0935925    0.0149111      1.04871     0.446203    -0.445719   -0.0582089     -0.36433    0.0127607    -0.744225     -0.76435    -0.602028     0.650625     0.688373    -0.660734     0.533703    -0.312596        0.254    -0.452242     0.738666    -0.132692     0.245074
    0.846477     0.139483    -0.294334      1.23861     0.839974      -1.5798      0.11245     0.453946     0.752357    -0.499189     0.399658     0.127398    -0.283437    -0.585507     0.438074     0.964527     0.170085     0.439504    -0.920213      1.30016    0.0159707     0.485076    -0.276256     -1.46581     0.744272    0.0178384     -1.18142    -0.711308     0.825096     -0.64243    0.0132086    -0.652156
    -1.38577     0.376792    -0.269868     0.401193    -0.249434    -0.361016    -0.222474       1.6356     -1.46712     -0.25519    -0.315201       0.1285     0.434301    -0.227133    0.0673589    -0.244557      -0.8444     0.882196     0.191632     -0.12368    -0.313679    0.0947605      1.08677    -0.169992    -0.925923    -0.131847    0.0893497     0.653693     0.348589     -0.93435   -0.0993139     0.407777
    -0.53783     -0.24322    -0.509229     0.246771     0.276099    -0.586681    0.0528966   -0.0579514     0.283431    0.0587983     0.155008    -0.450576     0.525259     0.327085     0.932227     0.359784    0.0938648     0.385333     0.195279     0.257409    -0.154518    -0.262274     0.168806     0.154185     0.439178     0.226131    -0.511915    -0.100228    -0.315405    -0.202569    -0.313971    -0.302709
    -0.42301     0.335925     0.020745      1.35707     -1.01983       0.4201     -1.03926     -1.43457     0.154702   -0.0841469      1.81705    0.0480948     0.961451    -0.762207    -0.201227    -0.192096    0.0247016   -0.0667836     -1.70249    -0.878892    -0.614281     0.222871       1.1035    -0.724576    -0.807424     -1.12006    -0.344242     0.366272    -0.823458      2.04328      0.29665      1.54542
   -0.446019     0.536955    -0.750406      0.13139    -0.625196     0.579545    0.0259286     0.263958    -0.689517     0.507464     0.261424    -0.357191     0.880582   0.00518804     0.432915     -1.06468   -0.0231937     0.113384   -0.0377151     0.012393    -0.934751     0.193387     0.223234     0.228306     0.204512     -0.44343    -0.473344    -0.632435     0.353911    -0.345936     0.384581    -0.993204
   -0.808309     0.885607      0.54326    -0.463875     0.901194    -0.861094    -0.686101     0.538032    -0.745751    -0.766521     0.228849    0.0707464    -0.134278     0.634604      1.06456     0.157256     0.517144     0.470481    -0.604453   -0.0777978     0.235651     -0.26391   -0.0966809    -0.628957      1.27806    -0.683854     0.377046    -0.161928      2.00722      1.10794    -0.128092    -0.922024
    0.237328     0.631803    -0.568944     0.988598     -1.02266    -0.799191      0.26704    -0.614067     0.739959      1.04901     -0.14427       1.4383   -0.0414009   -0.0501628    -0.438193      1.07864    -0.410838    -0.367554     0.288093    -0.334569     0.735811     0.690838     0.607759     0.034229     0.900829      0.64878     -1.37786    -0.865164     -0.72899      1.69764    -0.156431   -0.0381381
     -1.2954     -1.49119     0.963144     -1.00546     -1.55824      0.54236    -0.925465     -1.42875    -0.299432    -0.812566     -1.91594     -1.02049     0.241758   -0.0743041      1.39953      0.35332     0.516089     0.639989        1.512    -0.797184     -0.14735     -1.98309    -0.236092     0.459587    -0.518288     -1.09556     -1.66106      1.84962     -1.51731      1.36146      1.17614     0.977679
   -0.516021      1.30896    -0.797219      1.04197     -1.13968     0.688029     0.805949    -0.939579     0.842553    0.0267544     0.188369     0.383647      1.44753     0.216895    -0.137855   -0.0265625     0.365184     0.147963     0.227656     -1.24943    -0.560235      1.13553     0.517374    -0.778575      -1.2016    -0.573642     -1.31456    -0.407687    -0.545155      1.41196    -0.473928     0.488377
    0.106771     0.762452    -0.122029     0.606283    -0.055328    -0.290528     0.412949    -0.629168      0.39705    -0.876615    -0.159008    0.0817432     0.147356    -0.260726   -0.0140424     0.838158    0.0806072    -0.141313     0.352121    0.0970985     0.853675     0.244528   -0.0644923    -0.308043     -1.18987    0.0349819      0.46466    -0.346983     -1.07763     0.192432    -0.206986    -0.172195
  0.00819806    -0.733214      0.14179    0.0199522     0.119204    0.0758027     0.135942     0.184777    -0.125519     0.580668     0.124737     0.481129   -0.0933088     0.300491     0.203565    0.0318088  -0.00885556     0.230956    -0.473495     0.592756   -0.0552335     0.104212     0.233345   -0.0778419    0.0108462    -0.362128     0.360711    -0.268461     0.198703    -0.181696   -0.0648373    -0.115906
   0.0628672    -0.280147     0.225091    -0.736431     0.680615     0.177734     0.486351     0.713277    -0.574981    0.0785834     0.254302    -0.365881     0.117918    -0.402111    -0.927906     0.157493    -0.026263    0.0281273     0.356418     -0.18828    -0.310015    -0.810955    -0.865979     0.163991    -0.189198    -0.195932     0.397487     0.319644    0.0724865    -0.658237   -0.0718941     0.067241
  -0.0992273    -0.105198    -0.140001    -0.725638    -0.105254     0.185041    -0.354517    -0.052165    -0.377737    -0.273869 -0.000698274     0.373974    -0.363401     0.347663    -0.291512     0.191256    -0.565949    -0.338779    -0.508754     -0.19566     0.158357    -0.286373   0.00736696    -0.133358      1.00678     0.096328     0.457667     0.174785   -0.0132216   -0.0838135    0.0519511    0.0964547
    0.238381     0.842101    -0.212831     0.630581     -1.57498      1.47593      1.40802     0.652221     -1.71299    0.0238435     -1.96043     -1.35793     0.295533      1.14123    -0.885789    -0.759149      1.12846    -0.890806     -1.56504    -0.923089   -0.0964578     0.269252      0.25198      1.91535     0.672738  -0.00926702     0.207608      1.41854     0.309675    -0.622423     0.878164    -0.615446
    0.569559     0.531819    -0.435212     0.255543      1.19426    -0.793623   -0.0534449     -1.66944     0.183245     -1.15643     0.889885    -0.108954     0.371795     0.330524    -0.226688     0.170604      1.35285       -1.609    -0.164845    -0.172055     0.463849    -0.260564     0.828894    -0.467978     0.320672      -1.0728      0.19729    -0.349161     0.595838     0.178705    0.0168878     0.998204
    0.722932     0.104611     -1.00794     -0.80468     0.327103    -0.577612    -0.348216      0.74121    -0.168145    -0.795527     0.256023    -0.564292    0.0500321     -1.02189    -0.531629    -0.415137     0.575051     0.367512    -0.176206    -0.320191     0.342692    -0.669234    -0.390308     0.208984    -0.702172    -0.676775    -0.298041    -0.262627      1.05762    -0.376395     0.646569     0.315245
   -0.531937    0.0629187     0.813556    -0.952356     0.336248      0.46722    -0.954285    -0.151104    -0.128454     -1.50343    -0.582649    -0.516055     0.854239   -0.0579732     0.238255    0.0366276     0.360554     0.432698     0.572505    -0.754424    -0.790752     0.440893    -0.157284    -0.115804     0.540417    -0.527763     0.167479     0.148572     0.984725    -0.391467     0.255723      1.30196
    0.527779     0.211538     0.233214    -0.382562     -0.26218    -0.348921    -0.311571    -0.306433   -0.0769055      0.23011    -0.717808     -0.10333    0.0694714     0.490879    -0.378526    -0.455418    -0.965203     -0.64195    0.0395406   -0.0151326     0.978899     0.329493     0.325397     0.369866     0.481631     0.485085      1.15958    -0.823713      0.18331    0.0491219    0.0767432    -0.749698
   -0.265207    -0.228184    0.0517082    -0.261299    -0.208964    -0.260045   -0.0720765   -0.0391665     0.238298    -0.379997   -0.0741161    -0.338682     0.165107     0.377877    0.0306727    0.0405812    -0.122611     0.324801     0.162036     0.148515     0.442328      0.15946    0.0943403     0.037971     0.053798     0.255004    -0.123756     -0.14784     0.442149    -0.539126    -0.389522     0.424185
    -1.47832      1.18041      -1.3097      2.04471     -1.66929      1.26952     0.354998     -1.22005      2.28865    -0.241463     0.249368    -0.467906     0.372936     0.174716      0.44745      1.42211    -0.699099    -0.144974     -0.11688     -1.33722       1.0593    -0.508833    -0.557296      0.56358     -3.59551     0.886129   -0.0832189      1.67747     -1.24962    -0.769778      1.16642      2.52891
    0.048859    -0.320661    -0.822446     -2.34143      1.01805   -0.0349184     -1.16396    0.0417963    -0.602196     0.658637     0.483115    -0.148735       2.6151    -0.154552      2.87126     -3.43188    -0.271147     0.139708     0.644637      -1.7835     -1.26938    -0.199066     0.255344    -0.957831      1.32648     -1.00379    -0.793863     0.568521      1.83673     0.747172      -3.0818      -1.8431
   -0.853872     0.141126     0.340726     0.235575     0.165381       0.3877    -0.224226     0.505195    -0.152967    -0.110989   -0.0546986     -0.12611    -0.286881    -0.139309     0.410768     0.407992     0.176873     0.387036     0.879934   -0.0974543    -0.197282   -0.0923723    0.0373042     0.841698    -0.208334    -0.052903     0.106151    -0.298735   -0.0999168   -0.0185982     -0.27152     0.192937
    0.542296   -0.0234391     0.549073     -0.54124     0.609966     -1.58157      1.08402    0.0878802    -0.173786    -0.425675      1.76895     0.845644     0.178828     0.333387    -0.453683    -0.500157      0.16737     0.912552     -1.01553     0.692722     -1.44798     0.225986    -0.457415    -0.257357     0.867046      0.73157      0.18083    -0.242196     0.725434   -0.0363637   -0.0564709     -1.34123
    0.805947    -0.297889    -0.927384     0.253924    -0.799652      1.89624     0.499775     -1.58324      1.02379     0.676189      1.37904       1.1359     0.905381     0.219012      2.09552    -0.391503       1.0589     0.505672     -1.07612     0.153002     0.924118  -0.00777042    -0.158777     -0.10938    -0.163949      1.78045     0.425938    -0.781128     -1.39686      1.10935    0.0464538    -0.626384
   0.0685558    -0.194506     -0.46466     0.646285      0.37335    -0.127266    -0.250023    -0.336755   -0.0191333      0.17996      1.15291     0.726908    -0.229473    -0.055753     -1.22271     0.278079    -0.242066    -0.778087     0.573865     0.439424    -0.808918    -0.482078      1.96527     -1.14074      1.60472    -0.392497      0.26455   0.00771123     0.897393    -0.563879    -0.585251      1.28194
  0.00127132    0.0505161    0.0771596     0.363528    -0.644996      0.26754    -0.497775   -0.0481214     0.183428    -0.559516     0.144343    -0.279731     0.196648     0.166609     -0.17946    0.0475184     0.117764    -0.743736    -0.019317   -0.0370579     0.218898    -0.349889    -0.245406    -0.206532    0.0147361     0.141229   -0.0397067    0.0864364    0.0426807    0.0457833      0.45233    0.0413345
     0.11306    -0.386078     0.168395  0.000583723    -0.326075      1.39359     0.416612    -0.617214    -0.157409     0.403411    -0.204562     -1.11881      0.22573    -0.644456     0.369885    -0.902491    -0.754008     -1.05176     0.803625    -0.905215     0.372995     -0.30247     0.363892      1.41417     -1.98628    -0.711883     -0.51889     0.441863      -1.5015     0.694542    0.0830743     0.917903
    0.016303      2.11399    0.0400621      1.13463     -1.89382    -0.960729      1.32011      1.05424     -0.26669      1.17909     0.763278    -0.393086     0.780464    -0.880967    -0.278395     0.972985     0.644442     0.213255    -0.491481    -0.313578     0.713578      1.61565     0.194502    -0.154358     0.628552      -2.2394     -2.30652    -0.363528     0.443207     0.363816   -0.0181012     -1.00875
    0.484926    -0.983784    -0.210076    -0.323859     0.846459    -0.819957     0.104707     0.130789    -0.654194    -0.351514     0.369288   -0.0493117     0.223019     0.402762     0.278975    -0.152665    -0.652943       1.1149     -0.29583    0.0742805     0.257881      0.16274    -0.573988    -0.286712    -0.046905    -0.375466     0.965726     0.183089     0.569086    -0.507602    0.0151196    -0.545752
   -0.028428     -1.67415     0.120594      1.12684     -1.52609     0.131985     0.908372    -0.296465     -1.37117     0.276589     -2.15019     0.871089     -1.01676      -1.7552      1.70694    -0.900447     0.392477      2.33762      -1.3718      2.33165    -0.664434      0.42305    -0.847956    -0.361282      0.57442  -0.00369082     -1.89775     -1.00069    -0.797273    -0.408622    -0.900578     -0.92861
   0.0407137     -2.63294    -0.472091    -0.178641      -1.3755      0.17336   -0.0536716     -1.22026      1.85274     0.775198     0.856086      0.30575     0.971216     -1.42874     -1.49317     -1.97693     -2.15788     0.272986      1.76713  -0.00292775     0.775348     -1.59406     -0.67761    -0.745017    -0.435798    -0.670804    -0.595496     -1.23168     0.046394     0.308393   0.00838815    -0.262461
    -1.37185     0.735888     -1.61115    -0.824057     0.411112      1.54932      1.36784     0.710675     0.749468     -1.70453     -1.76705    -0.176397      1.09124      2.18382    -0.273907     -1.60981    -0.880612     -1.46987    -0.611247     0.725182     -1.79952    -0.802612    -0.905683    -0.990988     0.290123      1.33249    -0.533768    0.0345398     -2.14762     -1.25167     0.352611     0.274745
    0.644518     0.512834     -0.50002     0.305329    -0.287836    -0.979608     -0.12905    -0.287489     0.153166    -0.177833     0.737385    -0.137729     0.239483    -0.818534    0.0696273     0.605693    -0.382821    -0.175417    -0.517285   -0.0924261     0.496418     0.236177    -0.465153    -0.878676   -0.0544038    -0.232548     0.427801    -0.662604     0.287856    -0.343712    -0.310482    -0.709573
   -0.540249    -0.355704    -0.843741     0.406657      0.46148    -0.803848   -0.0113609    -0.187701     0.759513     0.917882       0.5456     0.125895     0.215222    -0.292598    -0.870478     0.193096    -0.681812   -0.0605258    -0.161508     0.463805    -0.374967     0.446488     0.865126    -0.965193   -0.0713065    -0.338602    -0.778368     -1.51241     0.562405     0.697197    -0.212974      1.30913
  -0.0500892    -0.427432     0.198775     0.204043    -0.174338    0.0633367      0.61521    -0.794408    -0.195023      1.13763    -0.536338     0.177065    0.0798082     0.350085     -1.57145       1.6245     0.355031    -0.429292     0.331758    -0.204592    -0.119794    -0.210142     0.193864    0.0424423    -0.037523      1.00191     0.621254   -0.0982439     0.645018     -1.63225    -0.921043     0.969913
   -0.782333    -0.720333    -0.993026     0.474462   -0.0462776      2.05173    0.0922857    -0.737362    -0.152519    -0.789322    -0.608684     0.729805   -0.0122574     0.796166      0.43822     -1.39389     -1.13076    -0.486739    -0.716663     0.584293     0.116008    -0.936713     0.386332    -0.100268     -0.26993     0.297979    -0.311583     0.496245     -1.64139      1.07884     0.413924     0.526899
    0.577717     0.961916      1.52279      0.13952     0.272128     -1.18861    -0.460536      1.48379    -0.790585     0.946627      1.18912    -0.528356    0.0809996     0.353244    -0.705238    -0.671278     0.399625    -0.752294    -0.327924      0.61018      0.15737      1.47716      1.43773     -1.13323     0.872788       1.9869     0.138481    -0.546703     0.790901     -2.48635     0.687248    -0.157384
   -0.768547    -0.469696     0.715025    -0.213602     0.138129      1.97055    -0.122336     0.878839    -0.225323     0.428734    -0.634552    -0.660644    -0.371148    0.0713435  -0.00638797    -0.918508      1.19022     0.591777      1.07538   -0.0437622     0.122944    -0.859988     -1.50103      1.84661     -1.37112      1.13938      1.78572     0.983416    -0.182486     -2.90395      0.58747    -0.102749
   -0.593349    -0.243764    -0.654616    0.0908249    -0.151971     0.395429    -0.235636     0.112781     0.793014    0.0860812     0.581035   -0.0668043     -0.10716     0.247877      1.12647     0.224788     0.239801     0.792246    -0.622366      1.17524    -0.140223     0.623317    -0.337501    -0.664954    -0.658501        0.512     0.688587     -1.02791     0.578249     0.502281     0.316208    -0.702432
    0.804288     0.535503     0.775033    -0.497785     0.274068     0.149489    -0.851419     -1.21913      1.63781     -2.63835    -0.544125    -0.810441      1.24251   -0.0747072     -1.40406     0.343071      1.23303      1.09976     -1.95455    -0.137475    -0.940559     0.681956    -0.979177    -0.879737      1.43313    -0.772685    -0.713696     -1.02559      -1.1114      1.26548    -0.676841     -0.49915
     1.24313     -1.42535     -1.27018    -0.711033     0.660403     -1.41571      0.15581    -0.820347     -1.26416      1.29849     0.159891     -1.14492      -1.2145     -2.90032     0.311926    -0.544246      1.75128    0.0462039    -0.798483   -0.0835387     0.130313    -0.415504     0.309872    0.0889476   -0.0213095     -1.15679    0.0180666    0.0705783      1.46991     0.194418    0.0698407     -1.00709
    -1.05483     -0.34221     0.666708      -0.9514     -1.41446     0.459814   -0.0455822    -0.413265     -0.67146     0.938591     -1.27689    -0.253039     0.269624     0.931325    -0.916622    -0.697955    -0.596297     0.332856     -0.39363     0.112523     0.465971    -0.313876     0.784234    0.0470755     -0.96651     0.472221   -0.0256681     0.678012    -0.875979    -0.173168     0.906201     0.392301
    0.441405      1.00165     0.101918     0.411077     0.221536     -0.72848    0.0319662     0.484253     -1.11028       1.1018      0.50981     0.325959   -0.0433199     0.147692    -0.773378     -1.04179    -0.174049    -0.918882     0.654654    -0.576752   -0.0283188    -0.436426     0.393645     0.308213    -0.334547    -0.977967    -0.149904     0.640839    -0.747022     0.536439    -0.445351     0.495656
    -1.28987     0.386646     0.562457    -0.548976      0.89828      1.06517    0.0189957     0.597369    -0.579866    -0.516573   -0.0353341     0.874443      0.10536    -0.428064     0.498922    -0.552899    -0.300851     0.302719     0.757984    -0.608046    -0.136219    -0.316464    -0.899999    -0.569127   -0.0182971    -0.420858    -0.734779     0.208741    -0.145832   -0.0551347   -0.0827835    -0.769077
    0.284394   -0.0964874    -0.840745     0.437257     -0.17316    0.0222996    0.0652046     0.598932      1.48046     0.084352     0.832821    0.0918323    -0.867955     0.454242    -0.375364     -0.28448   -0.0439004    -0.415408    -0.437622      1.27486       0.7823     0.478727    -0.208485      -1.0253    -0.224579       1.4392    -0.632837     -1.34967     -1.28102     -1.29811    -0.865298     -0.70247
   -0.655115     0.504675   -0.0332753      0.22719  -0.00802659    -0.275819    -0.648771     0.588173    -0.587809   -0.0941569    -0.452279    -0.475176   -0.0424585     0.637559    0.0480979     0.391064    -0.333596    -0.657518     0.732697     0.489038     0.272383    -0.878635   -0.0909496   -0.0760482    -0.343617    -0.816219      0.18673    -0.252829    -0.146993     0.849013    -0.204333     0.545704
    0.101508    -0.306292      0.29577     0.385436     0.759588    -0.445155    -0.286518   -0.0086393    -0.967769    -0.590888      1.05344      1.59141     -1.24355   -0.0533512      1.52909     0.276509     0.296477      1.28756     -0.92953       0.5397    -0.750759     0.441256     0.253508     0.697602      1.49664   -0.0668777     -0.32654     0.334519     0.877598     -1.11404   -0.0386363     0.674239
    0.170409    -0.244358      0.40072    -0.063065    -0.616722    -0.470897    0.0203602      1.64751     0.114525     0.149707    -0.360056    -0.876091     -1.14082     -1.62893    0.0498821     -1.26115    -0.124901     0.158969     0.596603     0.509191     -0.83058     0.161757    -0.601692      1.21754  -0.00173864   -0.0251639     0.853147      0.82826    -0.928531    -0.967788     0.745024    -0.616639
     0.86418   -0.0754474     0.171173     0.936286     0.107888    0.0212015     0.374874    -0.815161     0.318922     -1.41227     0.472304     0.331614     0.358133     0.082238      0.20061     0.636739     0.788702    -0.761574    -0.537425    -0.699459     0.197629    -0.602116     -1.12238     0.498362     0.683628   -0.0486091     0.414966      1.61169    -0.280696     0.167153    0.0806414    -0.636316
     1.28843    -0.859712     -0.12886    0.0626461    -0.372374     0.287558     0.769629    -0.226541    -0.111839     0.015914    0.0178817    0.0647936     0.230241    -0.363106    -0.464584    0.0825363    -0.125095     0.368629    -0.277832      0.33161     0.285022    -0.160896    -0.120959    -0.463543    -0.395767    -0.268723   -0.0841228    -0.249071     0.379156     0.438847    -0.491553  -0.00150997
   -0.327253   -0.0991314    -0.211912    0.0823872    -0.104318     0.364069    -0.148966    0.0527442    -0.242204     0.169015    -0.167398        0.147   -0.0859147    -0.040096   -0.0357487   -0.0493462    0.0670873    -0.138665    -0.369069    0.0952784    0.0450052     0.520107     0.118483   -0.0359712     0.146994   -0.0129256   -0.0690126    -0.525038    -0.240134     0.757563    -0.237463     -0.20795
    0.901886    -0.847795    -0.408873     0.730187   -0.0542038    -0.806999     -0.27454     0.191831     0.216617    -0.183904     0.876748    -0.523174     0.780155    -0.161363      0.28402     0.715045      0.12296   -0.0370219    -0.175995    -0.116933     0.186863     0.532126    -0.694281     -1.02311    -0.387105    -0.559136     0.779299   -0.0486307     0.554231     0.652048   0.00391409    -0.891703
   0.0821681     0.631599    -0.642941     0.200713     0.418214    -0.827638    0.0920134     0.070941     0.788451     -1.47837    -0.387858    -0.682963   -0.0791126     -0.20767    -0.309273     0.173075    -0.668957     0.211182    -0.381996    -0.159936    -0.284904     0.248091     0.100073     0.229512     0.206724    -0.283123    -0.398016    -0.463026    -0.301963     0.284881    -0.280902    -0.473918
    0.910756    -0.879463    -0.165494   -0.0428593    -0.289977     0.195545    -0.825225   -0.0223614     0.465026     0.180615    -0.226341     0.330546    -0.371339    -0.558936  -0.00450388    0.0673836    -0.265563     0.291717     0.265081    -0.260106    -0.156835     0.843769    -0.174798    -0.324621    -0.521265     0.321123      -1.1274     0.577572     0.225421    -0.371532     0.137772     0.511612
    0.356027     0.958123    -0.322226    -0.897276    -0.211237    -0.170052    -0.550522     -0.95858    -0.117674     -1.63718      0.24046   -0.0418329    -0.275641     0.166758     0.941284    -0.760764     0.718332     0.331918    -0.103948       -0.351    -0.240691     0.332413     -1.12586    0.0831147      1.05268     -1.29753    -0.307137    -0.383552    -0.764334      1.12202    -0.849095    -0.240148
     1.15129     0.214578    -0.304489    -0.259376     0.739251    -0.258669     0.483379     0.378355     -0.63148    0.0674009     0.131724    -0.282245     0.709593     0.554022    -0.467017    -0.713051     0.107405    -0.363266    -0.509347     0.364546    0.0941145      0.24819    -0.159595     0.808388     0.327881     0.186546      1.37203    -0.554262     0.819602    -0.581956   -0.0397305    -0.555004
    0.463124   -0.0226243     0.430596     0.121529    -0.546316      0.55941   -0.0374465     0.112917   0.00346217     -0.73204    -0.194736     -0.40982    -0.415587    -0.230449    -0.259944     0.148716     -1.00955    -0.948836     0.618305    0.0565652     0.904115     0.578806   -0.0487156     0.962924     0.643217     0.199082    0.0180916     0.218192    -0.238087     0.450056     0.773392   -0.0759557
    0.297313    -0.249624    0.0592826     -1.21548    -0.577597     -1.04841    -0.048618     0.286429   -0.0791259      1.13348    -0.866721    -0.212286     0.564974      1.36797     0.210003     0.996444    -0.509849     0.758336    -0.468601     0.228801     0.569337   -0.0508359     0.106908     0.779122      1.89034     0.251901     -1.01715    -0.742366   -0.0944728       1.1397    0.0839535     -1.20874
    0.681959    -0.568781    -0.544808     0.414321    -0.804605     0.591655    -0.390952    -0.220294    -0.497255      1.33028     0.406428     0.466332     0.726887     0.366189    -0.431973      1.67569     0.757908     -1.19608     0.189319     0.592548     0.153705     0.796497      1.08789    -0.101442    -0.306918     0.655901     0.240186     0.661008     0.656975     -0.37553    -0.233309      1.19446
