  0.726104
 -0.629498
   1.79142
 -0.846118
 -0.427047
  0.283331
  -1.50629
 -0.460216
 0.0674533
 -0.972869
 0.0374631
  -1.27354
 -0.433355
  -1.08536
  0.146604
   1.41404
   1.09096
 -0.135054
 -0.108206
   2.08281
  -0.85746
   0.39019
 -0.110636
  0.999622
   1.07407
 -0.535235
 0.0737508
   1.50863
  -1.52216
  0.544932
-0.0260206
 -0.837004
 -0.519043
  0.622032
  0.393245
  -1.45119
 -0.909601
  -1.32482
   1.71297
  0.971492
  -0.33765
  0.945569
-0.0270173
    2.7529
   1.33293
  0.222237
  0.628225
  0.211622
 -0.197576
 -0.977487
   2.09132
  -2.22537
 -0.779687
  -0.97953
  -1.98088
  0.684605
  0.778838
  -1.34363
   1.16084
 -0.199151
 -0.956606
   -1.8104
  0.739557
 -0.918176
    1.0157
-0.0350086
  0.625417
  -1.02416
   0.31851
 -0.477236
  0.974419
 -0.925525
  -1.09419
 -0.839264
 -0.028768
 -0.107683
  0.811903
  -1.64251
 -0.668184
 -0.381857
  0.886718
  0.998082
  0.854437
   1.22916
 -0.159154
  -1.31672
  0.802958
 -0.290084
 0.0931497
   0.67184
    1.4186
    -1.361
  0.402275
   2.12507
   1.70535
  0.281422
  0.213303
  0.173001
  -0.37731
-0.0332928
    1.4306
-0.0229376
   1.20868
  0.616702
   1.25957
   0.65797
  0.548063
   1.29605
  -1.15693
   2.04707
   2.37223
  0.974516
  0.655351
  0.483948
  -1.15153
   1.35019
  -1.22964
  -1.91597
   1.05954
0.00655269
  -1.46574
  -1.02688
  -0.10984
 -0.325339
   1.34192
  -0.61636
  0.795283
  -1.31738
