   -0.417546     0.155602    0.0399554    -0.160008    -0.288802  -0.00922761   -0.0753915     0.503291    -0.034498    -0.292183     0.229125   -0.0726253     0.202905    -0.317418   -0.0594906    -0.378298     0.166749    -0.344811    -0.327981     0.387159   -0.0311445     0.389064    -0.143872      -0.2091    -0.420998       0.1389    -0.535387     -0.12028     0.244891    -0.380931     0.466999     0.186876
    0.308192     0.117925     0.127806    0.0211276    0.0889066    -0.161555     0.433787    0.0890352       0.1842     0.293525    0.0436599     0.140895    -0.128838    0.0425788    -0.190451   -0.0580815     0.102046   -0.0397797     0.585837    -0.190347     0.362429    -0.101365    -0.277823     0.269862     0.754148   -0.0105312    -0.155377  -0.00794541   -0.0518914    -0.380749   -0.0524946    -0.398177
   -0.178272    -0.352972    -0.127031     0.254101    0.0622037    -0.139753     0.127256     0.298435   -0.0470923     0.331235    -0.205744     0.281702   -0.0496128    0.0126726     0.443833    0.0943042     0.137444     0.156925   -0.0667341    -0.216507      0.66409    -0.600366     0.363678    -0.151036      0.28634    -0.230309    -0.533234    -0.181298      0.31973     0.298805    -0.367283    0.0814052
   -0.556524   -0.0625313     0.287813    0.0992977   -0.0509974    -0.416737    -0.054045    0.0388485     0.312368    -0.231579    0.0415004    -0.720775     0.136989    -0.465299    -0.167557    0.0506542     0.467366    -0.335902   -0.0841368     0.156408     0.290622    -0.378769    0.0633125     0.285804    -0.248676    -0.443834    -0.546083    -0.222959      0.25556     0.393688     0.153161    -0.102029
    0.262175    -0.304891    -0.272687     0.111142     0.272669      0.29504   0.00418362    -0.420514    -0.386081     0.361341     0.584835     0.373841    -0.346804     -0.91174    -0.146683     0.211997  -0.00636179    -0.454634     0.339881    -0.188902   -0.0478064    -0.282392    -0.435828   -0.0813561     0.318733     0.305488    -0.120436     0.420725   -0.0959309     0.150512     0.507939   -0.0480674
    -0.19075    -0.100789    -0.221317     0.280945     0.058228    -0.233057     -0.29004    -0.041523    -0.132654    0.0421585     0.132314   -0.0494542   -0.0639255    -0.261499    -0.212067     0.333572    0.0244034      0.35924    -0.104173     0.300395     0.425224    -0.160942    -0.158894    -0.248852     0.261035     0.203717     0.266236     0.330801    -0.137115   -0.0217125   -0.0494565    -0.328401
-0.000218455    0.0072545     -0.12887    0.0646968     0.520595    0.0892911    0.0947877     0.143046     0.348418    -0.181992     0.673627     0.104426     0.343109     -0.10851    -0.175024     0.416532      0.18586     -0.21531    0.0657846    -0.231713     0.424706    -0.281569      0.15689    -0.432928     0.143095     0.164299   -0.0774938     0.111097    -0.118617    -0.193249    -0.179794    -0.254007
   -0.213055      0.10925    0.0779241   -0.0285234     0.244061    -0.469579  -0.00210364    -0.142646    -0.387036     0.260596   -0.0162098    -0.568029     0.236995   -0.0847046    0.0170163    -0.107131     0.375235    -0.393046    -0.427838     0.405365      0.16964    0.0589273     0.145955     0.156403    -0.297795    0.0341092     0.153837     0.662633     0.383294    -0.292524    -0.147155    -0.154728
  -0.0792705     0.178388    -0.399559     0.411642    -0.105863     0.131198    -0.194627   -0.0946325     0.191737     0.312608     0.216609   -0.0475732    0.0505801     -0.79126   -0.0723705   -0.0838561    0.0114586   0.00861017    -0.132572     0.177229   -0.0374821    -0.276716     0.539399     0.531991     0.137906    0.0179968    -0.384848    -0.346621    0.0520117    -0.166278   -0.0727621    -0.193959
   -0.277816      0.16772    0.0282708     0.258777   -0.0111044     0.378434     0.202331     0.386988    0.0287152     0.109897    -0.229808     0.389728     0.621196     0.462056    -0.177029     0.224956    -0.187119     0.482324     0.341266    -0.295116   -0.0726197     0.125332   -0.0419186    -0.456399   -0.0574816    -0.291273   -0.0144317    -0.168507     0.119189    0.0597853    -0.472209    -0.135572
   -0.165911     0.169591     0.346186    -0.387726     0.782817    -0.446693      0.11775     0.373204    -0.462053     0.472114     0.627516     0.208074     0.650376    -0.544942     0.601542    -0.448045     0.322632    -0.698215     0.593494    -0.304637     0.271095    0.0217949    0.0502829      0.25414      -0.1599     0.334325    -0.131895     0.626799     -0.17751     0.143586    -0.140922    -0.434021
   -0.784511   -0.0526383     0.674478     0.168466     0.237929     0.136537    -0.360073    -0.693895      0.46122     0.326646     0.440444    -0.867048     0.389991    -0.589453    -0.209153    0.0277125    0.0449616    -0.152222    0.0864801    0.0711397    0.0854762    -0.104627    -0.458798     0.502363    -0.286325    -0.622391     -0.52407     0.322247    -0.439162    -0.598754     0.158392    -0.134368
    0.297561      0.20041     0.110622     0.233315    -0.186411   -0.0849161    -0.153239    -0.231267    -0.373147    -0.073222    0.0374116    -0.194319    -0.231427    -0.161837      0.09582     0.272183     0.121143     0.259756     -0.33045     -0.39346     0.349632    -0.225183   -0.0631843     0.293423     0.286021    0.0966932    -0.465354    -0.519524     0.194945   -0.0540056     0.349452   -0.0919715
   -0.819717     0.592577     0.811289     0.322367    0.0244254    -0.232999     0.293786    -0.207702     0.554419   -0.0921899    0.0727187     0.170941     0.138627    -0.474078  -0.00344701    -0.113527     0.134774    -0.292363     0.127837    0.0856993     0.576716     0.651919   -0.0178961    -0.809764     0.197938      0.52467    -0.450109    -0.112266    -0.344719   -0.0177716    -0.287898    -0.186614
   0.0975882     0.153527    -0.321639    -0.234136    -0.173262    0.0229126    0.0453527     0.370618   -0.0182946    -0.319076    -0.225703     0.350239    -0.023595     0.215675    0.0801536   -0.0271261    -0.190718     0.167947     0.369472    -0.239423    -0.183253    -0.117338     -0.17291    -0.035595    -0.184848      -0.3918   -0.0504382    0.0366416     0.342394     0.175284     -0.16586    -0.182975
   -0.370644     0.156055     0.381171    -0.182499     0.067045    -0.298304   -0.0290383     0.505663     0.124408   -0.0211815   -0.0483174     0.137746     0.396824    -0.152271   -0.0368792    -0.129744    0.0423134    -0.947401   -0.0695229    0.0790135    -0.410274   -0.0338762     -0.11328     0.140909    -0.589355     0.269974    -0.229692    -0.121477    -0.084168     0.312593   -0.0070465   -0.0658968
  -0.0525745    -0.192793    0.0740707    -0.469865   -0.0828032   -0.0215651     -0.44611    -0.106419      0.37461    -0.503655    -0.020062   -0.0981653    0.0431542    -0.152955    0.0815162   -0.0682132    0.0981025    -0.432165    -0.235814  -0.00650976     0.193673       0.2043    -0.301914      0.21814    -0.118234     0.222559     -0.20638     0.196958    -0.038026    0.0780808    0.0685195     0.337992
    0.131366    -0.232607     0.219677     0.169419   -0.0392289   -0.0159818    -0.019462    0.0850939    -0.662919     0.198161      0.16361    -0.290227     0.101137    -0.217648    -0.435335   -0.0796281    -0.145387    -0.743816     0.230203    -0.063969      0.57751    -0.182593    0.0841406     0.759147    -0.418054     0.146468     0.219897     0.285267     0.192668    -0.679683    -0.236433    0.0570596
    0.179066     -0.41699     0.369122     0.246321     0.310518    -0.239042     0.255458     0.209146  -0.00276773     0.179626     0.321993     0.458519   -0.0786705   -0.0540834    -0.205151    -0.268417     0.184506    -0.622262    -0.143658    -0.291345     0.217331    -0.678657   -0.0128063    0.0452191     0.176285     0.149352     0.097879    0.0709492    -0.263241     -0.30532     -0.19255   -0.0406694
   -0.362778     0.327153    0.0298119    0.0110959     0.556298      0.19392   -0.0418021    -0.080772     0.160273    -0.447471   -0.0458298   -0.0321633    0.0331936    -0.116489   -0.0211094     0.124817    -0.145536   0.00791566    -0.163506   -0.0635826     0.074773     0.258586    -0.187762     0.222329      0.12773   -0.0246315    -0.342147    -0.091357    0.0209234    -0.209166    -0.359064    -0.142644
      1.0319      0.18099    -0.309313    -0.144143    -0.898314     0.462118     0.318909    -0.208717     0.192283     0.309128    -0.321541     0.646319    -0.159822    0.0337653    -0.271021     0.720339    -0.495943      1.09008     0.737995   -0.0874305     0.305292   -0.0921566     0.321788    -0.288628     0.461724    -0.642744    -0.222591     -1.09253    0.0407072     0.124414    -0.118813     0.420023
  -0.0555535   -0.0518612     0.416665     0.113372  1.26828e-05    -0.457161     0.168736    -0.333676     0.479873    0.0979942     0.310516     0.574336     0.422609   -0.0738219    -0.311408   -0.0414379    -0.339894     0.555231     0.374533     0.315253     0.308679     0.158944    -0.251059     0.275138    -0.495243     0.173659    -0.772357      0.18934     0.342444    -0.477899    -0.227173     0.340372
   -0.233346     0.414365    -0.424685     0.148239     0.607201    -0.114779    -0.172458    0.0765969    -0.670992    -0.261672   -0.0942094     0.278468    0.0164855    -0.159896   -0.0320852     0.141073   -0.0355794    0.0281339     0.167981    0.0612465    0.0896043   -0.0967378     0.290811    -0.275036    -0.288457   -0.0301627    -0.397627   -0.0638598   -0.0953682     -0.21807     0.300734     0.136224
   0.0979874    0.0473111     0.449962    -0.113393   -0.0124038      -0.4239   -0.0900031   0.00757531     0.464712       0.1884   -0.0480334    -0.565616     0.109473   -0.0251311    -0.215222   -0.0517241   -0.0192437    0.0732267     0.238674     0.125854    0.0932091    -0.245711     0.247422     0.615614    0.0547828    -0.120112    0.0157262     0.114049    0.0799252     0.204936   -0.0316282   -0.0386827
    0.229286    -0.616792     -0.21167    -0.362857  -0.00695438     0.532823      0.43019     0.488089   -0.0664662    -0.223425     0.150266     0.304146    -0.213174    -0.297629     0.183182     0.732743   -0.0695231     0.226365     0.425006   -0.0862803     0.728543    -0.383454    0.0607122      0.11603      1.19556    -0.325399     0.328685    -0.870227    -0.399061    -0.258423     0.117925    -0.905019
   -0.245874      0.25508     0.630797   -0.0207217     0.912866    0.0338602    -0.243882    -0.568322    -0.134683     0.246704     0.473475     -0.73385     0.152128    -0.841251   -0.0979772     -0.60792   -0.0149115   -0.0392863    -0.432408     0.173439    -0.282715   -0.0923553     0.118476     0.935051    -0.526418     0.353688     -1.28983     0.289402     -0.18647     0.120164     0.155202   -0.0301163
   -0.150056      0.38488     0.346911  -0.00072409    -0.229854     0.092037       0.2826   -0.0786188     0.690506   -0.0738135     0.465138     0.117537    -0.186321    -0.151196     0.127571   0.00117186    -0.137172     0.193411   -0.0438031      0.51707  -0.00881536     0.147719    -0.116068   -0.0564312    0.0513424    -0.415691     -0.65282    -0.151579   0.00303184     0.200272    0.0533577    0.0622266
    0.438787    -0.266534     0.123418   -0.0762902     0.171869     0.379396     0.392782     0.209817    0.0330803     0.109003   -0.0557431     0.267656    -0.112314    -0.318067    -0.113631    0.0677095    -0.106971     0.209891     0.322502   -0.0310798     0.792451    -0.336197    -0.275278    -0.449197     0.603108    -0.249667   -0.0658563      -1.0283    0.0161686    -0.428733   -0.0192384    -0.612222
   -0.145238   -0.0724626   -0.0334388    -0.166946     0.392088     0.467448    0.0054875   -0.0180329    -0.097899    -0.269538    -0.295414      0.37964     0.339587    -0.234772    -0.085242     0.123583     0.175736   -0.0811977    -0.141373   -0.0863011     0.124091   0.00905795    -0.532418     0.372399      0.29315     0.192316    -0.165844    -0.157159    -0.183539     0.234627       -0.266    -0.384864
    0.185497    -0.065186    -0.534442    -0.196502    -0.158853   -0.0371148     0.270374    -0.290433   -0.0103904     0.100594     0.287827     0.206716   -0.0267929    -0.116183     0.418516     0.220686     0.189361     0.372615    0.0841335     0.237012   -0.0284186    -0.262067    -0.127903   -0.0720777     0.178996     0.349013     -0.32582    -0.441101    -0.161997    -0.115759     0.272143    0.0911569
  0.00357797    -0.310038     0.258382    -0.113834     0.274286    0.0583384     0.137275     0.338015     0.179008    -0.236707     0.260874   -0.0458642     0.166521    0.0527607   -0.0236197   -0.0112088  -0.00108899    -0.296691    -0.257951   -0.0785292     0.209096     0.316931    -0.394354     0.161281     0.118289    -0.300979    0.0791917     0.256554     -0.11041    -0.127413    -0.143577    -0.172776
     0.25784    -0.318963     0.134169     0.424471   -0.0215375   -0.0439119   -0.0740739    0.0166998    -0.196542    -0.253597    -0.146584     0.318101    0.0618877    -0.127042    -0.145949    -0.408133    0.0302853     0.516707     0.314884    -0.425034     0.217763    -0.168879    0.0593794     -0.28094      0.58912    -0.424386    -0.159991    -0.267515    -0.152176    0.0764593    -0.282641   -0.0749711
