    0.105668     0.052081     0.246868    -0.584984    -0.371042    -0.264065   -0.0112438    0.0257452    -0.117405    -0.487593     0.430512     0.215685    -0.383264   -0.0433204    -0.124629    -0.548982     0.204309    -0.142196    -0.555727     0.129073   -0.0119385     0.306624      0.29334     0.481127     0.172838    -0.318764     -0.30132   -0.0943935    -0.357718    -0.464591     0.265776     0.154605
-0.000115808     0.497043   -0.0250697     0.100113      0.41641    -0.418454     0.122517    -0.207339     0.574735    -0.178422       0.1444    -0.145109     0.162959    -0.134387     0.369447     0.421367    -0.392429   -0.0701012    -0.193523   -0.0462539    -0.470493    -0.467464     0.184104     0.287945     0.507595     0.193087    0.0933106    0.0454076   -0.0799419     0.278577     -0.51195     0.351678
    0.092609     0.443854     0.286836   -0.0753296    0.0950622     0.416185     -0.36776     0.377248    -0.176607    -0.049784     0.681815    -0.364531    0.0908022     0.135157     0.160725     0.207548    0.0117014     0.380602    -0.183359    -0.217566     0.383956     0.375937    0.0790565    -0.222246     0.336206     0.341387   -0.0023597     0.378115    0.0470254    -0.254391    -0.159755    -0.613695
    0.128236     0.255698     0.204936    -0.152718     0.198351     0.374619   -0.0434393   0.00689314    -0.506788      0.36882     0.359819   -0.0891827     0.226712    -0.353032     -0.12894    -0.278737    0.0163257    -0.275067     0.224581    0.0676603     0.023615     -0.25529    -0.339863    0.0632754    -0.142383   -0.0188352     0.067799     0.214441    -0.427917     -0.44904   -0.0468153    0.0790405
     0.25789      0.28164   -0.0743467   -0.0122711    -0.112609    -0.274718    -0.175795     0.155039    -0.165279      0.38254    -0.313873    -0.164258     0.311229    -0.177034    -0.405462     0.158574    -0.426217   -0.0312118      -0.1588     0.426491     0.287821     0.224616    -0.182435    -0.153109    -0.144881    0.0022632     0.166864    -0.417343     0.750586   -0.0304517     0.352831     0.436441
    0.139689     0.392874    0.0932602    -0.219412     0.221916    -0.241411   -0.0511229    0.0869582     -0.13943    -0.301088    -0.270122    -0.157994    0.0976686    -0.110848     -0.33416     0.119002     -0.52389    0.0414017      -0.2591     0.181946    -0.192005     -0.10179     0.382484    -0.182717   -0.0291287    -0.341553    -0.034008    0.0354897     0.177689    0.0499017   0.00313191     0.320135
   -0.193892     0.462563     0.317841    -0.236017    -0.288303   -0.0855574      0.17921    -0.127775     -0.21731   -0.0880566    -0.335418     0.246825     0.460863    0.0218825    -0.431188    0.0977876       0.1073   0.00287903   -0.0936041    0.0506328    0.0214595     0.362174    0.0354517    -0.219689     0.176786     0.119673    -0.124572   -0.0926244   -0.0737075     0.246175     0.243868     0.115433
    0.376362    -0.111925     0.386957     0.392316     0.277944  -0.00611485    0.0313067    -0.237667    -0.104328    0.0358548   -0.0296027     0.112766     0.695558   -0.0887306    -0.114285     0.141309    -0.277476     0.369157     0.256996    -0.353098    0.0273997   -0.0874721   -0.0247763    -0.456362    0.0311215    -0.172493     0.557721    -0.561256    -0.348567     0.125866   -0.0393897     0.116459
    0.095523    -0.159433    0.0816389    -0.205189     0.441916      0.61551    -0.335991    -0.012303    0.0268244    0.0846824     0.512621     -0.38012    -0.435711    -0.131951   -0.0457621     -0.32416     0.176154     0.241067    -0.269865    -0.203543    -0.226442    -0.791494    -0.538595    -0.172797    -0.111841   -0.0275725     0.402684     0.475162    -0.016016    0.0724474    -0.590095    0.0107224
   -0.347498   -0.0407743   -0.0741103    0.0826791     0.218689   -0.0170875     0.178671   -0.0212157    -0.159379   -0.0361872     0.255944    -0.212967    -0.360367    -0.345663    -0.296841     0.275064   0.00133485     0.106983    -0.231366    -0.359561    -0.456926   -0.0832989    -0.372374    -0.227418    -0.341819    -0.195818     0.632375   -0.0399048     0.339762    -0.105598      -0.2539     0.237317
   -0.187986    0.0264639    -0.206415    -0.106159    -0.673756    -0.469803     0.333275    0.0373278   -0.0230942     0.309956    -0.170841    -0.121253     0.118291      0.27498   -0.0194093   -0.0577206     0.194026    -0.224737    0.0553489    0.0485909     0.206083     0.253232     0.546022     0.134044     0.394309     0.119212    -0.313852   -0.0903745    -0.145269     0.142671     0.265655    -0.299082
    0.327902   -0.0925166     -0.66933   -0.0511871   -0.0909624     0.214266   -0.0896369     0.381362     0.120143     0.408325    -0.243666     0.120925    -0.339212     -0.24377     0.193923    -0.341114    -0.209908    -0.231933    -0.413899     0.186179     0.548374     -0.64314    -0.106704    -0.569232      0.29519    0.0506315      0.42195     0.414445    -0.247657    -0.426484     -0.18978    -0.285901
   -0.241106   0.00106999     0.645657     0.368609     0.194681         0.25  -0.00669455 -0.000266933   -0.0338547     0.131545    0.0559823   -0.0975116     0.262484     0.397432     0.282941     0.247416    -0.255598     -0.33164   -0.0455138    0.0674663   -0.0686625    0.0310679     0.320027    -0.264507     0.494065   0.00429841    -0.576914   -0.0464554     0.128685     0.509021    -0.398944     0.356197
   -0.300686    -0.379286     0.430941    -0.953849     -0.18244     0.294266    -0.356932    0.0529267     0.233061    -0.409895     0.181814     0.179594     0.141607    -0.123124    -0.113882   -0.0837065     0.245785    -0.890377     -0.28556     0.110307    0.0343341   -0.0092553     0.212859     0.177083    0.0732063    -0.379404    -0.575994  -0.00660473   -0.0292774     0.166624     0.388096     0.262052
 0.000858912    -0.196742    -0.278353      0.57141    -0.099496    -0.669971  -0.00291864     -0.30809     0.125607     0.386537     0.126496    0.0377081     0.446248     0.194916    0.0706939     0.438366    -0.525522    -0.100941   -0.0823653    0.0388164     0.102313      -0.3283      0.23879    -0.163157   -0.0342372    -0.146055   -0.0970695     -0.18773     0.308127    -0.232408     0.330179    0.0755422
    0.554909    -0.370887    -0.220616    -0.458973   -0.0850152    -0.400035    -0.165781     0.447355     0.466925    -0.155708     0.384814     0.164628    -0.291202     0.452671    0.0828453    -0.424917   -0.0196502      0.15414    -0.492291     0.162698     0.170647   -0.0918778    0.0783039    0.0191895    -0.286715    -0.214036    -0.402724     0.404996      0.17495    -0.238869     0.230205   -0.0383733
    0.146623    -0.032764     0.512307     0.499374     0.130923    0.0272477    -0.430334    -0.367287    -0.635145    0.0586201   -0.0712449   -0.0929966     0.469534   0.00299196     0.136598    0.0261726  -0.00757079     0.102158     0.314186     0.385445     0.208418     0.619875    -0.255909    -0.505325    0.0205253     0.454038    -0.330943    -0.409919   0.00245884   -0.0796089     0.142531    0.0855603
   -0.247651    -0.543378   -0.0186768    0.0728242    -0.197066     0.395343     0.166604    0.0726381      1.01126    -0.546177   -0.0308322     0.725357     -0.65896     0.499185    -0.069857    -0.659066     0.293176    -0.379434    -0.591929     0.494465    -0.484472    -0.304517     0.429679     0.115275     0.460455    -0.194897    -0.155145    0.0710419    0.0907724     0.590283    0.0297004   -0.0231577
    0.311353     0.152689     0.129759     -0.30599   -0.0743029     0.454302    -0.516636    0.0772366     0.192794    0.0985551     0.339238   -0.0502814    0.0230799   -0.0714076    -0.204751    -0.142471     0.126449     -0.38732   -0.0193896       0.3273   -0.0612921    -0.617771     0.135594     0.105787    0.0791073     0.167544     0.160373     0.417979     0.190748    0.0512897     0.469226     0.591117
     0.30753     0.529186     0.145237     0.324248    0.0960402      0.11247     0.394239     0.345432    -0.374143     0.474611    -0.200011    -0.272506     0.401645    -0.137097    -0.125979    -0.103803    -0.407489     0.115239     0.254807     0.218821     0.496277    -0.119195     0.807585     0.045238     -0.21081     0.333142    0.0890374    -0.208978    -0.134849   -0.0267529   -0.0374111     0.360348
   -0.121737     0.170501    -0.248962    -0.232188    0.0297628    0.0922279     0.331083     0.164725      0.50538   -0.0477785   -0.0142042     0.116198    -0.675734     0.304962   -0.0599296    0.0598137    -0.356821     0.126788     -0.33229    -0.203837    -0.373521   -0.0866393     -1.13377    -0.428987     0.203688    -0.220744    -0.252137    -0.245023    0.0494319    -0.188229   -0.0314172    -0.430705
      0.4017     0.187661   -0.0775197     0.025454     0.421558     0.405987    0.0637434     0.292473     0.109501     0.278873     0.182173    -0.201209    -0.322849     0.325317    0.0609239    -0.615727    -0.394278     0.294233    -0.165687   -0.0982055  -0.00316013    -0.174922     0.102952    -0.404281    -0.370932     0.465418     0.215045   -0.0219924    -0.257966    -0.125863   -0.0841507     -0.55468
   -0.517259     0.471124     0.666361     0.615798     0.505472      0.37238    -0.155685    0.0993283    -0.403401    0.0527171     0.681515     0.456258    -0.130718       0.2687     0.167319     0.435432    -0.561591     0.156901   -0.0986752    0.0722748    -0.282069     0.502398   -0.0222997     0.169308    -0.154757    -0.234119   -0.0751817    -0.277474     0.356404     0.488642    -0.564872     0.267641
   -0.320115     0.351632    -0.249559    0.0271109     0.230471     0.309933    -0.247871     -0.16133     0.258861     0.358944     -0.22333    0.0141024     0.229887    -0.167053      0.16711      0.29244    -0.228337     0.225677     0.258561      -0.1173     0.312553    -0.302299   -0.0877614    0.0619809    0.0341597    0.0991912     0.176893    -0.205996    -0.277373     0.077969    0.0991317      0.03991
  -0.0726128     0.232743    -0.220014    -0.259183     0.092315     0.133467    0.0266039     0.280828    -0.069441    -0.216396    -0.481039     -0.49458    -0.331212    -0.332631   -0.0972082    -0.391872     -1.11056    -0.409924    -0.929379     0.376464     0.585696    0.0251467    0.0423557    -0.314845     0.571751    0.0771788     0.701888    -0.867932     0.336634      -1.1214     -0.29985  -0.00853187
    0.568836    -0.353631    -0.316465    -0.359753    -0.452518     0.290567    -0.260996     0.638637     0.621581     0.161324    -0.431905    -0.156008    0.0245983     0.415876    -0.267241     -0.57099     0.585585   -0.0432406    -0.172128    0.0595321    0.0148247    -0.262374   -0.0897666    0.0430824     0.352727     0.312501    -0.160954      0.14148    -0.329779    -0.193935     0.232999    -0.249487
 -0.00672935    0.0493838     0.617618    -0.421773    -0.496472   -0.0247036    -0.246919    -0.118417   0.00877979    -0.247205   -0.0105061    -0.218736    -0.653661     0.186266      0.10298    0.0981447     0.151363       -0.459    -0.153641     0.351033    0.0717534     0.217067   -0.0871025    -0.210207     0.270512     0.146531    -0.164116    0.0698618    0.0953137   -0.0885781    -0.133955     0.122112
   -0.341858    -0.325383     0.271353    -0.662448    -0.021438     0.548819     0.429674    -0.417523    -0.115608     0.755221    -0.277871     0.617387     0.848362    -0.393752    -0.548934   -0.0624455    -0.530656    -0.443554     0.070267    -0.393852    -0.157285    -0.194924   -0.0233355     0.605412      0.51593    0.0655086    -0.208641    -0.703234    -0.302002       0.6482    -0.184393   0.00586511
    0.393425    0.0871268   -0.0508951    -0.259955    0.0820354    -0.120398    -0.223276    -0.142092   -0.0265961    -0.317748    -0.208171     0.268747     0.393042    -0.365742    -0.460692     0.128509     0.112226    -0.221482   -0.0289002     0.481448     0.261975     0.408142     0.201558   -0.0302283     0.350472    0.0158827     0.150518    -0.333936     0.336524     0.346173     0.216499     0.133584
   -0.337251    0.0385649     0.317061     0.529055     0.283745     0.256624   -0.0959349      0.40131    -0.557192     0.381571     0.132829    -0.510561   -0.0188617    -0.408202    -0.293516    -0.604701    -0.258682      0.64117     -0.51939     0.466311     0.073581    -0.168948    0.0215772      0.51998     -0.56311     0.560647    -0.109274    -0.163015    -0.327784     -0.49216    -0.347916    0.0749284
   -0.403634     0.282841     0.104662    -0.392973     0.440491     -0.48617     0.221635    -0.333469    0.0254074     0.210301    0.0356628    -0.332949     0.219544    0.0583365    -0.297777    0.0443701     0.384304    0.0167924     0.199202    -0.113428     0.216832    0.0871244   -0.0369187    0.0114105   -0.0997237    -0.457645   -0.0419243    -0.052331     0.243154  -0.00482279   -0.0118028     0.283909
    0.398357    -0.470214   -0.0173702   -0.0609191    -0.262184     0.361063     0.260432     0.359149      0.14826     0.262216     -0.10974    -0.414427      0.01147    0.0421311   0.00204443     -0.40636    -0.483982    -0.350533      0.23068     0.192877     0.281369     0.984541   -0.0569385    -0.265648   -0.0532277     0.151278     0.341004    -0.378802   -0.0768848    -0.471849     0.395655     0.224003
