 -0.00894916    0.0043973  -0.00129372  0.000486222   0.00797204   0.00741628   0.00861058  -0.00288686  -0.00318943  -0.00709841   0.00982506  -0.00813841 -0.000309005  -0.00194896   0.00232655    0.0093865  0.000251663  -0.00993305 -0.000359661   0.00452644   0.00618989  0.000902149 -0.000572951   0.00846761   0.00797847  -0.00796437   0.00270514  -0.00649687  0.000507073   0.00130275   0.00878211   0.00155791
-0.00429995 -0.00251161 -0.00795586 -0.00632791 -0.00509534 -0.00934529 0.000785235  0.00171523  -0.0064437 0.000610294  0.00357682   0.0032473  0.00866133 -0.00409663   0.0026338 -0.00108701 -0.00402968 -0.00772587 -0.00656057 -0.00783978  0.00317628  0.00286648 -0.00937217  0.00115475  0.00490211  0.00333297  0.00465788 -0.00459081 -0.00536429  0.00343999   0.0069671 0.000335765
   0.376767   -0.273708   -0.253957    0.355179    0.131981   0.0300973    0.380509   0.0793228    0.438557    0.284312   -0.443773  -0.0558635    0.716764    0.204973  -0.0010064   0.0125318   -0.714385  -0.0566539   -0.106457    0.133722     0.32408   -0.250149   -0.245383   -0.724141    0.418473 -0.00684447   0.0411394   -0.441726    0.408985  -0.0469237   -0.138041   -0.443897
  -0.159739   -0.112485    0.175518  -0.0378492    0.140932    0.214915     0.35154   -0.244195   -0.248586    0.820321   0.0582405    0.347013    0.412501    0.248651   -0.366982     0.40077   -0.552974    0.208086   0.0812073 -0.00278156    0.167419    0.391285   -0.652639   0.0300754    0.323511   0.0267847    0.651985   -0.977189  -0.0704861   -0.430291   -0.605572   -0.305073
-0.0132742   -0.13382   0.561057   -0.46935   0.217254   0.259628 -0.0478641 -0.0485122   0.618143   0.372406 -0.0779537   0.186469   0.451348    0.82898   0.251811  -0.212521  -0.818023  -0.631026   -1.12883   0.369402   0.373931 -0.0831486   0.160665 -0.0382824   0.580161 -0.0251302  -0.537117  -0.828219   0.451286  -0.378302  -0.115984  -0.345554
  0.221727   0.426652   0.389733   0.288571  0.0870013   0.123964   0.146488  -0.287332  -0.447655   0.980875  -0.352548  -0.133502  0.0699991  0.0302541  -0.436025   0.251363  -0.751058 -0.0634614  -0.363596   -0.33868   0.177049  0.0804667  0.0762415  -0.410174   0.523571   0.533979   0.205916  -0.590528  0.0983036   0.147066  -0.824427  -0.454306
   0.12643  -0.509597   0.214477  -0.306902 -0.0423286    0.16908  -0.312825  -0.152102  -0.416179    0.22412  -0.828367  -0.257411   0.427641  0.0284904  -0.317229  -0.193661  -0.580449   -0.31368  -0.434197  -0.116335   0.319202   0.121551   0.797378   0.285279  -0.133693   0.333067 -0.0717586   -1.50858  -0.429843  0.0311766   -0.82426   0.597679
  0.0936961    0.939382   -0.764986    0.554432    0.406182    0.474677    0.412881    0.161469    0.288146    0.610256 -0.00210557   -0.240014    0.162464   -0.327555  -0.0731412   -0.219971   -0.926593    0.378697    -1.07238   -0.614521    -0.24939    -1.35308   0.0874926    0.360367    0.554195    0.727368    0.515896    -0.79676    0.466788   -0.383626   -0.943895   -0.638656
  -0.802161   -0.510433   -0.571791    0.010845     0.21533   -0.802366    0.509318   -0.444223    0.746871  0.00223323   -0.233999     0.22624  -0.0105353   -0.228566   -0.202581   -0.298632    -0.26183   -0.102675    -1.18777    0.234852    0.212861    -1.00214   -0.510929    0.501759    0.262801   -0.219486    0.100098   -0.532058    0.306364   -0.608452   -0.782457 -0.00473291
  -0.103561    -0.69843    0.317963   -0.279891    0.148363   -0.164234    0.975906   -0.095419    0.582822    0.377286  -0.0118326  0.00662955    0.451303    0.280623    0.280404  -0.0294028   -0.775027   -0.806923   -0.347131   0.0884682    0.461569    0.194517 -0.00342526   0.0306921     0.62924    0.146943  -0.0238584   -0.727307   0.0080677   -0.171446    0.169067   -0.163144
-0.0674392  -0.414217   0.206157   0.244266  -0.231335   -0.34565   0.387437  -0.273746  0.0314062   0.727112  -0.843163   0.108662   0.691017  0.0648665   0.174951   0.448307  -0.842583    0.20076  -0.452714   0.427164   0.378972   0.176993   0.270802  0.0253802   0.903111  -0.368623    0.13901  -0.703096   0.662972   0.299755  -0.098928  -0.763502
 0.870724   0.15091 -0.399375   1.16829 -0.120404 -0.620041 -0.216624  0.127442 -0.392325  0.333504 0.0201334 -0.945384  0.530054  0.111693  0.714961 -0.344863  -0.33405  0.287326  0.681472  0.407965  0.222091  0.272628  0.826562 -0.122466 -0.729912  0.574935 0.0213011  0.499611  0.798939 -0.341422 0.0396763  0.154818
-0.00679022  -0.0169774   0.0820973    0.532468   -0.369466    0.270145   -0.495048   -0.792202    0.212961    0.713672   -0.266821    0.461591   -0.216497    0.162335    0.806199    0.411987    0.427306    -0.62363    0.900094  0.00677927    0.896931    0.449158    -0.42933    -1.08562    0.232134    0.145058    0.147964    0.335916   -0.482735  -0.0653523   -0.177271   -0.035201
  -0.203196   -0.368711    0.320464   -0.470196    0.418791   -0.297331   0.0862677    0.386339    0.122405    0.862293    0.745196    0.138221    0.535429     0.84717    0.426974   -0.109139   -0.407069   0.0848591   0.0364116   -0.636617    0.319151   0.0721181    0.134037    0.806079   -0.621497    0.154426     -1.1879 -0.00783492   -0.366733    0.582631    0.163149   -0.961066
   -0.3332    0.45933   0.236566  0.0777224  -0.554617  0.0745342  -0.346317  -0.566411   0.160921  -0.380724  0.0374445   0.375253  -0.517977  0.0758804  -0.267667  -0.249295  -0.187521  0.0167397  -0.249402   0.990323  -0.318139   0.487992  -0.390469  -0.105563   0.161216   -0.65946  -0.938649  -0.434738   0.344765 -0.0217311    0.86308   0.098764
  0.551984  -0.146214  0.0966252  -0.170828   0.449723   0.179124  -0.762211   0.560891   0.188766  -0.458609    0.51965   0.246553   0.126417    1.20924    0.39361 -0.0411144  -0.133729 -0.0584183   -0.36341  -0.331933  0.0596026 -0.0225349    0.90052  -0.163776  -0.765755   0.207348  -0.903876  -0.556099  -0.383243   0.433162   0.115202  -0.289157
   0.210562   -0.498953    0.182875   -0.195259 -0.00727178   -0.709921  0.00390019    0.359724   0.0776446   -0.777809    0.169835   -0.367165    -1.02829     1.14817    0.889087   0.0927206    0.255064    0.673207   -0.829423   0.0078382    0.712392    0.899388   -0.448791   -0.597619    0.328795    0.516976    0.173932    0.449344   -0.198085    -0.72076    0.313079   -0.829182
 -0.627179  -0.360612  -0.418581 -0.0242419  -0.167723  -0.270209   0.576845   0.109293   0.425458   -0.85452   0.332134  -0.234202  -0.785439  -0.242483   0.119093  -0.455396    1.07387  -0.248178  -0.456806 -0.0648937  -0.306524  -0.683558   0.117845   0.918041  -0.198136  -0.192562  0.0239371   0.709391   0.289173 -0.0823018  -0.443495  0.0464588
  -0.122829   -0.539173    0.718177  -0.0719114  -0.0576765   0.0987735    0.277476   0.0912581   -0.199662    0.181764  -0.0109839    0.271919   0.0560378    0.674684   0.0386565    -0.48268   -0.737608    0.113247   -0.771062    0.413154   0.0514761    0.321189    0.266008    0.550594     1.09388    -0.39435    0.199831   -0.890326    0.234967 -0.00159027   -0.107341   -0.354481
  0.990162   0.496006   0.672342   0.415996  -0.287875   -0.87172   0.475153  -0.601402  -0.904339   0.695973   0.299757  0.0631812   0.367633   0.426971   0.106505   0.339075  -0.158946   0.872069   0.407799   -0.16313  0.0131033    1.09485   0.101497  -0.730009   0.268559  -0.362427      0.253 -0.0595508   0.160869   0.612116  -0.346608   0.985149
 0.0938567 -0.0506914  -0.508976   0.425543  -0.153395  -0.452471     -1.098  -0.143368  -0.411082  -0.721367   -0.60279   0.106242     1.3908  -0.381667   0.251676    1.65317   0.205462  -0.158246   0.539201   -0.60141  -0.324478  -0.176225   0.900882   0.144292   0.105066   -0.22444  -0.106353  -0.264952    0.52891   0.859247  0.0584543   0.511455
 0.0536232  -0.243492  -0.320939    -0.7056   0.275369   0.110767   0.391726 -0.0042787   0.149716   0.663747   0.121195   0.286761    0.18481  -0.400875  -0.322094  -0.194638   0.141864   0.401466   0.358001   0.090078 -0.0444063   -1.00735   -1.28513  -0.278696  -0.679678  -0.329438 -0.0652827   0.683187  -0.192594 -0.0649369   0.522499  0.0226914
   0.57177  0.0685987  -0.606345  -0.418545  -0.391053   0.432669  -0.163533   0.189829   0.318908     0.1138  -0.720397   0.528228  -0.373406     0.2563  -0.602634 -0.0856197    0.86091   0.198326 0.00884337  -0.157258  -0.400412   0.641023   0.821744   0.323431  -0.124846  -0.281598   0.319307  -0.275804  -0.145112   0.383061   0.133699   0.148317
-0.0409503    0.21622    0.54179  -0.192392  -0.172418   0.461771   -0.26135  -0.070372  -0.050207  -0.102525  -0.553585 -0.0109557   0.659207  -0.196385   -1.08181   0.616723   0.536488  -0.392452   0.238659   0.830691   -0.42982  -0.108471  -0.833417    0.41472   0.471946  -0.287705   0.173078    0.35251   0.158592  -0.151106   0.593758   0.977602
   -0.2302    1.00421   0.791901  0.0254547     1.3952    0.51407  -0.717186  0.0521077  -0.233759  -0.442039   0.624941     -0.555  -0.582204   0.755676  -0.234197   0.498978   0.033078   0.213863 -0.0481726  -0.250844  0.0154711   0.550008   0.220862  -0.258805  -0.858515 -0.0206191  -0.376384  -0.369354   0.491957  -0.348621  -0.509727  -0.368737
   0.145492   -0.930019    0.357115   -0.541146   -0.505897   0.0321312    0.479965    0.397199  -0.0461413    0.645664    0.496516   0.0153688    0.121039    0.518429    0.239979    -1.32121   -0.165028 -0.00942112   -0.803744    0.152953    0.755219    0.724285     1.35059   -0.308003    0.198418  -0.0497999   -0.174505    0.357585  -0.0267825      1.0589    0.351261   -0.368142
 -0.779823 -0.0427482   0.214285  -0.515061   0.602379   -0.31779   0.588955  -0.652663  -0.680477   -0.11646    0.57638   0.992598   0.189358  -0.782478   0.174028  -0.031859  -0.601473   0.261733  0.0937349  -0.651182   0.127832   0.661787   0.641903  -0.334174   -0.52361 -0.0771541   0.402972   0.117918   -0.67488  -0.410869   0.534976   0.395348
 0.0502879  -0.442419  -0.460211  -0.661002  -0.446031  -0.693248  -0.024419  -0.244867   0.770016   0.111746  -0.258938  -0.509709   0.273292  -0.774648   0.206742 -0.0886524  -0.747271  -0.632834  -0.337677   0.165953   0.485408  0.0277265  -0.352343   -0.16009   0.485471 -0.0509336   0.433264  -0.457052   0.284277  -0.424315   0.126542   0.289333
 -0.187576  0.0297195   0.717331  -0.555165   0.472202  -0.179647   0.497402  -0.349881   0.209064   0.661955   0.287323   0.228419 -0.0866035   0.532947  -0.285569 -0.0598665   -0.90868  -0.185514  -0.798866   0.310895   0.184104   0.223736  -0.350358  -0.145833     1.1002  -0.484105  0.0813711   -1.08738  0.0864031   0.186876   0.130498  -0.504251
   0.131816   -0.700251   0.0391166    -0.30038   -0.248559    0.350241   -0.427605 -0.00594644   -0.214461   0.0830468   -0.374574   -0.123067    0.578304 -0.00371605    0.140917   -0.107248    -1.09332   -0.101404   -0.466814    0.135232  -0.0171885    0.163912   0.0247941   -0.464926    0.523751   -0.636033  0.00696586    -0.64399    0.539476   0.0566403   -0.519787   -0.505789
   0.360239  -0.0478009    0.311971   -0.402139   -0.186768   -0.413818    0.309727   -0.165239    0.755128    0.636974    0.057788   -0.262718    0.794097   0.0989564  -0.0551759   -0.475367   -0.876749   -0.721822   -0.489821    0.365075    0.560192   -0.127628   -0.230623   -0.132015    0.695464 0.000653728   -0.142011   -0.889305    0.245846   -0.454259    0.237976   -0.014072
   0.564061  -0.0268548    0.498953   0.0544273   -0.289319    0.300147 -0.00708892  -0.0948216    0.152873    0.432675    0.468559     0.77034    0.245535    0.779464   -0.071693  -0.0962728   -0.325668   -0.340665   -0.276137    0.809681    0.253057    0.404084    0.769682   -0.334131 -0.00779893   -0.401587   -0.344252   -0.583202   -0.303184    0.264974    0.294573    0.298817
  0.209701  0.0509049    0.14212   0.660583  -0.416952  -0.119066 -0.0145517 -0.0995642 -0.0857167  -0.342694  -0.141854  -0.613768  -0.115099  -0.383202   0.231066  -0.363661  -0.104949 -0.0534505    1.23945   0.242852   0.385297   0.367341  -0.221532  -0.435304  -0.549279   0.718734   0.855849  0.0190375  -0.381846  -0.609726   0.218854   0.670919
  0.372922   0.561114   0.137999  -0.237371  -0.364494    1.03675   -0.70391  0.0785937   -1.24444   0.424709  -0.357234  -0.592496   0.259024  -0.302659  -0.552847  -0.179309    0.93125   0.271462   0.240519  -0.268838  -0.266536   0.931962   0.401497   0.213022   -0.01673   0.480496  -0.384251  -0.246015  -0.584049 -0.0167774  -0.564949   0.486603
   0.741216   -0.570629   -0.273739   -0.452788  -0.0685626   -0.398715    0.690067   -0.054706    0.311325     -0.2827  -0.0326344   0.0470581   -0.230668  0.00725229   0.0260355   -0.365699    0.648181   -0.719277     1.33163   -0.552938    0.111631    0.936378   -0.470816    -0.27456   -0.133028    0.298945   -0.911341 -0.00743814   -0.534826    0.148596    0.197129   -0.660128
 0.0109763   0.208388   0.374674  -0.651525  0.0340956   0.148407   0.421724   0.376386   0.575918  -0.238376  -0.123094   0.293102   -0.52337   0.549729   0.397026   0.485622   -0.37239  -0.552064   0.306606  0.0195972   0.556385  -0.321922 -0.0619641  -0.392378   -0.52768   0.170748  -0.927939    0.26318  -0.431136   0.568251   0.300484 -0.0395636
 -0.253316   0.387345   0.265001   -0.12711   0.145867   0.183159   0.130063  -0.377951  -0.551643  -0.297352  0.0496568   0.272828   -0.18775  -0.168618  -0.465795   0.651685   0.136423  -0.167415   0.953129  0.0131557   0.710508   0.144225  -0.565761  0.0130295   0.545793 0.00449705   -0.51051    0.24434  -0.641395   0.135831   0.584706  0.0887109
   0.27088 -0.0487295   0.159069  0.0836513   0.180865  0.0540261  0.0810308  0.0166768  -0.106567   0.157302   0.232137 -0.0958362  0.0346949  0.0565592  0.0456571  -0.231558 -0.0354147   0.156472   0.245941   0.105062  0.0125001  0.0882603   0.013234  -0.487732  -0.231744 0.00665141   0.224102  0.0323445 -0.0607254  -0.197323  0.0232815  0.0617654
  0.093945  -0.306762   0.614841 -0.0551244  0.0640183  -0.107816   0.349415 -0.0719134  -0.340221   0.561222   -0.19211   0.347932 -0.0603055   0.305039 -0.0427809 0.00254486  -0.642907   0.397309  -0.651623   0.312905 -0.0504391 -0.0111319 -0.0863674   0.129811   0.709051  0.0872172 -0.0890071   -1.12217    0.29518   0.399335  -0.515035  -0.528814
  0.701366   -1.07585    1.22433   0.602277  -0.336136   0.646542  -0.659184   0.261201  -0.155023  -0.203826   0.159187    1.30695   0.248285   0.477679 -0.0709063 -0.0708106   0.754255   0.290711   0.130545   0.492259  -0.514056  -0.544189   -0.64893  -0.449185   0.369583  -0.238045  0.0659181   0.360232  0.0241168   0.538471   0.174172   0.396371
 -0.187694  -0.725378   0.348746  -0.164086  -0.609399  -0.711724 -0.0532955   0.338154 -0.0841431  -0.140642  -0.429289  0.0564317   0.638253   0.635632   0.108747 -0.0741466  -0.606362  -0.748262    -0.5767   0.355357    0.44058   0.437643  -0.481527  -0.381953   0.495926 -0.0930112   0.198124  -0.400361   0.356619 -0.0816179  0.0095385   -1.10646
 -0.528643   0.582086  -0.246422    1.34777   0.506945   0.300892   0.315675  0.0580077  -0.226385  -0.168018 -0.0947888  -0.496677   0.170538  -0.220299   0.399634    0.20422  -0.639309    1.02738  0.0657002  0.0689609  -0.819186  -0.472369   0.548424  0.0545204  -0.311624   0.682267    0.47627  0.0242355  -0.436555   0.594309  -0.708735  -0.379495
-0.0240878    1.00608  -0.170427   0.652998  -0.572597    1.32601  -0.315724  -0.264698 -0.0971894    1.30479   -1.14386 -0.0292483  -0.225412  -0.658148   -1.59579    1.02248    -1.3904   -0.60494 -0.0158728   0.231347   0.021826  0.0823097    0.24268   -1.21736    1.80584   0.507195   0.697347  -0.269017  0.0997044  -0.312854  -0.587025    1.69817
   0.653963   -0.188675   0.0869745    0.526205  0.00062823   -0.138744    0.290909   -0.121312   -0.362568      0.2958    0.271774   -0.461169    0.740615    0.372936    0.251655  -0.0711094   -0.287225    0.509558   -0.198956   0.0897157 -0.00405957    0.728708    0.669889   -0.211957   -0.204886  -0.0394173     0.53948   -0.175627    0.461703    -0.54332   -0.254233    0.503901
  0.0486596   -0.369761     -0.1709   -0.480347  -0.0206408   -0.670456    0.245742  -0.0533169    0.626105     0.55152   -0.385855  -0.0401421    0.369296  -0.0676212    0.655409   -0.592759    -1.44813   -0.750505   -0.270348 -0.00475558    0.604536    0.140605   0.0580587  -0.0365093    0.544619    0.130686   -0.620261   -0.742436   0.0894854   -0.473096    0.195974     0.21503
 -0.174382  -0.310789   0.493651   0.412535   0.404603  0.0722426  0.0633171   0.300498  -0.395876  0.0758895   0.440284 -0.0936208   0.129957   0.541941   0.172408   0.396811  -0.240178  0.0709702  -0.151793  -0.343059 -0.0687268  -0.104751   0.117787  0.0228537 -0.0891898 -0.0476215   0.291612   -0.09313  -0.185978    0.23589  -0.091851   0.551732
   0.113278  -0.0119168   -0.259998   -0.595048   0.0312143   -0.692526   -0.272616     0.36828    0.293409    0.309359   -0.379749   0.0481928     0.58507   -0.564939   0.0390841   -0.234629    -0.45809   -0.559061    0.221341   -0.332027    0.291848   -0.401301   -0.700434    -0.48881    0.443605 -0.00337514    0.324573   -0.561624 -0.00124957   -0.421538  -0.0245843    0.119183
  0.750011    0.90824   0.098092 -0.0439669  -0.392704 -0.0878463  -0.721716   0.490925  -0.051373   -0.20898    0.62975  -0.105636  -0.218782   -0.63952   0.265237  -0.422206   0.228785  -0.386697    1.02781   0.487625   0.722155  -0.919405   0.179221  -0.512269   0.482961    0.84593    0.53423   0.385818   -1.49654  0.0739227    0.51996  -0.230154
 -0.213855  -0.152002   0.369075  -0.442717  -0.305391  -0.263156  -0.165309  0.0793757   0.608045  -0.147461  -0.898089  0.0393149   0.375105   0.175617   0.257751 -0.0427409  -0.205751 -0.0199205  -0.672691 0.00512526  0.0322219  -0.228459   0.381726  -0.317428   0.676978  0.0781662   -0.75322   -0.90676   0.547716  -0.124944  -0.539844   0.120714
  0.205669  -0.519524  -0.189955   0.794094  0.0944209   0.247964  0.0705398  -0.120574   -0.74425  -0.171838  -0.143059 -0.0183736  -0.089671   0.377736   0.591438  -0.298495   0.924456 -0.0751726   0.141641   -1.28864   0.210093   -0.17225 -0.0589736  -0.211652  -0.432233   0.333868 -0.0158631   0.452476   -0.66361   0.182771   0.450259   -1.32898
  0.222823 -0.0612036  -0.227644  0.0367759  -0.234327  -0.726765   0.979807  -0.274871    -0.2171     0.2611   -0.81876  -0.199691    1.41382 -0.0382908  -0.115196   0.123086  -0.516273  0.0930518   0.231752   0.340751 -0.0195595  -0.176576  -0.166996  -0.110417    0.40618  -0.187299    0.40779  -0.697103   0.264422   -0.42169  -0.121488   -0.17998
  0.285374 -0.0893881  -0.193068  -0.272011  -0.260074  -0.298121  0.0455049   -0.13439  0.0874153   0.421293   -0.33493  -0.142142    0.47994  -0.326735  -0.128195 -0.0521597  -0.207121  -0.389241   0.133236  0.0250652   0.237505   0.129144  -0.330525  -0.213633   0.225769  0.0442824   0.272873  -0.300695  0.0681482  -0.392284  -0.170374  0.0197925
 -0.322832  0.0913779  -0.196289  -0.326083    0.26832  -0.290799  -0.603698   0.405466   0.790745  -0.546588   0.588796  -0.549996  -0.138975  -0.571555   0.624598  -0.342341  -0.478024  -0.554832  -0.367125  -0.446381  -0.130753  -0.578941  -0.113846   0.067171 -0.0392074   0.147201   0.750881   0.123745  -0.244399  -0.412629   0.334276  -0.309986
  -0.548517    0.202257   -0.121952    -0.35734    0.149517  -0.0524541   -0.219675    0.405307   -0.527889   -0.249633    0.655335   -0.409998   -0.268815   -0.325217   0.0179711   -0.308903   -0.515202   -0.145954   -0.195936   -0.212232   0.0183908   -0.235025   -0.373826    0.369884   -0.112377    0.135089    0.486925 -0.00152427   -0.100252   -0.634477    0.125532   0.0193945
 -0.584103   0.478754 -0.0912096 0.00533944   0.455929  -0.407786   -0.60974   0.589204 -0.0350398  -0.329314   0.616558  -0.625773   -0.45794   -0.46761  -0.293957  -0.259112  -0.391685  -0.399936  -0.121656 0.00350422   -0.12146  -0.271812  -0.282983   0.330877   0.127425 -0.0304482   0.780684 -0.0350873  0.0418699  -0.528263   0.467122  0.0295024
 -0.204022  -0.183846   0.356498  -0.131181  0.0620028  -0.188291    0.44205   -0.44069  -0.139277   0.148054  -0.944857   0.245241    0.25143   0.140449 -0.0579057  -0.645144    -1.3256   0.181839  -0.176934   0.935219  0.0355981   0.280114   0.452249  -0.147304   0.680774 -0.0849201  0.0476569  -0.999117   0.160788   0.194695  -0.187962 -0.0895296
  0.157419   0.155492  -0.153021  -0.447384  -0.171884   0.251083   -0.71683   0.120451  -0.158247  -0.302084   -0.18353  -0.128743   0.927917  -0.285459  -0.212804    0.17492  -0.566345  -0.467777  -0.157772  -0.149641  -0.527164  -0.274652   0.207802   0.846436   0.576964   -0.44632   0.610192  -0.737621   0.272439  -0.101919  -0.573576 -0.0509799
  0.121423  -0.151337  -0.372079   0.714498   0.196463  -0.352022  -0.100558   0.091818  0.0483392   -0.71061 -0.0841557  -0.525249   0.186835  -0.152052   0.252721   0.209456    0.19343   0.894888  -0.573716 -0.0699318  -0.441311  -0.597152   0.703601  0.0581024 -0.0940821  -0.315589   0.586399   0.332574   0.488974  -0.371487   0.145643    0.37462
   0.186278     0.42792   -0.138089    0.238438    -0.27769    0.254239   -0.115159    0.291495  -0.0181018    0.114282   -0.213132   -0.326759   0.0395016   -0.638424   -0.730487    0.209093    0.184411   -0.238999    0.334289    0.142813   -0.365194   -0.543525   -0.367892    0.395336    0.786793 -0.00992153    0.602368   -0.186621  -0.0737877   0.0164587   -0.167134     0.53111
  0.230681 0.00474504  -0.244574   0.217922   0.423294  0.0282323   0.149431  -0.151662  -0.189245   0.562954  -0.644055 -0.0709325   0.768104 -0.0859352  0.0530353  -0.275469  -0.623836   0.126085  -0.280966   0.188088  -0.137584 -0.0135734   0.044785   0.101672   0.762532 -0.0489537   0.271777  -0.403635   0.233244  -0.281944  -0.609318   0.262621
 -0.880609   0.777291  -0.215598  -0.165201   0.212831   0.418798  -0.136644   0.698565    -0.7311 -0.0347136   0.423653  -0.434516  -0.624241  -0.465533  -0.705322   0.362906  -0.300956   -1.07273  -0.411274  -0.160367    0.57681 -0.0122197 -0.0476669   0.232598  -0.258359 -0.0951884   0.578737  -0.341289   0.526572  -0.600092  -0.155895  -0.565608
 -0.633367   0.313822  0.0239299  -0.323381   0.256232  0.0634941  -0.444031   0.524738   0.142789  -0.457855   0.206693  -0.131068   -0.21312  -0.297602   0.249089   0.321518  -0.296296  -0.408965  -0.190985   -0.06115   0.164033  0.0421916  -0.432121   0.217039 -0.0872025  0.0496186   0.748865  0.0853042 -0.0810882  -0.573316   0.343182 -0.0679489
-0.370754  0.157715 0.0556099 -0.373265  0.319493  0.353363 -0.146352  0.394102  0.161957 -0.473524  0.451255 -0.168449 -0.368227 -0.134096  0.199267 -0.206294 -0.473251 0.0113993 -0.250718  0.125472  -0.17227 -0.474558 -0.468015  0.209476 0.0545709 -0.137259  0.558843 -0.185036 -0.505061 -0.540011  0.654975  0.187714
  0.144226 -0.0773236   0.123318 0.00708267 -0.0923303  0.0796066   0.159932  -0.178345  -0.191372   0.293544  -0.347088  0.0198651   0.263439  -0.181015   -0.13693  0.0621782  -0.403064  0.0800331  -0.256459   0.137282  -0.102163  0.0595351  0.0397635 0.00643485   0.605047  -0.140649   0.237317  -0.545197   0.113362  0.0246164   -0.40335 -0.0192717
  -0.122599   -0.833384   -0.305441    0.308077 -0.00575014   -0.518481   -0.438529   -0.421674    0.990892    0.256817   -0.576773    -1.27242    -1.15841   -0.808983   0.0275897   -0.591985     0.45315   -0.613051   -0.854795    0.270012   0.0227734    0.204721    0.188717    -0.65705    0.847815    0.542505    -0.47107    0.404737 -0.00328081   -0.236021  -0.0333903     -1.1133
-0.0863427  0.0193376 -0.0726576  -0.205586    0.05678 -0.0997108   0.108241 -0.0084039   0.255109   0.265173 -0.0469559 -0.0115122   0.238123  0.0199736   0.148953  0.0612907  -0.527055  -0.201906   -0.44079 -0.0996938   0.169353  -0.121095  -0.105494 -0.0441114   0.386612  0.0665248   0.113648   -0.42606   0.118281  -0.171233  -0.201026  -0.313189
  -0.459952    0.273936   -0.135884   -0.220205   0.0564037   -0.153252   -0.350685    0.422575   0.0705355   -0.284173    0.594947   -0.565649   -0.217206   -0.285575    0.248643   -0.330427   -0.489928   -0.535353   -0.212322    0.127636 -0.00156895   -0.272837   -0.180116    0.563863   -0.166826   0.0733028    0.213558  -0.0680565   0.0429424    -0.47127    0.293758   0.0464825
 -0.355445   0.469425  -0.266928  0.0455116 -0.0591565   0.899901   0.304211  -0.424291    0.35523   0.101362  -0.309003   0.290856  -0.452793  -0.747516  -0.105726   0.463909  -0.361922  -0.138415    0.20581   0.455418  0.0845726   0.659419  -0.709837  -0.273199   0.289773   0.623567   0.207237   0.221116   0.104321   0.284466  -0.337543   0.519736
 -0.198103   0.124976   0.174933 -0.0455959   0.237139   0.278495   -0.24483   0.625288   0.368953 -0.0564072   0.331527  -0.630753  -0.079607   0.398323   0.538767  -0.388062  -0.518367  -0.286644  -0.130633  -0.515265 -0.0283113  -0.949998  -0.379223   0.243805   0.327019   0.219939     0.8033 -0.0593441  -0.158624  -0.469381   0.282877  0.0714781
 -0.372522   0.257726   0.250419 -0.0206816   0.393627   0.013644  -0.577131   0.517165 0.00427556  -0.239157   0.474013  -0.320278  -0.325873    0.23689   0.050417  -0.138444    -0.4152  -0.256767  -0.488439  -0.454924 -0.0678512  -0.357534  -0.211201   0.506437   0.066409   0.146519   0.385007  -0.159544 -0.0213835  -0.572466   0.114026  -0.296361
-0.00468061  -0.0255357  -0.0535521  -0.0570859  -0.0161129   0.0044674  -0.0166439    0.017195   0.0507328  -0.0363084  -0.0333312   0.0303308   -0.030657  -0.0272521  0.00409995  0.00551526   0.0360195  -0.0622889  0.00905908  -0.0135148   0.0308432  0.00406586  -0.0116717  -0.0147962   0.0313014  0.00599929  0.00384441  -0.0176726  -0.0134697   0.0184384   0.0203159  -0.0293096
  -0.539932    0.274205    0.148842   -0.195521    0.148352   -0.117139   -0.750023    0.492537 -0.00428619   -0.754844    0.308863  -0.0271579   -0.455292   -0.240981   0.0529708     0.13338   -0.444136   -0.332699    -0.43212   -0.363776   0.0890852   -0.391021   -0.286674    0.033351   0.0057161    0.124389    0.707143    0.060193   -0.104267   -0.378784    0.484623   0.0961731
 0.234609 -0.174133 -0.205997  0.477131  0.197459  0.249423  0.713155 -0.174812 -0.173128  0.123833  -0.69869 -0.168167  -0.15587 -0.409775 -0.510794  0.236037  0.843272  0.174594  0.299111 -0.463946 -0.532437  -0.22426 -0.136523  0.509936 0.0180369  0.582829 -0.120647  0.208384  0.109208  0.172284 -0.758027 0.0354945
 -0.0675117  -0.0258649  -0.0302886    0.244741  0.00336119  -0.0945296    0.237271  -0.0494438   -0.163031  -0.0588134    0.173247   0.0545195    0.137755   0.0779846  -0.0430716   0.0723964  -0.0371494    0.349412  -0.0590027    0.185837   -0.162197   0.0460697   0.0340162    0.113992  -0.0604263   -0.168832    0.169318 -0.00264679 -0.00688745  -0.0659582    0.135534    0.203874
  -0.0045056   0.00302822  -0.00918589    0.0103425  -0.00536641    0.0061791    0.0061585  -0.00783498   -0.0187731   0.00466639   -0.0126238   -0.0139833   0.00358963  -0.00770997 -0.000422032   -0.0003137    0.0107541   0.00223203   -0.0117384  0.000256748  -0.00078698   0.00125085   0.00479866   0.00237405    0.0056021  0.000777042   0.00721434  -0.00274695   0.00666143   0.00433206    0.0042128   0.00963105
  -0.132648  -0.0541478  -0.0558216   -0.328418 -0.00263905  -0.0783661    0.159087  -0.0832737    0.237686    0.200483   -0.214861  -0.0964589    0.149097  -0.0662106   -0.141819  -0.0154476   -0.358822   -0.347611   -0.323144  -0.0521194    0.272476  -0.0623265   -0.281377   0.0140577    0.415297    0.116768   0.0461568   -0.417293    0.110034    -0.25453   -0.264755  -0.0848142
  0.141671   0.137797 -0.0256184  -0.175052   0.413442   0.243468   0.227559 -0.0554621    0.24782 -0.0262796  -0.287513   0.113366  0.0715178   -0.26765   0.132448   0.444848   0.558091   0.302628   0.836844  -0.310651   0.257671   0.079547   0.186949 -0.0392797  -0.363182    0.16052  -0.421027   0.147367  -0.217082   0.364847  -0.170791  0.0567357
-0.0613694 0.00940271  0.0658933  -0.114814  0.0154328   0.107605  -0.139609  0.0382008  0.0152675   0.146514  -0.262789 -0.0230875    0.40175 -0.0708585  -0.165079  0.0314948    -0.3993 -0.0759008  -0.307972  0.0333514 -0.0796609  -0.393435 -0.0679551   0.141738   0.382309  -0.109307   0.265543  -0.467168   0.154909 -0.0618328  -0.276165 0.00474387
-0.0476058  0.0241087  0.0296106 -0.0210799  0.0451878  -0.166514   0.276049  -0.176381  0.0546381   0.338372   -0.22128  -0.159025   0.445193  -0.057074 0.00702618   -0.14303  -0.681016  -0.230515  -0.211238  0.0200387   0.145253  0.0938658 -0.0107285  0.0831399   0.463473  0.0474911   0.164876  -0.553816   0.167809  -0.273079  -0.283188 -0.0221298
-0.0271434  0.0461009 -0.0233842    0.16206  -0.274784   0.744781   0.175737  -0.290014   0.283576   0.164788  -0.513591    0.19419  -0.480753  -0.670138   0.138345   0.204794  -0.281157   0.139535  0.0348327  0.0347881 -0.0717922   0.637059  -0.389366  -0.641375   0.230476   0.489724   0.251117  0.0522436  -0.131335 -0.0407842  -0.294618   0.204929
   0.131316    0.173501    0.151985  -0.0603387    0.170753 0.000508268   -0.379695    0.142431   -0.318405   -0.015165     0.21327   -0.178091   0.0573766    0.298284   0.0082715    0.205901  -0.0388134    0.329261  0.00457768   -0.127614  -0.0251939   0.0640085    0.499404    0.126354   -0.313646  -0.0106138  -0.0562587   -0.139378    0.068953   -0.079536  -0.0481071   -0.161056
  0.0807707    0.105882  -0.0569447 -0.00939643    0.181181    0.129975    0.210364    -0.33433   0.0709035  -0.0136451    -0.15795   -0.183828 -0.00535143   -0.396838   -0.146582    0.160756   0.0549352   -0.193003    0.419771   -0.233645    0.198845    0.196531   0.0143877   -0.487538   0.0923077     0.15546  -0.0298715    0.377466 -0.00441249  -0.0008069  -0.0152716    0.257436
 0.0596967   -0.25623   0.210749 -0.0994802  0.0868836 -0.0637582  -0.112286   0.121892 -0.0368936  -0.187198   0.172481    0.17452 -0.0512693   0.395488   0.150334 -0.0935201   0.424297  0.0503764  0.0585998   -0.24355  0.0807715   0.130086   0.111712 -0.0198802  -0.186487 -0.0324082  -0.401085   0.185513  0.0287213   0.108597   0.246405  -0.248336
 -0.0214899  -0.0354517   0.0405225    -0.07812   0.0630547  -0.0503111   0.0339572   0.0297766  -0.0214761   0.0261242    0.119385   -0.031709   0.0470385    0.178937    0.120033  -0.0729384  -0.0656624  0.00581266   -0.013546 -0.00917171   0.0728549   0.0906002   0.0948688   0.0750008  -0.0879812  -0.0325917   -0.152376   -0.102202   0.0138883   0.0400927   0.0623337   -0.153772
  0.198543   0.141343  -0.101745   0.226401  0.0397724   0.284124  0.0996612 -0.0666682  0.0276871 -0.0647542  -0.195974  -0.052494   -0.32511  -0.332234 -0.0674486 -0.0150524   0.217529   0.213366     0.3083  0.0269758 -0.0827726  0.0418823  -0.219806  -0.213596   0.092679   0.322555      0.189   0.295783  -0.249677  0.0270175 -0.0971061   0.142734
   0.0719889    0.0482419   -0.0301282    0.0757717   -0.0187447    0.0562343   -0.0277161   -0.0053965    -0.068568    0.0441341   -0.0724817   -0.0358032    0.0673339   -0.0139152   -0.0376038    0.0579033  -0.00933893    0.0231428    0.0439672 -0.000638275   -0.0405723    0.0661232     0.100083   0.00801649   0.00550586    0.0210942    0.0423722   -0.0322498     0.037965    0.0335874   -0.0376612    0.0691617
-0.00780097   -0.101387   0.0759519  -0.0713645   0.0242564  -0.0375843  -0.0879625    0.112843  -0.0682581  -0.0941238    0.160093    0.114803   0.0992865      0.1979   0.0968867  -0.0426898    0.077291  0.00573465   0.0333116 -0.00103894    0.056606   0.0546041    0.105042    0.122471   -0.218098   -0.158108   -0.158558   0.0189943 -0.00246646   0.0110584    0.107544  -0.0296375
   0.141075   0.0287732  -0.0309036    0.129165  -0.0184976   0.0472414   0.0220886   -0.095534   -0.177811    0.141407  -0.0965372   -0.162356   0.0942866   -0.108663  -0.0834921  -0.0779133    0.107733    0.166617    0.216184   0.0341563   -0.113587   0.0531107  -0.0426835  -0.0202184   -0.106727   0.0580533 -0.00611877    0.178772    0.134599   0.0333822 -0.00788692    0.144712
 -0.178196   0.654611 -0.0647281   0.503979 -0.0276847   0.869046   0.347192   0.123243    -0.3622   0.156949  0.0488008   0.151619    -0.7086  -0.507003   -0.83604    0.43679  0.0858122 -0.0392921   0.516595    0.67018 -0.0423583   0.475808  -0.361719   0.099632   0.652594   0.268896   0.499843   0.196885  -0.317977   0.428894 -0.0729705   0.878889
   0.012255  -0.0590208    -0.11345  -0.0843621   0.0525472    0.169508   0.0258826   0.0154347   0.0823481   -0.172251   0.0333087  -0.0515619   -0.244154   -0.258537  -0.0967084 -0.00993108    0.228841   0.0104323   0.0279478   -0.186715   -0.033771   -0.128478   -0.264543   -0.117591 -0.00580786  -0.0321715   0.0887017    0.390048  -0.0956996  -0.0705286   0.0338351   0.0737762
   0.184476   0.0652214  0.00546891    0.161442   0.0162174 0.000176238  -0.0729445  -0.0480674  -0.0945047    0.120913  -0.0804281   -0.126042    0.179808  -0.0123302  -0.0834307    0.227841   -0.106667   0.0114121   0.0668775  -0.0364589   -0.042475    0.110943   0.0724193  -0.0778918   0.0406202   0.0160624    0.170064  -0.0656999    0.106959  -0.0330978  -0.0629586    0.130392
  -0.0474822    -0.035588    0.0917596      0.10593     0.166966    -0.112176 -0.000596526    0.0858968    -0.265409    0.0306118     0.246672    0.0304234     0.167882     0.283419     0.177249   -0.0785631    0.0432766     0.273217   -0.0352293    -0.115093  -0.00611705     0.214913     0.313168     0.197002    -0.274928   -0.0192116    -0.191349   -0.0334774   -0.0218057    0.0758515    -0.045191    -0.204151
 -0.0569263   -0.130488  -0.0652479   -0.171805  -0.0114344    -0.14886   0.0716679   0.0500096    0.151256 -0.00585816    0.037477 -0.00549391   0.0309786    0.146587   0.0684653  -0.0891203  -0.0407384  -0.0376576   -0.206517 -0.00062523   0.0248378   -0.125752  -0.0899026    0.116938  -0.0517707   -0.131049  -0.0438219  -0.0332265   0.0963929  -0.0452166   0.0370316    -0.15141
  0.0983062    0.164392    -0.05159    0.074949  -0.0344913     0.13723  -0.0207227  0.00105365   0.0514628  -0.0778794   -0.147338   0.0328854   -0.162633   -0.142207   -0.114003    0.123392    0.332811   0.0173541    0.248899  -0.0236521  -0.0733132   0.0830065  -0.0118397   -0.123799   0.0531655   0.0306097  -0.0119107    0.113089 -0.00969836   0.0864433   0.0141956   0.0631035
   -0.02041  0.00994773   0.0138278  -0.0167798    0.016926   0.0122757  -0.0124445   0.0105639 -0.00613935 -0.00781813  0.00266935 -0.00237305  0.00528939 -0.00746666  -0.0011249  -0.0033271 -0.00461949   0.0021369  0.00330466  0.00714584  0.00528222  0.00791451  0.00681109 -0.00892256 -0.00808864 -0.00219637 -0.00467099  -0.0200871  0.00222154 -0.00966924   0.0175796  -0.0143607
-0.0630394 -0.0448435 -0.0102097  0.0200647  0.0405005  -0.178852  0.0663943  0.0445674 -0.0258226  0.0173849   0.128045 -0.0858079   0.114256  0.0830363  0.0720812  -0.106741  -0.209474 -0.0124568  -0.128462 -0.0124267  0.0102689  -0.047672  0.0784485   0.152653  -0.113133 -0.0433081  0.0732131 -0.0941658  0.0857719  -0.119049 -0.0602412 -0.0366742
 0.00317173 -0.00522828 -0.00497806  -0.0108233   0.0062847   0.0116739   0.0142639  0.00280254   0.0134119   0.0107308  0.00453078 -0.00205876   -0.032927   0.0164819   0.0198727 -0.00301309  0.00210536   0.0163845  1.5477e-05   0.0103073   0.0106887 -0.00186889 -0.00258837  -0.0163543 -0.00674496   0.0143526  0.00834362   0.0142864  -0.0106484 -0.00625166 -0.00149002  -0.0214777
  -0.0124211  -0.00544848  0.000110448   -0.0192441  -0.00157379  -0.00848911   0.00343512  -0.00763223    0.0084705  -0.00976456   0.00934872   0.00159104  -0.00645342   0.00322416    0.0055925  0.000278555  -0.00786566  -0.00362681   0.00086044  -0.00267723 -0.000490495   0.00370761   -0.0109858  -0.00592949  -0.00530796  -0.00429473   -0.0216682  -0.00856737   -0.0115439   0.00471229   0.00418064   -0.0152555
 -0.144153  -0.214881 -0.0357993  -0.186374  0.0209292   -0.25494   0.185745 -0.0549115   0.144907   0.179048 0.00700593 -0.0246376   0.260144    0.14752   0.148365   -0.08348  -0.358822  -0.156618   -0.29111 -0.0628933   0.146816 -0.0541009 -0.0476773   0.110056  0.0508751 -0.0554051 -0.0589982   -0.24786   0.151744  -0.103015  -0.153357   -0.25359
 -0.00530609   -0.0231297   0.00472355    0.0277922    -0.015192   -0.0115808    0.0416208   -0.0242947   -0.0144966 -0.000133528   -0.0291489   0.00237783    0.0107599    0.0355959   -0.0146907  -0.00623997     0.061468    0.0420811  -0.00470278    0.0337602   -0.0385923    0.0227741  -0.00415256    0.0335112   -0.0158661   -0.0526849   -0.0289251    0.0498968    0.0701528    0.0117847   0.00294055    0.0275532
 -0.00695819 -0.000643097  -0.00303996  -0.00349521   0.00893174  -0.00512385  -0.00347303   0.00208812   0.00996582   0.00556552   0.00767247  -0.00295052   0.00267548  -0.00953499   0.00923893   0.00197157  -0.00628433   0.00862986  -0.00540024  -0.00141198   0.00321566  -0.00961391  -0.00473651  -0.00796568  -0.00856164    0.0092469  -0.00781877   0.00331185   0.00492028   0.00258917  0.000501709   0.00817445
 -0.0286698   0.0113779   -0.018972  0.00857299   0.0175616   0.0126904  0.00467836  -0.0121955 -0.00650108  0.00234558 -0.00316463   -0.027531   0.0133993  -0.0506287  -0.0286674   0.0315032   -0.045386  -0.0246594  0.00387313  -0.0330248    0.014534  -0.0109758    0.005134   0.0175569    0.027683   0.0200618   0.0301937  -0.0406689  -0.0020781  -0.0323692  -0.0238541   0.0041583
   0.0204876 -0.000283437    0.0880796    0.0654456 -0.000955916       0.1123    0.0715704   -0.0529747    -0.103675     0.144968   -0.0491906     0.104272     0.115092    0.0212439    -0.081611    0.0445505     -0.12313    0.0340111  0.000554317    0.0679114  -0.00987179    0.0162811   0.00991533  -0.00309757     0.118091    -0.066191   0.00257499    -0.113685    0.0635524     0.083432   -0.0219122    0.0835823
 -0.00994744   0.00809515  -0.00508699  -0.00630954 -0.000576048   0.00847402  -0.00268492   0.00522031 -0.000669861   0.00161245   0.00609629  -0.00763776  -0.00100724  -0.00155761   0.00303055   0.00220992  -0.00079345   0.00217972    0.0067115    0.0041038    -0.012262  -0.00272861   0.00490737   0.00323498  -0.00535217   -0.0031461  0.000527854  -0.00957117   0.00163001  -0.00875982  -0.00402722   0.00869288
