  -0.560001
     0.4393
  -0.420015
 -0.0606538
  -0.644087
  -0.219074
  0.0340825
  -0.419765
  -0.043302
  -0.129838
  -0.184398
  -0.355029
  -0.879621
   0.151042
  -0.160806
  -0.329888
  -0.731271
   0.164033
   0.246978
  -0.178632
  -0.112679
  0.0852667
  -0.377816
  0.0665711
   -0.57711
  -0.398349
   -0.59137
-0.00736192
   0.448753
   0.531106
  -0.164721
  -0.793343
-0.00906888
   -0.42308
  -0.143255
  -0.229568
  -0.175712
  -0.458742
 -0.0425728
  -0.218907
  -0.197555
   0.016991
   0.126904
  0.0443383
  0.0646984
  0.0908337
 -0.0889531
  0.0292858
 -0.0615083
  -0.119068
  0.0964025
  -0.660949
   -0.36543
  -0.630086
  -0.541466
  -0.103827
  -0.419876
  0.0413425
    0.12151
   0.176113
   -0.44874
  -0.541442
  -0.252647
   0.508639
  -0.378966
  -0.155303
   0.204987
  -0.727752
   0.367162
  -0.738409
   0.333488
  0.0233591
  -0.740241
  -0.911194
  -0.613329
   -0.80935
  -0.825408
  -0.363813
  -0.590936
  0.0906989
  -0.338422
  -0.231215
   -0.16171
  -0.196398
   0.076948
   0.131475
  -0.567599
   0.143565
   0.106832
  -0.024778
   -0.91585
   0.214586
   0.137318
 -0.0724115
  -0.272307
  -0.495131
 0.00764788
  -0.278544
  -0.187318
  -0.373833
  -0.486426
  -0.374685
   0.227661
  -0.252256
   0.182329
 -0.0733515
  -0.363012
   0.368469
  -0.275753
  -0.298863
   -0.56911
 -0.0342292
   0.902178
  0.0673448
  -0.108241
   0.936004
  -0.458396
  -0.736286
    1.11145
  -0.289735
  -0.352485
   0.383645
   0.260161
  -0.160435
    -0.3256
  -0.847626
   -0.64325
  -0.265504
