  -0.0451951     0.323142     0.319105     0.113457    -0.158082    0.0190665    -0.300713     0.210513    -0.126493     0.115728     0.140415    0.0702286    -0.151172     0.099468   -0.0927991    -0.317495    -0.291672    0.0358918    0.0761902    0.0930923   -0.0150071     0.225941     0.138812   -0.0133211    -0.170789    0.0389505  -0.00756697   0.00278596    -0.103075    -0.342395     0.257319    -0.212209
   -0.066994     0.207654     -0.38338     0.358279    -0.783282     0.362195     0.222382    -0.330658    -0.328804    -0.257283    -0.186015     0.132269    -0.326315     -0.38561    0.0155062    -0.315346     0.232678    -0.165196    0.0607757    -0.201712    0.0575048    0.0858744     0.113574      0.20485     0.573581     0.146856    -0.269241   -0.0380132     0.475744     0.437399    0.0904146    -0.229514
    0.107072     -0.13431     0.134923   0.00644971     0.102631     0.159794    -0.143171    0.0642126    -0.230947     -0.20427      0.33454    0.0307178     0.367124     0.166497    -0.199223   -0.0965334    0.0674603   -0.0501225     0.100516   -0.0341312     0.137519   -0.0727515    0.0659376    -0.221342    -0.355066     0.318428     0.246199    0.0556125    -0.334247    -0.153612     0.178056   -0.0874598
    0.434778    -0.168465    0.0752936     0.476568    0.0389555     0.282748    -0.140607  0.000758786    0.0219236     0.139125   -0.0356028    -0.120847     0.384876   -0.0886139      0.24001     0.210983     0.213476    -0.257771     0.180088    -0.102471     0.172736    -0.179777     -0.25422     0.264445     0.123824     0.343692    0.0230617    0.0491188     0.110665    -0.211172     0.254769    0.0284633
 -0.00869818    -0.129456    0.0817286     0.143521    0.0214206    0.0544716     0.110643   -0.0377125    0.0412212     0.155502   -0.0465667   -0.0122847    0.0880201     0.149053    0.0566348     -0.13638    0.0701617      0.16045     0.035083    0.0141343    0.0269965    -0.295163   -0.0017932    -0.120664    0.0489224    0.0620836     0.283341    -0.386278    0.0331697   -0.0250222    -0.250843    -0.170014
    0.473735     0.239278   -0.0703277      0.21305    0.0944002    0.0565945     0.501833    -0.258372    -0.192467     0.120799    -0.363974   -0.0656114    -0.267525     0.285994    -0.345455     0.118928    0.0979661    -0.123893   -0.0173884    -0.130998    -0.109008     0.112939    0.0545216     0.205205    0.0276364    0.0863085    0.0752114   -0.0048057   -0.0285145    -0.225008   -0.0882589   -0.0301523
    0.132601    -0.109823     -0.23459     0.374762    -0.142183     0.600143     0.100361    0.0473016    0.0239491    -0.254532   -0.0608507     0.314786     -0.14285    -0.411309     0.477346   -0.0719053     0.304552    -0.438556    -0.376572     0.494864     0.117496     0.211443     0.216951    -0.143492    0.0774537     0.267627    -0.375376    -0.167802     0.598785    0.0784011    -0.142079    -0.140166
   0.0482274    -0.017751   -0.0537313     0.131749    -0.388195   -0.0835112     0.400671     0.550007    -0.235867   -0.0540296   -0.0809836  -0.00218523     -0.13657    -0.257017     0.182518   -0.0550077    -0.184324     -0.46183    0.0412021     0.306134    -0.268529    0.0851543     -0.34654     0.316379     0.298634    0.0480442     0.306985     0.117971     0.268259   -0.0372108    -0.380418    -0.420918
  0.00473868     0.487744    -0.184005     0.352393     0.135304    -0.101984     0.143843    -0.146976    -0.118539     0.183076     0.345297   -0.0262955    -0.163272     0.188886     0.381177     0.101283   -0.0589693    0.0740005    -0.332199     0.121332   -0.0299646     0.056085     -0.17656     0.542745     0.356779     0.199909      0.13528   -0.0670739     0.128143    -0.205071   -0.0921523    -0.318679
    -0.19497     0.353574    -0.180579     0.267868     0.329947     0.154675     0.014683   -0.0464525     0.147311    0.0693036     0.229131     0.120079    -0.497611    -0.209335    -0.262302     -0.21648    -0.214119    -0.196115   -0.0611995   -0.0964398   -0.0984985     0.036064    0.0688768   -0.0830867    -0.108119   -0.0208768   -0.0804358   -0.0280731    -0.162878    0.0525398     -0.15911   -0.0598105
   -0.393702    -0.214512     0.175286     0.130457     -0.16945     0.325131     0.123307    -0.096856     -0.43783  -0.00627951    0.0235654      0.19762    0.0154741    -0.153545    -0.209028    -0.187615     0.185646     0.275941     0.162106   -0.0983866     0.215765    -0.013493    -0.202805   -0.0635185     0.226297     0.283408  -0.00715586   -0.0968522    -0.181693    -0.047507     0.349257     0.191506
    0.148947    -0.101565   -0.0402566    -0.298788    0.0297087     0.468905   -0.0720123   -0.0612378   -0.0493784   -0.0335489    -0.143312  -0.00135055   -0.0201427    0.0622042    0.0987275    -0.345635     0.168263     0.120333   -0.0902329     0.113669     0.176867     0.341375     0.106262    -0.251835    0.0546221     0.378765     0.232686    0.0767208    -0.237925    -0.208183    0.0599625      0.12792
   -0.194909     0.227195     0.543096     0.107077    0.0869617     0.195922   -0.0113281     0.161745     0.158096    0.0782744     0.222578    -0.377229   -0.0264629     0.266455     0.156729     0.144145     0.254295    -0.058201     0.129454     0.371829    -0.286945    0.0473063    -0.169939     0.158421    -0.382954   -0.0145458      0.18737    -0.161558     0.369884    -0.161917     0.276066    -0.333675
   0.0142147     0.199958    -0.079635     0.311817    -0.498621     0.320079     0.107741     0.565645     0.246605    -0.209889    -0.116028     0.431426     0.235358     0.306993    -0.190687    -0.229604     0.255838     -0.19935    0.0457371     0.239016     0.276495     0.439561    0.0780184     0.436543     0.415311     0.209464     0.258441     0.117036     0.534143     0.274678    -0.485824    0.0332371
   0.0389659   0.00186143   -0.0554286   -0.0197303     -0.18913    0.0946294    0.0223384    0.0630408     0.028169    -0.327186      0.18411   -0.0121273       0.2659    0.0817843    -0.209359    -0.261091     0.154319    0.0896915    0.0728427     0.135907     0.423634     0.129257    0.0181279    -0.232761     0.124577    0.0104814     0.456678   -0.0662871    0.0965506   -0.0890122    0.0204602    -0.197988
    0.112881    0.0651671   -0.0206838    0.0243572    -0.214388      0.28642   -0.0666385    0.0230866      0.28319   -0.0199686    -0.292279     0.161769    -0.152021   -0.0659516     0.119653    0.0917679    -0.040975    0.0938779    -0.176083    0.0324947    0.0483974    0.0159903    -0.127586       -0.123     0.047507     0.185972    0.0561906    0.0332029     -0.19863     0.131702   -0.0795565   -0.0492142
  -0.0426489    -0.256939    -0.256563    -0.475681    -0.337933   -0.0215786    -0.313083     0.349103    -0.211112     0.251944    -0.153249    0.0209002     0.401429    -0.435467   -0.0856711     0.162459    -0.378267   -0.0596773   -0.0389586     0.209353    0.0198488      0.01045     0.152443     0.178016    -0.283839   -0.0928487    -0.064205     0.341214     0.261322    0.0745571     0.232708    -0.193183
   0.0317968    -0.122747     0.343429     0.103506   -0.0908656     0.503854   -0.0406718    0.0858047   -0.0749987   -0.0139982     0.469101     0.166051    0.0937372   -0.0624951    -0.141664   -0.0325729    -0.153629   -0.0903525    0.0459139     0.173923   -0.0593303   -0.0061866    -0.141523    -0.151425   -0.0301774     0.161468   -0.0147851   -0.0609023    -0.468817    -0.144746   -0.0934775    0.0341143
    0.148909     0.328633     0.155915     0.307554    -0.104807     0.534668   -0.0609613    -0.415692    0.0684641    -0.294954   0.00244493    -0.121561    -0.214786    0.0439204    0.0998872   -0.0905786    0.0612583    0.0900986   -0.0751108     -0.10552    0.0191126    -0.185591     0.257271     0.415493    -0.333966     0.405627    -0.164337    0.0581952    -0.192399   -0.0144662     0.221627     0.267643
    0.198475     0.119687   -0.0707334     0.194508    -0.230342     0.615348     -0.16055     0.248277    0.0330894    -0.126686   -0.0494028     0.166722    0.0596188     0.016677      0.27213    -0.187602    0.0966506    -0.268144    -0.533945     0.167922    -0.186773    0.0258435    -0.195251   -0.0447813  -0.00565696     0.145964    -0.147336    -0.314438   -0.0286422   -0.0384027    -0.286339   -0.0792487
  -0.0416948     0.352039    0.0408252     0.199822    -0.091791     0.119383     0.290513    -0.440348    0.0633355    -0.292996    -0.154977    0.0978251    -0.105339   -0.0885865    0.0318926   -0.0472405     0.417409    -0.105237    -0.308204     0.119683       0.1508     0.278918    -0.136632     0.341087   -0.0944299      0.46386    0.0884781    0.0832546     0.346812   -0.0200674    -0.140956   -0.0219498
    0.134492    0.0450474     0.615879     0.366635     0.226302     0.501235    0.0774618     0.104602    -0.305894    -0.197606     0.111727    -0.222523    -0.194842  -0.00970629    0.0701994   -0.0294726   0.00748128    -0.093832     0.106334     0.100683     0.192488   -0.0842551    -0.147766    0.0415339    -0.156092    -0.140194     0.367669    0.0426584   -0.0597732    -0.232047     0.189054    -0.124777
   -0.159676    -0.104418    -0.380847    0.0935004    0.0239702    -0.139106     0.101778      0.19386    -0.111362   -0.0141849  -0.00707344    0.0910278    -0.195171   -0.0994692     0.151843     0.304408    -0.223076    0.0465605    -0.524372   -0.0767403   -0.0886297     0.236042    -0.055012    0.0743828     0.225398   -0.0353066    -0.143768    -0.101881     0.330215     0.281964    -0.257574    -0.251337
   -0.456266     0.307735    -0.341846    -0.110187     0.177879       0.9751     0.184254     0.367151   -0.0959372   -0.0269017     0.146005    -0.285827     0.118656     0.148063     0.174017    -0.290267     0.603709    -0.382367     -0.07156    0.0815256     0.160075     -0.24623     -0.67247     0.272674    -0.295538    0.0789892     0.448027   -0.0614966    0.0302386   0.00595364    -0.177193    -0.223934
    0.332893    -0.172595    -0.155867      0.49823   -0.0607663     0.313657     0.198459      0.32736     0.405882     0.163689   -0.0678775    -0.023726     0.121876   -0.0492838     0.010032     0.156006     0.306195   -0.0651852     0.166061     0.293282   -0.0779672   -0.0221427    -0.489212     0.242574    -0.299193    -0.206097    0.0873043    -0.275628     0.081855    -0.128298   0.00734325    -0.359045
  -0.0233533    -0.197083   -0.0901058    -0.163513     0.213319    -0.139648    -0.134083   -0.0329943    0.0549165     0.301833    0.0652903    0.0346601   -0.0269988    0.0721793     0.158665    0.0042378    -0.223672    0.0774854     0.335906   0.00521599     0.352574   -0.0956035    -0.026161    -0.328144   0.00164004    0.0334166   -0.0800656   -0.0244823    -0.204621    0.0349737    -0.131226     0.328515
  -0.0680542    0.0789021  -0.00986154   -0.0417621     0.103675    0.0642067   -0.0617729    -0.477498    -0.264421     0.257892    -0.110265    -0.143241    0.0863242    -0.173716     0.292135    -0.154032    -0.311676     0.216573    0.0910297    -0.121809     0.228676    -0.281225      0.30135     0.214982     0.101477    -0.248895     0.020569     0.177071    0.0130365     0.315829     0.244423     0.187622
   0.0807072    -0.191845    -0.297966   0.00576177   -0.0811849     0.329657     0.196416    -0.395658    -0.106557   -0.0494825     0.155943     0.270308     -0.32796    -0.390934     0.181855    -0.156602    0.0617385     0.131444    -0.522332     0.125893    -0.228723   -0.0886634     0.125428    0.0276336     0.189682     0.278279    -0.234005   -0.0325676   -0.0165777   -0.0422853    -0.215774    0.0686165
   -0.365609    0.0710402     0.233647      0.39095    -0.238275     0.382862     0.419206    -0.105807    -0.174243    -0.137857    -0.120605   -0.0797755    -0.116286    -0.343904     0.153308    -0.155285     0.567212    -0.237122    -0.299758     0.307852     0.272657    0.0261909    -0.238393     0.434076     0.105179     0.144138    0.0112319    -0.186438     0.359756    0.0350154    -0.149432   -0.0304022
  -0.0324065    -0.166526     0.349663     0.279199     0.115234     0.200654    -0.196045     0.173996    0.0878795    -0.214904    0.0941191     0.018652    0.0235244   -0.0238797    -0.194458    -0.034756    0.0680117   -0.0293396     0.369899    -0.203347     0.185012     0.194014     0.147131     0.200129     0.288665     0.175188    -0.152786    0.0544866   -0.0329041   -0.0236662    0.0136208     0.217039
   -0.150989     0.105824    -0.312611       0.2555     -0.11148     0.109283   -0.0791611      0.31992      0.44119    0.0784913      0.10376   -0.0978854     0.316084    -0.101126    -0.112322    -0.295649    0.0833946   -0.0282472     0.317287    0.0343986    -0.395769  -0.00322597     0.119157     0.172042   0.00272094    -0.174968     0.031884   -0.0576064     0.227687     0.109193    -0.230929    0.0511562
   0.0403996   -0.0524809    0.0557279     -0.26085     -0.13311    -0.424742     -0.22169      0.35038    -0.159215   -0.0359392     0.260592   -0.0183536    0.0829106     -0.57322     0.110043    -0.196908    -0.310399    -0.267484     -0.18139    -0.134344   -0.0478032    0.0530391   -0.0152683     0.180054    0.0976632   -0.0959582     -0.15187     0.127318    0.0774249    0.0832287    0.0541747     0.125658
   0.0498115     0.460986    -0.311562    -0.224843    0.0905466    0.0308986     0.285842   -0.0638962     0.269146   -0.0689544     0.159938   -0.0126758    -0.425278   -0.0463133     0.303328    -0.297937    -0.193336    -0.208616   0.00351435     0.379227    -0.169885    0.0149977    -0.139589     0.295396   -0.0157455     0.125379     0.421777     0.069463     0.157118    -0.374891   -0.0593851    -0.413488
   -0.255577    -0.277416    -0.618225    -0.642799     0.183272    -0.312457   -0.0427879   -0.0806051     0.219289     0.248631   -0.0464558     -0.15257   -0.0580932     0.232787     0.223769    -0.280621     0.028155     0.328766    0.0286688    -0.232424     0.230081    -0.283911    -0.157629     0.110279    -0.384033    0.0872524    -0.174262   -0.0360939    0.0936251     0.201891    -0.203874     0.459123
  -0.0747198     -0.30698    0.0593952    -0.446865    -0.128804  -0.00522287    -0.137843     0.137236    -0.160293   -0.0922454    -0.215006    -0.196956     0.443108     0.107435    0.0106898     0.307447  -0.00507346   0.00924454   0.00515485     0.112314     0.138598     0.109759    -0.474121  -0.00273976   -0.0287508    0.0529756    -0.124556     0.236926   -0.0358576     0.558528    0.0622574    -0.144977
   0.0474682    -0.289655    0.0540819     0.110349     0.318916   -0.0680643    -0.112759    -0.204862   -0.0963078    0.0256666     0.302859   -0.0875519    0.0974611      0.11098     0.172495     0.198179    -0.107469     0.348574     0.169343     -0.04114    0.0611759    -0.166562    -0.136037   -0.0921837     0.221548      0.15638    0.0186943     0.224123   -0.0767812    -0.129094    0.0908063    0.0651547
    0.428496      0.38366    0.0549394     -0.33165   -0.0174312     0.294907     0.183837    -0.162721   -0.0443332   -0.0147002    -0.375808     0.084689    -0.530695    -0.117883   -0.0374845    -0.201554   -0.0248676    -0.255959    -0.128413     0.102106    -0.108474     0.062751     0.427936   -0.0264923    0.0201242    -0.175108   -0.0558619    -0.145673     0.420147     0.169968   -0.0833016    -0.197652
  -0.0830086    -0.220716     0.158932  -0.00200299     0.165146      0.12554     0.250748     0.099075     0.228506    -0.270025     0.615766    -0.112732    0.0979774     -0.17494   0.00960101     0.378407   -0.0885103     0.147656 -0.000774961   -0.0757868   -0.0634255     0.185948    -0.289643     0.217145   0.00339294   -0.0553787     0.114314    -0.129767     0.275959   -0.0235326  -0.00720354    -0.202651
    0.117675     0.158293    -0.221576     0.343565    -0.274382    -0.282608    0.0539943     0.123634   -0.0754667    -0.121133    -0.110232    -0.328163    0.0528868   -0.0777821     0.141952   -0.0920191    -0.203639    -0.238162   -0.0224438    -0.261147     0.463064     0.328984   -0.0229114     0.489507     0.253686    -0.202083    -0.232167   -0.0133284     0.147368    0.0124716    -0.118436    0.0365436
  -0.0690246     0.120031    -0.102009   -0.0911816   -0.0605758   -0.0170445    -0.162446     0.246355    0.0252596   -0.0295288    0.0603155   -0.0198441     0.044094   -0.0913763     0.208324    -0.125672     0.244877    0.0734648     0.028301    0.0368965    0.0235931     0.251338    0.0480326    -0.143883    -0.124522     0.135459     0.243281    -0.141327    -0.021049    -0.202482   -0.0583527    0.0644683
   0.0401541     -0.26184    0.0407207    -0.335358    -0.124778     0.111139    -0.055821     0.205488    -0.263802     0.042104  -0.00260748    -0.245036    -0.101431    0.0417747    -0.135942    -0.268177    0.0011015   -0.0782067   -0.0897503    0.0597369     0.120232   -0.0962462    0.0013173    0.0688635    -0.026749   -0.0390307     0.477697     -0.05295   -0.0167102  -0.00281514     0.126161     0.187454
  -0.0422505     0.208342   -0.0934586    -0.318689   -0.0486659    -0.184792   -0.0692117     0.086221    0.0564285   -0.0325489     0.110821     0.147227   -0.0192736    -0.218765     0.156362    -0.108914    0.0780245     0.234642   -0.0980782     0.293895     0.126134     0.169584     0.280486    -0.288782     0.207443    -0.246927    -0.134135     0.104742   0.00168307   -0.0782563     0.144397    -0.159308
   -0.269522   -0.0345809   -0.0640176     0.129826    -0.115518     0.320148    -0.122668   -0.0554043   -0.0394611      0.21523   -0.0267164    -0.143499    -0.188677   -0.0760692    0.0366373   -0.0530838     0.565788     0.179088    -0.222718    -0.124265     0.023266    0.0562807   -0.0296613    0.0944389     0.270324   -0.0552206      0.10076     0.128225     0.141797    0.0777632   -0.0624363     0.166972
  -0.0956444    -0.156377   -0.0921027     0.116688     0.218489     0.217599     0.168933    0.0773747     0.298252   -0.0809275      0.13195    0.0512433    0.0590851     0.112947     0.218991     0.157226    -0.285024      -0.1831    -0.165382   -0.0295358    -0.309168   -0.0741115     0.347808   0.00451724     0.171596    0.0380835   -0.0906738   -0.0132358    0.0355774   -0.0583818   -0.0636598    -0.100959
    0.151014    -0.176747    0.0279466    0.0493473    -0.102752    -0.261173    0.0168192    -0.274358    -0.170936     0.177709     0.257961    0.0721343     0.217186   -0.0934158    0.0625499    0.0301065    -0.250552     0.208868    -0.128196    -0.136377     0.297436   0.00115578   -0.0628088    -0.205404    0.0118831     0.069048     0.166421    0.0610011    -0.197314    -0.305458  -0.00396812     -0.10322
  0.00372743     0.304556   -0.0331519    0.0911305    -0.180466    0.0400083     0.141723    -0.114898    -0.301372  -0.00746534    0.0101926    -0.214154   -0.0830168    -0.157562    -0.107425     0.248862     0.318021    0.0398906   -0.0895024    0.0605171     0.132443    0.0130889   -0.0788122    -0.293128    0.0235357    -0.393115 -0.000741391   -0.0620565   -0.0482824    0.0138874    0.0226277     0.144343
   -0.406364    0.0717259      0.43913     0.193896    -0.176721    0.0951434   -0.0788184      0.51005   -0.0642015    -0.398359   0.00829732   -0.0794593     0.111073    0.0245559    -0.112233   -0.0785771      0.28468    -0.213378    0.0916451    0.0668069      0.39457     0.143061    -0.529707    -0.158991    0.0447731   -0.0229125     0.235689    -0.047477     0.135653    -0.151459     0.157328    0.0814184
   -0.196026    -0.277926    -0.261338     0.269359     0.161642     0.155224     0.267403    0.0645172    -0.137412   -0.0110418    -0.253374     0.125981     0.244339   -0.0678014     0.160917   -0.0240542   -0.0749872     0.197603   -0.0497368   0.00556071   -0.0328369    -0.104516   -0.0928919    -0.256678     0.317757   -0.0820852     0.023598     0.125806    0.0357842   -0.0422321     0.277208    -0.279328
   -0.264256     0.329558    0.0298308   -0.0270815     0.303435     0.581678     0.399621     0.183538    -0.072491    -0.197453  -0.00356739    0.0361596    -0.501757     0.034016   -0.0554459    -0.231374    -0.333312    -0.375206    0.0322916    0.0872948     0.554687    0.0741122    -0.654746    -0.037498     -0.23587   -0.0143179     0.321811    0.0401011     0.230461    -0.104814    -0.143837    -0.470988
    -0.34947   -0.0524556  -0.00727322    -0.328193    0.0253186    0.0873002     0.212704   -0.0211725    0.0350028    -0.114571     0.127702   -0.0871939    0.0932813  -0.00388905    0.0556452     0.243886    0.0743129     0.114517    -0.145814     0.199937    0.0309482     0.159429    -0.372637   -0.0385866   -0.0367249    -0.340154   -0.0700505    -0.155715  -0.00544536     0.176396    -0.157065      0.07466
   -0.113141   -0.0795515    -0.123245     -0.36068    -0.257401    0.0732062   -0.0315148     0.316973    -0.100488   0.00880484    -0.282579     0.274012    -0.268332    -0.172817     -0.18067    -0.266767    -0.298713    0.0370986    -0.252943     0.286933   -0.0956617    0.0947789   -0.0802288     0.126676    -0.180024   -0.0316356     0.139922     0.297095     0.198552      0.25035     -0.39868    -0.269891
   0.0136225    0.0417757    -0.244272    -0.182592    -0.124328     0.135225     0.237879     0.205691    -0.149925     0.257715    0.0395337   -0.0261578    -0.304645   -0.0392011   0.00559334   -0.0256776    -0.476975     -0.03094    0.0906901    -0.330722    -0.314984     0.132303   -0.0161885     0.182684   -0.0815633     -0.20191     0.423407     0.124657     0.188317     0.155496    -0.299213   -0.0736572
   -0.117567     0.184039      0.11276     0.108646    0.0918573    -0.526366     0.065275    0.0348892    0.0795076     0.162089   0.00256647     0.184464     0.189685     0.207663    -0.119468   -0.0514545    -0.132108     0.027651   -0.0274876     0.143636     -0.17348     0.273735      0.31454     -0.14128     0.289676     0.111344   -0.0311058     0.093685    -0.103398    -0.137782    -0.101525    0.0890768
   0.0675044      0.19374    0.0797181     0.107535    -0.137936    -0.141502     0.294451    0.0508495    -0.282186     0.121315    -0.139083     0.163524   -0.0794863     0.125144     0.313485    -0.226736     0.118477   -0.0836693    0.0414012    -0.058325   -0.0856231    -0.177203    0.0486529    0.0762661    0.0606175    -0.130807   -0.0195364    -0.127279     0.199077   -0.0214985    0.0910296    -0.305296
  -0.0507145    -0.125196    0.0314683     0.233813    -0.050753     0.063273    0.0520099     0.101189    -0.238956       0.1438    -0.136608    -0.233078    -0.074976    -0.345448     0.194912     -0.46558   -0.0611293     0.376646     0.136232      0.11563    -0.103726     0.153806    0.0720684   -0.0426003    -0.277584    -0.192717    0.0768907     0.254637     0.421819      0.18981   0.00751325     0.176807
    0.315119   0.00340099    -0.406143      0.25525    -0.522813   -0.0397015   -0.0471163     0.309433     0.462759    -0.080744    0.0657374     0.173103     0.266326     0.125303    0.0480754     0.117423    -0.115816   -0.0695432   -0.0703828     0.321142    -0.221741   -0.0381937     0.132464   -0.0350367   -0.0168847     0.134608     0.140999     0.231125     0.151389   -0.0625958    -0.206987     0.105579
   -0.134839   -0.0631355    0.0965691     0.384596   -0.0734783    0.0234237    -0.103686    -0.140231   -0.0636416    -0.105592   -0.0991854    0.0172894     0.062663   -0.0380347   -0.0103391     -0.19525   -0.0546852     0.189099    0.0431028    -0.198949     0.316137   -0.0121078   -0.0317552     0.129647    -0.326192     0.375386    -0.160443     0.187327     0.379704   -0.0380349   -0.0206721    0.0544877
   0.0747709    -0.205058     0.377918     0.190626    -0.193968     0.116544     0.237901    -0.252368  -0.00666111    -0.216612   -0.0997963    -0.101834     0.264738     0.218649    -0.199574     0.163739   -0.0501981   -0.0336326     0.163025   -0.0487972   -0.0133078     0.157077    -0.227797     0.221697    -0.128479    -0.254004     0.160557    -0.389675   -0.0844148     0.141879      0.35999    -0.236887
  0.00550925     0.348324    -0.290445    0.0491066    -0.116376    -0.074308    -0.127854     0.239868    0.0583267    0.0556844   0.00790564      0.36485    -0.257457    -0.358069    0.0628194    0.0560355     0.244233   -0.0720708   -0.0562839    -0.187222    -0.259225    -0.265002     0.455829   -0.0355185    -0.248762     -0.15601     0.235257    -0.234737     0.299205   -0.0609987   -0.0889162    -0.198114
    0.195539    -0.117817     0.151306     0.138118     0.137658    -0.162748    0.0923366     0.308863   -0.0993915    0.0287313    0.0999031    -0.552687    0.0266632    -0.175134    -0.162086     0.249285  -0.00672473    -0.100948    -0.211574    -0.163881    -0.229384    0.0644084   -0.0732757     0.258423    0.0115129    -0.406817   -0.0729685    -0.114895    0.0806582    -0.298451  -0.00167931   -0.0672558
   -0.274725    -0.153127   -0.0494719    -0.137481    -0.390301    0.0372312     0.152475   -0.0963648    -0.488073     0.154972    -0.234845     0.181694    0.0398204     0.263683    0.0184503    -0.215934     0.245986     -0.15755    -0.125178   -0.0737499     0.149249    0.0632988    -0.287104     0.276244    0.0174094    -0.299313   -0.0895885    -0.138267     0.074259     0.116991    -0.106679   -0.0293107
  -0.0682272     0.349903    0.0145399    0.0338367    -0.045811     -0.11045    0.0598689       0.1911   0.00769644     0.125127    -0.159875      0.27128   -0.0262976     0.156187    -0.115336      0.12259    0.0405551     0.197066    -0.207388     0.212301    -0.229013     -0.19171    0.0967293    0.0213915    -0.267627   -0.0623564   -0.0545731    -0.140009      -0.0553   -0.0414951    -0.128915    -0.191319
  -0.0233978   -0.0667349    -0.128483     0.243793    0.0847575    -0.285203    0.0802639     0.102445    -0.443401     0.075925    -0.263185    0.0758508    -0.153228    -0.201447     0.155532    0.0354788     0.131093     0.204974    -0.180568   -0.0914238     0.110778    -0.212836    -0.203144    -0.366073     0.104311    -0.378145    0.0197666     0.218135     0.411456 -0.000130874    -0.209414    -0.126008
    0.115299     0.128205    0.0619522     0.222869    -0.362535     0.440184    -0.165639   -0.0827619     0.413876    -0.132636    -0.207655     0.327912    -0.561561  -0.00958954     0.140841   -0.0580187    0.0707604     -0.29156      -0.1899    0.0988112    -0.259061   -0.0893355     0.230374    -0.189757    -0.593486     0.247143    0.0906022    -0.276912    -0.153445    0.0618186    -0.153668   -0.0148759
    0.269302    -0.313323    -0.047166     0.256772    0.0145663    -0.014907     0.194301   -0.0608515    -0.128372    0.0879334    -0.118656     0.189112    0.0524358   -0.0484661     0.244476   0.00490236     0.242791   -0.0567494    -0.171129    -0.055387    -0.158591    0.0568452    -0.056687     0.349546    0.0345006    -0.238594    -0.422304    -0.329328    0.0457765    -0.139186    -0.197547    -0.286673
   -0.175389    0.0499844    -0.221309    -0.209749    -0.156326     0.169099   0.00341112     0.057241     -0.14127    -0.111559     0.106036     0.148556   0.00291982   -0.0532737    -0.131934     -0.28663    -0.276288    0.0227372   -0.0498475    -0.102197    -0.208882   -0.0995221    -0.189106   -0.0493808    -0.475338    -0.177996    -0.169638    0.0130265    0.0639694    -0.103183    0.0354395    -0.291683
   -0.168486    0.0339073    0.0846072  -0.00127126    -0.389495     0.455238     0.321349    -0.231765     -0.13746     0.204554    -0.229582    0.0689439     0.319022    0.0862842     0.412877   0.00825492   -0.0815792     0.103551    -0.224954    -0.308259    -0.335145   -0.0331165    -0.118287    -0.256584    -0.406467     0.142244    -0.122173    -0.418046     0.238927     0.235171    -0.232949      0.35354
    0.126088      0.39989     0.271322    -0.069982     0.166911    0.0512432    0.0793528   -0.0329251    0.0875463    -0.147524     0.092923     0.259675    -0.026843     0.222091    -0.103786       0.4675    -0.316654    -0.251468   -0.0100313     0.313653   -0.0215517     0.269864     0.310814      0.38492     0.130504    0.0302719    0.0500121    0.0472137    -0.086339   -0.0825469    -0.413763    0.0023201
    0.101458     0.400603     0.480005    0.0755654    -0.358162   -0.0579222     0.381367    -0.180182   -0.0567335    -0.271783    -0.330847      0.13051    -0.145145     0.115249     0.119048      0.21703     0.222472   -0.0347896    -0.183702    0.0873725     0.180029    -0.047666    0.0853202    0.0966533    -0.213757    -0.182116    -0.207412    0.0371648     0.415737     0.156226    -0.173049    -0.214298
   -0.358224    -0.502245    -0.254604     0.138186   -0.0597348    -0.245183    0.0407112   -0.0820205    -0.100374      0.32069     0.123166    -0.109742     0.263754     0.101466   -0.0436502      0.15773    -0.449311    0.0768021      0.39617    -0.377619    -0.311199    -0.296923   -0.0136615    -0.143537      0.12067    0.0639233   -0.0682538   -0.0285467     0.160669    -0.309805     0.196286     0.223007
   0.0401512     0.131854     0.245953    0.0427669    -0.170173     0.223152    0.0463777    -0.514446    -0.201698   -0.0453353      0.23654   -0.0967025    -0.261805     0.222669    -0.296427    -0.149087     0.420098   -0.0711424   -0.0785086    -0.154017      0.46549    0.0988897     0.261472    -0.157353    -0.160541     0.394839    -0.362043   -0.0252066     0.203303   -0.0119305    -0.158478     0.319109
    0.102362     0.489616       0.1177    -0.109342   -0.0263399     0.401354     0.204766  -0.00335105   -0.0821125     0.174603     0.101879     0.262218    -0.279038  -0.00510943    -0.149655    -0.125943     0.150187      0.10651    0.0365391     0.416408     0.742165     0.186354      0.36408    -0.289957     0.164883    -0.169864    0.0585245   -0.0938399     0.129408     0.174959   -0.0998301    -0.091703
    0.268018     0.414184     0.139135   -0.0949696     0.429428     0.110079    -0.125377   -0.0546698   -0.0290025   -0.0915237   -0.0323035   -0.0943878  -0.00818958   -0.0955197   -0.0141493      0.21084     0.060898     0.114845   -0.0718884    -0.204498     0.284564      0.17839    0.0336522     0.142075    -0.126928    0.0276649     0.298505    -0.162819    -0.139059  -0.00687462     0.187535    0.0700234
    0.474668     0.200883     0.310549     0.295476    -0.279879     0.591742     0.297431    -0.241354     0.113953   -0.0237452   -0.0864089    -0.032079    -0.257524    -0.249556    -0.147359    0.0380901      0.36344    0.0887528    -0.119195     0.283333     0.107744      0.17726     0.105357    -0.358727    0.0375173     0.210406    0.0792012     0.043997     0.367525   -0.0893011   -0.0921912    -0.467486
  -0.0113119   -0.0455671    0.0156415    -0.198047     0.369369    0.0343834   -0.0183685     0.174365    0.0542675     0.164845     0.295197   -0.0581145    -0.309433     0.320989    -0.365817     0.188448    -0.508463     0.260422    -0.105354     0.363015      0.43972   0.00465722    -0.170936   0.00502827     0.248451     0.381671      0.25408     -0.23533   -0.0855044    -0.263876     0.183651    -0.216487
  -0.0509359    -0.295711     0.411729     0.297098     0.319128   -0.0041321    0.0602477    -0.201574     -0.44327     0.113641    -0.227824     0.291654    -0.265395     0.189399    -0.370883     0.266248    0.0526736      0.11402    -0.335728     0.346373     0.211324     0.101615   -0.0714189     0.254651      0.20562     -0.29361    -0.215981     0.023831    0.0792837     0.306778     0.279857    -0.436775
    0.195569    0.0746184    -0.126148   -0.0680215    -0.431948       0.4898    -0.201143     0.186513     0.211011     0.129577   -0.0395536      0.14038    0.0490076   -0.0840133   -0.0921907    -0.276038     0.224652    0.0476143    0.0367663    0.0252848     0.236939    -0.206846     0.127034    -0.261647     0.410685     0.497997   -0.0625146     0.241419    -0.125535      0.18695    -0.386549    0.0768478
    0.162508     0.169423    -0.140139   -0.0558754     -0.23953    0.0658252    0.0491621     0.217744    -0.136236    -0.177656     0.040072  -0.00338961   -0.0761174    -0.194032     0.109448     -0.06975    -0.214072     0.236933     0.140632     -0.10779    0.0607579     -0.24144    -0.245298    0.0115834    -0.336092    -0.192769     0.162063     0.218328    0.0218011    -0.135612    -0.102042   -0.0710396
    0.185799     -0.28429     -0.19319     0.298713  -0.00150707   -0.0999134    -0.196932     0.150518    -0.357389     0.278154    0.0137733   -0.0327184     0.180112   -0.0885701     0.150558     0.022736    -0.141652   -0.0792802     0.471805    -0.450941     0.294236    0.0130308     0.159779   0.00832943    -0.188415   -0.0673754     0.385232    -0.130954    -0.019176    0.0129361   -0.0760842     0.263921
    0.124291     0.118274    -0.128198    -0.237574    0.0609496     0.271565    0.0560883   -0.0158193     0.030285     0.159688    -0.178522    -0.238427     0.021729    0.0622538   -0.0242772    -0.208145    -0.141839   -0.0631643    -0.341967   -0.0775615     0.247512   -0.0722304     0.163802    -0.178991     0.224885    -0.106097     0.175219     0.370774     -0.15585     0.242703   -0.0549739    -0.111008
  -0.0150026    -0.181894     0.112634  -0.00644661     0.328639     0.147829    -0.061099    -0.119703    -0.389942   -0.0172844   -0.0646853     0.134951   -0.0769113     0.284512     0.200646    -0.389159   -0.0914365    0.0921112   -0.0629967     0.317253     0.169565     0.155825    -0.164066     0.178554     0.223648     0.118877    -0.351458   -0.0729812     0.146504    0.0710024   -0.0519326    -0.302367
   0.0656318   -0.0261808     0.255846    0.0243964    -0.223313     0.158043    0.0135287    -0.211662    -0.117012    -0.110044   -0.0503264    -0.129896    -0.274614   0.00908958     0.185443   -0.0569994    -0.174476    0.0289214    -0.230204      0.27757     0.279598     -0.16275   -0.0831991     0.130319     0.372799     0.185841     0.122144     0.285681    -0.221425    -0.126516     0.300124    -0.178795
   -0.126736    -0.174612    -0.342194    0.0633927   -0.0858239     0.139342   -0.0617014    -0.537833     0.189781   -0.0496688     -0.23536     0.121822     -0.23298     0.212178    0.0109956    -0.237204     0.185079    0.0334782    -0.358129     0.288591    0.0802379    -0.180221    -0.119654   -0.0272616     0.125919    -0.173219   -0.0210268   -0.0311687   -0.0201202     0.153585    -0.229081    -0.037371
    0.121442     0.163015     0.242861    -0.149117    -0.197899     0.136956     0.281732     0.431658    0.0589125    -0.672979     0.253145  -0.00255411    0.0904082    -0.207216     0.162666    -0.231928    -0.295538    -0.398054     0.185813    -0.241894   -0.0460334     0.481926     0.659078     0.326449    0.0256551    -0.262517     0.127302   -0.0806451     0.341134     0.100288    -0.256503   -0.0373062
    0.192206     0.216665   -0.0342911     0.374455    0.0577229  -0.00953326     0.165703    -0.175973    -0.200706    0.0513704     0.199225   -0.0839445     0.042829     0.285458      0.37403    -0.147865     0.036821    -0.195639    -0.344739    -0.336991    -0.152702     -0.24782    -0.290333     0.255079    -0.149014    0.0690278    -0.293578   -0.0668889     0.216684   -0.0256221    -0.116835   -0.0519533
   0.0943427     0.127959     0.149239    0.0510976     0.110894     0.364138     0.299438    0.0135351    0.0752037    -0.275529   -0.0993721   -0.0109025   -0.0308682    -0.305985  -0.00639788   -0.0507789     0.200929     -0.10611    -0.243531     0.131191    -0.206426   -0.0771022    -0.219972     0.176922    0.0256963    0.0906066   -0.0519747    -0.195218   -0.0595472   -0.0294124    -0.178193    -0.187563
   -0.176308     -0.40829    -0.386995   -0.0218792     0.167324     -0.22363    0.0265095     0.191215   -0.0183243     0.141389   -0.0404707     0.289343   -0.0552255   -0.0972818    0.0192768    -0.145806     -0.16229    -0.141991     0.258292     0.192016    -0.181358    -0.161112     0.157808  -0.00957848      0.07069    -0.215735     -0.12168       0.2107     0.049071     0.246728    -0.125333     0.212049
    0.198105     0.263485     0.146518    -0.262412     0.224034      0.37529   -0.0757522    -0.161547    0.0281228    -0.120032     0.138323   -0.0175444    -0.330669     0.166948    -0.297419   -0.0348294      0.23432    -0.115286  -0.00820997   -0.0431729    -0.221283     0.279161     0.185343    0.0290245    0.0450656   -0.0335354     0.134688    -0.311138    0.0102211    -0.201825   -0.0992609   -0.0138474
    0.040084    0.0860164     0.268795     0.198904    -0.121358    -0.160137    -0.146502   -0.0255736   -0.0793021     -0.21052    0.0073057   -0.0501532    -0.237494   -0.0630508    -0.457278   -0.0227482   -0.0952347    -0.228044    -0.181052   -0.0832649  -0.00103068    0.0890372    -0.220859   -0.0485989   -0.0924617    0.0721506    0.0992391     0.278926   -0.0562219   -0.0672266   -0.0328567    -0.206047
    0.244004    -0.230932   -0.0298928    0.0417338    0.0610809     -0.10943    -0.251761     0.125869     0.139519    0.0036701     0.355325     0.103257      0.12705   -0.0315808     0.135715    -0.300879     0.123403     0.191688    -0.151293    -0.185613    0.0329284    -0.169066     0.150431      0.17102   -0.0738201   -0.0386878   -0.0844879    -0.465091    0.0269325    0.0980211     0.106154    0.0143029
   0.0957749    -0.271519    0.0333179     0.569802    -0.389911    -0.215015     -0.23708    -0.182587    -0.362299   -0.0510486    0.0220449    0.0204372     0.232229     0.115756    -0.147129     0.206329   -0.0343145     -0.14857     0.307472    -0.257409     0.286048    -0.113049    -0.221612     0.409557    0.0133975    -0.174005    -0.271398    -0.117042    0.0551039    0.0249229     0.294858    -0.119947
    0.183092    0.0645122     0.192974      0.25078     0.252608   -0.0167285     0.309779    -0.292037     -0.20135    0.0146366     0.213307  -0.00375043     0.187866   -0.0405894     -0.65853     0.286264     0.107896   -0.0317542     0.207488    -0.309311   -0.0498811    0.0651438    -0.205351    0.0337987     0.206661   -0.0524023     0.135158     0.021073   0.00276584    -0.278358    -0.119282     0.206352
   -0.196859     0.307677   -0.0535731    -0.132429     0.057884   -0.0856072   -0.0180886  -0.00128454    -0.370422     0.122559    -0.179997    -0.165152     0.132778     0.420519    -0.289715     0.137619     0.306037    0.0606553    -0.224269     0.265157    -0.478729    -0.235281    -0.308598     0.434608     0.198784    0.0588392   -0.0942751    -0.116239    -0.035042    -0.428262     0.394833    -0.227653
   0.0649231    0.0836684   -0.0516618   -0.0359746    -0.505581     0.250688   -0.0173505   -0.0139879    0.0719699    -0.216885    -0.249792    0.0115681    0.0257646    -0.280748     0.219689    -0.249799     0.349503    -0.150633    -0.170008     0.122205     0.166172     0.358537    -0.301092    0.0944337     0.027505    0.0359087   0.00630942     0.325282    -0.162778     0.383585    -0.115871    0.0558294
   -0.193031    0.0441607     -0.22751     0.173651     0.029886    -0.315799   -0.0163091    -0.292294    -0.251376     0.160693    0.0384898     0.164113    -0.229851     -0.27362    -0.191186     0.264411    -0.278197   0.00774696     0.338802    -0.358453     0.161662     0.068905    0.0950692     0.295016    -0.135505    -0.222385    -0.315071    0.0254495     0.131131     0.438378    0.0101499    0.0134417
   -0.229129    -0.214076   -0.0909143     0.066825     0.193049    -0.645191     0.186165     0.344671    -0.268229     0.148865     0.260971   -0.0357497  -0.00286865     0.039056    -0.293091    0.0241497   -0.0294129       0.1161  -0.00323279    -0.137903    -0.134971     0.120588    -0.171202    -0.103892     0.358537    0.0837988     0.151334     0.392822    -0.463999    -0.363881     0.296198    0.0857319
  0.00421001     0.202152    0.0149404   -0.0493176   -0.0323234    -0.199361    0.0218826    -0.113171    -0.238246    0.0832811   -0.0470459     0.390582    -0.131644    -0.002854    0.0744317     0.370269    0.0969182    -0.207852   -0.0894145    0.0386801    0.0110357     0.148751    -0.177463     0.292936    0.0340615    -0.136132    -0.110222    -0.207101   -0.0729894   -0.0602936    -0.191956    -0.120604
   -0.389973     0.160329   -0.0184626   -0.0012256     0.192022     0.306961      0.21908     0.115267     0.137094    -0.095149    0.0180665   -0.0256554     0.159367     0.189057    -0.194436      0.18786    -0.290894    -0.217714     0.224492   -0.0104612    0.0708373      0.25683   -0.0548468     0.104206    -0.020605    0.0239428     0.225662     0.188328    -0.158016     0.215126   -0.0299423   -0.0732441
   -0.201512      0.34819     0.416942    0.0920011   -0.0820266    0.0715354     -0.15274   -0.0681727    -0.092364     -0.10793     0.268945       -0.163    -0.179661     0.142085     0.109959    -0.145841    -0.111667    0.0148369      0.06951   -0.0343153      0.26277    -0.123885     0.137535     0.235605    -0.306687   -0.0187663    0.0858659     0.231494   0.00663384   -0.0110023    -0.144521   -0.0719565
   -0.332352    -0.412335    0.0781284    -0.154554    -0.277426     0.260765    -0.293173    0.0817753    -0.384801    0.0326166    0.0107425    -0.167126     0.138741    -0.186625     0.309487     0.367868    0.0451132    -0.127953    0.0952744     0.209647    0.0188988     0.180792    0.0817856     0.126679     0.237641    0.0610794    -0.215349     0.165822     0.085485   -0.0298529    -0.117542     0.110941
  -0.0299208     0.269057     0.350262     0.194325   -0.0806005     0.161135     0.114577     0.177864      0.30707     -0.21651    0.0713554    -0.107127   0.00406742     0.223906    0.0255704     0.051431   -0.0535564     -0.22698     0.102778   -0.0289666    -0.112122    0.0263552    0.0510334     0.154736    0.0594232   -0.0439269     0.140739    -0.072035   -0.0952025     0.133087     -0.15628    -0.123002
   -0.110362    -0.192374    -0.024658     0.104108     0.325946    -0.129963    0.0344118    -0.327365   -0.0136948    -0.131131    -0.116491   -0.0379865    -0.101553   -0.0359668     0.230749    -0.300598    -0.159223     0.200007    -0.132277    0.0675378    -0.206758    -0.191387     0.104648    0.0278913   -0.0832802    0.0620877    -0.102292     0.182297    -0.157098    0.0597025     0.114475     0.164311
   -0.294579  -0.00244828    -0.385728     0.224467    -0.106555    -0.120783     0.165898   -0.0758861      0.20154     0.156771    -0.115756    0.0640124      0.27695     0.154587     0.222553     0.290784    -0.332249     0.134589   -0.0238502     0.063575     -0.09517   -0.0345904     0.125351     -0.10975    0.0142557    -0.132877    -0.134027    0.0364066    0.0337471    0.0267234    -0.249243     0.168506
    -0.12728    0.0235187   -0.0720482    -0.073842    -0.307465    -0.251748   -0.0825612     0.211376    -0.253731    0.0972507    -0.180942   -0.0308368     0.278521    0.0553708    -0.147861     0.022128    -0.186862    -0.191054     0.181499    0.0243406    0.0320641    0.0824921    -0.211434    0.0234674    0.0477128   -0.0706658     0.154431     0.226219   -0.0204873     -0.17341   -0.0538573    0.0887884
  -0.0443059    -0.203229    -0.151777     0.356167     0.355702     0.181162     0.122497    0.0247254   -0.0269112    0.0637575    -0.133638     0.360539    -0.159218    0.0642414    -0.148634     0.291068     0.123263     0.051285     0.237996    0.0221218    -0.548211    0.0136489     0.174157    -0.064758     0.367784    -0.110213    -0.152518   -0.0450909     0.238107    -0.130049    -0.187198     0.201607
   -0.124648     0.183326     -0.22141    -0.338777    -0.144625    -0.135598    -0.129336   -0.0503665    -0.037106     0.160543    0.0871907   -0.0753195    -0.558843     -0.21596     0.332956    -0.312944    -0.287292    -0.111355    -0.188375     0.226297     -0.54012     0.119436     0.229715   -0.0366569    -0.080284   -0.0607379      0.13765     0.101925    0.0259398    -0.154119    -0.541421    -0.217327
     0.32632     0.225116     0.261379     0.207016     0.112299   -0.0907578     0.235097    -0.366801    -0.195775    -0.193084   -0.0364662    0.0400364    -0.210479     0.117071   -0.0541148   -0.0819828    -0.204988   -0.0956025    -0.162378    0.0389467     0.239759     0.175694    0.0455682     0.235693     0.353275    -0.421834    -0.106922     0.102415     0.305059  -0.00737885    -0.214666  -0.00855628
   -0.153414     0.485995     0.300548   -0.0395476    0.0343443     0.373501    -0.515537    -0.181855     0.138655    0.0209675     0.431569   -0.0472957    -0.200092     0.544346    0.0161287    -0.258252      0.15153   -0.0489504    -0.128178    -0.186222   -0.0477254   -0.0487754  -0.00626898     0.183828   -0.0863966     0.107066     0.100745     0.116141    -0.146941    -0.315178    -0.158399    -0.250597
   -0.408636     0.364471     0.211107      0.26755     0.069319     0.245859    0.0613262     0.326032 -0.000314203   -0.0943542    -0.029586    0.0538251     -0.06106    0.0586225     0.284948    -0.199799    0.0353075    -0.157724    -0.130825     0.395928     0.355718   -0.0657998    -0.210787    0.0545409    -0.218999     0.233446    0.0164344   -0.0686813     0.337799     0.140581    -0.188342     0.101875
    0.165562     0.141366  -0.00444659     0.403496     0.274809    0.0984963     0.472842    -0.134035     0.014944     0.122332    -0.527557     0.292147    0.0500396    0.0757438    -0.119775     0.246136    -0.152931   -0.0670401    -0.206157    -0.102507    0.0682743   -0.0169585    0.0647008     0.096398    0.0111178     0.277673    -0.321523    0.0231289     0.160956      0.13872    0.0347006   -0.0908317
   -0.076706   -0.0587144    -0.209049    0.0760768    -0.020724    -0.245174     0.302083    -0.210724       0.1048   -0.0769452     -0.02646     0.123729     0.282581   -0.0127252    0.0314984    0.0687919    -0.138076   -0.0877929     0.223398   -0.0882928     0.220174    -0.159235    -0.292299   -0.0409649    0.0714105     0.188862   -0.0195672     0.110056     0.116422     0.265144     0.470388   -0.0908479
   -0.249295   -0.0258318     0.152639   -0.0734104    -0.054025   -0.0318459    0.0985814    -0.303638    0.0331298    -0.197144    -0.500593    0.0208611    -0.118148   -0.0399934    0.0955856     0.462223     0.279171    -0.289134    -0.286297     0.507986    -0.148269    -0.203581      0.26336     0.250995     0.171972    -0.269674     0.108148    0.0692028     0.195711    -0.194827    -0.158317   -0.0694706
    0.314549     0.448056    -0.038897     0.132861     0.465196    0.0118421   -0.0228769    -0.111268    -0.205365      -0.2746     0.097601    0.0733932    -0.215103     0.492147     0.243144    0.0922905     0.444647    -0.249642   -0.0671857   -0.0514427    -0.126533     0.182134    0.0507079    0.0546049    -0.196536    -0.362026    -0.210576   -0.0372809     0.212753    -0.141535    0.0937706     -0.14638
  -0.0891794     0.377501    -0.140737   -0.0657891    -0.201195     0.159302    0.0205003      0.22068     0.243715    -0.142792     0.079125    0.0384789    -0.170088    -0.300715   -0.0835998    -0.236697    -0.118152   -0.0362735    0.0539706    0.0053395      0.15323    0.0604615    0.0676553     0.262677   -0.0955308    -0.357725     0.171094    -0.107149   0.00237078   -0.0190996     0.196553    0.0835527
   -0.096036   -0.0278323     0.503147   -0.0564509    0.0945604    0.0383013     0.113738     0.190474    -0.180555    -0.187359    -0.144763    -0.281552    -0.159613    -0.219339    -0.298137   -0.0831494    0.0791128    -0.354553    0.0995382    0.0619879   -0.0883352    0.0616873    -0.250225     0.234003     0.107167    -0.161768     -0.16924     0.116936    -0.133358   -0.0465064      0.11714   -0.0161681
   -0.215842     0.281194   -0.0390908    -0.239231  -0.00348637     0.667981     0.211623   -0.0468541    0.0508343     0.082095    -0.072417     0.167398    -0.195056     0.316969    -0.038162    0.0674974    -0.215422   -0.0434924     0.107047    -0.142207    -0.034231    0.0911627     0.148877    -0.137824   -0.0366065    -0.311988     0.166993    -0.350232     0.216763   -0.0583506   -0.0541408    -0.289302
   -0.147637     0.273778     0.237164     0.294513      0.31224    -0.156972     0.192724      0.20702     0.145309    -0.173269    -0.147527    0.0624594   0.00948082    -0.229942     0.212564    -0.117831   -0.0469075    -0.258842    -0.182243  -0.00607425    -0.307936   -0.0486196      0.18889    -0.123414     0.274503   -0.0429752     0.029646   -0.0877457     0.243891    -0.202903   -0.0445936    -0.444141
  -0.0486729    -0.165099      0.36177   -0.0499717      0.17885   -0.0980768    -0.101011    -0.165973    -0.217669     0.101726     0.324166    -0.242801     0.138942     0.379096    -0.529909     0.185762    0.0586865     0.204527     0.151278    0.0178437    0.0018301    0.0221535    -0.011288    -0.108863     0.156564    -0.246455    0.0629799     0.038668    -0.298973    -0.313254     0.120669     0.173383
   0.0769574   -0.0442124     0.278373    0.0546416      0.20558     0.115803     0.337091      0.29073    -0.177838    -0.109385   -0.0958554     0.234472    -0.298902     0.422303   -0.0996464    0.0508897    0.0766498    -0.147561    -0.173366     0.146678    -0.159742    0.0542357    -0.120699    -0.190577    0.0700473    -0.132673   0.00870342    -0.172312     0.244523    -0.285756     0.195736    -0.134227
   0.0870793     0.106031     0.128219     0.356026    -0.111936     0.178016      0.44567    -0.138786    0.0218806    0.0183057   -0.0960735    0.0783626    0.0216762     0.218647     0.211162     0.128097    -0.210287    -0.164715     0.204067     0.017001   -0.0223703    -0.197214    -0.172227   -0.0118021     0.233393     0.309856     0.244568   -0.0454136   -0.0779108    0.0656881    0.0882564     -0.19568
  -0.0533205    -0.157927    0.0761219     0.140275     0.144161    -0.206302    0.0614055    -0.166972    0.0260874     0.198675     0.103109    -0.103539     0.131693    -0.119138     0.133346    -0.208431     0.104579    -0.148388     0.132654    0.0194175   -0.0913448     0.299616   -0.0374915  -0.00874439    0.0406715    -0.138764     0.040132     0.213381   0.00156754    -0.214347    0.0231098   0.00710479
   -0.402084     0.136968   -0.0659944    -0.170642   -0.0784255     0.296131    -0.205495      0.16987   -0.0457599     0.161791     0.230261    -0.198356     0.178699     0.169401    -0.126184     0.159155    0.0923033   -0.0107645    -0.245863     0.050243     0.139888    -0.231824    -0.163587    -0.537782    -0.189814     0.395287    0.0241026    0.0654972    -0.228582    -0.170242    -0.341451     0.197035
   -0.189752    0.0153314    -0.279716    -0.286645     0.247719    0.0862502    0.0722199     0.085036     0.204688    -0.168405    0.0784432   -0.0993226     0.216637     0.144553     0.224423    -0.101111    -0.370448     0.144636    -0.146767     0.118243     0.390901    0.0559127     0.242029    -0.222375     0.286429     0.182969    -0.225959    -0.457048   0.00576062    -0.126622    0.0597664   -0.0411312
   0.0897159    -0.104132     0.289804      0.39838    -0.180423     0.256455     0.227154    -0.275705    -0.210297     0.033561    0.0157117   -0.0931012    0.0520522    -0.210853    0.0930239    -0.197939      0.42321    0.0412071    -0.150966    -0.183329    0.0277794    -0.185978    -0.459465     0.221778    0.0671497    -0.479604    -0.101531    -0.238194     0.188477     0.172841     0.177998    -0.253641
   -0.259387    0.0589896    -0.156627    -0.249915    0.0859643    0.0478999    -0.118092    -0.124354    -0.115606    -0.334618    0.0838667     0.107665   -0.0661512     -0.52629    -0.182912    -0.224987   -0.0239843    0.0119731     -0.14877     0.113116    0.0836377     0.309243     0.259126    -0.375848     0.167052     0.142098    -0.159564     0.201239    0.0348734   -0.0430453     0.161143    0.0650184
   -0.047963   -0.0634003    -0.081931    -0.145961    -0.229264     0.230051    -0.010073    -0.303478    -0.187526    -0.045104   -0.0258108     0.139377    0.0328171   -0.0313985    0.0767674    -0.459761   -0.0323809    0.0538416    -0.146506   -0.0920615     0.382267     0.110248     0.247942     0.105569    -0.257986     0.223682   -0.0769274    0.0667744    0.0973943     0.147635     0.176977     0.164256
   -0.172621    0.0594885     0.428106    -0.201689    -0.116823     0.181342     -0.12922    -0.162413   -0.0868461   -0.0136851     0.214053     0.016099     0.123632     0.297035    -0.194309    -0.103009     0.441368     0.039845  0.000156125     0.173747     0.190695   -0.0954402    -0.268081    0.0825691    0.0529401    0.0383333    -0.207541    -0.108331   -0.0411102    -0.491259     0.320547     0.229691
   0.0790912      0.30392   -0.0339402    0.0578441     0.144977     0.637407     0.135456    -0.196953    0.0304277    -0.174568     0.115475  -0.00975864    -0.364771     0.187908     0.260127    -0.266851    -0.242938    -0.250881    -0.116431     0.213782   -0.0512736     0.242568    -0.183754     0.796033     0.285627     0.327097     0.120819    -0.131177    0.0894643   -0.0414352   -0.0307197    0.0130549
