  -0.403556
  -0.553663
  -0.444236
  -0.540175
  -0.235056
  -0.184613
  -0.343707
  -0.140467
   -0.26053
  -0.472528
  -0.687131
  -0.524607
  -0.625161
  -0.564305
  -0.339916
  -0.846098
  -0.534804
  -0.418913
  -0.285514
   -0.19543
  -0.502708
  -0.763724
  -0.426124
  -0.396117
  -0.450351
  -0.223144
  -0.333992
-0.00540429
  -0.381342
  -0.494208
  -0.702623
  -0.692524
  -0.817406
  -0.685222
  -0.638426
  -0.429935
  -0.401117
  -0.518603
  -0.397758
  -0.552904
  -0.670902
  -0.556426
  -0.437246
  -0.480103
 0.00237556
  -0.707908
  -0.338589
  -0.513196
  -0.278398
  -0.480204
  -0.545273
  -0.238925
  -0.614411
   -0.41926
  -0.319227
  -0.632173
  -0.709884
  -0.954373
  -0.526466
  -0.403921
  -0.554433
  -0.238113
  -0.576162
  -0.484838
  -0.450177
  -0.632858
  -0.202358
  -0.953789
  -0.660694
  -0.338332
 -0.0882181
  -0.445995
  -0.196324
  -0.733522
  -0.443934
  -0.489538
  -0.612557
  -0.567236
  -0.449227
  -0.512215
  -0.195993
  -0.819215
  -0.480375
  -0.545033
  -0.364074
  -0.737586
  -0.226067
  -0.299922
  -0.696728
  -0.462583
  -0.248724
  -0.459783
   -0.63631
  -0.420537
  -0.338789
  -0.368803
   -0.29219
  -0.764297
  -0.859995
  -0.640269
  -0.249395
  -0.526804
  -0.227976
  -0.462797
   -0.29411
  -0.597697
  -0.471518
  -0.600876
  -0.784693
  -0.581662
  -0.190976
  -0.281189
   -0.30735
  -0.199682
  -0.315204
  0.0353967
  -0.432527
  -0.593718
  -0.557637
  -0.517205
  -0.675423
  -0.851808
  -0.381778
   -0.44951
 -0.0581339
  -0.909233
  -0.489939
  -0.846265
