   0.440229
   -2.05425
   0.696987
   0.136476
   -1.03757
  -0.503441
    1.29227
  -0.679411
  -0.186834
    0.96039
  -0.834657
  -0.590858
  -0.369303
   0.264108
  -0.674668
  -0.269194
   0.157801
  0.0440396
   -1.00551
   -1.15393
   0.114541
   0.204416
 -0.0282248
   0.998475
  -0.379769
   0.228534
      1.084
  -0.493876
  -0.507677
  -0.609412
  -0.443752
  -0.129325
  -0.607623
   0.332049
  -0.579609
   0.658531
  -0.469234
   0.302245
 -0.0567735
  0.0677513
   0.297263
  -0.301921
   0.495178
   -0.53118
  -0.424762
    0.15811
  -0.588283
   0.628773
   0.243402
  -0.179651
  -0.386609
  -0.502278
  -0.354289
    1.13771
    1.12764
  -0.212842
  -0.488707
  -0.499143
   -0.77989
    0.51976
  -0.112479
  -0.990915
  -0.297155
   -1.05905
   0.545238
  -0.673274
 -0.0441641
   0.172341
  -0.658371
    1.11198
   0.160279
  0.0360662
   0.233368
   0.780744
  -0.987349
   0.892789
  -0.372604
0.000424537
  -0.626141
   0.996265
   0.448885
    1.02248
  -0.412127
   0.821507
 -0.0263984
  -0.302181
  -0.989907
  -0.173743
  -0.483716
  -0.519742
   -1.49673
   0.423426
   -1.00704
  -0.709458
  -0.256145
  -0.139247
  -0.107941
   0.209144
  0.0540534
   0.487585
    1.02844
    1.46561
   0.541215
  -0.995199
   0.725291
   0.170572
   0.186102
    2.31405
 -0.0488648
   0.947848
   0.119532
  -0.155611
  -0.067131
  -0.108021
   0.660998
   0.134271
  -0.283878
  -0.893394
  -0.475436
   0.659206
  -0.911673
  -0.127273
  -0.743253
    1.50114
   -1.47715
  -0.359697
   0.411889
   0.540573
