    -0.2239
-0.00606315
  -0.356912
    0.52861
   0.538322
   0.550807
   -0.16356
   0.414632
  0.0522669
  -0.151481
   0.165637
  -0.736243
    -0.2367
   0.125811
   0.352268
  -0.189888
 -0.0916118
  -0.697582
  -0.221926
  0.0249877
   0.573459
   0.143273
   0.223511
  -0.155836
  -0.408154
  -0.219831
  0.0558001
   0.740825
  0.0890584
   0.187025
 -0.0391362
 -0.0748006
   0.196999
   0.384741
  0.0725483
 -0.0639761
  -0.186861
   0.819193
   0.255312
  -0.457516
   -0.13615
   0.252933
   -1.04635
   -0.13475
 -0.0978458
   0.206811
   0.399281
  -0.278275
    1.08192
  -0.401002
  -0.178754
  0.0339553
   0.702082
 -0.0813377
  -0.291699
  -0.474077
   0.253923
   0.253052
  -0.359457
  -0.854994
  -0.150626
 -0.0227758
  0.0258643
  -0.317985
   0.203848
  0.0426596
  -0.134772
   0.368027
    1.56406
  -0.553912
   0.272266
  -0.955717
  -0.232226
   0.681266
  -0.214282
   0.210148
   0.563049
   0.253002
   0.520751
   0.218273
   0.185622
 -0.0668184
  -0.101738
   0.975457
   0.342815
   -0.32525
  -0.106895
   -1.24156
  -0.196017
   0.148936
 -0.0686856
  -0.244013
  -0.175471
  -0.566336
  -0.216977
   -0.64091
   0.652838
   0.474227
   0.207297
  -0.272624
 -0.0170766
  -0.441973
   -0.43153
   0.270249
   0.815482
   0.380282
  -0.150094
   0.417801
   0.583271
-0.00928988
  0.0479177
 -0.0813835
 -0.0503269
   0.243394
 -0.0345144
  0.0464711
   -0.33487
   0.363432
   0.886452
   0.430312
   0.105213
  -0.163138
  0.0439899
  -0.346143
   0.356083
   0.691959
   0.243981
 -0.0204696
