    0.405441    -0.169381    -0.248583     0.338834    0.0880358    0.0616269     0.221183   -0.0322756     0.254298     0.175883    0.0862104   -0.0391237   -0.0351556    -0.152217    0.0632627     0.214811   -0.0639202    -0.123613   -0.0603937     0.160992     0.143023    -0.152335    -0.283308    -0.265588     0.144786    -0.169642   -0.0825728    0.0529046    -0.300914   -0.0214086     0.388335   -0.0356279
    0.113421    -0.135852    0.0960736    -0.314665   0.00814159    -0.191307     0.149085   -0.0577673     0.222607     -0.16845     0.059326    -0.116616      0.16939    -0.158129   -0.0935648    0.0875557     -0.24995   -0.0274263    -0.177827   0.00609142    -0.239644    -0.222628     0.128038    0.0128137     0.112305    0.0731326  -0.00677878    0.0284184    0.0939166     0.120045      0.32612    -0.145057
  -0.0491747     0.184368     0.172263      0.30249    -0.508371     0.411654     0.194001     0.220415    0.0789433    -0.126611    0.0993422     0.245571     0.204376    -0.104555    0.0560287    -0.439264   -0.0535095    -0.448933     0.154264    -0.103394     0.327283     0.221138    -0.182348   -0.0729176     0.157851   -0.0794914     0.346804   -0.0315481   -0.0441763    0.0434875    -0.210755   -0.0652818
    0.214757     -0.18028     0.367114     0.182339     0.496531    0.0184992    0.0835364      0.30614    -0.143675     0.112021     0.245924   -0.0986564     0.119167    0.0783845     0.102683      0.18739     0.133552     0.165013     0.125424    0.0652594    -0.231084   -0.0220525     0.130241    -0.197793  -0.00926804   -0.0148191    -0.186399    0.0931469    -0.176543     0.122733     0.113754     0.285475
  -0.0258315     0.105311    -0.144256     0.267895    -0.219575    -0.132957     0.125425     0.408208     0.123836    0.0134713     0.173521   -0.0314267    -0.076601    0.0976659   -0.0985721      0.17347    0.0160428     0.149483     0.034861    -0.338235    -0.299555   -0.0716065     0.112059     0.323284     0.194201     0.385707 -0.000567669    -0.318439     0.191598    -0.141288   -0.0176647   -0.0735702
   -0.127083    0.0949816    -0.157779    -0.428363     0.161668    -0.107402     0.059954     -0.10695    -0.227853      0.15692    -0.215788    -0.212231    -0.104234     0.142542     0.310953     0.240218    0.0538658     0.396026    -0.232095    0.0202855   0.00620255    -0.114253    -0.273257    -0.366841   -0.0943936     0.366354    -0.195767    -0.271011   -0.0565968   -0.0134928    -0.171034    -0.405019
   0.0973181   -0.0829095      0.19005    0.0240929   -0.0473628     0.169011    0.0901849    -0.215253    -0.128705     0.303288   -0.0224286     0.227295    -0.244835    -0.132072    -0.234734     0.272199     0.439592    -0.212358   0.00971354    -0.166714     0.201737   -0.0945469    0.0223789    0.0879424    -0.282501    -0.188968      0.12073    0.0516154      0.37783     0.152458     0.208605    -0.103478
     0.24048    -0.101039    -0.187013   -0.0982715    0.0880967    -0.236122     0.342011   -0.0596432   -0.0634616    -0.127987    -0.141605     0.209997    -0.334915     0.108051    0.0460281     0.162894     0.405745    -0.220831    -0.214894     0.215627   -0.0156399     -0.11189    0.0777384    -0.325541   0.00425781     -0.45052     0.169039      0.10054    0.0162413    0.0151642     0.188781   -0.0227141
    0.141554    -0.229436     -0.08971     0.457864    -0.444307     0.333701   -0.0109331    -0.353354    -0.228898   -0.0470846    -0.281132   0.00244709    -0.225558    -0.121439    -0.113122   -0.0983058     0.476684    -0.136214    -0.504311  -0.00381398    0.0451077    -0.126938  -0.00168832     0.390916     0.072011   -0.0769633     -0.22427     0.100759    0.0365213     0.188341   -0.0440026    0.0947774
    0.131521    -0.112696     0.193854    -0.158908    0.0745056     0.352937   -0.0571064     0.162684    -0.113334    -0.166578    -0.226744    -0.254639    -0.311291    -0.138368    -0.194038    -0.202978    -0.133566   -0.0594198    -0.306985    -0.114829    -0.179217    0.0905013     0.125062   -0.0954396   -0.0612371    0.0274622    -0.114734     0.339976   -0.0139211    -0.209276    0.0258448     0.148537
  -0.0488133     0.173416      0.31197    -0.104452     0.337281     0.137622     0.280672    -0.216058    -0.430812    -0.102183     0.186457     0.138786    -0.514897   -0.0896845     -0.10654     0.222403     0.195197    0.0236005    -0.226099     0.162997    -0.148029     0.318876     0.169716     0.350887     0.109145    -0.125098  -0.00757318    -0.298695     0.167662   0.00520818    0.0238992    -0.168095
   -0.255709    0.0560651   -0.0443052    -0.117739     0.323892   -0.0146094    0.0191117    0.0429514   -0.0129347     0.165449     0.235937    0.0595646    -0.157136    0.0545436    -0.110468     0.124227    -0.136987   -0.0284361    0.0208735     0.266761     -0.28398    -0.117899    -0.027907     0.212456   -0.0162605    0.0176451    -0.150375    0.0271631    0.0930335     -0.09731   -0.0911624    0.0159905
   0.0612294    -0.080052    -0.349058    -0.410893   -0.0258207    0.0756807     0.249075    -0.438217    0.0750008     0.281321    -0.406749     0.395356   -0.0232962    -0.417764    -0.179113    0.0531166    -0.262047     0.303833    -0.224756    -0.064926    0.0296838    -0.382509     0.154422     0.197917    -0.193757     0.196188    -0.192306    -0.318993   -0.0058537     0.378704     0.069092     -0.12365
   0.0572974     0.192737   0.00678938     0.434351      0.15813   0.00501694     0.635062     0.184797    -0.123395    -0.205497     0.026223    -0.316894   -0.0905731    -0.118972    -0.200097     0.129856   -0.0381155    0.0573172      0.11759     0.125819    0.0188183    -0.131312    -0.140059    -0.175464      0.33567      -0.1193      0.42476    0.0984509     0.307017   -0.0249643     0.256782    -0.475924
   -0.105622     0.397132     0.167013   -0.0837111    0.0361813    -0.118105     0.287609    0.0748306    0.0395031    -0.294536    -0.154543     0.282887    -0.243685     0.220248   0.00411064    0.0769512      0.35518    -0.149779    0.0384942   -0.0220275     0.174749     0.137491    -0.278848    0.0704235     -0.10027   -0.0454156    0.0587389     0.122909    -0.126857     0.106514    -0.123754   -0.0886257
  -0.0901876    0.0659682   -0.0018667     0.127396    -0.284701      0.28539     0.367194     0.197537    -0.131361     0.185797    -0.307138   -0.0390619   -0.0996624    0.0265031      0.18447   -0.0240623    -0.312963    -0.121569    0.0734284    0.0237223   -0.0790496   -0.0182283    -0.094014   -0.0528614     0.100488      0.32956     0.205039    -0.250736     0.157814     0.125819     0.216741    -0.400078
  -0.0536837    0.0988378    0.0244986    -0.344213     0.469661     -0.31004     0.284072    -0.123146    -0.294679     0.213334    -0.105707    0.0753202    -0.131617     0.312319     0.012566    -0.322455   -0.0834609      0.11886    -0.169729     0.249584      0.53128   0.00379384   -0.0786807   0.00900814    0.0978291   -0.0149054     0.144358     0.201542    -0.273098     0.168962    -0.249209    -0.176552
   -0.109848    -0.276762    -0.100929   -0.0534222   -0.0148821   -0.0390124     0.335382     0.224164  -0.00936422    0.0864519     0.153882    -0.242798  -0.00511248     0.360681    0.0196561   -0.0566376    -0.434277    -0.261557     0.209307     0.033597    -0.300631    -0.164091    -0.464878    -0.158557    0.0506277     -0.26704     0.306409   -0.0790817    -0.332133    0.0580446   -0.0164388       0.3182
   -0.150242     0.480178     0.372733     0.268144     0.308118    -0.104278     0.484863   -0.0305263    -0.491202   -0.0727896    -0.521103     0.274633    -0.304036     0.216066    -0.321554    0.0370429     0.508504    -0.243395    -0.146634   -0.0973223     0.566797  -0.00033145     0.117471    0.0931547    0.0147137     0.147155    -0.175346    -0.334511    0.0948739     0.336155    -0.124779    -0.197008
  0.00727677   -0.0148986     0.588471     -0.10721     0.289657    0.0635178    -0.145115    0.0379445    0.0727531   -0.0427413    0.0339862     0.165403    -0.543332     0.158078    -0.108264    -0.308916    0.0334784     0.290568      0.10211     0.353961    0.0361028   -0.0331706    0.0711887   -0.0680857    -0.241181      0.12286   -0.0181478   0.00867498   -0.0093516     0.254896     0.274575    0.0807347
  -0.0924917    -0.102965   -0.0638549    -0.278148     0.280309    0.0969806     0.177744  -0.00439654    0.0120856   -0.0364041   -0.0294678   -0.0446807    -0.322614    -0.122555       -0.152     0.239179    0.0288696    0.0274101    -0.287315     0.378957    -0.139308    0.0535444    -0.178569    -0.219533      0.24512    -0.182842    0.0175904    0.0388808    0.0390026    0.0994378    -0.237073    0.0328982
  -0.0509901    0.0896765    -0.277635    0.0393627    -0.615352    -0.100643     0.110164    -0.103778    -0.258816   -0.0938527   0.00665895    0.0413273     0.117487   -0.0805902     0.598604    -0.535888     0.598979    -0.232569    0.0389018     0.248439     0.144258     0.132478     0.155406     0.270506   -0.0837906     0.045837     -0.17191   0.00764777     0.623015    -0.153073    0.0313433    0.0627511
    0.136308     0.224777     0.049062   -0.0279994     0.471887     0.249786   0.00608608     0.162315     0.169837      0.18421     0.207643    0.0203139    -0.315152     0.289516    -0.309099    -0.059281   -0.0942354   -0.0945811    -0.110564     0.409762    -0.120692     0.153571    -0.210529    0.0807007   -0.0913694     0.105857     0.140557   -0.0384142    -0.123004     -0.35292    -0.137784 -0.000288639
   -0.196374     0.235192    0.0477807      0.39474    -0.209235    -0.056897  -0.00979515  -0.00856325    -0.177858    -0.066949     0.146161    -0.166691     0.178335     0.270319    0.0402224     0.163806    -0.191766    -0.186338   -0.0560961    -0.117398     0.285038     0.169314     0.237987    0.0212826     0.229167   -0.0742935     0.363884    -0.171814   0.00177264    -0.126393     0.182893    0.0577504
    0.187299     0.426618     0.160715   -0.0137621   -0.0186537    -0.111233     0.456914    0.0344231    -0.421822    0.0328715    -0.134561     0.443718    -0.498702    0.0153026   -0.0723928     -0.14813    0.0921573   -0.0940563   -0.0863177   -0.0141499    -0.164272     0.237532   0.00469573     0.711496     0.419809    -0.284023    0.0135988    -0.175022     0.305675     0.107778     0.084239    -0.085017
   0.0624365     0.154879      0.37513     0.133366    0.0868217    -0.225244   -0.0517227   -0.0744534   -0.0651454    0.0235008    -0.183366     0.056324    0.0887715     0.165562     -0.23845   -0.0408449     0.395267   -0.0983712    0.0904504    0.0561849    -0.144663   -0.0861771     0.168764     0.155934    -0.290116     -0.47509   -0.0556381     0.144194     0.217919   0.00580355   -0.0287106     0.078339
     0.17959     0.248506    0.0493474     0.223783     0.070458     0.327521     0.564042     0.257024     0.267005    -0.080877    -0.352706     0.241437    -0.263133    -0.213605    -0.108922    -0.011938     0.478716   -0.0170511    -0.299995     0.128383     0.160676      0.19942    -0.190671    0.0427582    0.0904088     0.101522    -0.133444    -0.408026   -0.0756362     0.284017    -0.266697    -0.289664
   -0.156006  -0.00294289     0.255037     0.116329    -0.217412    0.0740204     0.193672     0.471862    0.0795187    -0.421989    -0.216007    -0.163802     0.225319   -0.0324695    -0.144217   -0.0132022   -0.0534069    -0.287713     0.274378     0.556856   -0.0338382   -0.0783918     -0.47113    0.0529418     0.216727     0.175592     0.271272     0.193136     0.234073    -0.162516     0.244446     0.247246
    0.169116    -0.114544   -0.0892928    -0.128471    -0.226692    -0.084137   -0.0470984    -0.121032      0.12213     0.109402   -0.0250519     0.105656     0.132254    -0.208061     0.211366    0.0961168   -0.0878033     0.163202    -0.102698    -0.115202   -0.0368545    -0.153216    -0.036582     0.221788      0.12281  -0.00186671    -0.187601    -0.131434    0.0291511     0.310691    0.0880507    0.0441308
   -0.357995     0.163752     0.102811    -0.262614    0.0261687    -0.274502   -0.0174302     0.301101    -0.229031   -0.0757639     0.158445    -0.176355     0.121732     0.251793    0.0700528  -0.00419139    -0.200661    0.0477237      0.10494    0.0622308     0.319928    -0.261674     -0.12777    -0.180085    -0.123066     0.386608     0.110037   -0.0265608     0.172751    0.0449429    -0.307249     0.147295
  -0.0334349   -0.0246071     0.301597     0.203069   -0.0394659    0.0444588     0.269356     0.214512     0.310491     0.131105    0.0215708      0.17625    -0.015557    0.0391089      0.19073    0.0710331   -0.0824887    -0.101182     0.316246     0.194836    0.0877989     0.177352    -0.377047    -0.438289    -0.270661    -0.332426     0.454196    -0.496784    0.0459407   -0.0363379     0.265109    -0.266515
   -0.122621    0.0013976   -0.0620868      0.15667    -0.125514    -0.224956    -0.199392    -0.394675   0.00956272    -0.178214     0.248559    -0.446357     0.125935     0.276457     0.105645     0.112806     0.254634    0.0857945     0.165221    0.0618674   -0.0689406   0.00944398  -0.00937097    -0.167589    -0.109783    0.0479807  -0.00292469     0.181393    -0.103642    -0.127562    0.0731683     0.335393
   0.0682188     0.110436    0.0918603     0.140785    -0.101505     0.132333      0.26208    -0.122221     0.114498   -0.0376724 -0.000759916    -0.135313    -0.278315    0.0544395   -0.0413662  -0.00583407    0.0867171     -0.44766    0.0236082     0.264342   -0.0457567     0.264884    -0.013919   -0.0341101   -0.0256071    0.0114667     0.286643    -0.350637   -0.0610772   -0.0514183    0.0880512    -0.110979
   -0.177728     0.156361    0.0574072    0.0262108   -0.0151966     0.106127    0.0725353    -0.147097     0.080841     0.096786   -0.0204197    -0.114787   -0.0270472     0.281062   -0.0889681     0.037536     0.329686     0.104249   -0.0716411     0.231614    0.0375116     0.284389    -0.395695    -0.318404    -0.011518   -0.0965565    -0.046443    0.0440056     0.252066     0.415743    -0.140343   -0.0512825
  -0.0642939   -0.0539214     0.229056    0.0244125     0.701499     0.408541    -0.116534     0.380131   -0.0109413    0.0455949    0.0471315     0.135804    0.0667669   0.00889647   -0.0454449    -0.266131    -0.483908    -0.381815     0.281654    -0.293467  -0.00376212    -0.232741    -0.214889   -0.0885807    -0.220349   -0.0700966    -0.260304    0.0541316   -0.0578308    0.0605556    0.0772983    0.0778434
    0.186351    0.0816244     0.081074    -0.212503     0.040752     0.341958  -0.00429474    -0.421123     0.228892    -0.405894    -0.141972     0.241025    -0.191475     0.246646    0.0330579    -0.391317     0.256246    -0.227139     -0.44418     0.305429     0.391315     0.190319   -0.0504727   -0.0898839      0.18554  -0.00119738    -0.189575    0.0194819    -0.061835     0.240968   -0.0217223    -0.102685
    0.111543    0.0949294     0.220944    -0.557668   -0.0325973     0.643223    -0.355091    -0.520557    -0.458609   -0.0338367     -0.05419    -0.167103    -0.263508    -0.180684     0.065999   -0.0426938     0.313442      0.21788    0.0744866    -0.012154     0.573364    -0.178223    0.0331303    0.0569453   -0.0510462     0.209176  -0.00705063    -0.107041    -0.335917    -0.137039     0.115471    0.0507944
   0.0736657     -0.11861   -0.0237471      0.11733     0.111554     0.133933   -0.0341388    0.0503395    -0.131584    0.0806349    -0.146322   -0.0612247     0.118738   -0.0985145    0.0541146     0.257474     0.406897    0.0238695    -0.163621    -0.238453    0.0910016     0.087171    -0.155423   -0.0282785     0.425368   -0.0548049    -0.216842     0.256073    -0.292883     0.279323   -0.0818734  -0.00221058
   -0.174662     0.361342    -0.138358     0.390297    -0.225798    -0.118685      0.17325      0.43668     0.379286    -0.354846     0.223698     0.173092    -0.116591   -0.0260045    0.0158954    0.0876283     0.290534    -0.138513    -0.186209     0.179251    -0.112217     0.313021   -0.0542554    0.0656186   -0.0305708     -0.28457    -0.296887    -0.274412     0.119331     0.188736    0.0229267    -0.306525
     0.25485   -0.0408749     0.056755    -0.547796     0.390654    -0.151395   -0.0673435    -0.122713    -0.288161    -0.013327     0.232068   -0.0235113     -0.24077   -0.0510562   -0.0444979   0.00776299    -0.275162    -0.143995    -0.043209   -0.0863653     0.110454       0.2555     0.218459     0.282925    -0.206495    -0.155643  -0.00910648    0.0537565    0.0551661    -0.103828     0.314133    -0.528272
    -0.24937    0.0192584   -0.0786727    -0.055832     0.120816     0.431096    0.0975739    -0.201324    -0.238003   -0.0474497    -0.184314    0.0263684    -0.247103   -0.0303046     0.088937    -0.474825     0.174597   -0.0201187     0.191071    -0.368056    0.0379347    -0.179984    0.0120687    -0.288138     0.171555     0.180956     0.121845    -0.083806    -0.406908   -0.0980111     0.235053     0.498342
   0.0436272   -0.0249224   -0.0224646     -0.18201     -0.43235    -0.209166    -0.206276    0.0684914   -0.0165675     0.031635    -0.120094   -0.0095882  -0.00534568   -0.0151956     0.286235    0.0996145    -0.278897      0.07085     0.195835    -0.248878     0.270005     -0.24516     0.129536    -0.194002   -0.0860792   -0.0459063   -0.0964402    -0.194864    0.0503885     0.126683    -0.131868    0.0830928
   -0.406006   -0.0479321  -0.00486776     0.148388     0.359567    -0.207494    0.0501104      0.38462    -0.165561   -0.0600637     0.199473    -0.168385     -0.11387    0.0177291     0.246258     0.290226   -0.0332694     0.012643  -0.00189829     0.490255     0.175323    0.0782472     0.397867    -0.207295    -0.178029     0.504551   -0.0400639    0.0144966   -0.0161489    -0.314632   -0.0563685     0.177143
  -0.0605561    -0.162761     0.289326    -0.166251     0.216998    -0.393581    -0.186443    0.0724681       0.1588   -0.0768689     0.287422      -0.1752   -0.0183492   -0.0613894    0.0890124     0.118292   -0.0251715     0.186681    0.0774547    0.0815447     0.311868    -0.431521   -0.0936144    -0.252562  -0.00414124     0.241936    -0.198506     0.166248    0.0264435    -0.314925     0.197834     0.118318
   0.0040892    -0.243651     0.190046    -0.146914     0.191314    -0.102953    -0.294701     0.253497     0.139897    0.0428409     0.418553     0.187801    0.0147433    -0.109021    -0.240373    -0.202625    -0.226644    -0.127902   -0.0303635    0.0418954    -0.180768     0.105603     0.108664    -0.208244     0.205917    0.0984145    0.0768857    -0.191237    -0.274251   -0.0748605   -0.0559021    0.0646908
  -0.0781925     0.135454     0.224647    -0.151183     0.135875    -0.227942    0.0533823   -0.0129144   -0.0583746     0.015695     0.431786    -0.187431    0.0172504   -0.0120077    -0.122836    -0.112878     0.114748      0.11812    -0.192569    0.0714068    0.0267902   -0.0552983   -0.0055635    -0.382271     0.377329     0.328247     0.149721    -0.234674    -0.124947    -0.284284    -0.119856    -0.131002
  -0.0905119    0.0302914    0.0669561    -0.143751     0.385154     0.143221     0.190261    -0.284654     0.137992     0.207017   0.00912182     0.449216    -0.340169     0.175289    -0.125701     0.385284   -0.0274808    -0.127878    -0.379545   -0.0129852    0.0626561     0.127537    -0.344421    -0.197947   -0.0674606   -0.0463417    0.0757542    -0.560275   -0.0483138     0.163283    0.0671167     0.211808
    0.110477     0.246415      0.13138    -0.338609     0.534681     0.302208   -0.0768861   -0.0914002   -0.0558163    0.0928154   -0.0494267    -0.098512    -0.248003   -0.0630962     -0.01018   -0.0372128    0.0188675    -0.137232   -0.0335966     0.306728    -0.100246     0.132409    -0.290658    -0.291821      0.26841    0.0907174      0.26526   0.00138922    -0.116615    -0.239673     0.218927    -0.115303
    0.417487    0.0762634    0.0482534   -0.0237101    -0.279024   0.00312426     0.332996   -0.0837268     0.349955    -0.356324    -0.175399     0.343077    -0.278773    -0.223828      0.27531     0.337388    0.0505982    -0.499816    -0.228124    -0.116759     0.471217      0.23513     0.341612    0.0947934   -0.0118825     0.659378    -0.215373    -0.245304     0.319148     0.319317    -0.482893    0.0038221
   -0.323287   -0.0533017    -0.202209   -0.0458965     0.347592    -0.441367   -0.0623543     0.367189    -0.325409     0.349112     0.151726    -0.200568    -0.116022    -0.179688     0.129206     0.115184   -0.0617491    0.0955872     0.460391     0.023685    0.0429838     -0.23788   -0.0666863    -0.286727  -0.00520802    0.0102611    0.0798127      0.21051     0.178238     0.029906    0.0693696     0.341974
    0.154556     0.125634    -0.140714     0.412248     0.270958    -0.014266     0.263573    -0.204747    0.0102396    0.0472487   -0.0728509    0.0237446     0.170251     0.375792    -0.109142   -0.0982278     0.138452    0.0466868     0.245955     0.103891    -0.117349     -0.23875    -0.164907    -0.153259    -0.188575   -0.0104988     0.460606    0.0025464   -0.0783466     0.206276    0.0305838     0.235775
 -0.00562851     0.156342    0.0256021    -0.335838   -0.0832499    0.0077717    -0.015335    0.0208307     -0.12231    0.0411943    0.0368432    -0.210022     -0.02231    -0.263031     0.134512    -0.275992     0.168447    -0.224716    -0.144845     0.134684    -0.135288     0.305355   -0.0536994     0.132747     0.171821    -0.351277     0.450229    -0.255333     0.103238     0.237923     0.205637    -0.106011
   -0.363667      0.18527       0.1223    -0.199351    -0.141603     0.175571   -0.0640043     0.663731    -0.162713    -0.317683   -0.0223298    -0.221582    0.0531323     0.145999    0.0989477   -0.0120815   -0.0848252    -0.260666     -0.38129     0.377698   -0.0797137     -0.13006      0.17725  -0.00530722     0.070657      0.60717     0.549944  -0.00845235    -0.672641     -0.12032     0.142492     0.294626
  -0.0276308   -0.0592003     -0.18881      0.36219    -0.100282     0.311007   -0.0813792    -0.235891    0.0530988    0.0748484     0.155611    0.0224468   -0.0602681    0.0422764   -0.0268259     0.256907    0.0643209     0.146261   -0.0141414    -0.319556   -0.0102204    -0.165587     0.149846     0.118917     0.171649     0.158782     0.143943    -0.301853     0.189475  -0.00921449    -0.159075     0.227261
    0.114441    -0.186386    0.0298162     0.317628   -0.0272567     0.476355    0.0753209     0.211196     0.108856     -0.18079     0.119822    -0.268383     0.273446     0.299623   -0.0170694   0.00998563     0.247101    -0.181894     0.122637     0.117522     0.307089     0.162979    -0.607857    -0.211615    -0.177333    -0.134164     0.174148     0.125923    -0.149693   -0.0450318    0.0351704   -0.0222746
   -0.297775    -0.260649     0.113063    0.0606757    0.0259369    -0.227375    -0.173412    0.0758146     0.141962   -0.0902902  -0.00950107   0.00531942     0.126148    0.0952273     0.174801     0.212355   -0.0456464    -0.168242    0.0352927    0.0290625     0.155508     0.173866     -0.12837    0.0153058    -0.193438     0.167336    -0.153983   -0.0844378   -0.0843793    -0.346846     0.206272     0.229228
   -0.572663     0.429342   -0.0538741   -0.0922725    0.0392387     0.336332    0.0676358    -0.343697    0.0625671    -0.351273   -0.0173349     0.310813   -0.0873932   -0.0824882    0.0358455     0.235312     0.253951    0.0247756    -0.111193    -0.416411  -0.00719452    -0.155355     0.169965      0.38781    0.0363903    0.0610462     0.169422   -0.0736312     0.112542     -0.10034    -0.310546  -0.00840465
   -0.154016    0.0669888     0.302367    0.0689825     0.394865    -0.376938   -0.0173371   -0.0380194    0.0503379    -0.303661     0.268292    -0.102246     0.510378     0.233438     0.155562   -0.0283358    -0.434145   -0.0799268    -0.262831   0.00306683     0.244079     -0.26398   -0.0577569    -0.312715     0.299996   -0.0119293    -0.141411    -0.037604    -0.179708    -0.133162    -0.156793    -0.214093
   -0.435637     0.113029     0.300579    -0.328117     0.317682   -0.0747457    -0.140856     0.399906     0.138801    -0.490454  -0.00422601    -0.123456   -0.0167123     -0.27582    -0.057687     0.115361     -0.29301  0.000129872    -0.120605     0.322946     0.112636     0.223957     0.419421    -0.379458     0.073144    0.0442792   -0.0853537     0.149245    -0.408713    -0.133724    -0.138989      0.53758
   0.0530116    -0.352843    -0.331505    -0.230346    0.0778227     0.107166     0.228332     0.280834     -0.20755     0.155887     0.346792   -0.0511157   -0.0260738  -0.00321825      0.29156    0.0819348     -0.30715    0.0186037    0.0221762      0.38492     0.267187     0.107314     0.315601    -0.319415    0.0563465     0.381466    0.0798312    0.0615417    -0.216078   -0.0207375    -0.126693    0.0264931
    0.155121     0.152248     0.346282     0.247313    0.0969416    -0.465794   -0.0671848    -0.153217    -0.126887    0.0292002    -0.107213     0.262144    -0.172013   -0.0355317   -0.0463926    -0.266889     0.153501    -0.049408    0.0384708  0.000194847    -0.184947    -0.133092     0.093338    0.0222934     0.242639     0.105203    -0.309922   -0.0486696     0.301648    -0.220765     0.132996    -0.338673
   -0.233632    -0.123083     0.128689    -0.223402     -0.15284   -0.0154246      0.11655     0.224475    0.0689825    -0.159409   -0.0778756     -0.28214     0.165326     0.269199   -0.0915765    0.0560953   -0.0380598   -0.0801753     -0.15005    -0.122835   -0.0351642    -0.289867   -0.0754814    0.0142203    -0.252151   0.00640948     0.275452    0.0908597    -0.285113     0.221758    0.0911389   -0.0218781
   0.0355925   -0.0367945    0.0763364     0.186424    -0.327909     0.396114    0.0299181     0.114031    -0.139691     0.247529   -0.0575265     -0.22395    0.0821723   -0.0265668     0.110258    -0.132175    -0.264507    -0.344971     0.423699   -0.0030506     0.194238    0.0664843     0.241134    0.0674327     0.186431    0.0525192     0.284698     0.214952  -0.00812634    -0.137861    0.0623691    0.0240001
    -0.22419      0.38962    0.0348225    0.0108291    -0.268062    -0.120099   -0.0440696     -0.10984    0.0514698    -0.198738    -0.262248   -0.0109217    -0.120325    -0.149759    -0.226117      0.16744     0.197763    0.0964499     0.309448   -0.0444566    -0.497135     0.182797      0.46767     0.143525    -0.278931    0.0974611    -0.117828   -0.0490543     0.214281     0.245421    -0.291491    -0.446314
  -0.0867108    0.0329974     0.250026     0.139056   0.00618183    -0.279444  -0.00709078    -0.163141    -0.387169     0.336957   -0.0214221    0.0408826     0.180265      0.10943   -0.0696133    -0.243966     0.465127     0.287645    0.0501729    -0.196026     0.139059    -0.256767    0.0923827    -0.251333   -0.0299323     0.180763    -0.496382   0.00167617   -0.0116105     0.207149     0.111601     0.119221
   -0.210106   -0.0571453     0.187939    -0.103524    -0.532996     0.323393     0.422127    0.0611268    0.0288611     0.287839    -0.257146      0.29973   -0.0314535    -0.165623    0.0907097    -0.174301     0.221466    -0.418394    -0.421283     0.279436     0.157279    0.0331906    -0.157076    0.0455733    0.0713724   -0.0737953    -0.181329     0.169504     0.549125     0.367246    -0.474059    -0.330191
  0.00853518    -0.326757    0.0405898    -0.175144    -0.115384    -0.101578     0.219399    -0.358663   -0.0611241    -0.143428    -0.156824    0.0206367     0.137738     0.133655     0.184027    -0.106833     0.322869    0.0608956     0.132164    0.0585273    0.0725003    -0.169752   0.00553614    -0.123028     -0.22151    -0.106651    -0.138919      0.01609    -0.028187    0.0808604     0.292643     0.371373
   -0.258679     0.466242    0.0437473   -0.0507072    -0.165798    -0.104078    0.0175095     0.197106     0.139666    -0.154855  -0.00370877     0.029705    -0.149486     0.199021   -0.0403189     0.137107     0.247677   -0.0767784    0.0767973    -0.236912    -0.128997     0.230292      0.34004   -0.0883394    0.0041757    -0.152072   -0.0401827  -0.00816193   -0.0662629   -0.0491716    -0.135843    -0.126832
    0.157806    -0.159961   0.00566513    0.0995622     0.340464    -0.414406     0.114075   -0.0112677     0.129379      0.33558     0.211779    -0.166936     0.582528     0.268528     0.406221   -0.0912875    -0.330794    0.0930846     0.223384    -0.273071     0.210461     0.161828    -0.192824    -0.290647   -0.0846808     0.352971     0.317366    0.0567535    0.0364689    -0.130899     0.314379  -0.00994582
    0.193229    0.0871269    0.0621169   -0.0951354     0.118393     0.239131     0.216799   -0.0830681     0.348823    -0.328062     0.240634   -0.0678183   -0.0038526    0.0919257    -0.195639    -0.112217     0.341027    -0.249803    -0.394634      0.13195    -0.174412    0.0380891    -0.171202    0.0862735   -0.0316947     0.143308   -0.0697561 -3.21464e-05   -0.0258801    -0.160829     0.265389     0.130791
   -0.209826    0.0596224    -0.107202    -0.383775    -0.152526     0.365274    -0.219984     0.133906   -0.0892621    -0.383906    -0.448351     0.145212    -0.469902   -0.0267048   -0.0101933    0.0136258     0.141883    -0.240106   -0.0702242    -0.257943    -0.198286     0.204337     0.102292    0.0814935    0.0474587    -0.196738    -0.256829    -0.228724    -0.253085      0.33104    -0.375245   -0.0173869
   0.0666253      0.21857    -0.216685     -0.26902      0.30057    -0.364224    -0.102168     0.161912      -0.1559    -0.094357    -0.204013   -0.0175122    0.0118699     0.224078   -0.0167548   0.00810665   -0.0449807   -0.0632435    -0.402114    0.0963811     0.260417   -0.0259529    -0.179372    0.0112824    0.0578727     0.113165     0.163774    0.0377732   -0.0233674     0.197743    -0.180091     0.167694
    0.193065     0.278505     0.310527   -0.0503306     0.150637     0.533227    0.0592025   -0.0921616     0.033662    0.0622869     -0.33881   -0.0999462    -0.115809    0.0694861    -0.149361     0.176229     0.404812     0.130052    -0.108153    -0.409243     0.113714     0.163664    -0.078994     -0.14576    0.0962516    -0.305778   -0.0973836    -0.160036    -0.234646    0.0117138    -0.307404   -0.0156795
   -0.362288   -0.0403792   -0.0485301   -0.0441281    0.0380873    -0.375404    0.0450682    -0.127576      0.11071    -0.141075    0.0104358      0.24586    -0.465679  -0.00576038    -0.138071     0.389257     0.161149    -0.221384    -0.390595     0.133257    -0.395669     0.189905      0.30969     0.293321     0.280281   -0.0329544    -0.470695   -0.0877328     0.455913    -0.133135     0.155075    -0.224663
    0.117375   0.00998823    -0.290419      -0.1633    -0.390272     0.182328    -0.120006     -0.31789     0.263314    -0.357083     0.266677     0.307612    0.0873066    0.0202715     0.164284    0.0460094     0.283189    0.0486243    -0.392693     0.100777     0.103765  -0.00545372     0.247036    -0.328056    -0.262397     0.235296    -0.304934   -0.0982748    0.0137099    0.0720987     0.103713    0.0624752
   -0.516899     0.362754     0.122373   -0.0912462     0.232748    -0.230835    -0.121696   -0.0733838     -0.49388     0.223538    0.0829408   -0.0138594   -0.0328673     0.226785     0.112415    -0.316068    -0.227657     0.119981     0.548709    -0.531449     0.627115      -0.1161     0.117061   0.00370626    -0.283803     0.220492     0.197558    0.0184768    -0.392446     0.101108   0.00599691    -0.013313
   0.0802365  -0.00404477    0.0302457     0.239959      0.10527     0.288403     0.286916     0.490218      0.36738   0.00731689    0.0383888     0.109733    -0.363026   -0.0502649    -0.123721     0.194906   -0.0518014    -0.275059     0.363184   -0.0554861      0.28283   -0.0910773    -0.162287   -0.0397744    -0.125689   -0.0571749   -0.0947054    -0.202968   -0.0606112     0.207522  -0.00966424     0.049229
    0.202298     0.323253    0.0676042     0.378381    -0.207678     0.493684    -0.157353   -0.0233781    -0.122599    -0.234554    -0.307853     0.205927     0.197591     0.041018    0.0846855    0.0857143     0.593782     0.145861    -0.127058   -0.0361303    -0.127579   -0.0680854   -0.0173133   0.00830201   -0.0620666     0.143042    0.0504454    -0.138595     0.514571    -0.102254   -0.0459975     0.119918
   0.0845245     0.285498     0.374309    -0.481572     0.159763    -0.129916   -0.0814816     0.351676     0.122457    -0.160381   -0.0430158   -0.0909484    -0.274286    -0.342476   0.00693787    -0.100019    0.0160316   -0.0199705     0.185885     0.222902    -0.166765    0.0518836     0.113611    0.0510017    -0.254467   -0.0899557     0.302058     0.253146   -0.0866642    -0.642381    -0.487723     0.120923
   -0.467622        0.282     0.265746    -0.266216     0.211346   -0.0977331    0.0530643     0.355999    -0.153088    -0.093795    0.0759886    -0.134406     0.227775     0.199067     0.137009     0.183087    -0.334292     0.183422     0.194851    0.0927949     -0.18384    -0.045906     0.530351    -0.358905   -0.0330104    0.0144765     0.233396   -0.0290934    -0.100383    -0.156631    -0.368068    -0.375321
   0.0277591    -0.154513   -0.0731283     0.237844     0.144865     0.302436     0.123154    -0.155683     0.161128     0.284715   -0.0670469     0.162223    -0.108302    0.0556896    -0.127979    -0.200017    0.0194035    -0.139428     0.252697   -0.0186204    0.0544397     0.127493    0.0225781     0.432837   -0.0761078    0.0605216    -0.214602     0.121102   -0.0537001    0.0171119    0.0421512    -0.135773
   0.0930374   0.00698353     0.328083    -0.152573    -0.219815     0.257699    0.0452207    -0.142937     0.053239  0.000866567     0.263384     0.264429    -0.259263      0.15967    -0.415806     0.298182    -0.213381    -0.239358   -0.0269968   -0.0935937   -0.0874613     0.200595    0.0589353     0.273422   -0.0290988    0.0101944   -0.0255797    -0.216879    -0.119486    0.0253149   -0.0744198    0.0135248
    0.093324     0.257781   0.00944832     0.205858     0.076699     0.113724     0.303031    0.0838446    -0.304725    -0.294917    0.0140206     0.351068    -0.117483   -0.0435743    -0.227632     0.239896     0.167589    -0.264776    -0.087799     0.206182     0.206026     -0.23013    -0.123974    -0.128611     0.398419    0.0370909   -0.0576967    -0.109458     0.107916   -0.0267434     0.168651    -0.141704
   -0.121613     0.467956     0.402248     -0.49915     0.160511     0.177965     0.141101      0.19896  -0.00521542    -0.331434     0.143036     0.169737    -0.172474   -0.0483562   -0.0495307    -0.162122     0.142791    -0.234078    -0.170446   -0.0963499    0.0252863     0.341204  -0.00498307     0.375234    0.0147868   -0.0255443     0.162555   -0.0228594   -0.0563252   -0.0369631    0.0448938   0.00992078
    0.201452     0.678188    -0.176479   -0.0236548     -0.51569     0.404579     0.232573    0.0215183     0.128128    -0.151627      -0.1506   -0.0619067    -0.418159    0.0482948      0.12906    -0.209522     0.196875    -0.395176    -0.174523     0.485999  -0.00878623     0.363916    -0.018751    -0.308371     0.146567   -0.0808794    0.0997235    -0.213899    0.0254384     0.287405    -0.191115    -0.438767
    0.161171    -0.230472    0.0253559     0.346978    -0.047182    -0.187322    -0.118529    -0.139876    0.0403182     0.124785   -0.0623966    -0.154521   -0.0670279   -0.0479417   -0.0217596    -0.018095    0.0263784    -0.287725     0.317463   -0.0268078     0.192963     0.213454     0.297032     0.578367    0.0442329     -0.24222     0.215844     0.218312   -0.0892992    0.0567444    0.0987137   0.00893263
    -0.26172     0.094545     0.247763    -0.249033     0.375451     0.314431     0.186267     0.361014   -0.0213844    -0.132237     0.200216    -0.116745   -0.0124832     0.345331    -0.283527    -0.190362    0.0248128    -0.152836     0.143023  -0.00100944    -0.139097   -0.0388047   -0.0868358    -0.175596     0.115106    -0.189891     0.414446    -0.226702     -0.18066    -0.216481      0.14973   -0.0328815
   -0.495465    -0.274273     0.102704    -0.111725     0.040741     0.239384    -0.194685     0.703872     0.161181     0.218185     0.143536    -0.336194    -0.236829    -0.021412   -0.0932432   0.00432375   -0.0533027    0.0473249    0.0795994    0.0392011   -0.0808308     0.376007     0.144014    -0.103674    -0.175767    0.0373201   -0.0341966    -0.310845    -0.252473    -0.166555    -0.104942    -0.101739
   0.0261148    0.0639435    0.0517003     0.266091      0.16569    -0.254696   -0.0179367    -0.257333    0.0435918     0.025851    -0.117194     0.208339    -0.197684  -0.00932727    0.0846342    0.0395184    -0.201084  -0.00222914   0.00510508    -0.174134     0.222196   -0.0301382    0.0462615    -0.138493     0.268782     0.136122     0.122688    -0.225151    -0.306204   -0.0245745     0.182437    0.0836588
   0.0584251     0.221915    0.0926837    -0.242564     0.257984    -0.175605   -0.0961162     0.129048    -0.137866  -0.00321301    0.0929424    -0.045865     0.240424    -0.187308    0.0786413     0.217726    0.0440852     0.236882     0.144185    0.0771041   0.00718008    -0.110433   -0.0891337      0.10642     0.203009      -0.2431     0.198343  -0.00586489    0.0960168     0.131155   -0.0499508    -0.324587
   -0.106032    -0.333068   -0.0940757  -0.00797545     0.365522    -0.490607    -0.188546    -0.377556     0.198378     0.198779     -0.13061    -0.139329     0.253645   0.00248608     0.361472     0.237043     0.261277    0.0974751    0.0212919    0.0132758    -0.182966    -0.337578    0.0257277     0.299504   -0.0826934     0.138924    -0.168115    0.0537875    0.0861274    0.0597562     0.315916    0.0588476
  -0.0857284    0.0861047      0.24721   -0.0620219    -0.264991     0.228038     0.284547     0.480355    -0.318891     0.131631   -0.0905472    -0.217481    -0.094777   0.00916639   -0.0322811      -0.2601     -0.11329    -0.347924   -0.0102249  -0.00421576     0.231687   -0.0650996     0.340564    -0.188922   -0.0892922     0.106928     0.386687   0.00698091     -0.26053    -0.305238   -0.0626109     0.185153
   0.0772824    0.0832836       0.1198    -0.226219     0.484428     0.149141   -0.0666637      0.48672     0.196131    -0.145803     0.279934     0.018631   -0.0160502     0.116529     0.010259   -0.0749771   -0.0588445    -0.624872     0.295311      0.10504    -0.222984      0.36227     -0.23642     0.174263    -0.467759     0.186994     0.607709     0.192535    -0.133983    -0.134247   -0.0189199    -0.356398
  -0.0306845     0.189671     0.499121    -0.264933     0.416049     0.559581     0.214704     0.253711    -0.192104   -0.0892621   -0.0429937   -0.0879619     -0.01776    -0.214265     0.195557      0.12284     -0.10636    -0.339297     0.322625     0.188798   -0.0458134     0.238061    -0.371786    0.0132409   0.00373014     0.480175     0.148711    -0.525824     -0.41281    -0.199786     0.620296      0.14613
    -0.30645     0.453077     0.481067    0.0214858    -0.133207    0.0203119     0.106227    -0.399358     0.147685   -0.0785644    0.0842042    -0.026341    0.0454717    -0.139887    -0.106098    -0.154857     0.221605     0.287691    -0.192349    0.0456033  -0.00852941   -0.0371255     0.155156    0.0933602     0.129017     0.153236    -0.226021    -0.203117    -0.127111   -0.0694549     0.427082    -0.640208
   -0.163012    -0.188246     0.125005   -0.0665739    -0.258337     -0.49121     0.172407    -0.167507    -0.309127   -0.0426563     0.257054    -0.271958    -0.157734     0.347363    0.0547907     0.118173     -0.11283     0.389084     0.197039    -0.266869   -0.0397584   -0.0374908     0.012558   -0.0670586     0.208233    0.0506373    -0.387598    -0.311179   -0.0041938    -0.160678     0.260292     -0.31571
  -0.0710954    -0.563118    0.0861475    -0.166005    0.0664506     -0.12885    0.0223623   -0.0566089     0.193749    0.0285894      0.16074     0.141147   -0.0656294     0.259157    -0.282427    0.0697868    0.0327128    0.0550409     0.102281     0.105346    -0.076836    0.0617997     0.100802    -0.119432    0.0310242    -0.146927   -0.0260832    0.0477377    -0.375804    -0.289055    0.0563832   -0.0557586
   -0.117977     0.375497    0.0463619     0.172599    0.0387986    -0.136604     0.167762   -0.0569649     0.285877     0.131245   -0.0102221    0.0418014  -0.00757303     0.193518    -0.123375    0.0416825     0.456333     -0.21911   -0.0492675    -0.241363   0.00302708     -0.38104     0.262133    0.0509251    -0.103765    -0.203418    -0.104291    -0.105517     0.107813     0.319178    -0.273072    -0.138171
   -0.377231    -0.152291  0.000811741     0.302208    -0.212793   -0.0621061    -0.028048     0.158405    -0.205844     0.180107    0.0162832    0.0647154     0.475241      0.29511     0.341517   -0.0826471  -0.00337662   -0.0418626    0.0641087    -0.170403    0.0229588    -0.727695   -0.0469336   -0.0717456     -0.15467     0.121724     0.111349    0.0355092   -0.0620898       0.1602    -0.340271     0.275308
    0.166545    -0.123371     0.297428     0.722588   -0.0841047     0.533038   -0.0686813    -0.368732   -0.0956838    -0.162215    0.0370851     0.144852    -0.255084    -0.124768    -0.236718     -0.18957     0.391286    -0.209606      0.34391    -0.270669      0.19483    -0.188941    -0.398501      0.20535    -0.238634    0.0222225   -0.0298025    0.0314497     0.207921    -0.102458     0.353247    0.0640834
   -0.247078   -0.0762994    -0.211943    -0.140509     -0.21915    -0.120748    0.0616524    0.0104938     0.164261  -0.00826916    -0.196606     0.153279     -0.23942     0.142194     -0.19825    0.0808527    -0.269605    0.0783443   -0.0968612    -0.114228    -0.122761   -0.0684022   -0.0196487    0.0382703     0.190165     0.185277    -0.204105     0.070771    0.0859876   -0.0872813    -0.260238    0.0761917
   -0.297584     -0.10947   -0.0955186    -0.367485     -0.54178     0.118379     0.246491     0.359431     0.120758    0.0975444     0.069253     0.125238    -0.310467   -0.0862089    0.0293582    -0.128856    -0.165758   -0.0887798    -0.183095     0.284044    -0.105478     0.301127     0.403565    -0.198257   0.00791801   -0.0411139     0.117941     0.215734   -0.0163745     0.179431    -0.405472    -0.130008
   -0.359504    -0.117367     0.200547     0.105452    0.0263492   -0.0792888     0.175115    -0.120511    -0.213967    -0.119126     0.171656   -0.0663312     0.150986     0.329046    0.0972547      0.25502     0.140832      0.30195     0.375253   -0.0560763     0.322309    -0.188248    -0.618825    0.0260272    0.0947465    -0.263884    -0.133529    0.0748265    -0.459806    -0.174673   -0.0235248     0.360121
    0.424623     0.316325    0.0857311     0.118321    -0.334969     0.157574     0.248771    -0.219461      0.15523    -0.195408    -0.252549     0.265122    -0.263914    -0.159633    0.0448729    0.0930043     0.340346    -0.245532    -0.231555     0.125728      0.02241   -0.0888712   -0.0391596     0.319085     0.250665    0.0617074    -0.179415   -0.0873253  0.000302561   0.00892241    0.0385075    -0.237063
    0.612668   0.00656989     0.582322     0.166585    0.0722617     0.124887    -0.284549    -0.344076     0.136743     -0.07236     0.278727     0.268181    -0.330876    -0.192267    -0.172881   -0.0444561     0.449666     0.112145     0.319073     0.276541    -0.154042     0.318043     0.372345    0.0421815      0.10611    0.0134232     0.102045     0.128874  7.79022e-05    -0.280611     0.273009    -0.116136
   -0.189352    -0.515464     -0.16855    -0.150498     0.440838    -0.214534    -0.220889    0.0290847   -0.0809163     0.127867      0.14087    -0.119311     0.233247     0.261796     0.477334    -0.211782    -0.519889     0.310635     0.136932   -0.0291647  -0.00974394    -0.252568     0.352595    -0.402864   -0.0885928    -0.113791   -0.0178916     0.269231    -0.374187     0.104933    0.0898723     0.326448
    0.178632     0.261147   -0.0915794     0.215656   -0.0914566     0.100387     0.347801     0.138022     0.187832   -0.0206327    -0.381836     0.411747    0.0529781     -0.32508     0.128906    0.0712256   -0.0103147   -0.0274262    0.0150017     0.492189     0.197683     0.292456    0.0594724    -0.338653     0.144859   0.00110524     0.332226    -0.182564    -0.140365      0.15421     0.127344    -0.104825
   -0.320295     0.331646     0.182376    -0.455512   -0.0144294     0.169114     0.115122    -0.105892    0.0816388     0.194578    0.0440272     0.236724    -0.129822    -0.281506    0.0693417      0.11593     0.218163   -0.0174755    -0.110901   0.00446676    -0.220546   -0.0123666   0.00447256    0.0353168    -0.111015     0.197446   -0.0068623    -0.124334     0.225225      0.20121    -0.330727    -0.324988
    0.140279     0.243117    0.0575396  -0.00977446  -0.00274511     0.124031     0.173394     0.188661     0.143705    0.0330074   -0.0472245    0.0590423   -0.0562821     0.261568     0.177926     0.211525    -0.229584     0.087966    0.0235775   -0.0958523   -0.0500704     0.275837   -0.0561393     -0.26037     -0.10178    -0.217566    0.0711751   -0.0539859     -0.21637    -0.354546      -0.2355   -0.0633225
     0.32414    0.0814893     0.166429     0.224616    -0.241417    0.0659952   -0.0422341    -0.401699    -0.125058    -0.240074    -0.091955     0.271986    -0.136255    -0.365969     0.208946   -0.0213076     0.336415    0.0745708    -0.241024    -0.223089    -0.114511     0.180682    -0.174711    -0.210395    0.0639664    -0.122058   -0.0453791    -0.165525     0.288296   -0.0359833   0.00162145    -0.126319
    0.171125     0.118175     -0.15746     0.437297    -0.059295   0.00214562     0.146584     0.209069     0.262763  -0.00853722    -0.102789    -0.205153      0.10215   -0.0669617    -0.417552    -0.287417     0.545777    -0.222133     0.491965    -0.416797     0.288589     0.287559    0.0529568    -0.155344   -0.0442552    -0.134559     0.411965  -0.00121297    0.0143083     0.236049     0.123916   -0.0717158
    0.244305      0.18566     0.121737     0.326373 -0.000986147     0.288178    -0.131326    -0.275221    0.0312939    -0.330456    -0.246594    -0.342463     0.275874     0.416295    -0.216981     0.043596     0.335619    -0.207972    -0.197748     0.020109   -0.0528485     0.230432     0.289501    -0.210114    0.0291552     0.478133     0.294833    -0.227247    -0.272659    0.0399833   -0.0362864    0.0518628
   -0.123877     0.281465     0.105167   -0.0792218    0.0278422   0.00313215    0.0676707    -0.213236      0.22771     0.176929    -0.265043    0.0557414     0.154887    -0.378519    0.0294547    -0.201894     0.417314  0.000375038    -0.530699     0.233177    -0.327512    -0.146297     0.148145     0.265562     0.205337     0.402071     0.152062    -0.154455   -0.0632568     0.341427   -0.0210713    -0.114958
     0.16282    -0.128422    -0.027788   -0.0583865     -0.54576   -0.0109944    -0.165919     0.232931     -0.62167      0.21905    -0.211521   -0.0288016    -0.342655    -0.231246    -0.313205     0.151489     0.419294    -0.260708     0.201743   -0.0363187      0.12221     0.138622    -0.163564   -0.0832652   -0.0463314    -0.241908   -0.0931664    -0.104675     0.099453     0.215811    -0.015345    -0.104956
   -0.119492     0.192508     0.152615    0.0202523     0.100378    -0.101548   -0.0111803     0.394459  0.000581634    0.0853419      0.26801     -0.18478    -0.199736    0.0598861    -0.132786   -0.0104916    -0.513611   -0.0719359     0.237796     0.126494     0.169295    -0.154042    0.0708485     -0.37875    -0.101021   -0.0236958     0.321125     0.151967    -0.342012  -0.00634653    0.0897077  -0.00109104
    -0.28246     -0.25841     0.277622    -0.152481     0.395353    0.0411063    -0.218966     0.113405     0.112185     0.223581    0.0732945    0.0829315      0.10116    0.0583802     0.265126      0.12518   -0.0729883    0.0161836     0.256932     0.108078     0.201516    -0.349113    -0.189761    -0.236208     0.227517    0.0128081     0.364334     0.109897    -0.280109   -0.0199489     0.195296    0.0875129
   0.0286914    0.0524801     0.390778    -0.037239    0.0024806     0.392494   -0.0720093   -0.0698892    0.0420317    0.0621999     0.116994    0.0650421     0.080414     0.189474    0.0995595    -0.111783     0.270017    0.0332701    -0.177893     0.113377    -0.111225     0.346738  -0.00782278    0.0836051    0.0187184     0.179023    -0.127991    -0.166114  -0.00999391     0.302586   -0.0421121   -0.0252535
    0.109869   -0.0835733   -0.0230344    -0.288522   -0.0659131    0.0119461    -0.111663   -0.0498799    -0.235434     0.159681   -0.0668142     0.100009    -0.446621     0.187071    -0.350632    0.0970777     0.192128   -0.0156031   -0.0887354     0.302568    0.0482242   -0.0529134     -0.12161    0.0629593    -0.332528     0.401772    -0.280801  -0.00969685   -0.0976175    0.0024645    0.0857484    -0.113725
    0.439194     0.113727    -0.261085   -0.0516901     0.451224   -0.0392512   -0.0713089   -0.0376807    0.0665498     0.252148    0.0615977     0.487621    -0.536483     0.199573    0.0909549    -0.361635    -0.124259    0.0307951   0.00248718    0.0893868     0.275257    -0.252999   0.00247097     0.044437    -0.149581    -0.145125    0.0600323   -0.0355489    0.0143594    0.0168084    0.0843842    -0.524352
   0.0276337     0.146823     0.245793    0.0353171    -0.228676     -0.11852    0.0732363     0.270666    -0.313637    -0.132367     0.112707     0.101938    -0.177216    -0.321161    -0.303693     0.540292    -0.247348   -0.0854885     0.267127    0.0470296      0.16784   -0.0324145    -0.023137    -0.370335    -0.106774   -0.0678407     0.226436    -0.177303     0.309951    -0.299919    0.0210913     0.144062
    0.196759    -0.266632    0.0933952     0.413331     0.119982   -0.0110589    -0.333833   -0.0223345     0.162085     0.160568    0.0450335   -0.0918837   -0.0984462     0.352891       0.2226    -0.217953    -0.316531     -0.18193     -0.14855       0.2612    0.0386698    -0.195784   -0.0211093  0.000994014   -0.0858436   -0.0877696    -0.263243  -0.00939561    0.0703992    -0.303859   -0.0305058    -0.302573
   0.0195745    -0.301804     0.185242     0.167839    0.0989594     0.126455   -0.0253802    -0.354483    0.0786082    0.0865734      0.24742     0.189884    0.0176532    -0.102681    -0.213183    -0.129797     0.392502    -0.199002    -0.117851   -0.0621254     0.345384    0.0252038    -0.286624    -0.153731   -0.0929885    0.0840534    -0.058077      0.21179    -0.201974    -0.186345    0.0162635     -0.18525
  -0.0131531    -0.174696    -0.082915   -0.0550554    -0.379805     0.278594    0.0136502     0.255173     -0.31944  -0.00724926    0.0605829   -0.0313794    0.0885696    -0.352473   -0.0551103     0.269171    -0.108939    -0.266907    -0.337654     0.183765   -0.0570323  -0.00189163    -0.425491     0.318971    0.0336364     0.374884    -0.086289   0.00647529     0.025365    0.0485027    -0.140104     0.243993
    0.357022     0.369756     0.212067    -0.188051   -0.0311095    0.0391282     0.139037   0.00700237    -0.104847    0.0731215    -0.202354   -0.0765455    -0.114535   -0.0882546  -0.00733536   -0.0594092     0.320501    -0.137218    -0.193084      0.25126      0.29357      0.14503    -0.304698    0.0241872   -0.0438674    -0.181374     0.199217    -0.056758     0.232032     0.291615     0.159049    -0.158355
  -0.0183552   -0.0151688    0.0773277     0.146889     0.190606    0.0178234      0.42807    -0.126121    -0.124923   -0.0728187    0.0286164    0.0117527   -0.0464768   -0.0638943    0.0680941    -0.215183     0.211148     0.169939    0.0671345   -0.0195872    0.0452321    -0.129457    -0.382087    -0.153387    -0.157104     0.232374     0.515866    0.0225854   -0.0273522    0.0110973     0.510654    -0.135976
    0.139102    -0.268738     0.038746     0.130055     0.206623    -0.462139    0.0435794     0.142215     0.333513      -0.1692    0.0107203    0.0898582     0.104148     0.118488      0.20438      0.13863    -0.192377     0.209571     0.217605     0.090013   -0.0989538    -0.184067     -0.19728    -0.141013    -0.302008  -0.00537883    0.0512911   -0.0601953     -0.18534   -0.0252304     0.159199      0.12715
    0.051808   -0.0641435      0.59858      0.62678     0.292347    -0.250005   -0.0380115     0.440147    -0.270384    -0.182346     0.604093   -0.0969382     0.238367    -0.118859   -0.0712526     0.145738    -0.269114    -0.128189     0.443649    0.0605005     0.231666     0.355837  -0.00110656    -0.251025     0.110589   -0.0889568     0.820369       0.1462    0.0374771    -0.444169     0.603718    -0.389693
   -0.186394     0.262777     0.141122    -0.154896     0.115736     0.134665   -0.0804234    -0.199944     0.174232    -0.167561   -0.0965269     0.313729    -0.196427   -0.0898417   0.00554414   -0.0695189    -0.162691     0.256875    -0.225653    0.0250204     0.152079     0.246605     0.274398    0.0916486    0.0461136    0.0879469   -0.0314664   -0.0708178   -0.0106558     0.038272    -0.139375    -0.280609
