   -0.320337   -0.0770809    -0.407368    -0.236022    -0.188998    -0.132314     -0.21006    -0.194982   -0.0239873     0.303471   -0.0805362    0.0157699     0.316772     0.028397    0.0392384    -0.319464    -0.289996    0.0692281     0.474649   -0.0735729      0.16422    -0.279673    -0.131949     0.103081    -0.227329     0.163249   -0.0477419     0.262009     0.356896    -0.147147    -0.026863   -0.0796288
    -0.29034     0.527935    -0.261486    -0.252404      -0.5466    -0.407182     0.197023     0.318073     0.233425     0.089545   -0.0568041  -0.00977604    0.0742007   -0.0641482     0.180955    -0.435257     0.228869   -0.0616642     0.105541     0.848022     0.151701   -0.0648244     0.231514   -0.0645276     0.262103    -0.804967     0.934395     0.203985     0.514064    0.0437394    -0.166359    -0.462412
    0.157873   -0.0754804    -0.149992   -0.0864238     0.194129    -0.170187    0.0775739      0.11067    0.0944758    0.0392606    -0.200156     0.179621    -0.333368     0.184788   -0.0628419      0.14142     0.222355    -0.155323   -0.0252291    0.0564409     0.306451    -0.152569     0.144636     0.167681    -0.229468     0.127902    -0.108634     0.116905     0.187153    0.0448878    -0.435559    0.0337602
   0.0818816    -0.173907    -0.120366   -0.0351478    0.0648636    -0.389578    -0.358189    -0.459598    -0.404713    -0.173262    -0.111767    0.0936169    -0.183476    0.0126313    -0.149029    0.0720176     0.020747     0.423409   -0.0989513   -0.0181084      0.58172    0.0469399      0.49932     0.076617  -0.00201593   -0.0892797    -0.203469    0.0811321   -0.0887988    -0.145455     0.264916     0.219886
   0.0728017   -0.0102954    -0.157895     0.108791    -0.377983      0.60589   -0.0395686   -0.0340228    0.0653729   -0.0604931     0.068162     0.124475     0.171371    -0.516712     0.224117   -0.0266468     0.311443    -0.468425 -0.000562578    -0.239558    -0.148349     0.231194   -0.0275659     0.755379    0.0128937      0.25292    -0.191992    -0.373979     0.390323     0.129335    -0.234155     0.629836
    0.177076    -0.175583     0.008234    -0.115105     0.544599    -0.206898   -0.0960858      0.36704     0.443804    0.0806795      0.19302    0.0482847   -0.0384938    -0.124752   -0.0340841     0.211895     0.321284     0.130241    0.0216245     0.169349    -0.369708    0.0320722     0.103509    -0.301356     0.221125     -0.19009     -0.15265    -0.164626    -0.384733   -0.0578292    -0.010973     -0.38776
   0.0397334     0.205846    0.0214024     0.137569     0.144779    -0.290393    -0.112469     0.482154     0.198875     0.375945     0.155234    0.0324328    0.0328355     0.259921    0.0786937     0.325745    -0.283295     -0.10391     0.142664     0.160192     0.353106     -0.11987      0.60878    -0.295082     0.414495   0.00370245     0.321293    -0.108823    -0.523699    -0.187159   -0.0956639    -0.107493
   -0.173385     0.466153     -0.11287    -0.484272    -0.042228     0.328644    -0.165326     0.403907     -0.32993    0.0326671    -0.069804    0.0470901    -0.681559  -0.00381064   -0.0303019    0.0768638    -0.104383     0.121965    -0.172451     0.532902     0.472764    -0.244404     0.176108   -0.0319959   -0.0576259    -0.102474    -0.206286    0.0556999   -0.0296848     0.153338    -0.460103    -0.129852
   -0.265339    -0.265327   -0.0831556    -0.297487     0.123002     0.107028   0.00758969     0.409426    -0.314707    -0.125272    -0.098766     0.128375    0.0700322    -0.135238    0.0662743    -0.249275    -0.109321     -0.22691   -0.0487771    0.0618254     0.352488    -0.192355    -0.196894     0.140676     0.115517     0.331531    -0.100567     0.424909    -0.186977     0.442403    -0.322954     0.380123
    0.146171   -0.0604628    -0.330982      0.31202    -0.538006   -0.0119097    -0.109949     0.311688   -0.0816389      0.17751   -0.0680918     0.324354    -0.396002    -0.336282     0.195389    -0.111629    -0.156207   -0.0378214     0.224767   -0.0555611  -0.00789338     0.294967    -0.136466    -0.243779   0.00243036    -0.393597  -0.00490428     0.191132   -0.0376755     0.308965     0.426476   -0.0733516
    0.444933    -0.133647   -0.0150972    -0.362964     0.485566     0.145665   -0.0286287    -0.193518    -0.294024    -0.126447   -0.0129895    -0.260251    -0.244527    -0.138277   -0.0198755   -0.0614006    -0.148889    -0.139846    -0.317796     0.191055    0.0100179     0.328727    -0.358676  -0.00798075    0.0143281    -0.252622    0.0705614   -0.0256009   -0.0553415    0.0300368    -0.042194     0.208946
   0.0714112    -0.139028     0.222946     0.436811     0.152275     0.102145      -0.2794     -0.27636   -0.0604331     0.218304   -0.0697246    -0.123295     0.404163    -0.289496     0.338132     0.173049   -0.0402736     0.088118    -0.133528     0.199928    0.0269284   -0.0648679    -0.105201     0.251842    -0.105838     0.440208     0.240173     0.226465    0.0844232    -0.116535      0.14281     0.421607
   -0.223933     -0.26137    -0.394771     -0.36298    0.0340838     0.237184    -0.169535     0.213273     0.359471     0.216328   -0.0911526    -0.102587    0.0738319   -0.0271031     0.414477      0.26411    0.0309211    0.0925099   -0.0364977   -0.0427053     -0.39364   -0.0384212   -0.0410088     0.244243     0.103949    -0.171344    0.0903265    -0.221654     -0.24649    -0.262258     -0.37029     0.202429
    0.150519    -0.154801    0.0895956    -0.173355      0.42286    -0.110755    -0.277955    -0.504589      0.24156     0.176862     0.244355     0.143257    -0.212312     0.332131    -0.131402    0.0493232     0.192857     0.163437     0.431154    -0.243531     0.120059    -0.560427     -0.32049     0.267682    -0.187853      0.38113    -0.150565    -0.371297    -0.309351     -0.25079     0.174341     0.328799
    0.264678     0.105774     0.472635     0.380024     0.412587      0.22628    0.0231645    0.0875895    0.0537393   -0.0394264   -0.0440947    -0.111873     0.254481      0.24685    0.0932469    -0.146085    -0.180647    -0.147284     0.249765    -0.202769     0.065143     0.218914    -0.234499     0.116841     0.195186     0.109685     0.015501     0.137137    0.0152816    -0.147295     0.259368     0.258597
    0.112186   -0.0355679    0.0337801     0.282508   -0.0451159    -0.133524    -0.106264    0.0406812   -0.0508928    -0.227754  -0.00456103    -0.120113     0.244798   -0.0296117    -0.139967    0.0573022  -0.00671384    0.0765982     0.197538    -0.394096    -0.476486    0.0734561   0.00724175     0.111113   -0.0555248    -0.110164   -0.0220848    -0.207444   -0.0529799    0.0276358     0.332807    -0.027219
  -0.0911909    -0.281493    -0.229718   -0.0731036     0.319967    0.0128626     0.442167    0.0181079   -0.0557151     0.151672     0.230998    -0.238954     0.158832    0.0787388     0.162185    0.0777985     0.168844     0.220596     0.191694     0.134674     0.123266    0.0764557    -0.357415      0.15712    -0.239685    -0.148934     0.244289    0.0764146    -0.350651   -0.0144272     0.217842    -0.056895
    0.116352    -0.266117    -0.187626     0.451758    -0.249375    -0.262792    -0.123118     -0.29393    -0.138928    0.0580338    -0.251261     0.222222   -0.0167399      0.26037    0.0651339     0.365622     0.211002    -0.208408     0.015761     0.149498    -0.040565     0.196896     0.219893     0.121937        0.163   -0.0833356    -0.242894    -0.351106     0.340129     -0.11125     0.140873   -0.0453837
   -0.163252     0.163495    0.0591949    0.0443259     0.230115    0.0964756   -0.0155926     0.412306    -0.248273     0.268383    -0.180741  -0.00527489   -0.0215881   -0.0811052     0.234781     0.153613    -0.542643   0.00189473    0.0602298  0.000336792      0.34342    -0.213854    -0.113571    -0.482678   -0.0763925   -0.0191681     0.105376    -0.253006   -0.0873582    -0.398991    0.0585285    -0.145621
   -0.246702     0.209727    -0.459966    -0.246821     0.319612    -0.240145     0.215361     0.639632    -0.277889     0.114579   -0.0134823    -0.244496    0.0960918    -0.137058     0.159452    -0.314595    -0.511651     0.390549     0.580458    -0.260763    -0.114824     0.118481     0.150622    -0.152614    -0.227772    -0.497424     0.469005    0.0560666    -0.403709     0.179536    0.0467625    -0.482529
  -0.0253282    -0.267789       0.1591     -0.12987     0.341707     0.410103   -0.0299131    -0.282507    -0.341377     0.232502     0.134952   -0.0624939     0.433856   -0.0036162    -0.159476    0.0925423     0.250743    -0.150281    0.0834156    -0.202495     0.174447     -0.39828   -0.0493817   -0.0326443    -0.319255    -0.100807     0.134056   -0.0277936  0.000830571    -0.189024     0.385127     0.254931
   -0.380004    0.0460776   0.00440513    -0.185713     0.170923    -0.308059    0.0599074    -0.298904     0.305946   -0.0801558    0.0508766    -0.296913     0.504271  -0.00890854     0.124017    -0.171889     -0.29368    0.0890871    -0.133217   -0.0805101    -0.179051    -0.171011     0.320631    -0.228369    -0.129915    -0.311688   -0.0588651    -0.126743    0.0579639     -0.10347    -0.323846     -0.10795
  -0.0353869     0.403927   -0.0509869     0.165173    -0.261987      0.20883     0.437029     0.281041  -0.00611512     0.111783    -0.142205    -0.126179   -0.0160786    0.0759953    -0.183091     0.306513    -0.382077    -0.208379     0.112347   -0.0153655     0.146686     0.244351    -0.473868   -0.0897838   -0.0917681    -0.373685     0.412049    0.0559639   -0.0783235     0.378268    -0.257436    -0.388178
 -0.00604923     0.265868     0.320895    -0.252486    0.0976115    -0.089794   -0.0198407     0.199592    0.0734611    -0.263949     0.334973    0.0715054    0.0115341    -0.305725   -0.0612297    -0.160925    -0.311564   -0.0210542     0.102008    -0.178543     0.182129    0.0665379     0.596011    -0.221117    -0.330103     0.471289    -0.122416     0.114555    -0.534924    -0.106078    -0.615525     0.169119
  -0.0598235     0.260126   -0.0499327     0.276266     0.185338    0.0826265     0.139787    0.0186029      0.24366   -0.0339715    0.0402143    -0.262516     0.160069     0.290971     0.283036    0.0668521    -0.177658   -0.0831372    -0.148792    -0.213524     0.267754    -0.191985  -0.00580434   -0.0649103     0.141632    -0.123825     0.076062    0.0303762    -0.212117    -0.103852    -0.254025       0.1709
   -0.186438     0.159166     0.231868    -0.172985     0.262972    -0.396183      0.41344     -0.27523    0.0444969    -0.129249    -0.042314    -0.140089    -0.184176   -0.0379915   -0.0351347    -0.101143    -0.481543    0.0777828    0.0755068      0.04654      -0.2946     -0.44366     0.345451     0.264541     0.146382    -0.155033    -0.167169     0.136627     0.386202    -0.148078    0.0155767    -0.295482
   -0.413482     0.104452   -0.0573288    -0.369701     0.187231    0.0934085    -0.191034     0.596466     0.306543     0.170249    -0.155227    -0.195122    -0.127577    -0.562297   -0.0953554     0.392779    0.0955188     -0.12305    -0.142873     0.431389    -0.453101     0.231366    0.0495078    0.0115564    -0.116134     0.128142     0.477651    -0.209868   -0.0622527   -0.0499336    -0.294258     0.363893
  -0.0508312     0.186665    -0.337981    0.0119625     -0.31461    0.0209031    -0.134524     0.361589    -0.124559     0.298405     0.076184     0.249298    -0.105711    0.0852138       0.1124    0.0127574    -0.561654    -0.112716     0.290687    -0.430298       0.4775    0.0984901     0.635431     -0.69449     0.119887    0.0650639     0.507355    -0.032001     -0.17087    -0.108264     -0.33472     0.459834
    0.128136    -0.698447    -0.570622    -0.214032    -0.179742    -0.465797    -0.110512    -0.375495     0.272074     0.201269    -0.117816    -0.323491    -0.101902    -0.233379     0.160318   -0.0587839     -0.32997    0.0123973   -0.0622266   -0.0258306    -0.241802    -0.319933    -0.299131    -0.296651  -0.00300785     -0.16085    -0.435706    -0.082727    0.0244476     0.410859     0.279177      0.14004
  -0.0741472    -0.098527    -0.151151   -0.0665226    0.0290322    -0.159973   -0.0551372    -0.507544    -0.278388     0.232269  -0.00269367    -0.041408    -0.202495     0.530047   -0.0224819     0.223664    0.0415886     0.046503     -0.21788    -0.136551     0.135216     -0.48478    0.0498428     0.174397   -0.0299937   -0.0696942    -0.527141     0.072639    -0.216474    -0.086318     0.171768    0.0760424
   0.0644728    -0.140913    0.0149441     0.104257    0.0373331   -0.0944636     0.205946    -0.226377     0.192414     -0.15561    -0.222437     0.312943   -0.0278467    -0.135092     0.456756     -0.33384    -0.137694    -0.205534     -0.21501     0.020892      0.34696    -0.104864    0.0145122     0.340461   -0.0101246    0.0875599      0.10715     0.066574    -0.180284     0.112868   -0.0286623    -0.169843
    0.337575   -0.0166169     0.352307    -0.263223    0.0104578     0.197281    -0.254558    -0.275265     -0.17023   -0.0129867     0.142419     0.141232   -0.0651574    0.0691703    0.0386723    -0.197462    -0.122473    -0.359891     0.205761    -0.305638     0.280567    -0.364198     0.132476    0.0326422    -0.138128    -0.177395    -0.250575      0.11094     0.131368    0.0233063    -0.198261     0.184523
     0.11961    -0.184705      0.36557     0.330132   -0.0813281      0.26959    -0.113791    -0.136118    -0.279088    -0.424896    -0.228413    0.0154595   0.00087983     0.227814    0.0743957    0.0248059    -0.403925    -0.114367    -0.487189   -0.0585148   -0.0674066    -0.171188     0.395559     0.153349     0.548244     0.278195   -0.0384681   -0.0578876    -0.112896     0.139537     0.333732     0.124832
   -0.326241    -0.305624    0.0348922     0.140444      0.11471    -0.276808   -0.0762992     0.027028    -0.124486    0.0941382     0.134189    -0.280794     0.255793     0.352763     0.113935     0.250386    -0.337201     0.141392     0.314519     0.308066     0.403412   -0.0613433    -0.207418    -0.285582     0.253229  -0.00360112      0.08533     0.316269   -0.0783477    -0.418911   0.00876591    -0.212074
  0.00730604     0.544213    -0.153562    0.0570267      0.45137     0.255921     0.190987   0.00839069     0.131399    0.0935099 -0.000738186     0.648911    -0.264609    -0.142897     0.140609    -0.156187    -0.104217    -0.110336   -0.0823289    -0.182039   -0.0919504    0.0740698    0.0406935   -0.0598602     0.101102     0.137013    -0.112607    -0.113196   -0.0806624     0.158668    -0.197011     0.105681
     0.25604     0.156437    -0.354773    -0.348375   -0.0687779     0.251351   0.00206368    -0.108313    0.0948284    -0.473512    -0.114385    -0.112704     -0.15309    0.0904836   -0.0951389    -0.511679    -0.029712   -0.0821151    -0.132938      0.24538     0.212794     0.436884    -0.319894     0.290633     0.288432    -0.123465    -0.235329    0.0301475    -0.218804     0.107462    0.0533742   -0.0940849
     -0.5546     0.282407   -0.0262242    0.0318668  -0.00974142     0.106182     0.286921     0.177478    -0.335224    -0.194574     0.120751    -0.352793     0.440464   -0.0256779    0.0551897    -0.113438    0.0614614   -0.0698032      0.31203    0.0544387     0.775607    -0.333825    -0.391621     0.194722    -0.211167     0.131779    0.0324753     0.468875   -0.0837475    0.0287431     0.149853   -0.0275473
  0.00332986    0.0980602    -0.124242     0.503133     0.242264     -0.26605    -0.170829    0.0899381     0.344921    -0.143308     0.163857    -0.642029     0.187692     0.373247      0.27128     0.386485      0.25858     0.371424   -0.0978708  -0.00617644    0.0742667   -0.0394916      -0.3605    -0.130253     -0.12575     0.258451    -0.366555    0.0287662     0.126782    -0.289074     0.273997    0.0798627
   -0.255042    -0.407808    -0.377526     0.331201    -0.237207    0.0852038    0.0800876    -0.453385     -0.17925     0.270353   -0.0610838   -0.0884116    -0.206473    -0.285661    0.0265996    -0.348624     0.394546   -0.0191637     0.210435   -0.0215985    -0.181263    -0.381447     0.258643    -0.244017     0.114881    0.0953871    0.0943191     0.220268    -0.323807    -0.194885     0.358167     0.319602
   0.0996618     0.202749     0.276978     0.300005  -0.00622348   -0.0664826    0.0425646    -0.535346     0.285595     0.214678    -0.514545     0.430543    0.0417387     0.123726    -0.105755    0.0612122     -0.11013   -0.0929435    0.0773754    -0.380225    -0.253554    -0.107842     0.563913    0.0651905    -0.432969    -0.700005   0.00770759   -0.0283582     0.241841     0.122663    -0.239921    -0.240384
  -0.0862582    0.0835711    0.0980942     0.530231    -0.280376     0.369062    -0.048033     0.125529    -0.222947    -0.176537  0.000622786     0.277858   -0.0415481    -0.226113      0.15983     0.171517     0.220996    -0.229891    -0.120225      0.25984      0.35819    0.0231222    0.0297052   -0.0505813     0.237613     0.152742    -0.813323    0.0634382     0.107807     0.202121    -0.174534    -0.128316
   -0.200529    0.0476679    0.0736313     0.159114   0.00405897     0.182145      0.16255    -0.222847     0.251397  -0.00530848    -0.515249    -0.165543     0.229939     0.188876     0.116379  -0.00469823    -0.237649    -0.147872    -0.105857     0.210174     0.144542    -0.177393    -0.170905  -0.00194208    -0.218928   0.00900542   -0.0136453      0.13556    -0.259452     0.334027      -0.1901   0.00437301
    0.139138     0.289091     0.109021   -0.0861244     0.111901   0.00271257     -0.14947     0.179709    -0.151908    -0.314518    -0.215219    -0.145139    -0.206906    0.0880145     0.160463    -0.115841    -0.315727    -0.230393    -0.354355     0.239113     0.395201    -0.154275  -0.00997109    -0.256996       0.1309   -0.0748457     0.254295     0.247596  0.000812285   0.00154609     0.141374    -0.410441
   -0.164803     0.251162    0.0670556    -0.438074     0.324517     0.280104   -0.0928063     0.288104   -0.0639182  0.000323081     0.117437   -0.0216783   -0.0972003     -0.34485    -0.300403     0.277212   -0.0189588    0.0303532    0.0514651   -0.0415325    0.0508974    -0.246576    -0.594831    -0.172361   -0.0611122    -0.325364     0.214419     0.118898    -0.267532   -0.0483889    -0.375696     0.160514
    0.395918   -0.0172979    -0.287174   -0.0976195    -0.243902     0.100355     0.184808      0.16351     0.373797   -0.0460573    -0.407853   0.00495761   -0.0188462    -0.131368    0.0710207   -0.0153755     0.159306     0.176099    -0.180461    -0.323568   -0.0106725  -0.00768391   -0.0597043    0.0126324     0.116554    -0.617883    0.0837165  0.000716753      0.19148     0.521937     0.262356    -0.535812
  -0.0488223     0.208773    -0.331295     0.348489    -0.453503    0.0463755   -0.0229435     0.258473     0.156986    -0.198894   -0.0499602   -0.0423001    0.0284069     0.188869    0.0600629   -0.0858071    -0.115334       0.1345     0.257477    -0.181429    -0.197492     0.263116    0.0235068     0.114711     0.151325   -0.0603378   -0.0254074   -0.0202191    0.0327839    -0.293393    -0.326885     0.156985
   -0.168739     0.155027     0.226709     0.213529     0.078336    -0.337818     0.303354     0.144676    -0.453665     0.107754   -0.0825696    -0.311144     0.141509   0.00778624    0.0247309     0.114674    -0.128389    0.0268703     0.189701    0.0166266    0.0231979   -0.0131088    -0.198524   -0.0220184    -0.189173    -0.175355     0.369494     0.204896    0.0295199      -0.1891     0.109035    -0.319326
  -0.0925396    0.0108901  -0.00741568    -0.202425     0.195508     0.366897    -0.188165    -0.205806    -0.315149    -0.078236     0.373574     0.152067   -0.0920005     0.125876     0.310241    -0.333161    0.0261352    0.0995344    -0.406754     0.204375     0.252236    -0.200743   -0.0655588    -0.120494    -0.213593    0.0985012     0.226141    0.0132336    -0.286947    -0.100665    -0.165001     0.108157
   -0.448537    -0.542604     0.507838     0.481029    0.0493471     0.209938    -0.194356     0.279585     0.188928    -0.222761     0.197874     0.014289     0.205587    -0.327621    -0.353699    -0.173535     0.164516    -0.142397     0.276352    -0.114171     0.343197   -0.0129596    -0.479596     0.283248     0.329908     0.166131     0.180152     0.486959   -0.0465146    -0.190481     0.114112      0.21055
   -0.203934      0.01093      0.21296   -0.0919221     0.168247     0.035106   -0.0523292     0.182917   0.00109307   -0.0608389    0.0115901    0.0175197  -0.00747521    -0.217903    -0.057241     0.249379     0.180229    -0.218308    -0.224641    0.0695852     0.135498    -0.410972     0.434398     0.270193    0.0959858     0.124945    0.0171133   -0.0145539    -0.183476  -0.00877856    -0.054795     0.213098
    0.543857     0.167602    -0.126444     0.607986    -0.104858   -0.0826915  -0.00946961     0.311789     0.316403    -0.222822    0.0346521     0.237525     0.227393    0.0893388    -0.153065     0.260904     -0.38689    -0.291705     0.074328    -0.310727    -0.141286    -0.186006    0.0141686   -0.0202182     0.300171  -0.00298983      -0.1147    -0.239002   -0.0814196    -0.124292    0.0900776    0.0510567
   0.0881421    0.0547613   -0.0713112    0.0497398     0.155057    -0.131013    -0.124033    0.0548898     0.180302    -0.191412     0.116222     0.225791    0.0349361    0.0254046    -0.112061     0.391171    0.0558134    -0.124773     0.276828     0.132393      0.29064    0.0734471    -0.257015    -0.109327     0.223289    0.0922058      0.14478    -0.221806    -0.335646    -0.159565    0.0430059   -0.0704054
  -0.0530553   -0.0469465     0.102617   0.00695025   -0.0953886      0.20627     0.159149     0.722657    -0.132073     -0.24346   -0.0986346    -0.029726     0.380929     0.362803     -0.36847     0.212161   -0.0968555    -0.647203     0.260468    0.0938173      0.21359     0.237232     0.178937     0.240672    -0.010361    -0.284895   -0.0836531     0.479363     0.100829    -0.111708   -0.0293895     0.117296
  -0.0499692     -0.49057    -0.046017    -0.175615      0.17622     0.037238     0.282459   -0.0417354      0.13713    -0.143649   -0.0893059    -0.101512     0.161891     0.246907    0.0556657     0.117806     0.121902    0.0195442    -0.243689     0.246159   -0.0917143    -0.311813    -0.399177   -0.0341103    0.0539321    -0.115286    -0.110641     0.184947    -0.166241     0.169579     0.035209    0.0691001
   -0.298184    -0.135222    -0.162908     0.181928     0.033745     0.117868   -0.0293757     0.216507   0.00992507    0.0172486       0.1405    -0.252561   -0.0260579    0.0576217    -0.166893   -0.0332498    -0.226503     0.186874    -0.168544   -0.0205551   -0.0383195   -0.0945706     0.145496    -0.236291   -0.0962258    -0.123986     0.128389    0.0981151    0.0886651   -0.0169432    -0.230355   -0.0857297
   -0.346799     0.273245     0.311728      0.44283    -0.374664     0.117153     0.196096    -0.301717      0.34814    -0.325594     0.106055     -0.12739   -0.0599526    0.0673456    -0.356056    -0.564642     0.569373    -0.302992     0.326568   -0.0814715   -0.0125323   -0.0146952    -0.159363      0.16568    -0.404884     0.286342     0.157646   -0.0142609      0.42088    0.0466094    -0.102516     0.356657
    0.280456    -0.235113    0.0324223    -0.145574     0.230799     0.202668     0.161434    0.0732261     0.214184   -0.0394545     0.148384    -0.188397   -0.0264632     0.117503    -0.193494     0.278429    -0.424491    -0.182681    -0.293933     0.126177    -0.199221    -0.146777    -0.443894     -0.19295     0.255121    -0.335675     0.407916    0.0734982    -0.326777    -0.447495   -0.0510117    -0.100454
   -0.107207    -0.264714    -0.289758  -0.00617966   -0.0898203    -0.182645     0.102267    0.0907626   -0.0894515     0.190959    -0.369377   -0.0435079    0.0370866    -0.156558     0.223147   -0.0952489    -0.378683     -0.28687     0.251928    -0.190911     0.306809    -0.101488     -0.18108    -0.381639    -0.159819    -0.234741     0.367865     0.427655    0.0688901    -0.230197    -0.188417   -0.0950724
  -0.0812532    -0.191552   -0.0414817      0.29322    -0.105402    -0.321699     0.491745     0.137045    -0.392501    -0.183885    -0.144799    0.0107974    -0.186037   -0.0909531    -0.312048      0.13659    -0.102655    0.0566954    -0.422763    0.0263031     0.177368   -0.0520096    -0.536575     0.444939     0.270619    -0.462575    -0.164077    0.0361394     0.138761    0.0241856     0.138876    -0.251944
    0.363918     -0.44093     -0.31643    -0.200711    -0.293729    -0.269675     0.188348    -0.248848     0.327007     0.280744    -0.282868     0.417504    -0.196199    -0.144519     0.248189     0.240328    -0.558832     0.154731    -0.117817    0.0050456    -0.289377    0.0144077     0.796936    -0.371701    -0.113304    -0.225139     0.115025    -0.108813     0.539623     0.304049    -0.228394    0.0392306
    0.402099   -0.0470853   -0.0375401     0.181278    -0.318479     0.372123     0.331589    -0.426849  -0.00349247   0.00933673    -0.396082    0.0776266     0.387408    -0.538111     -0.25111    -0.205775     0.227931    -0.313116     -0.11499    -0.237553    -0.240293    -0.187419    -0.063608   -0.0992254     0.186818     -0.33117    -0.255429    -0.336477    -0.288429     0.190556     0.491905    -0.016733
  -0.0943388    -0.114342    0.0381662    -0.206858     0.195896    0.0753957    -0.116583     0.180558    -0.227738   -0.0888585    0.0336199    -0.260451     0.251103     0.038997   -0.0521802    0.0151012    -0.136471   -0.0203223     0.249949   -0.0775842     0.109129   -0.0967671     0.107753     -0.18646    -0.191679    0.0844754   0.00411815    -0.147641    -0.497521    -0.330058    -0.292613     0.181607
   -0.141115    -0.166729    -0.010609   -0.0257578     0.160315     -0.27142     0.456029     0.233689     0.150397     0.287691     0.278565   -0.0440526     0.369685    0.0702864    0.0589299    -0.259801     -0.36827    -0.205133     0.126566    -0.260971     0.266231   -0.0483363     0.401334    -0.248213     0.177871    0.0560617    0.0737056     0.109364    -0.236365   -0.0428381    -0.283451    -0.444496
  -0.0148994     -0.18509   0.00928724    -0.263417      0.14264     0.176971    -0.499327  -0.00965835     -0.15787     0.072357   0.00973883    -0.143839     0.513802    -0.614861   -0.0138284    -0.519012     0.210801    -0.128902     0.160267   -0.0517076     -1.07114     -0.15125    -0.193884   0.00617005    -0.277775     0.148512    -0.372829    -0.198243    -0.276007     -0.28219   -0.0571345     0.554299
   -0.180314     0.206773    -0.350238     0.119362    -0.273577   -0.0184818      0.17529     0.320661    0.0404379     -0.28449    0.0873006     0.129486    0.0656463   0.00387777    0.0649324    0.0550825   -0.0856201      0.10133    -0.157863     0.198082     0.278657    -0.303623     0.286035   -0.0754123   -0.0470922   -0.0707617    0.0647921     0.287815    -0.239612     0.103225    -0.209508    -0.280322
   -0.168839    0.0943245     0.399284     0.202478    -0.242611    -0.100355    -0.127632  0.000745999  -0.00674461   -0.0876267   -0.0993247     0.437337    -0.316033   -0.0322509    -0.170253    -0.229927    -0.350346    0.0827172    0.0226213   -0.0119601   -0.0355817    0.0698194    -0.021935      0.22491     0.321588     0.610245    -0.239677    0.0987624    0.0152923    -0.256421    -0.152991    -0.208382
    0.523432    0.0996897    0.0602297    -0.388922    0.0741823    -0.167088    0.0494462   0.00356236    -0.268868     0.112336      0.16708   -0.0508693   -0.0278463     0.244425    -0.329189   -0.0915363    -0.393506     0.226897    -0.281488     0.349205      0.67083     0.158096    0.0214608    -0.135589     0.248469   -0.0424714     0.145851    -0.119946    -0.321091     -0.37405   -0.0578974     0.147549
   -0.032672   -0.0256751    -0.192633   -0.0650757       0.1963    0.0174826   -0.0314441     0.372562    -0.107519   -0.0272421    0.0366238     0.158805   -0.0804656    0.0847092  -0.00653565     0.105516    -0.442139    0.0109644    0.0493878    -0.149189    -0.227487    -0.287366    -0.044426    -0.301388     0.117511     -0.14991    -0.121223   -0.0679808    -0.209739   -0.0402624     0.261749    -0.050985
   -0.155076    -0.147543    -0.337435    -0.251361   -0.0126651      0.55713    0.0341863    -0.651718    0.0592311      0.25656    -0.288944    -0.244933      -0.2267    0.0740084     0.104154     -0.72026    -0.712961     0.187006    -0.141605    -0.591209     0.115426   -0.0512598   -0.0430537    0.0145706  -0.00925299     0.466414    -0.330481    -0.314428    -0.500658     0.450343    -0.196892    0.0298171
   -0.160788   -0.0497838   -0.0543032     0.090313     0.141516     0.301984     0.118387       0.2017    -0.163525    -0.123008    -0.112687    -0.126294     0.307343     0.104384    -0.232574    -0.259723     0.377157    -0.305246    -0.122005    -0.190373    -0.146489   -0.0753012    -0.199602     -0.23827     0.133844    0.0551871    0.0332701     0.127904   -0.0890863    -0.162404    0.0624841     0.224484
   -0.196243     -0.18282     -0.10468   -0.0554319   -0.0170952   -0.0718314     0.394754     0.243373    0.0297746     0.134684    -0.415877    0.0245628     0.199089   -0.0102702     0.055189     0.506765    -0.304669   -0.0166362    -0.215538    -0.503685    -0.149769    -0.207305    -0.350787    0.0938212    0.0487798     0.247632     0.133513    0.0655538    0.0616963    0.0433053     0.416775   0.00139524
   0.0468165     -0.17488    -0.270906    -0.327215    0.0348802    -0.541255    0.0146781    0.0252266     0.311806    0.0492198     0.246109    -0.101234   -0.0382789     0.225602    0.0558028     0.361564    -0.574467     0.146215     0.295137    -0.226755      0.16569   -0.0127761     0.236092    -0.116329    -0.133322    -0.157981    0.0891635    0.0779618    -0.422918   -0.0829992     0.177506    0.0703529
    0.101148    0.0452733     0.065159     0.173945     0.400015    -0.211369     0.542803     0.316967     0.442089   -0.0317065    -0.207159    0.0378146     0.113701     0.172955     0.310265      0.51428    -0.289149   0.00120341    -0.168824     0.221676     0.141139    -0.162297    0.0856515    -0.140228     0.237741    -0.228063    -0.323411     0.111876     0.219554     0.244405   -0.0925155    -0.186934
   -0.264103   -0.0790516    0.0839034     0.179409     0.252728    0.0431549   -0.0902395     0.340325     0.303257    -0.188417    0.0476693     0.143807      0.34263   0.00499183    -0.148473     0.156566   -0.0677942    0.0630616    0.0473595    -0.136094    0.0765525     0.258105     0.363881    -0.346015    -0.165988    0.0482023    0.0173206      0.12638    -0.158508    -0.316372     0.385716   -0.0709489
  -0.0321983     0.210198     0.320368     0.140218     -0.30051   -0.0735755    -0.277555    0.0346642    0.0260118     0.122049   -0.0723752     0.172602     0.207919   -0.0756838   -0.0982847   -0.0257612     0.188615    0.0974362    -0.152322     0.344112   -0.0306816    -0.174757  -0.00187544     0.380046    -0.211388     0.199272    0.0441277     0.392451     0.140281   -0.0575482    -0.245965   -0.0503994
    0.269151     0.353285     -0.22978    -0.037451  -0.00700349     0.208153    -0.190648     0.276724    0.0618364    0.0693731     0.404668    -0.114591    0.0892723   -0.0192847     0.417722    -0.224185   -0.0960414   -0.0444618     0.236408    -0.224896    -0.118069    -0.582129     0.198016    -0.375959    -0.118229   0.00524936     0.532675    -0.085561     0.265623    0.0116215    -0.190059     -0.30824
    0.338574     0.125374  0.000983288     0.149089     0.298436    -0.012253     0.170517    -0.193675    -0.133599   -0.0912009   -0.0264913    0.0741417    -0.365127     0.306763     0.378582     -0.29133    0.0713443     0.107546      -0.2299  -0.00737355     0.206736    0.0119184    -0.166104     0.418513    0.0575225     0.130762    -0.563658     0.100495     0.212287    -0.299218    -0.103471    -0.113007
   -0.301091     0.224022    -0.197817   -0.0402212    -0.236065     -0.25647     0.100196     0.166964    0.0918131   -0.0654102     0.333739    -0.117539    0.0350237     0.101758  -0.00764748    -0.113818     0.215027     0.106414    -0.166541     0.241124       0.3616     0.244085  -0.00486295     0.304601     0.418903     0.204572     0.137311     0.155744    0.0898904    0.0270173     0.134004    -0.029939
   -0.210455     0.163812    -0.198309    -0.298426    -0.236867   -0.0368613      0.28866    -0.253761    -0.298349    -0.076609    0.0976035     0.275713    -0.328888    -0.288417    -0.436246    0.0342497     0.137959    0.0778896    0.0455658     0.128156     0.279871     0.173971    0.0126201   -0.0827917     0.248991    0.0717524    -0.266934     0.155003   -0.0992187  -0.00746137    -0.314471     0.317608
   -0.198896    0.0689146     0.171087   -0.0282286    0.0668689    0.0227462    0.0819169     -0.18874     0.133978     0.074876   -0.0334901   -0.0801791     0.133541    -0.169811     0.212574    -0.288351     0.325233     0.325146    0.0848939   -0.0963798    -0.201802    -0.322552    -0.229483    -0.116181    -0.321213     0.348883    -0.140891    0.0303167     0.177516    -0.170571     0.081708     0.180478
    0.101141     0.103323    -0.290787   -0.0288918    0.0845397    -0.167616     0.206263    -0.237407     0.284014     0.126869    -0.102267    0.0385424     0.112241    0.0385272   -0.0277702      0.17303  -0.00348192    -0.121701    0.0611408    0.0495412    0.0422233    -0.059268     0.219046    -0.390803     0.167609     0.048175    -0.126561  -0.00301205    -0.224798   0.00204381     0.324125   -0.0782162
    0.179944    -0.220796   -0.0762034     0.223768  -0.00940059    -0.299451    0.0324135    -0.169468     0.048157     0.118078   0.00182725    0.0339508    0.0609206    0.0249534     0.177766    -0.335587   -0.0653364     0.205939    -0.243131    -0.196564   -0.0310442    -0.481765     0.476961   -0.0205903     -0.19367    0.0186514     0.186761    -0.133642  -0.00101056    -0.175435     0.244243     0.116191
   -0.155779    -0.127145    -0.280344    0.0390515     0.154272   -0.0345702     0.171582     0.278008    -0.110345     0.151711    -0.315033     0.111212      0.53323     0.137841     0.120219   -0.0465668    -0.399621     0.251026    0.0242593    -0.145131     0.140736    -0.177999     0.201463     0.192147     0.141971      0.19317    0.0883608    0.0981263    0.0977809     0.307878    -0.287675     0.111287
   0.0924936     0.262646    0.0662256    -0.114196    -0.205416     0.210548     0.305554    -0.171742    -0.233575    -0.240265     0.108886   -0.0338014    -0.231049    0.0507906    -0.141975    0.0896123   -0.0528141    -0.314185    -0.141963   -0.0214069    -0.175855     0.236831     0.273119     0.026647     0.155193    0.0892827    -0.337127   -0.0593321     0.225149     0.114552     0.274489    0.0614465
   -0.334879    0.0560436      0.44205     0.465177     0.259214    0.0326073     0.153422   0.00130558     0.762359    0.0367758    -0.110457    -0.239856     0.782097      0.24355     0.420176      0.21349    0.0912688    0.0493201     0.364314     0.147589     -0.39617    0.0247273     0.114818   -0.0296674    0.0849638    -0.133259     0.242108    -0.237454    -0.634925    -0.298675   0.00485949    -0.019959
    -0.10671    0.0871839    -0.407958   -0.0990387    -0.219216    -0.273599   -0.0710403    -0.172721     0.499663   -0.0102038   -0.0505358     0.105452    -0.141284     0.265898     0.188251   -0.0351285   -0.0239601    -0.140084   -0.0339313    -0.159396   -0.0504576   0.00246943     0.247955   -0.0289503    -0.179683     0.341129    -0.153238     0.149583     0.117117     0.213059   -0.0975622    -0.109558
    0.314407   -0.0456225    0.0423918    0.0806306     0.176676   -0.0530995     0.115247    -0.130791    -0.263626     -0.11009    0.0408339   -0.0835724  -0.00331863   -0.0672038     0.206197    0.0150502    -0.190356    0.0620416    0.0233132   -0.0255973     0.242005    -0.382626   -0.0925564       0.1516    0.0566397     0.133435    0.0518369     0.154236   -0.0892094    -0.193125     0.166519     0.189844
   -0.132477    -0.119953    -0.306653   0.00646989     0.274111    -0.386674     0.371278     0.163247     0.120778     0.322136    0.0981035     0.127794     0.103028     0.232894    0.0198239     0.370675     -0.52532  -0.00447708     0.318036    -0.441071     0.235271    -0.042347     0.164273    -0.220367    -0.105925    -0.259459     0.133035    0.0865819    0.0974373     0.148626    -0.207143    0.0981195
    0.111197     0.241289   -0.0148424     0.312856   -0.0524551    0.0454545    -0.129677    -0.253109   -0.0748589    -0.229041     0.271169    -0.065301     0.125609    -0.189422     0.242377      0.12953     0.217596    0.0458043    -0.292693     0.121008   -0.0288532    0.0704771   -0.0174541     0.283551    -0.261916    0.0350331  -0.00520081     0.317153     0.221203    -0.277983    0.0802924    -0.138128
   -0.042026     0.158064     0.164755    -0.258168     0.125634    -0.190664     0.145038    0.0529542   -0.0998562    -0.220922    0.0608941     0.104945    -0.196116     0.102968    -0.237542     0.208596    -0.190602     0.259431   -0.0499806     0.140723    -0.175822    -0.180809    0.0530555    -0.190922     0.120334  -0.00150467    0.0612641    -0.275568    -0.137949    -0.250031     0.281351     0.284712
    0.071753     0.404438    -0.115436    -0.160505    -0.167503     0.350511     0.324065     0.213333    0.0638558    -0.411183    -0.636447    0.0925826   -0.0757176     0.224452    -0.156193    -0.175581     0.347535    -0.204339      -0.4944     0.166641    -0.259483     0.120764   -0.0407642   -0.0993383     0.307206    0.0984638    0.0937722    -0.116395   -0.0328187     0.234328   -0.0397813    -0.339896
   -0.143598    0.0718806    0.0442301     0.274594    0.0679069    -0.104133     0.043974    -0.111347     0.201283    -0.053411     0.215857    -0.125461     0.433004     -0.26522     0.284599    -0.214804    -0.029251    0.0922025   -0.0517794     0.013272   -0.0298805     0.117975   -0.0681787    -0.473806     0.228418     0.108787    -0.287896     0.224168   -0.0298445   -0.0370245    -0.207766    -0.338761
   -0.013277     0.185334     0.145539     0.174295    -0.274662     0.206688    -0.321821      0.27783   -0.0831806     0.131473    -0.277944     0.139826     0.226619    -0.211247   -0.0216318    -0.473328      0.09486     0.241088   -0.0538778     0.216065     0.212271   -0.0665155    -0.304803    0.0714519     0.129388    0.0602574     0.237564    0.0127879    0.0341052    -0.124642     0.225294     0.243585
   0.0882158     0.239946    -0.197138    -0.729917    0.0494141    0.0671744     -0.15912     0.285382    0.0810755    0.0469395     0.111699      0.18122    -0.340249   -0.0243766     0.360608    -0.286908    -0.411189    0.0174082    -0.150748     0.209246     0.308203     0.211483     0.694146    -0.283304   -0.0129799     0.417031     0.143816    -0.111076  -0.00960448     0.111724   -0.0604444    0.0710643
   -0.041862     0.028216     0.163793     0.107766   0.00912479    -0.325392   -0.0657201     0.240697    -0.149021    -0.218469    0.0543567    -0.157725    -0.161269     0.108509    -0.155269    -0.522739   0.00677472   -0.0958599     -0.13927     0.301036    -0.190521     0.225811   -0.0991002   -0.0720467     0.294187     0.214877     0.438252     0.389155     0.366747    -0.142223   -0.0416228    -0.430652
    0.109099     0.160893     0.163736     0.108834    -0.579546     0.101233     0.232808    0.0856123    -0.243208     0.345725    -0.402383    -0.148476     0.428296    0.0560963     0.309872   -0.0814827    -0.283425    -0.189909     0.160392    -0.101064     0.027638    -0.129854    0.0829927   -0.0112224    -0.450444    -0.131457    -0.268175     0.051779     0.673603    0.0845189     0.145648   -0.0552593
   -0.195218    -0.208986     0.218783    0.0851604    0.0368773    -0.197724   -0.0194388    -0.127718    -0.177894    0.0379392    -0.312071    0.0838144    -0.092973     -0.15488     0.191245        -0.14    -0.290913     0.256148    0.0271457    -0.133038     0.179654   -0.0378226     0.130957    -0.279281   -0.0484936    -0.127871    -0.192963     0.193178   -0.0943691     0.182092    0.0230491    0.0744442
 0.000203853     0.266165    -0.264265    -0.385824   -0.0057948    -0.277617   -0.0626133    -0.167778   0.00577482    -0.166897    -0.401412  -0.00508625    -0.234819      0.17814    0.0315128    -0.174512      0.28298    -0.147821   -0.0524332     0.190281    0.0316905   0.00254752     0.322087    -0.104614     0.119123   -0.0576483    -0.145985    0.0847684   -0.0505736    0.0530476   -0.0209989    -0.110308
  -0.0339804   -0.0320199   -0.0478546     0.212528    0.0736091    -0.615323    0.0121096     0.221455    -0.158783  -0.00553277    0.0506037    -0.349401     0.362444    -0.283015     0.104109     0.366195    -0.118902     0.213879    0.0428556    -0.193898    -0.254182 -0.000973447    0.0968222    -0.154164     0.197094   -0.0899542     0.132047     0.213801     0.375491    0.0265727    0.0543197   -0.0523055
     0.13681     0.302374   -0.0921449    -0.127828     0.213739    -0.134217     0.163334    -0.286033     0.210634     0.387424    -0.130458     0.120329    -0.310871    -0.109619   -0.0880263    0.0504397    -0.172222    0.0303453    -0.129692   -0.0440185   -0.0687565   -0.0250153    0.0917653   -0.0242554    0.0102984    0.0574562     0.260154    -0.069482   -0.0823661    -0.351052     0.106878     0.262601
   -0.293965     0.275711    0.0514134    -0.150889     0.187863    0.0269305     0.256312    0.0666528    -0.174012      0.02414    -0.236927    0.0772935    0.0681074     0.387648     0.100619    0.0126636   -0.0832967    -0.175207      0.13267      0.14853     0.126474     0.312021     0.284409   -0.0462442    0.0611841   -0.0564747    0.0211558     0.211167      0.18677   -0.0560228   -0.0337687     0.134013
  -0.0368406     0.121975     0.297651    -0.015607     0.114846     0.483161   0.00600975    -0.120916     -0.30095    -0.275641     0.406357     0.212239   0.00179526    -0.269716    0.0573019   -0.0408323     0.135212     0.128064    -0.278713     0.138302    -0.244847     0.136663     0.287388    0.0184188     0.278714     0.258791    -0.156631  -0.00210429     0.072847    -0.117228    0.0830635     0.254514
    0.062249    0.0178892    0.0903464   -0.0211853      0.10644    0.0104591    -0.195926   -0.0970216   -0.0408026    -0.184433      0.17879   -0.0794935     -0.39188    -0.429135     0.222172     0.104376    -0.374711    -0.122795     0.289567   0.00996195    -0.638034   -0.0123958     0.354629   0.00484605     0.358338      0.27323     0.300442   -0.0908829  -0.00598483     0.107773    0.0688342     0.311232
   -0.256928     0.213513   -0.0965303    -0.280451    0.0535257     0.145335     0.340476    -0.197295     0.107964    -0.125849     -0.21279     0.137896    -0.250226     0.151939     0.109426     0.405712     0.168346     0.346045    -0.454319     0.169345    0.0720509    -0.442332     0.103822    -0.370379     0.420816    -0.128297      0.26734   -0.0511102    -0.192066    0.0191294     0.105269     0.116969
    0.168941    -0.204453   -0.0158604    -0.274728    -0.258472    -0.196284    0.0206578     0.371952    -0.125411     0.216611    -0.251337    0.0282136      0.02135    -0.108707     -0.30636     0.055158    0.0426504   -0.0503566    0.0087447   -0.0147574      0.10997    -0.405057    0.0952659    -0.602287   -0.0879084     0.300206     0.194645    0.0992016   -0.0197639     0.249495     0.135986    -0.431399
   0.0399212    -0.383686     -0.13901     0.206095     0.249369    0.0580635   -0.0353362    -0.427058    0.0468573     0.319346    -0.477263   -0.0375064     0.326109      0.27597     0.243878     0.126371   -0.0334862     0.292492     0.144281    -0.323026     0.215087    -0.252726    0.0944954    -0.459152    -0.120503    0.0123818   -0.0667384   -0.0300185    0.0228292    -0.172598   -0.0428143     0.328666
  -0.0818959     0.114101    0.0279071     0.495206     0.320553     0.296831  -0.00655315    0.0364726    0.0168518    -0.198698    -0.147448    -0.220237     0.317875    -0.152881   -0.0223978     -0.31823    0.0180828    -0.222543    -0.122974     0.432371     0.170886    -0.106191       0.1554     0.206924     0.125024     0.153378     0.122095   -0.0136007     0.213016    -0.219727     0.147903     0.044614
  0.00080284     0.183934   -0.0974288    -0.358736     0.223575   -0.0981185     0.144471    -0.264571     0.184817     0.197954     0.107482     0.323978    -0.418405      0.17646    -0.277088  -0.00588874    -0.347769     -0.14656     0.160946    0.0968698   -0.0316282     0.273213    0.0469663     -1.14654    0.0733686    -0.100489     0.573638     0.146565    -0.248552    -0.111756     0.238921     0.228799
   0.0132349    0.0620898   -0.0680188    -0.103939     0.182153   -0.0606686      0.32092     0.190078      0.10964   -0.0177621    -0.231575   -0.0212454   -0.0252406 -0.000915375     0.179583    -0.108911    -0.171198  -0.00167778    -0.211681    -0.153149     0.227087  -0.00802263    -0.037008     0.171384    -0.355449    -0.251759     0.124306    0.0205223    0.0268224     0.261357    -0.405794    -0.388674
   0.0448408   -0.0851605     0.221612    -0.298534     0.134293    -0.383481    -0.284624   -0.0166307    -0.223042    -0.169948    -0.128291     0.155216     0.144893   -0.0930246     0.446741     -0.20221    -0.301829     0.394265     -0.26382     0.149529     0.203777   -0.0764354    -0.161879    -0.162127   -0.0181296   -0.0663022    -0.261195     0.199216    -0.207561    0.0633138      0.53896   -0.0510505
  -0.0155648     0.350076     0.189985     0.340124    0.0370737   -0.0538194    0.0622872    -0.142192    0.0876601    -0.263158    0.0465911    -0.307878  -0.00114532    -0.124674    -0.140016   0.00305527     0.308984   -0.0548878   -0.0238296   -0.0116221     0.304296     0.180787   -0.0371317   -0.0808675     0.215343    0.0911025     0.181851    -0.144051    0.0695193    -0.165152     0.209763   -0.0978149
     0.15546     -0.02192     0.116737      0.13566    0.0703991    0.0534874     0.276156    -0.669101    -0.589663   -0.0104175    -0.153437    0.0580443     0.175507   -0.0648915   -0.0076541    -0.168232    0.0142613     0.217031  -0.00642412   -0.0148707     0.762973    -0.126708    -0.686538    0.0443555   -0.0786056    -0.293467    -0.445738     0.398761     0.212694     0.186636     0.809394    -0.290298
  -0.0244543    -0.431729  -0.00100235     0.106772    0.0339857   -0.0386206    -0.153902      0.11053     0.107463    0.0263228     0.176759    -0.291036    -0.136694    -0.273183     0.138685  -0.00773751    -0.362196   -0.0123758     0.049026     0.200074    -0.215092    -0.132231     -0.11208      0.19597     -0.03329     0.153076   -0.0391985     0.245339    0.0271623     -0.07305     0.137085    0.0999229
   0.0413543     0.243763    -0.200185    -0.149231    -0.252412    0.0599055    -0.191107     0.050904     0.281704     0.139387    -0.573656     0.549785      0.05272    0.0893514     0.371921    0.0123645     0.157694    -0.169097    -0.223474     0.059744    -0.165274    -0.352407    0.0264933     0.457453    -0.176412     0.449547   -0.0687449    -0.464018     0.557906     0.369224    -0.234493     -0.31638
   0.0997796    -0.672306    -0.148998    -0.198521     0.396374    -0.219231    -0.236815     0.168443     0.143585   -0.0338339    -0.136024     0.418727     0.703889    0.0599683     0.257845     0.172025    -0.268835     0.238092    0.0730245    -0.393688   -0.0950797    -0.364188     0.247929    -0.442499     0.180246     0.119425    0.0526138    0.0217298   -0.0563642     0.162156     0.241148     0.226391
  -0.0833257    -0.392532    -0.303739     0.258444     0.358417    -0.273497   -0.0329169   -0.0877815     0.293432    0.0580357     0.176529    -0.208188       0.2836     0.167315    0.0207974     0.123704    -0.270371     0.326206     0.356465   -0.0277649    -0.234873    0.0481333     0.104388    0.0550052        0.167     0.360878    0.0542178   -0.0575678    -0.424083   -0.0526395     0.326514     0.214183
   -0.133986    -0.332029     0.291941    -0.033009   -0.0113177    -0.148257    -0.157473    -0.720246     0.215692     0.158419     0.202744    0.0777125     0.321924     0.272735    0.0388912      0.36956     0.447608     0.556305     0.201112    0.0973347    -0.184382    -0.296661    0.0593084     0.040579   -0.0831869    0.0952157    -0.202734     0.284545    -0.188051     0.227865     0.167544   -0.0318016
   -0.187852    0.0820873     0.151905    -0.158985     -0.19488    -0.120147     0.144249     0.180419    0.0653988    0.0456057    0.0177233    0.0502686    -0.271915     0.122626    0.0735681   -0.0605826    -0.397178    -0.124061    0.0455397     0.402194     0.180973      0.12076    -0.141143    -0.232497      0.24957     0.340308    0.0774629     0.194329   -0.0118009    0.0473171    -0.476528    -0.240634
   -0.386226    -0.090697    -0.167352    -0.408768     0.540864    -0.471309    0.0428494   -0.0644724    -0.309987     0.453787   -0.0368447    -0.129028       0.1248     0.287613    0.0181424     0.112287    -0.146703     0.174412     0.245332     -0.10455   -0.0323532   -0.0751172    -0.175777    -0.156027   -0.0100452     0.245562    0.0405615    0.0476473     -0.15316    -0.189467    0.0424782     0.210143
   -0.329585     0.260641    -0.118935    -0.107399    -0.075517     0.111672   -0.0603834     0.178228     0.209231    -0.200032    -0.241851   -0.0146455     0.132755     0.115393   -0.0848565     -0.31373    0.0144289    -0.263424    -0.360529    -0.122553     0.178259     0.157091     0.178765   -0.0936282     0.222689    -0.153208    0.0721589     0.166433    -0.119597   -0.0380818   -0.0793373     0.142741
  -0.0789602    -0.293058    0.0223164    -0.414007     0.191114     0.173464   -0.0683903     0.151562    0.0442064     0.149224      0.35345    -0.164199    -0.145804    0.0587847    0.0931728     -0.16194    -0.573539   -0.0509938     -0.20826     0.119582     0.115203    -0.024853    -0.195534    -0.328394    -0.119119    -0.176805    -0.113522      0.37948    -0.533351    -0.157542    0.0576012     0.290213
    0.463714    -0.274761    0.0623908     0.152298    0.0346083     -0.14742   -0.0112644    -0.297122     -0.12463    -0.294702   -0.0445239     0.100532     0.261414     0.218205    -0.510923    -0.107212    0.0843806    -0.273504   0.00790115     0.122948   -0.0535588   0.00689579    0.0584514     0.206948     0.247635    -0.285705   -0.0988988     0.116649   -0.0607506     0.236032    0.0893021    -0.274059
    0.466087    -0.177636    0.0495137     0.174293   -0.0809699     0.139539    -0.268804    -0.353874      0.26263    -0.104656    0.0801794   -0.0284585    -0.403379   -0.0126997    -0.244684    -0.106651     0.464882    -0.101268    -0.329375     0.155515    -0.649021     0.267447     0.412481     0.932161   0.00540659   -0.0176477    -0.304064    -0.225476    0.0950786    -0.104143   -0.0356107     0.100601
    0.236993     -0.12585    0.0324604    -0.253494     0.332727    -0.185378    -0.427289     0.239449     0.309126    -0.148534     0.568386     0.234852     0.154656     0.350123    -0.191325    -0.171785    -0.646393   -0.0227586     0.062589     0.290315   -0.0936582     0.143478    -0.074988    0.0679152   -0.0173142    0.0634999     0.160157    -0.286144    -0.524576    -0.183484     0.398351     0.344928
    0.220102    -0.590364    -0.325467      -0.2086     0.296483    -0.403058   -0.0246679    -0.305324    -0.213895   -0.0224836     0.182781     0.377419     0.146666    0.0126733   -0.0906143    -0.525464    -0.149906    -0.126627     0.164871     0.199122   -0.0968616   -0.0855378      0.62657    0.0771751     0.131766   -0.0633459    -0.155424     -0.10743     0.100943    -0.113048   -0.0227196     0.136208
  0.00310159     -0.32538    0.0632813     -0.19069     0.130771     0.100865   -0.0800338    -0.202326     0.145965    0.0522846     0.229159     0.333462   -0.0457665  -0.00722241    -0.390289    -0.168987    -0.191806    -0.101304    -0.126177     -0.27817   -0.0871819    -0.132925    0.0599672    -0.487195     0.100496     0.105256     0.275587    -0.260457    -0.459385   -0.0408294   -0.0870542      0.18268
   -0.146299    -0.317266     0.203524    -0.327968     0.217639     0.265709    -0.175342      0.11418     0.258018     0.261383    -0.096959    -0.132904     0.198261    0.0835312   -0.0263616     0.179096    -0.144627   -0.0438067    -0.286565   -0.0952481    -0.114307     -0.11361    -0.266645    -0.198626    -0.137257   -0.0411788     0.331468   0.00546189    -0.293534   -0.0364928    -0.143384    -0.241088
  0.00974959      0.19259     -0.37592     0.196687      0.30699    -0.365929      0.11674      0.55772     0.437847    0.0587542    -0.141116    -0.276047     0.314894     -0.19241     0.167126     0.368967     0.128073     0.286033     0.307792    0.0515317    -0.452925   -0.0961201     0.119921     0.352098    0.0549971    -0.331866      0.47307    0.0792802      0.16691     0.158517     0.159325    -0.165471
