  -0.0313704    -0.174365     0.447578     0.188626    -0.167388     0.103128    0.0684754    0.0104213   -0.0152185      0.11943  -0.00125759      0.38033     0.184865    -0.321248    -0.078895   -0.0208226    0.0962398    -0.217821      0.31786  -0.00133985     0.568621    -0.403123   -0.0620451   0.00726653    0.0378086   -0.0944751   -0.0887224    -0.698152   -0.0824454    -0.204531     0.222778    -0.301337
   0.0180863     0.337605   -0.0136233    -0.111315    0.0601935    -0.158402   -0.0716723   -0.0983744     0.178179  -0.00726367    -0.135801     0.112443    -0.118119     0.255054   -0.0446399  -0.00709042    0.0378263     0.112714     0.387739     0.091678     0.176098    -0.119738   -0.0394747     0.109542     0.244168   -0.0636624   -0.0933184    -0.392313     0.173299   -0.0215633    0.0649962    -0.403397
    0.198467     0.279733   -0.0392674 -0.000135527    -0.403778    0.0659939     0.242551     0.110902    0.0435706     0.253746    0.0643311    -0.120448    -0.252476     0.393551     -0.10549  0.000406471    -0.358633     0.245459     0.397867   -0.0695542     -0.14524   0.00694394    -0.181956    -0.230573    -0.386028    -0.116682     0.356311     0.191405   -0.0379943   0.00411954    -0.108408     0.250179
   -0.129657    -0.188588    -0.139884     0.119613    0.0974686    -0.325721    -0.024142    -0.285687     0.177645     0.199305   -0.0605156    -0.213761    -0.261003    -0.300899  -0.00583986    0.0511816   -0.0807883    0.0440688    -0.147775     0.202665     0.401513   0.00401263     -0.18598     0.116974    -0.136428    0.0650614    -0.214219    -0.256812    0.0853073   -0.0825957    -0.122772     0.230303
    0.143269    0.0911589   -0.0712964     0.055714   -0.0205289    -0.129548    -0.226372   -0.0725671     0.145689   -0.0250204    -0.147893    0.0203624    -0.123675    0.0515416    0.0416203     0.238572    -0.101607     0.220429   -0.0514446    0.0824138     0.303186     0.125734    0.0648236    0.0432417   -0.0736814    -0.239533    -0.169122    0.0457847    -0.275421    -0.217119   -0.0474329     0.158922
   -0.130632   -0.0942243   -0.0113374     0.272487     0.377039    -0.362928     -0.34095    -0.175762   -0.0213605    -0.134755    -0.455419    -0.217272     0.443324    -0.147016     0.376378    0.0738514    -0.235634    -0.290733    -0.235134    -0.163487    -0.102183   -0.0255661    0.0403815    -0.328676    -0.319938    -0.127526   -0.0329892   -0.0448167    -0.142323     0.359847     0.148413      0.14228
    0.152304     0.106074     0.178339    0.0617599    -0.289586    0.0949811   -0.0277203    -0.124331     0.332334    -0.120276    0.0280248    0.0342783      0.24917   -0.0836656    0.0550225    -0.338019    0.0707732   -0.0320715   -0.0166828    -0.307376     0.085946    -0.257161  -0.00580188     0.325893    0.0618296     0.143148    -0.109237    -0.056665     -0.31119     0.275355    -0.340484   -0.0859324
   0.0279874  0.000169409     0.239912     0.161752    -0.199843   -0.0605378     0.207696     0.256166     0.103036   -0.0709014     0.171378     0.255458    -0.236448     0.139414     0.055682    0.0271856    -0.155727     0.154286     0.418389   -0.0952712     0.613338    -0.528396     0.157018   -0.0715679     0.134392   -0.0481593     0.177703    -0.242231     0.130299    0.0848797   0.00304916     0.102476
   -0.335411    -0.218614    -0.238114     0.084398    -0.153739   0.00991771     0.228215   -0.0643759    0.0644478   -0.0963008    -0.436775   -0.0377932    -0.243728    -0.133761    0.0107616     0.210014    -0.246292     0.152549    0.0270598   -0.0672311   3.5111e-05    -0.104335    -0.110325    -0.416913     0.155195   -0.0746907    -0.217426    0.0879823   -0.0280883   -0.0899086     0.228251    -0.118752
    -0.23377   -0.0349568     -0.12325     0.262869     0.223503   -0.0561406    0.0698804     0.112154     0.317969    0.0856022     0.474629     0.158131    -0.235371    -0.138896     0.244127  -0.00653402      0.31982    0.0241293    -0.254131     0.362922    -0.303349     0.169883     0.420686   -0.0113707    -0.155011    0.0607905    -0.127784     0.267181     0.272459    0.0966153     0.154008     0.159834
   -0.146736     -0.29637     0.121847    -0.138485    0.0344386    0.0181377     0.450601    -0.225162    -0.171891     0.405308     0.476533     0.252963     0.217512     0.394213    -0.171462     0.103767     -0.17864    -0.355054     0.107082    -0.108691     0.274979    0.0268962     0.260116    -0.406601     0.540159     0.114838     0.258665   -0.0915631   -0.0128731    -0.645651   -0.0398022     -0.17509
    -0.36685    -0.300372     -0.01239    -0.202838     0.130116   -0.0512693    -0.279874    0.0396593       0.1123    -0.211544   -0.0187242    -0.164234    -0.221102    -0.138006     0.130459    -0.190433    -0.084594    -0.176206    0.0693153     0.179448    0.0198384   -0.0113887     0.121684     0.205756     0.141282    -0.196942   -0.0241432    -0.235175    -0.157883     0.261582   -0.0224269    -0.074566
   0.0714857   -0.0212314   -0.0638479    0.0472308   -0.0689501      0.10779    -0.226098     0.205642    -0.232422   -0.0117541   0.00160136    -0.228321    0.0829278    -0.663218     0.206946   -0.0807487     0.207192    0.0128297   -0.0323083    -0.209447    0.0318639     0.074081   -0.0954308    -0.149352    -0.116804    -0.188906    -0.249749     0.132776    0.0207863   -0.0642302  -0.00671235   -0.0258101
   0.0684463   -0.0995856    0.0762321    -0.386862  -0.00441705    0.0901582    -0.196131   -0.0971829     0.262347    -0.117183       0.1071    -0.204524    0.0323425   -0.0610671     -0.17722    0.0480401   -0.0303472    -0.334258    -0.166361     0.263239    0.0827991     0.253737    0.0216728    -0.379246    -0.110198     -0.15442     0.357253     0.206003     0.247144    -0.021677      0.40305     0.176642
   -0.195961   -0.0740551    -0.131367    -0.162901   -0.0345784    -0.187244     0.112551    -0.251167   -0.0782704     0.228635     0.207699     0.166013    -0.240222    -0.112063     0.178877     0.102885    -0.136743     0.103632    -0.315914    0.0967619     0.396015     0.160123      0.28961    0.0735897    -0.119107    -0.145113    -0.351966   -0.0171566     0.594897    -0.125377   -0.0378574     0.150251
    0.233092     0.250359     0.107122    -0.402944     -0.16254    -0.210142    -0.128138    -0.332918     0.181101    -0.288928   -0.0957382     0.199552   -0.0788707     0.182122    -0.311125    -0.163237    -0.235886    -0.137962     0.254568     0.286484    -0.412147     0.156672    -0.117337   -0.0489178    -0.519067     0.264373     0.207117     0.365632     0.275654   -0.0295963   -0.0124917     0.335461
   0.0268283    0.0109142    0.0526672  -0.00417101    -0.134736    0.0472798     0.125268   -0.0375189     0.114371    0.0954075   -0.0912453      0.08359    0.0495948    -0.492252    0.0575896     0.225129     0.217274     0.183775     0.430887      0.13609     0.605053    -0.419649    -0.167965   -0.0735267    0.0700282    -0.157487    0.0200528    -0.174058     0.291146    -0.322822   -0.0685393    -0.121494
    0.082939    -0.162202    -0.363527    -0.155714   -0.0965722   -0.0922757     0.162692    0.0414267  3.70504e-06   -0.0925528    0.0474572    -0.104566    0.0118863    -0.358032     0.354025    0.0339178   -0.0956603    -0.500918     0.035664    -0.127885     0.135048    -0.273095   -0.0114838    -0.130256     0.339007    -0.137387   -0.0688915      0.10679    -0.274642     0.102096      0.20334    -0.217803
    0.253441    -0.168462    -0.133026     0.356089     0.293755     0.114353   -0.0158538    0.0777536    -0.102741     0.250593   -0.0330379    0.0149066      0.28056     -0.16055    0.0236454     0.363121     0.245819      0.28268    -0.209889      0.12086      0.27412     0.315893     0.117142    -0.314125     0.280334    -0.285168    0.0393093    -0.595095     -0.25301     -0.53275     0.214288     0.165396
   0.0787979     0.272969    0.0588529     0.257949    -0.113307     0.016411     0.163618     -0.52279      0.28547   -0.0902998   -0.0612679    0.0725445    0.0674994    -0.191784     0.074435    0.0837246    0.0542723   -0.0979595    -0.260437    -0.052884     0.349074     0.164216     0.260045   -0.0676038    -0.283756     0.142777  -0.00653705     0.362781     0.247573    -0.249741    -0.144857   -0.0558829
    0.149377     0.325367     0.176602     -0.42019   -0.0958902    -0.174205    -0.026202    -0.208371    -0.111439    0.0763878   -0.0426989   -0.0627847    -0.162388     0.117018   -0.0867066    0.0105112    0.0302238    0.0945445   -0.0103244    0.0764884    -0.155094     0.508384     0.102327    0.0820728     0.114779   -0.0937694    -0.168345     0.081093   -0.0187144    -0.194842     0.104656    0.0604127
    0.465453   -0.0366087   -0.0497171    -0.241019    -0.500086     0.206562   -0.0486594     0.270278    0.0512444    -0.144623    -0.110109   -0.0873884    -0.217976    0.0949619    -0.117437   -0.0598094     0.183456     0.162305    -0.251799   -0.0904814    -0.185619    0.0943855      0.25092    -0.358104     0.250788  -0.00409525     0.310776    -0.251283     0.339495     0.396634     0.178023     0.092366
    0.155925    -0.414351     0.199485   -0.0640971   -0.0130916     -0.14384     0.437041    -0.135407     0.270346   -0.0345007   -0.0510216     0.260245   -0.0606809    -0.198802    0.0501415   -0.0696722   -0.0393884   -0.0437778     0.125847   -0.0696731     0.621057     0.146923    0.0972628  -0.00773691     0.356238    0.0892004    -0.586148    -0.408725        0.194     -0.13381    0.0755631    -0.367797
   0.0438605    0.0635834    -0.134513     0.272539      0.14959     -0.16374     0.200027    -0.103384    0.0752183    -0.294755    0.0149216     0.229938    -0.117479    0.0722393   -0.0350488    -0.132083    -0.174835     0.194252   -0.0205781   -0.0769057    -0.155638     0.212631     0.198118     0.136012    0.0187451    -0.274241     0.277885     0.239754    -0.169645     0.144871    -0.076102   -0.0493356
    0.208941     0.233655    -0.169632     -0.22758    -0.287062     0.270076     0.380711   -0.0775285     0.136694   -0.0320297     -0.24793     0.345857   -0.0182275     0.120025    -0.138709     0.251526    0.0856845     0.131263    0.0951699     0.252207      0.26753     0.221388     0.192954   -0.0808396     0.237033    -0.201298   -0.0204509     -0.25276   -0.0711479    0.0131816    0.0459651     0.190309
   0.0458774    -0.280355    -0.156694   -0.0147953    -0.197942    -0.250405    0.0186763     -0.10689     0.110395   -0.0891939   -0.0667023    0.0146455     -0.21078     0.152064     0.120838     0.347749  -0.00194381     0.254653     0.270809   -0.0683583     0.391201     0.157714     0.247832     -0.35872     0.257149    -0.120633    -0.102452    -0.297914    0.0286561    -0.199138     0.140492   -0.0816792
    0.251677  -0.00420039    -0.189573    -0.254597    -0.469945     0.165189   -0.0922781    0.0627114    -0.094997    -0.024584    -0.177366    -0.147735   -0.0889494    0.0595769    0.0844501     0.101249   -0.0761818     0.112977    -0.125712     0.306295     0.275476     0.424735    0.0556724  -0.00267403      0.20118    -0.111717    -0.162388     -0.14728     0.368707    -0.035259     0.164691    0.0581068
    0.403982   -0.0510225    -0.182696    -0.232153    -0.292606     0.103399    0.0583482    -0.285427    -0.286797     -0.10267    0.0802369     0.131933    -0.343854    -0.129979 -0.000640169  -0.00879812  -0.00304261    0.0829158     0.193746   0.00144976   -0.0492581     0.243645   -0.0702977    -0.388198     0.340635     0.265879     0.191298    -0.285122     0.345982     0.184593     0.254849    -0.373509
   -0.152067   -0.0783655     0.111611    -0.106334   -0.0236913   -0.0249155    -0.104728     0.261343    0.0561946    -0.225698    -0.155086   -0.0661658     0.183977     0.158881   -0.0878552   -0.0303716   -0.0946781    -0.188458     -0.25389    0.0524562     -0.38881    0.0921954    0.0160373     0.145721     -0.10336     0.224866    0.0968268     0.125191    -0.175512    0.0993517    0.0340431   0.00108133
  -0.0826147    0.0169804     0.193082    0.0298851    0.0486062    0.0707033      0.15614   -0.0434888    0.0585869    -0.355156     0.154969   -0.0352232    0.0786799    -0.359853     0.220408   0.00498463     0.125913    -0.232506    -0.142191    -0.343119    0.0346877   -0.0294514    -0.240672   -0.0386555    0.0668305   -0.0233439 -0.000129527   -0.0641825    -0.244742    0.0564115     0.101758    -0.158843
  -0.0574153    -0.224677    0.0905807     0.205255   -0.0895865   -0.0333799    -0.263228    0.0957054     0.209667     0.347928   -0.0514967   -0.0542438     0.281458    -0.229373     0.247072    -0.195568     0.281763    -0.323304   -0.0365479     0.140238     0.204695     0.214274     0.178313   -0.0331091     0.555077    -0.226458    -0.226897    -0.461822    -0.113639    0.0778481    -0.151974    -0.405331
    0.116568     0.160349    0.0669967    0.0985392    -0.282491     0.288226     0.173438    -0.401958     0.303151   -0.0885664   -0.0125589   -0.0611685     0.101402    -0.568382      0.25236   -0.0577689    -0.241117    0.0536167    -0.011584    -0.162085    -0.109148   -0.0741882    0.0904195    -0.443874    -0.158254      -0.1636   -0.0625297     0.319467   -0.0958722   -0.0126176    0.0718981     0.369554
    0.175595      0.23249     -0.13742     -0.37953    -0.297904   0.00486816    0.0530552    -0.290252     0.481833   -0.0274693    -0.200719    -0.129213    -0.236379   -0.0956739   -0.0055745     0.372658    -0.272615    0.0903893     -0.24439     0.309401    0.0373327     0.189408     0.430033    -0.108833    -0.265774   -0.0196427    0.0346851   -0.0190973     0.390448     0.453587    0.0708939     0.178572
  -0.0104784    -0.224499      0.11017     0.308132    0.0179344    -0.413867     0.364689     0.155234    -0.104661      0.18529    0.0232349   -0.0557552     0.104536      0.24853    0.0186471     0.126326    -0.355857   -0.0549147    0.0319015    -0.190246     0.425544     0.225589   -0.0616843    -0.198608    -0.251944    -0.353944     0.198636    0.0479006    -0.298568     -0.15791    -0.272029    0.0443893
    -0.11601     0.120386   -0.0780603  -0.00674562     0.154135   -0.0980602    0.0737329     0.221659     0.235774      0.22855     0.153234    0.0720768    -0.368326    -0.440691     0.262334    -0.147453     0.338415    -0.136558    -0.116427    0.0821144     0.303747    0.0218312     0.122877    -0.281854     0.171707   -0.0175286    -0.555772    -0.260355    0.0899291    -0.146394      0.16198     0.105315
    0.383705    -0.112884    -0.092452   -0.0492663    -0.317907   -0.0804181   -0.0679041    -0.264438   -0.0765894     0.141783    -0.453096     0.405995      0.25848   -0.0818601    -0.134501  -0.00462554     0.160584     0.171127     0.188241     0.104384    -0.134152    0.0926046    0.0345569    -0.039172     -0.20655     0.260179     0.305992     0.291783     0.395575    -0.104119      0.10609  -0.00959482
    0.253959     0.255876    0.0991257   -0.0613249    0.0783632     -0.15188    -0.181473    0.0917606   -0.0675137     0.468743     0.342274   -0.0575018     -0.20948    -0.224306     0.102133  -0.00856491     0.033397     0.216005    -0.165775    -0.102935    0.0987659   -0.0989543   -0.0074767   -0.0576662     -0.57876    -0.148517    -0.214334     0.324193     0.318683    -0.160921     0.116117    0.0937218
  -0.0946847     -0.36431    -0.116737     0.201222     0.361161  8.79477e-05    -0.158249     0.414689    -0.401346     0.305971     0.218334    -0.392143   -0.0779025    0.0109195    0.0891853   0.00419448    -0.163179    -0.127824    -0.200716     -0.21144    0.0729317   -0.0930811    0.0930114   -0.0689389     0.331476     -0.28142     0.200207    0.0872058    -0.154847    -0.451734     0.294797    -0.173606
   0.0748192   -0.0387067    -0.105986     0.358743   -0.0484661     0.280538     0.277099  -0.00601884     0.132615     0.160342    -0.534607    -0.243608     0.316503     0.101077     -0.25142     0.257242    -0.173114    -0.194311     0.366792   -0.0691594     0.360639    -0.193801     0.047909    -0.372438    -0.127564    -0.101908     0.228792    -0.187075     0.153218    -0.404287    -0.392618    -0.154721
   -0.097517    -0.107663     0.393069    -0.535432   -0.0719718    -0.189342     0.241835    -0.265648     0.603918     0.210449      0.38625    -0.205293     -0.29358      0.24865    -0.169947    0.0992462    0.0791859     0.435541     0.252827      0.24206     0.427414     0.388102     0.174854     0.535707     -0.96488      0.25631    -0.393455     0.740743     0.749298   -0.0741456    -0.142607     0.269812
    0.160288     0.199591    0.0231188     0.125293     0.119714    -0.271595    -0.175471     0.197023    0.0324089    -0.104872   -0.0811978    -0.254565       0.2286    -0.133402     -0.23916    0.0936297    -0.302081     -0.27864    -0.225249    -0.109357     0.349279      0.28597    0.0947647    -0.393967   0.00944691     0.297612     0.027643     0.192378   -0.0645243    -0.205029  -0.00387174    0.0879522
   -0.250575    -0.165902  -0.00599913    0.0885832    -0.041925    -0.339091    -0.204742     0.172901     0.111075      0.15005     -0.37767    -0.229282   -0.0172033     0.262684     0.177771     0.211369    0.0143795     0.115719    -0.239011    -0.117599    -0.174571     -0.23514     0.111157    -0.392887   -0.0355226     0.092071   -0.0144695    -0.119519    -0.248739    -0.138141     0.293101   -0.0510782
  -0.0833732    -0.062286     0.102623    -0.101517     0.111224  -0.00586021   -0.0529469    0.0308291    -0.101288    -0.303571     0.171318     0.232061     0.159503    -0.122744      0.12422     0.256657     0.147389    -0.104842   -0.0178911    -0.133727     0.339191    0.0709916    -0.135213     0.111842    0.0601685   -0.0521166    -0.357211    -0.260837   -0.0298185     0.466557    -0.229022   -0.0605322
 -0.00178664    0.0784909     0.468309   -0.0192944    0.0153764     0.225555    0.0487406    -0.108288     -0.15768    -0.299379  -0.00573653     0.161136   -0.0209304    -0.146379     0.103078   -0.0982917    -0.273334    -0.229765      0.17109    -0.244307     0.116906   -0.0323747   -0.0301043    -0.216028     0.165417    0.0433164    -0.440355    -0.384181    -0.093006  -0.00405645      0.18105    0.0546019
   -0.123372   -0.0508404     0.151057     0.117266   -0.0414133   -0.0221197    0.0909675   -0.0411777   -0.0428603    -0.282674    -0.143408    0.0954815     0.144273   -0.0162705     0.026358     0.250226    -0.165243     0.187095      0.16141    -0.188359    0.0198925    -0.227829     0.230631    0.0315664    0.0526605    -0.475913    -0.156754   -0.0987518    -0.115882    0.0596401   -0.0705187    0.0696213
   -0.283158   -0.0973748     0.216953    0.0349632     0.100362    -0.177832    0.0352294   -0.0578094    0.0784862    0.0575963     -0.30876    0.0261516    0.0888645     0.100625     0.170153   -0.0593782   -0.0193252    -0.235572   -0.0851118   -0.0315969   -0.0387068    0.0822429   -0.0820755    -0.270074    -0.237745     -0.25786     0.203274     0.184051     0.055416      0.16942    -0.120941     -0.07746
  -0.0424017      0.12583   -0.0894008    -0.214008    -0.026283    -0.241511     0.114648   -0.0382995    -0.091759      0.13499    0.0985496    -0.106961     0.113148    0.0124234    0.0676964     0.022481   -0.0272128    -0.119241     0.431659     0.295576    -0.157507    0.0150566   -0.0979679    0.0977874     -0.12471     0.405672    -0.211191     0.206685     0.208333   0.00364954   -0.0483486   -0.0437442
   -0.155867    -0.307838    -0.110094    -0.215983  -0.00944279    -0.228887    -0.139395    -0.209633    0.0382682    -0.256438      0.22742    -0.068324    -0.331738    -0.341537   -0.0447181     0.363557    0.0591474    -0.151294     0.330833     0.031504    -0.206341    0.0696153   -0.0403784    0.0523438    -0.251974    0.0179007     0.112755     0.399676     0.219945   -0.0200025     -0.19052    -0.234232
    0.594688    -0.157785    0.0186572     -0.21948    -0.319256     0.127074    -0.210751    -0.184928     0.208968    -0.219527    -0.522188  -0.00913041     0.170515    0.0167771    -0.268045    -0.158515     0.392729   -0.0353432    -0.128491     0.412864     0.347239     0.777121   -0.0192174    -0.374432     0.270964    -0.265019     0.541629     -0.40208    -0.301417    -0.246422   -0.0699702     0.145273
   -0.418848     0.177724     0.105707     0.264606    0.0669472   0.00828889    -0.300921     0.110076    0.0145904    0.0513662    -0.165763    0.0785182     0.163901     0.219538     0.117338   -0.0593838     0.238197     0.287425   -0.0716264    -0.190354     -0.10961    0.0327445   -0.0737477    -0.141736    -0.128746    0.0531951   -0.0843231     -0.12948   -0.0761534     0.178688    -0.198423   -0.0273905
   -0.147698     -0.31043    -0.159914     0.299302      0.29969    -0.111678    -0.247893     0.443541    0.0775943    -0.173186    -0.163795    0.0445115      0.19372    -0.231119      0.01556    -0.290394  -0.00120889    -0.129373   -0.0988823     0.131965  -0.00486434     0.042132    0.0676108   -0.0910227     0.143915    0.0702488     0.085279    -0.251049    -0.320704     0.149523    0.0350364    -0.196998
    0.352095    -0.123592   -0.0755022   -0.0311304    -0.301446      0.30959     0.153285    -0.224599    0.0480958     0.193474   -0.0135471     0.117708    0.0400459    0.0132725     0.138434    -0.106168    -0.223352     0.267017    0.0794038      0.01134    -0.188034     0.116026    -0.107661    0.0145459     0.130826    0.0886089      0.11795    -0.115299   -0.0640732   -0.0732301    -0.275906     0.156826
   -0.204174    0.0374085    0.0432876   -0.0612093    0.0569104    -0.127404    -0.125978    -0.264807  0.000587897    0.0257239    -0.111954     0.176545    -0.297665    0.0811373   -0.0479987   -0.0695987      0.26539   -0.0767149    0.0810137    0.0856081    -0.122226     0.258665      0.23471    0.0334139    -0.192296    -0.295581    0.0889156   -0.0150701     0.012205    -0.107515    -0.196803    0.0868393
    0.300572    -0.180857     0.182737     0.299468     0.240426     0.110138     0.100074    -0.210536    -0.102706     0.207874     0.208735    0.0771591     0.073093   -0.0438142    -0.203149    0.0177615   -0.0714222    -0.126785    0.0915175    0.0870226    0.0622885     0.352678   -0.0331688    -0.119408    -0.187017    0.0982038    -0.241517    -0.244471     0.144887    -0.139793    0.0402755      0.14396
    0.280963    -0.166352    0.0619826    -0.131276    -0.207811    -0.131034     0.370297    -0.144213    0.0966208     0.154679     0.100013   -0.0313145    -0.165834   -0.0503889   -0.0713799    0.0431441     0.234972     0.287289     0.137142     0.155492     0.181516    0.0143884     0.157081     0.104909     0.536502    -0.050893     0.027894    -0.412869    0.0620467     0.378603   0.00485528    -0.292214
   -0.105097     0.182374   -0.0620757    -0.214576    -0.112827   -0.0473625    -0.138796    -0.378763     0.118751   -0.0165001    -0.287967     0.237723   -0.0983474    -0.202935   -0.0520718    -0.110992    -0.207894     0.132846     0.326529     0.093381     0.266301     0.212178    0.0229193   -0.0353915     0.382284    -0.226236    -0.140509    -0.312285     0.306436    -0.038177  -0.00458399    0.0619645
    0.267584    0.0112574     0.281808 -0.000690587    -0.341536  -0.00042037     0.213321    -0.145239   0.00712877    0.0100549    -0.178416    0.0705218    -0.256054    0.0659394      0.13983     0.118684     0.189092     0.447123    0.0437538     0.101218    -0.168064     0.140839     0.050444    0.0620047   -0.0375453     0.107562     0.214914    0.0556586     0.149193    0.0910027   -0.0855771     0.235079
    0.100574   -0.0102896   -0.0559378   -0.0076118    -0.041707    -0.074363    -0.180952     0.412477      0.25028   -0.0855145    -0.348092    -0.189816     0.159478    0.0790905     0.257393   -0.0939985    -0.145278   -0.0482588    -0.113436   -0.0751806    0.0868876    0.0943841    -0.273835   -0.0523004    -0.326442    0.0125767    -0.294099    -0.131165    -0.339192      0.23654   -0.0176761     0.232233
  -0.0451643     0.118916     0.308906     0.169373    -0.080535   0.00550589     -0.17084     -0.16733   -0.0313199     0.200356     0.206919    0.0819637     -0.14873    -0.586953      0.15344     0.135154   -0.0732195    0.0935687    -0.200017    -0.203084     0.108848      -0.1108    -0.158162    0.0919831     0.137368    -0.266754    -0.142231     0.176645   -0.0683967    -0.282687   0.00368944    0.0369022
  -0.0303708    -0.261464    0.0820521     0.184341     0.387167     0.194187   -0.0880622   -0.0825249     0.182218     0.126453     0.158042    -0.332509     -0.25693     0.219061    -0.163509     0.191111     0.198163    -0.242537    -0.157799   -0.0562314     0.163666    -0.098827     0.274895     0.105306     0.176115    -0.160126    -0.115589    0.0475169   0.00318323     0.237405     0.256769    -0.303041
    0.391319     0.190399    0.0598826    -0.164169     -0.21398    -0.149861  -0.00346144   -0.0414682    -0.150481    -0.157946    -0.245293   -0.0943344    -0.172274     0.274668    0.0285738    0.0471368    -0.089366     0.303681   0.00105396    -0.148933     0.271567   -0.0495408     0.181669    -0.192898   -0.0505417    -0.683119     0.115511     0.157337     0.046871   -0.0891868    0.0474676     0.244579
   -0.153868     -0.12157    -0.122934    -0.107888   -0.0691596     0.233734    -0.165055     0.126835    0.0512716    -0.233121    0.0681974    -0.127871     0.245403    -0.114639    -0.181575   0.00923225   -0.0355739    0.0748749     0.112099    -0.312718     0.201623    -0.212783  -0.00974227    -0.137778     0.385749   -0.0489701   -0.0783995    -0.415315    -0.191393     0.409127     0.223076    -0.600766
   -0.229104    -0.032303     0.273496     0.309261   -0.0816886    -0.192366    -0.132363    0.0984778     0.453561   -0.0392184     0.297126    0.0918397    -0.128932    -0.287087    -0.142234    0.0794583   0.00459548    0.0763948    0.0132509     0.108804     0.168849     0.134825     0.169827    0.0106716    0.0364876     0.331194     -0.11007    0.0628971     0.124111    -0.148984   -0.0818479    -0.109516
    0.269457     0.155314   -0.0931331    -0.274288    -0.122299    0.0279764   -0.0455295     0.155032     0.294709     0.179937   -0.0585767    -0.221149     0.223496    0.0233418    -0.110366     0.367791  -0.00613066     0.118109    0.0437022    -0.239448    -0.474099     0.290539     0.214161   -0.0576983    0.0336772     0.293302   0.00255966   0.00651696    0.0567582    -0.135674   -0.0118504   -0.0293174
  -0.0654198    -0.060084   -0.0637857   -0.0416461     -0.12928    0.0911111   -0.0873886   -0.0147139     0.142929     0.180639   -0.0556476    -0.011221   -0.0251221    0.0424342     0.340364     0.176448      0.18859    0.0179045    -0.100985   -0.0816459     0.229877     -0.02781   -0.0671122    -0.161062     0.292645     0.249224    -0.276152    0.0807919      0.13126   0.00449372   -0.0316612    0.0532272
    0.460544     0.146926    0.0282182    -0.171085     -0.40692     0.156272    -0.123547   -0.0356136     0.219347     -0.33508    -0.266586    -0.282466     0.152937     -0.21296     0.435081   -0.0281308    0.0914792     0.393515     0.231351   -0.0128564     0.576416     0.279799    -0.271493    -0.330817     0.327763   -0.0879498     0.189587    -0.490194     0.478198    -0.174195   0.00036285   -0.0316981
 -0.00870236    0.0331535    0.0725737    -0.435653    -0.048194    -0.145988    -0.152048     0.149867      -0.1843    0.0806619    -0.206465    0.0714636     0.133442     0.389161    -0.169274     0.222691     0.116581    0.0464562     0.147772     0.181833     0.154728   0.00524384    0.0358953   0.00216915    0.0952022     -0.16241    0.0615723    -0.391401   -0.0738655      0.21148    -0.171175    -0.343553
   0.0644098    -0.158675    -0.235527    -0.189069    -0.202655    -0.160963    -0.202212    -0.128963      0.22861     0.204035    -0.057869   -0.0472782   0.00934926    -0.331575     0.139586    0.0180922     0.238023   -0.0576803    -0.139796    0.0735667    0.0592999     0.079795   -0.0752529    -0.141374    0.0137296     -0.12057   -0.0883449    -0.138364     0.140937   -0.0337116    0.0712977   -0.0596774
   -0.318919     0.167582     0.105503     0.269109    0.0766453    0.0842236    -0.486248     0.273582    -0.208093     -0.38464    0.0480163    0.0725626     0.217582     0.148341    -0.090358    -0.194975    0.0602256    -0.168732    -0.382203   -0.0200614    0.0163901    0.0327718      -0.3386    -0.158467     0.257113    0.0465768    0.0772936    -0.360336    -0.600625   -0.0713341      -0.1012    -0.201509
   -0.071114     0.106738  -0.00470549    -0.242746   -0.0172919     0.362836      0.15751     0.116538     0.107926    0.0479648    -0.136598     -0.06811     0.146163    0.0549888    0.0652006    0.0815328    0.0170622    0.0727295     0.119888     0.185898    -0.112444    -0.234914   -0.0801743    -0.361507   -0.0149976   -0.0168231     -0.17622    -0.203373    -0.197404    -0.190463    0.0111294     0.227743
     0.13288     0.204059      0.04492    -0.149297    -0.414829    0.0319827    0.0323038   -0.0211565    -0.249589     0.313513   -0.0939141   -0.0116959    -0.293479    -0.188086     0.242632    -0.125188      0.10131    0.0664707     0.111836    -0.106041   0.00607325   -0.0221523   -0.0325907     0.224084   -0.0590044    -0.053696   -0.0197336     0.117638     0.191936    0.0621811     0.171038     0.362317
   -0.266415     0.132715    -0.285894     0.267612    0.0257624    -0.140916    -0.263845     -0.22273   -0.0954787     0.220508    -0.140159     0.170879    0.0816512    -0.138919   -0.0124959     0.118842     -0.23474    -0.311825    -0.183869   -0.0305789    -0.136699    -0.404779   -0.0308586   -0.0990302    -0.222447   -0.0620007     0.113851     0.238367     0.172332     -0.65418     0.300018   -0.0556884
    0.126542  0.000512033     0.164066     0.177036   -0.0785872   -0.0709942    -0.152235    -0.159643   0.00182131     0.141471     -0.26551    -0.114938     0.170583     -0.15135   -0.0872031    -0.130108    0.0888146     0.278584    -0.125665    0.0634512    0.0762881    0.0258279   -0.0653022    -0.100396   -0.0678963     0.289221    0.0100826     0.316984   -0.0335048    -0.379632    -0.150116      0.36595
    0.334053      0.27115    -0.124073     -0.55931   -0.0525385    0.0621876  -0.00813121    -0.186967    -0.222281     -0.19361     0.248931     0.406959     0.154449     0.102847    -0.466027     0.395278    0.0187857     0.153416     0.247535   -0.0796799     0.400594     0.204928    0.0738822    -0.174238   -0.0707596    -0.308799     0.407621    -0.137276    -0.170222    -0.114301     0.179469    -0.237669
  0.00567257     0.197881    -0.126102     -0.42786    -0.270353  -0.00743704     0.102232    -0.252897    0.0634993     0.062712   -0.0728227      0.18093    -0.237034   -0.0563803   -0.0103625   0.00505427      0.03592     0.336598    -0.220497    -0.057387  -0.00501545    0.0696743     0.229294     0.182096     0.180584    -0.216074    0.0128028      -0.1591    -0.377737     0.344715     0.122398    -0.254634
    0.119242     -0.27399     0.191347    -0.143556   -0.0805876    -0.250527     0.275488     0.109611    -0.155036    -0.122185   -0.0819351     0.055864    0.0111077    -0.373591     0.143158     0.111474     -0.22277    0.0628376    -0.172085     -0.11636     0.399316  -0.00324685    -0.116525   -0.0119645      0.15317     0.149418    -0.224303   -0.0418203   -0.0305819      0.20457   -0.0330896    -0.022417
  -0.0797523     0.202848   -0.0414307     0.185342    -0.457086    -0.153694    0.0838376    -0.126846     -0.00117    -0.379796    0.0343124     -0.11594    0.0480845    -0.251173     0.219258   -0.0375828     0.116366     0.138834     0.351194     0.135914     0.500067     0.070319    -0.196055    0.0757241   -0.0384677    -0.560147    0.0340532    -0.173017   0.00179445    -0.461239     0.294627     0.169041
   0.0122923     0.220175   -0.0407481    0.0429155    -0.155135     0.239254    -0.218625    -0.145405    -0.202354  0.000109553   -0.0779022    -0.205798   -0.0299124     0.138256    0.0159784    -0.179931     -0.39037      0.24493    -0.435191    -0.180826   -0.0397173    0.0836534     0.104729     0.121179     -0.31748    -0.256584    -0.194155    -0.192768    0.0129085    -0.211849   -0.0318942     0.181548
   0.0392666     0.218158     -0.13952     -0.21499    0.0264218     0.230395    0.0452724    -0.112774    -0.246321    0.0994519    0.0937402     0.514389    -0.242047  -0.00524672     0.199391   -0.0226594    0.0208709    0.0632204    -0.127049   -0.0343913   -0.0129115    0.0854936    -0.137653    -0.167834     0.191423    0.0412634    0.0811432    -0.192133    -0.123159    -0.448499    -0.118032    -0.142787
   0.0640102    -0.218101    0.0875678    -0.134506     0.306398     0.127585    -0.280098     0.017127   -0.0541582    0.0150039    0.0552608   -0.0265618   -0.0398832      -0.2379    -0.371373     0.198626   -0.0635883    -0.204892     -0.16926    -0.120649     0.221571    -0.038425     0.116808   0.00926299    -0.153897   -0.0750145     -0.20972    -0.028906    -0.300174    -0.171283    0.0965632    -0.141778
    0.314794     0.136291    -0.252545    0.0816709    0.0639715     0.372328    0.0297825    -0.444273   -0.0542729     0.123694   -0.0959562   -0.0518417     0.150743    -0.308639     -0.18605   -0.0251563   -0.0732695     0.202831    -0.185003   -0.0234188    0.0251647    0.0842624    0.0923247    -0.165329    -0.114831     0.145119     0.226756   -0.0249633    0.0252294     0.285829     0.137078     0.207313
  -0.0298268     0.150716    0.0907221    -0.282155    -0.222798   -0.0133171    0.0614347   -0.0816493    0.0975573    -0.164886    -0.118601    0.0352612     0.101963  -0.00115626   -0.0210516    -0.177711    -0.108574  -0.00760954     0.221958     0.161799     0.213071     0.204623   0.00920882    -0.314547     0.302351    -0.211345    0.0070279    -0.147166     0.109974     0.289379     0.129483   -0.0270503
 -0.00825879  0.000255854    0.0395135     0.198578     0.235294     0.148568    -0.240555    -0.143441    -0.266072     0.125776    -0.301609     0.127531   0.00409132   -0.0569818     0.254084     0.164373     0.263321    -0.232584   -0.0815778    0.0747966    -0.290949   -0.0933238    -0.027283     -0.20139    -0.359687    -0.112598     0.230775     0.185502   0.00728287    -0.665128     0.207601     0.146277
    0.104326    -0.114977    -0.364323    0.0151701    -0.399939   -0.0105233     0.246981    -0.140262    -0.205129     0.202046    0.0845952    0.0317537    -0.324558     0.185855     0.177607     0.138116    0.0258796     0.712871     0.240779   -0.0492979      0.74724    -0.398392     0.375597     0.325511    -0.132004    -0.201582    -0.394633    -0.314201    0.0711907     0.306349     0.170295    -0.304615
     0.13993      0.36129    -0.272777   -0.0280355    -0.496982    0.0244006     0.260081    -0.185088    -0.204855     0.303603    -0.268931    -0.277639     0.181094    0.0234246     0.080429      0.20615   0.00434155     0.234707  -0.00121912     0.174505     0.240849     0.425732  -0.00992541    0.0265426    -0.394199     0.092419     0.283785     0.101265     0.183351   -0.0561641     0.145303    0.0881893
    0.018821     0.397684     0.124869    -0.321278    -0.111562     0.199205     0.161901     0.185705    0.0509745       0.1506     0.267548    0.0226887    0.0539599    -0.119895    -0.136863    -0.421672    -0.184894  -0.00729482   -0.0393661    -0.157313     0.196426     0.269852      0.37873    -0.213032    -0.308699    -0.194147    -0.248494    -0.174657    0.0013858     0.676939   -0.0572249     0.420813
    0.200149    0.0133353      0.09284     0.310918    0.0518997     0.057523    0.0548587    -0.240625    -0.368848   -0.0498783     0.315109    -0.132693     0.145582    -0.452872     0.156395     0.115444    -0.157421     -0.19092     0.272957    -0.306028    0.0601857     0.109322    -0.229345    -0.310067     0.508545     0.163557   -0.0456562    -0.208545    -0.208009    -0.295888      0.11823    0.0754756
    0.196354    -0.295663    0.0213088    0.0986631     0.132597    -0.145504     0.297042    -0.171156    -0.262632     -0.33837      0.47545     0.291979    0.0297994    -0.216401   -0.0717951     0.486812   -0.0935322     0.178376     0.402523    -0.184083    0.0220605     0.244808    0.0262791     0.411907     -0.18806   -0.0333428    -0.479001    -0.234851   -0.0526007     0.175697   -0.0144303    0.0775492
 0.000691996    -0.177889     0.166795    -0.037319     0.317453    0.0890334    -0.311198   -0.0350486   -0.0895036    -0.133764    0.0720183   -0.0180405   -0.0252933   -0.0652833    0.0169222     0.230021    -0.178759    -0.144615    -0.253723   0.00403562     0.353066    0.0875853    -0.230879     -0.15032     0.143818    -0.057098    -0.314095     0.122302    -0.114707    0.0619474     0.221609    -0.133801
   -0.118308    -0.211708    0.0426545     0.373926   -0.0556801   -0.0296821    -0.197937    0.0839012    0.0959262   -0.0633424   -0.0931805   0.00982287    0.0922627    -0.270089   -0.0827333   -0.0895363    0.0125358    -0.376079    -0.267891     -0.14969    -0.153839     0.112251     0.179095   -0.0635414    0.0853261    0.0227165   -0.0468004     0.196999    -0.260293     -0.36648   -0.0537946    0.0713328
    0.180203  0.000247289     0.107384     0.292291    0.0221306    -0.137027     0.185838    -0.121248    -0.255493     0.158065       0.1684    -0.178832     0.353404    0.0474828    -0.115067     0.153591    -0.205873   -0.0143585   -0.0357785    0.0459223    -0.223918    0.0855336    -0.134073    -0.207305     0.266423     0.285757  -0.00242718   -0.0495852     0.068651    0.0398454    -0.311924    0.0589356
   0.0327232      0.30783    0.0139041    -0.147907     -0.10068    -0.113937    0.0229724     -0.07199    -0.412652    -0.155278   -0.0693883    0.0256734   -0.0495304     0.227548    -0.116193     0.087724    -0.445796    -0.206498    0.0489249     0.222221   -0.0339813    -0.160169    -0.278708    -0.217007     -0.53682    -0.236398      0.27149     0.391054   -0.0424714    -0.082825     -0.26259      0.40096
   0.0803255   -0.0307823    0.0624756    -0.371026    -0.113648    0.0109607     0.144307    -0.294812    -0.119225     0.169806     0.342263    0.0988017    -0.287761    -0.356693    0.0663779   -0.0574047     0.288679     0.202595     0.251505    -0.044802   -0.0758986     0.191529     0.201597  -0.00849068     0.243329     0.207193    -0.200224    -0.514912   -0.0275649    -0.244102    0.0104955    -0.194243
    0.385897   -0.0245605   -0.0346903    -0.410808    -0.114907   0.00196431     0.193738     0.162038     0.223509   0.00641838     0.333544     0.418041   -0.0547473    -0.164807      0.45448      0.06752     0.161675    0.0445166     0.400092    -0.423931     0.775896    -0.244736    -0.192869     0.287485     0.560194    -0.468458    -0.527371    -0.556106    -0.105256   -0.0904889     -0.12479    -0.211395
   -0.294615     0.397375    -0.283129    0.0503895   0.00397105    0.0206805     0.324942    -0.486607     0.435301     0.653297     0.042682   -0.0947788   -0.0801637     0.177234    -0.123263     0.418063     0.173995     0.356329     0.138431     0.362469    -0.318528    -0.209921    -0.228623    0.0681244     -1.10104     -0.20154    0.0977722     0.932581     0.455598     0.255161     0.107098     0.677414
   -0.369048     0.238745     0.210768    0.0200154    0.0422273    -0.181866    0.0522365    -0.128991     0.466755    -0.198921     0.446533     0.110874     -0.26457    -0.319165   -0.0900151     0.236101    -0.107969    -0.353413    -0.128152     0.022228    0.0820058    0.0414612    0.0626092   -0.0754851    -0.338921   -0.0803549   0.00567433     0.216017   -0.0193481     0.244302     0.259263    0.0748585
    0.107745    -0.140186      0.24632     0.109906     0.219517    0.0818116     0.378458    -0.173178     0.156351    0.0178858   -0.0318568     0.299311    0.0925051     0.356647   -0.0184415   -0.0615067    0.0980672    -0.290343    0.0979426    -0.255765     0.364601    -0.319873     0.199397     0.277079     0.221659    -0.192102    -0.313678    -0.242806     0.102211     0.243396    0.0691282    -0.308483
  -0.0849894    -0.268594     0.207714    -0.263155    -0.181512    0.0273896   -0.0175983     0.204098    0.0928662     -0.15254   -0.0579053    -0.153109    -0.165133    -0.276638    0.0622818     -0.17137   -0.0147188     0.348732    -0.105979     0.432892    -0.256326    -0.161414      0.28212    -0.171586    0.0495793   -0.0171357   -0.0355962    -0.145909    0.0249544    -0.143397    -0.138509     0.174841
   -0.162661     0.172338     0.293023     0.249938      0.29459   0.00267787    -0.157238     0.513209    0.0881671    -0.357116    -0.458045    -0.387071    -0.121856   -0.0869821    0.0757204    -0.202612    -0.168455    -0.214904    -0.180028      0.22807    -0.292055   -0.0831066    -0.231147    -0.288193   -0.0137869   -0.0730308     0.210967   -0.0849167    -0.251577    -0.121963    -0.101718      -0.1381
    0.145777    -0.268834   -0.0864522    0.0252576    -0.184767     0.213786     0.328653     0.100021   -0.0377345     0.187669       0.1927      0.15014    0.0680382     0.259734    -0.176333    -0.395223   -0.0610897   -0.0666523     0.375519    -0.159793    0.0561043      0.44997     0.244245    0.0388053     0.181365     0.298679    -0.165968   -0.0880445     0.290462    -0.164358    -0.238182   -0.0674138
  -0.0930214     0.241848    -0.069754   -0.0847599    0.0501133    -0.135154    0.0189997    0.0204626    -0.216525    -0.376344    -0.033007    -0.026538   -0.0827959      0.21934   -0.0550213     0.130716    -0.264031   -0.0952503    -0.287329    0.0935429     0.025602     -0.04362    -0.101194    -0.107532    -0.154672   -0.0989347     0.268883    -0.201724    -0.147837    -0.153441    0.0600347     0.115387
    0.117065   0.00928602   -0.0151124    -0.153236    -0.106789    0.0143748     0.267886    -0.196831   -0.0301243    -0.136884    -0.196966    -0.219013   -0.0944791    -0.101145    0.0169077    -0.038503     0.153415     0.111038    -0.174255    0.0565647    -0.184071     0.353373     0.017983    -0.452857   -0.0497141     0.153996      0.27399     0.390821   -0.0498136    -0.202894   0.00632395     0.147228
     0.28021     0.485226    0.0429071     0.107243       0.4487     0.117409   -0.0168361    0.0998533    -0.235156     0.137899    -0.262543     0.233036     0.105441   -0.0485816      0.06484    -0.311257     -0.44288    -0.151627    -0.333793    -0.130465     0.117348     0.295177     0.210405    -0.275535    -0.102745    -0.272396    -0.120362    -0.111185   -0.0534731     -0.16395     -0.13623   -0.0742969
    0.225736     -0.33498   -0.0947374    -0.105331    -0.367999    -0.015929     0.407753    -0.188116    -0.312628    0.0348469   -0.0758009      0.30895    0.0125994     0.373795    0.0715636    -0.203516    -0.160551     0.276152     0.216741      0.14439   -0.0841941    0.0513093     0.024492  -2.6721e-05     0.158965    -0.348832     0.245904    -0.282339    0.0910757    -0.298326   -0.0502948     0.183407
   0.0824743     0.193329   -0.0142838    -0.127776    -0.283633     0.201558    -0.100608    -0.130131   -0.0817761   -0.0774929    0.0774877    -0.268607    -0.144522    -0.205831     0.143934    -0.260363    0.0770243     0.499063   -0.0945514   -0.0216944     0.410811   -0.0199444    -0.304811    0.0391217    -0.110321    -0.246713    -0.221095    -0.114109    -0.171956     0.128208    0.0964556    -0.379167
    -0.14535    0.0687448    0.0915011     0.265628      0.16692    -0.112691    -0.430535     0.338174      0.18129    -0.312287   -0.0052722    -0.139097     0.335503    -0.212206     0.274182    0.0749583   -0.0721168    -0.300483    -0.318611    -0.076266     -0.13304   -0.0760079    -0.243359    0.0408867     -0.19432    -0.114411    -0.104417      0.31545    -0.197777     0.246079     0.126564   -0.0766378
   0.0632294     0.167489    -0.372873   -0.0404872    -0.103825     0.245597     0.102063   -0.0144156    0.0713212     0.118257    -0.167903    -0.251458     0.258982     0.375303     0.179461     0.182265     0.248502     0.300633     0.156608    0.0937048     0.297324    -0.090221    -0.190578    0.0520978    0.0272891   -0.0193916     0.208942    -0.118768     0.254645     0.132634     0.010695     0.245471
   0.0925324    -0.214623    -0.265318     0.137844   -0.0539209     0.115191     0.171105    -0.237113     0.113335   -0.0125804     0.330715   -0.0128222     0.163885     -0.32152   -0.0866624     0.288151     0.153681    0.0701098     0.341907     0.274921     0.474425     0.239972    0.0414723     -0.17132     0.135248     0.045372    0.0611442    -0.302919    0.0613732    -0.353323   -0.0668514    0.0979493
   -0.107371    -0.337811    0.0993976    0.0788626     0.110605   -0.0163852    -0.316775   0.00865235     -0.22942    -0.225034   -0.0630341     0.174658     0.174819     0.188846    -0.358245    -0.105111    0.0626696     -0.14579   -0.0756237     0.258993    -0.191768     -0.17911    0.0228261   -0.0326591     0.168767   -0.0973102     0.373312    0.0834446      -0.3194    0.0917016   0.00593215    -0.352141
  -0.0343794   -0.0796934    -0.109693    -0.388734    -0.468756    -0.207658     0.104015    -0.166361   -0.0670789     0.164547     0.242589     -0.10186    -0.378045   -0.0426272   -0.0956727   -0.0606218   -0.0616063     0.159226   -0.0671813     0.156443  0.000310327    0.0858811     0.118038     0.233723  -0.00580456     -0.15417     0.142868     0.448469    -0.110049    -0.229817     0.191092     0.267716
    0.213909    -0.396976    0.0240763    -0.304297   -0.0574383    -0.112017     -0.04947     0.242182    -0.215005     0.399676     0.308044   -0.0920533    -0.245774    -0.211541     0.145378     0.182092     0.221309    -0.296875    0.0781158     0.054465     0.190191    0.0236982    0.0235338    0.0925761     0.312881     0.264489     -0.26234    -0.106503    0.0725576    -0.195053   -0.0222568  -0.00677667
   0.0419301    -0.196099    -0.216358     0.116418    0.0458685   0.00355561    -0.137566   -0.0396697   -0.0941767   -0.0835753   -0.0585242    -0.120801    0.0571417    -0.287589    0.0495652     0.333781   -0.0278341   0.00344709    0.0441615    -0.136164     0.389675      0.16121    -0.235783    -0.116765    0.0659628    -0.112249    -0.185732    -0.246536     0.188528    -0.101754   -0.0679453   -0.0341265
   0.0164099   -0.0971731    -0.168501     -0.05505    -0.230562   -0.0796765     0.172323    -0.356089   -0.0935396   -0.0375759     0.225463    -0.195816   0.00471244    -0.106823   -0.0657903    -0.189109    0.0212454     0.241051   -0.0456423     0.277242     0.197118    0.0297768     0.115181     0.110793    -0.131825    0.0686172     0.100433    -0.181762     0.162336    -0.451207    -0.090025    0.0851889
    0.171183     -0.18588   -0.0159912    -0.486305    -0.366048    -0.146583   -0.0763915     0.109782   0.00361244    0.0307155    0.0201186    -0.165578   -0.0715634  0.000877409     0.050055   -0.0130645   -0.0460054   -0.0196598   0.00553588    -0.162085      0.31053     0.463961   -0.0981607    -0.270777     0.603806    0.0762796     0.033114    -0.164302    -0.173882     0.371229    -0.131523    0.0717681
   -0.173389    0.0782245   -0.0268348    -0.169338    -0.390413   -0.0172243     0.236324    0.0994678     0.169172    -0.421875   -0.0269456   -0.0196052   0.00894759    0.0942881     0.197509     -0.12515    0.0958673   -0.0765875   -0.0543869     0.047999   -0.0485951    -0.201643    0.0896764    0.0757685     0.128616   -0.0702124   -0.0526882    0.0703025     0.316813     0.131094    0.0664229    -0.105701
  0.00245967     0.133475    0.0733624     0.605364     0.415462    -0.033895   -0.0415226    0.0811239    -0.271131     0.277203     0.124865    -0.247972     0.215044    -0.260758     0.190864   -0.0821649    0.0219885    -0.224601     0.183883     -0.22464     0.631823    -0.197871     0.138863    -0.338287     0.245225     0.209695    -0.158432    -0.383989   0.00577065     -0.63064     0.141421    -0.436364
    0.210657     0.146913        0.169     -0.29066    -0.329546    -0.155934    0.0797442    -0.114699    -0.249777    -0.334553    0.0532497   -0.0306514    -0.109629    -0.167418     0.180055    -0.362936    -0.197985   -0.0844597    -0.093612   -0.0509384    -0.105826      0.35658     0.250063    -0.138226     0.104623    -0.113406   -0.0821059     0.162699    -0.025149    -0.344235   -0.0980918     0.261061
   0.0524701   -0.0981663    0.0126215    -0.324186     0.247484    0.0771551   -0.0328921    -0.262183    0.0291094   -0.0194932    -0.184421    0.0542911    -0.157258    -0.351674    -0.118401    -0.062578      0.29417     -0.14335    0.0461015     0.194757    0.0461051     0.323297     0.110462    -0.151671    0.0588618    -0.380486   -0.0886233   -0.0297597   -0.0745018     0.354764      0.21502    -0.024915
  -0.0350152   0.00409126     0.192694    -0.342256   -0.0866796     0.125395    -0.306647    -0.167403     0.172944    -0.156657    -0.380783    -0.195041    -0.276635    0.0962254    -0.386627     0.144958   -0.0673432    0.0616118  -0.00788594    0.0329588    0.0971452    -0.148096   0.00599671    0.0336427    -0.197061    -0.158386    -0.054974   -0.0533242    0.0264028      0.25731    0.0859676    -0.226943
   0.0304198    0.0311801     0.161539     0.415393   -0.0277729    0.0613765     0.408607     0.132775     0.245607    -0.262868    -0.123111     0.156843     0.260172   -0.0204962     0.280357     0.222579   -0.0389792   -0.0548846     0.288442  -0.00957525     0.112899    0.0817886   -0.0445563    -0.315892   0.00548595      0.13176     0.232838    0.0235067   -0.0721485    -0.355902     -0.28331     0.212817
    0.418371    0.0200184     0.301585    -0.132769    -0.107361    -0.272425     0.389547    0.0237866   -0.0190561     -0.00491     0.184383     0.151633    -0.124094    0.0276203    -0.227235     -0.17155     0.159454   0.00154968     0.281717     -0.28805    0.0310126    -0.387253   -0.0340766     0.191087     0.190403   -0.0960467    0.0305848     -0.10227      0.18694   -0.0914943      0.35814    -0.144199
     0.21602    0.0340201   -0.0762416     0.223192   -0.0123196    -0.124368    0.0705294    -0.182912   -0.0486769     0.321874     0.142509     0.205788    -0.167588     0.186462    -0.157643     0.213671    -0.292278     0.145878    0.0933462   -0.0575441     0.139039    -0.106146    0.0265479 -0.000700111      0.17169   -0.0123019    -0.243164    -0.475996   -0.0822118     0.144211   -0.0565013    0.0415198
    0.179919    0.0445067    0.0694789    -0.367574   -0.0419501   -0.0395933   -0.0428348    0.0276538    0.0896712    -0.261266    -0.099636     0.171625    0.0412252     0.102394    -0.260886     0.039268     0.103805      0.22862    -0.100725     0.102885     0.137551     0.102581     0.281024   -0.0110448    0.0326541    -0.113329     0.239549     -0.24406   -0.0159525      0.27121    -0.183555    0.0267119
    0.110891   -0.0515794    -0.142795    -0.222469    -0.301425     0.151421     0.211598   -0.0231509    -0.107534   -0.0920427   0.00122971   -0.0865107    -0.324949    -0.206039     0.214766    0.0569373     0.383969     0.355209     0.307472    -0.130524     0.309213   0.00345276     0.307124    -0.129009     0.222544    -0.257712     0.183413     -0.30914     0.112354   0.00566357    -0.020535    -0.259279
   -0.161994     0.248774    -0.165142    -0.183602   0.00447349   -0.0131895    -0.213537     -0.10111     0.236947     0.232384    -0.128112    -0.170115    -0.127473      0.22261    -0.217215     -0.16014   -0.0834503     0.112919   -0.0967934     0.012207    -0.149067    -0.090757    -0.183251     0.258397     0.027453    -0.520963    -0.300447    -0.161519     -0.06162     0.106088    -0.130453  0.000332536
  -0.0345089     0.196476     0.168636    0.0606632    0.0547704   -0.0567317    -0.120129    -0.169642    -0.222856      0.12545    -0.201842     0.068254   0.00735404     0.170334    0.0924471      0.10237   -0.0838996     0.085651    -0.153898     0.042737    -0.221164    0.0174367    -0.135556   -0.0979963    -0.130012     0.112278 -0.000972971     0.341323    -0.310462    -0.187358    -0.182092    0.0915055
   -0.180197     -0.15191     0.266311     0.339842   -0.0920757     0.276396     0.269833    -0.335158    0.0829738    -0.203748   -0.0674326     0.804044     0.297458    0.0767126    -0.135301    0.0764053    0.0289734    0.0142344     0.183003    -0.164163     0.562367    -0.108779    -0.216406    -0.328704     0.429149   0.00253623    -0.100292     -0.71794     -0.12009    -0.263025    -0.281194    -0.314407
    0.331592     0.183188    -0.404014    -0.183887    -0.270737   -0.0264854    0.0419304    -0.229681    -0.121005   -0.0113817    -0.170271     0.121125    -0.195391    0.0437521     0.267752      0.14912     0.199566     0.106786     0.101607     0.237858     0.102161    0.0106105    0.0651057   -0.0935731    -0.392905    -0.236083     0.113985      0.32576     0.587205    0.0222425     0.306474    0.0401328
