-0.000190417
   -0.541921
    0.039827
    0.944146
   -0.237743
  0.00674867
   -0.130731
   -0.195909
  -0.0370382
   -0.157377
   -0.323505
   -0.182802
   -0.202829
  -0.0869299
    0.154656
   -0.317931
    0.709604
    0.321824
   -0.170541
  -0.0881082
    0.500725
    -0.13135
    0.316841
   0.0566815
 -0.00539111
    0.347923
    0.018717
   0.0873984
    0.660606
   -0.499956
   -0.192216
    -0.17377
   -0.111143
   -0.141013
   -0.307452
    0.350307
   -0.263019
    0.391046
   0.0445385
    0.232007
   -0.384464
    0.406454
   -0.182161
   -0.388555
    0.353611
   -0.141834
   -0.245389
  -0.0343901
  -0.0940867
   0.0136306
  -0.0869535
   -0.180709
    0.179689
   -0.288924
    0.137826
    0.124971
   -0.249644
   -0.130745
  -0.0435618
   0.0437153
   0.0676222
   -0.148862
    0.432685
    0.722236
   -0.112161
   -0.276896
 -0.00334541
   -0.175442
    0.492283
    0.244464
    0.033179
    0.295998
    0.475341
    0.103871
  -0.0644357
    0.133483
     0.36995
   -0.128799
   0.0224981
   -0.668124
    0.191781
   0.0023647
    0.375585
   -0.212427
   -0.270429
   -0.404111
     0.12277
     -0.4497
    0.356818
    0.151806
  -0.0173066
    0.230818
   0.0711619
    0.282779
  -0.0840828
   -0.357272
   -0.165882
   0.0253995
    0.148554
   0.0502058
    -0.14527
    0.120548
   -0.144699
  -0.0501269
    0.716134
     0.57126
   0.0383219
    -0.17299
   -0.479246
     0.22253
   0.0301003
    0.188168
    0.356906
   -0.284402
   -0.323482
    0.126388
   -0.103806
   -0.197303
   -0.225082
    0.352141
   0.0666389
  -0.0923675
   -0.179509
   0.0816107
  -0.0870964
   -0.244297
   -0.671079
   -0.453921
