  -0.459143
  -0.410107
  -0.686218
  -0.560154
  -0.589147
   0.486551
 -0.0809173
  -0.565091
  -0.191783
  -0.741817
  -0.678436
 0.00988886
 -0.0411064
  -0.756904
  -0.783632
  0.0485671
  -0.551793
   -0.23886
   -1.41425
  -0.367688
   0.410505
  -0.411421
  -0.357245
   0.176528
  -0.818066
   -1.12686
   -1.24364
  -0.473545
  -0.246339
   0.425129
  -0.513221
   0.122242
  -0.794389
   -0.71584
  -0.311418
  -0.525751
    -0.8578
 0.00968035
   -1.49811
  -0.796764
  -0.823368
  0.0195601
    1.80258
   0.377907
   0.543453
  -0.445122
  -0.276012
  -0.408296
   -1.36092
   0.522654
  -0.422295
  -0.447283
  -0.020436
  -0.737576
  -0.035356
    1.80829
  -0.924246
  -0.272393
  -0.790546
    1.94626
  -0.462719
   0.247336
  -0.184336
  -0.398332
  -0.413894
   -1.57979
  -0.450033
  -0.387883
   0.697837
  -0.575822
   0.023802
 0.00189358
  -0.920014
  -0.949684
   0.420219
  -0.667408
  -0.316281
-0.00778652
  -0.595294
   0.320059
  -0.161395
 0.00202705
  -0.753811
  -0.294256
   -1.51982
  -0.812701
    0.25006
    2.93501
  -0.176661
  -0.342735
  -0.343416
  -0.459797
  -0.653918
   0.397938
  -0.245172
  0.0624071
    2.21737
  -0.632652
  -0.343286
  -0.944493
   -0.27473
  -0.707286
  -0.471884
  -0.373299
  -0.533416
   0.894025
  -0.688616
  -0.926929
   0.684248
  -0.260134
  -0.443649
   -1.25673
  -0.541994
  -0.680847
 -0.0345881
   0.342198
  -0.771321
  0.0763768
  -0.460911
  -0.935782
    1.45565
  -0.713377
   0.303866
  -0.199003
    1.07914
  0.0179954
   0.522764
  -0.430722
