     0.20799     0.648253     0.359036     0.139258     0.277118   -0.0644371    -0.397656     0.164796    -0.182466   -0.0468128    -0.340632     0.241418    -0.456035   -0.0102023     0.129359     0.037536   -0.0286405     0.053355   -0.0839153     0.108445     0.352551    -0.407551    0.0818235     0.220758    -0.406461    -0.161319    0.0972713    0.0474568   -0.0845367     0.563788    0.0419886     0.292762
     0.23354   -0.0797929     0.103598     0.125261    -0.178881     0.115343     0.124449    0.0382552     0.169224    -0.271125    0.0312811     0.594547    -0.200509    0.0443329       0.2501    -0.258143     0.280158     0.030789     0.050848    0.0752073     0.415684   -0.0393028     -0.08509    -0.102489    -0.370874     0.119606     0.410746    -0.193924    -0.127621     -0.27395    0.0707254   -0.0190313
   -0.174216     0.003798     0.239936      0.38637     0.318306    0.0336098   -0.0858354     0.240677    -0.306715    -0.232796     -0.16726     0.425441     0.428977    -0.110912    -0.580483    -0.137987    -0.349498     0.759732    0.0901404    -0.357941    -0.449669      0.16478    -0.266442    -0.110104     -0.13121   -0.0253053    0.0999828    -0.106734    -0.387946    -0.076667      0.46688    -0.246318
    0.209525     0.331841     0.307474     0.671385    -0.408936     0.390206    -0.932262    -0.205858    0.0692226    -0.351074     0.737069     0.558944    -0.655347    -0.199114    -0.388702    -0.327242    -0.293042     0.401761    -0.164066    -0.279802     0.339312     0.507015    -0.600499     0.494495    -0.381033     0.255632        0.176     0.195523    -0.198415     0.505286    0.0473022      0.14777
    0.143005    -0.471191    0.0725623     0.295325    -0.265889    -0.517235     0.529825    0.0479412    0.0146514    -0.199286     0.155263     0.497333    -0.267967    -0.609858    -0.367904     0.113737     0.253676     0.401392     0.120686    -0.467231    -0.304313     0.711866     0.125012    0.0961254    -0.155818    -0.157499     0.228192    -0.138178    0.0399838   -0.0686446     0.417661    -0.141008
    0.102703     0.823881     0.613617     0.460153    -0.107207   -0.0423777     0.430579     0.198833    -0.074691     0.434052    -0.367012    -0.428961   -0.0225669    0.0337171   -0.0105151     0.171776       0.2932    -0.385972     0.094449   -0.0985518     0.100348    -0.194126     0.531634     0.148777    -0.233356    -0.631271    -0.267907     0.559137     -0.97779    -0.290206     -0.15362    0.0282248
    0.351642    -0.680639    0.0197942     0.312772    -0.664448    -0.269897    -0.199449    -0.280304     0.398603    -0.138437     0.349007     0.453354     0.161374    -0.108288    -0.384437     0.184276     0.218584     0.356395    -0.500853    -0.294226    -0.298285     0.356158     0.232771    -0.376877     0.193715     0.468291     0.581023     -0.36325     0.353542    -0.226762    0.0296627     0.599746
    0.107266     0.199145     0.531151    -0.195346     0.484455    0.0179004    -0.321548    -0.229357    0.0864767     0.135697     -0.49079    0.0570918    0.0659436     0.155494     0.299454     0.219652    -0.162703    0.0554412    -0.436917    0.0128674     0.381816    -0.408175    0.0699469     0.193564    -0.187655    -0.288563     0.308737     0.410661    -0.285447   -0.0712239     -0.51363    0.0311898
   0.0711079    0.0285931    -0.224004      0.18109  -0.00643349   -0.0813623    0.0323663    0.0228279     0.162721    -0.310262     0.192888     0.180559   -0.0721219    -0.134554    -0.512854     -0.30447     -0.30725    -0.268167     0.174864   -0.0813483    -0.132071     0.543247   -0.0708124    -0.440548     0.134593    -0.543614     0.164107   -0.0542555    -0.439082    -0.178889   -0.0623355    0.0561218
   -0.314856    -0.466588    -0.344247     -0.26956    -0.239107   0.00298651     0.269457     0.183918    -0.217941     0.512371     0.411888     0.314576     0.372202    -0.275419    0.0931001    0.0520712     0.111178   -0.0604242    0.0833746    -0.205693     -0.31887     0.653833    -0.441181    -0.187778     0.291823    -0.848107    -0.739867    -0.375551   -0.0675814    -0.881833   -0.0581066      0.11472
   -0.246979    -0.274162     0.284422   -0.0651084     0.381251     0.346186   -0.0796375   -0.0124877     0.158718    -0.353093     0.221964     0.224583   0.00602507    -0.136546     0.348487     0.219928    -0.342247    -0.152583     0.102574    0.0824292   -0.0760577   -0.0600217    -0.255253  -0.00359318     0.257922     0.132379     0.120956     0.383935    -0.285409    0.0457383     0.409456    -0.625609
   -0.166348     0.326291    -0.316649     0.270288     0.106958     -0.25348     -0.18622     0.765682   -0.0815705   -0.0782992    -0.290318     0.344305     0.140588    -0.439061    -0.311132    -0.147203     0.268622     0.117543     -0.24134    -0.392854   -0.0885973    0.0600787    -0.133573     0.325163   -0.0857972    -0.144108     0.127573    0.0174112   -0.0330911    -0.143988     0.441145     0.168256
  -0.0614698     -0.36036    -0.181137    -0.140648     0.207118     0.364588     0.245285    -0.112177     0.348889    0.0150057    -0.250078     0.197133    0.0193986     0.107666    0.0654695   -0.0947893    -0.538974    -0.248154     0.156292     0.107306     0.184435    0.0214038    -0.263644    -0.148761     0.220217    0.0216565    -0.164372     0.126755    -0.342021      0.04289    -0.307969    -0.189147
    0.828117      0.37474    -0.402731     0.475192     -0.59342    -0.126968    -0.258265    0.0623549     0.187486    0.0710603    -0.190268     0.361503     -0.43183    0.0525544    -0.133221     0.307578     0.821802    -0.343189     -0.12124    -0.294835    0.0419247    -0.340379     0.128317    -0.640136     0.201835    -0.403772     0.262018    0.0368995    -0.154231     0.145279   -0.0470343     0.101625
     0.48622    0.0396325    -0.186042     0.365859    -0.166629    -0.512188    0.0880076      0.39162     0.148939    -0.422092     0.120137     0.114242    -0.188731    -0.704213    -0.316302     0.250828     0.308402     0.411855    -0.401135    -0.625979     0.171421    0.0421899    -0.241777   -0.0951414    -0.034244     0.226439   -0.0492991      0.43703    -0.459705     0.118603    0.0261793    -0.606727
    -0.24317     0.258587     0.104708     0.190082    0.0427551    -0.200194    -0.786927     0.421443     0.298642   -0.0891978    -0.244112    0.0693707    -0.374348    -0.643396     0.242379  0.000835531      0.22439    -0.263755    -0.393958    -0.531502    -0.285068    -0.340615    -0.256041    -0.263622    -0.517711     0.155172   0.00506273   -0.0849896    -0.232663     0.380556    0.0419656     0.219773
    0.157322  -0.00239309    0.0261029     0.749724    -0.695975     0.260379    -0.244981     0.327832    0.0145694     0.342912    -0.315412     0.048847    -0.165354    -0.207476    -0.374584     0.186595     0.104484    0.0380567     0.293421    -0.157403    -0.411271    -0.125855     0.157002    -0.317373    0.0788483    -0.598308    0.0833211     0.203076    -0.492312   -0.0750329     0.214561    -0.352953
    -0.29047     0.333884     0.151818    -0.862964     0.962741     0.299565     0.267083     0.104309     0.720098   -0.0286313     0.115871    -0.112684     0.169153   -0.0390212     0.346152    -0.263407    -0.253086   -0.0861348     -0.51103     0.246474      0.50091     0.138831   0.00410326     0.435871   -0.0443706   -0.0494741    -0.202265     0.552571    -0.292715    -0.172164    -0.891814     0.683639
   -0.458569    -0.307362     0.102899    -0.209306    -0.103988    -0.523067     0.694898    0.0194298     0.433421    -0.367902     0.471306     0.303178     0.493742    -0.119224    -0.513811     0.599215   -0.0581952   -0.0476672  0.000856605    -0.100898     0.290393     0.267456     0.164433    0.0801914    -0.308285    -0.051131     0.277879     0.144721     0.384566    -0.556596   -0.0625087     0.565823
    0.192044   -0.0589538    -0.258658     0.355779    -0.480227   -0.0624965    -0.537107   -0.0678672     0.218158    -0.426379     0.290188      0.19889    -0.257621    -0.461625     0.333974    -0.146211    0.0250256     0.236281    -0.573172    -0.232057    -0.403263     0.309766    -0.014991    -0.182736    -0.294851    -0.117954     0.457495     0.261281    -0.105238    -0.583456    -0.152347     0.175155
    0.307352     0.477113    -0.367191    -0.152279     0.320261     0.445847    -0.293063     0.143999    -0.601217    -0.201591    -0.115789    0.0925913       0.1948     0.532169  -0.00680118    0.0755844     0.129595    -0.115165     0.381285    -0.145806    0.0936708    -0.344311    -0.581498     0.004708    -0.134368     -0.22449    -0.589243     0.519976   -0.0501206     -0.17307     0.389705   -0.0392351
    0.378483     0.627619     0.211967    -0.166953      0.52082       0.0871    0.0923181   -0.0115324    -0.698218    0.0899202    -0.282794    0.0569977       0.1416     0.425007     0.324877     0.119297     0.036538     0.212519    -0.138564     0.191291     0.300315     0.120155    -0.167337     0.565813     -0.42143    -0.478528    -0.575889      0.28666    -0.307091     0.207814    -0.637807   -0.0598337
     0.29399    -0.080334    0.0882579    0.0102792   -0.0380325   -0.0400643     -0.20607     0.123041    -0.400053      0.04178   -0.0608062     0.336952    -0.166949     0.146526    -0.313239    0.0196887 -0.000588783     0.443685     0.470603    0.0137506      0.19012     0.203223  -0.00712913      0.36726    0.0195503    -0.157345   -0.0682515      0.12004    -0.301524    0.0246846     0.247498    -0.475192
   -0.376479    0.0181233    -0.250606    -0.277847     0.342533    -0.123116     0.596333     0.727701     0.454609    0.0516188     0.194869    0.0491462     0.166157    -0.438109     -0.18805    0.0607012     0.256931     0.719521     0.319362    -0.466649    0.0933349     0.322363    -0.195333     0.348366    -0.333748   -0.0816808    -0.134087     0.270337    -0.797281    -0.221975    0.0471516    -0.149098
    0.433688   0.00193806    -0.171222    -0.142026      0.26956      0.18804     0.219283     0.224401    -0.300389    -0.211913     0.122912     0.597494     0.244917     0.143125   -0.0740052     0.110375   -0.0268287     0.474422     0.425418     0.206788     0.147251       0.6942    -0.666315     0.235674     0.301505   -0.0381302    -0.144737    -0.115409    -0.231224    -0.195913      -0.5738    -0.365874
   -0.342881   -0.0920882    -0.315064     0.485661    -0.482536     0.953323    -0.200321    0.0611239     0.231061    0.0481065    -0.164378    -0.118938     0.286982   -0.0728847     0.336869     0.276935     -0.28323     0.120984     0.142225     0.231831     0.335522    -0.251989    -0.109903     0.323995     0.104424     0.443251     0.906642     0.762141    -0.342614     0.232229     0.369906    -0.313508
    0.299121    0.0490453    -0.202189     0.227032    -0.310305   -0.0971523     -0.25668    -0.312448     0.188923     0.422696     0.418597    0.0562055     0.437877     0.443671   -0.0103948     0.539117     0.617398     0.375339    -0.511313    -0.116715    -0.102967     0.230788   0.00691414     0.167782     -0.10726    -0.710268    -0.315961    0.0389461    -0.205514    0.0277443     0.143065    -0.150794
   -0.308465    0.0207061  -0.00476772   -0.0197992     0.161673   -0.0979277    -0.391241    -0.233406     0.505521     0.105772    -0.286572   -0.0918159    -0.186602    -0.353661    0.0696834    0.0142387     -0.50026     0.060552     0.445397   -0.0309077    -0.108919      0.27956     -0.23755     -0.37793     -0.24785    -0.339726     0.388849     0.066497    -0.621585     0.100739     0.293048    0.0270663
    0.130316    0.0253265    0.0579543   -0.0966428    -0.333095    -0.729094     0.130626     0.529291     0.297432   -0.0901075     0.471942     0.253344    -0.344395    -0.156191    -0.405667     0.414753     0.470855     -0.32844     0.403829    -0.342651   0.00262547    -0.405305    -0.353851  -0.00306623     0.134834    -0.104353    -0.594523     0.297931     0.231745     0.100278     0.212744   -0.0408442
  0.00309963     0.530452   -0.0721521    -0.286207     0.294544     0.444251    -0.468623   -0.0353369     0.206685    0.0237764   -0.0390826    -0.068622     0.183514    -0.161286     0.158052     -0.20871  -0.00640293    -0.649264    -0.180044    -0.264067    -0.290777    -0.442066     -0.51629     0.532641     0.247639     0.200096    -0.117442     0.229852    -0.224862     0.215196    0.0782357    -0.152075
   -0.451006    -0.300584    -0.265105    -0.417912    0.0688686    -0.111689    -0.454691     0.180884     0.101007     0.027191     0.166712    -0.230296     0.288338    0.0291779   -0.0120032    -0.418382    -0.200219    -0.420551    0.0033624     0.247737    -0.301268   -0.0488698    -0.109618    -0.231498    -0.149042      0.17205   -0.0067765    -0.572712     0.211133    0.0661885     0.401055    0.0719411
  -0.0111898   -0.0261659    0.0203279    -0.161351     0.299408     0.157141     0.430092    0.0481256     0.104833   -0.0778273   -0.0499394     0.129679    -0.177188     -0.25472     0.159399     -0.17829    0.0311082   -0.0202432  -0.00911144    -0.145707   -0.0399622     0.385084   -0.0367008    0.0482722   -0.0484326    0.0754874    -0.330474     0.481421    -0.268443   -0.0734596     -0.34608    0.0691235
