  -0.520198  -0.0695198   -0.457964   -0.416536    0.853379    0.123106   0.0326269    0.239467   0.0292909   -0.507216    0.788543    0.553345    0.225939  -0.0503183   -0.107305   -0.329839    -0.11191   -0.611473   -0.535261    0.639401   0.0533754    0.320972    0.288181   -0.331787   -0.559038    -0.10909   -0.512199   -0.667163    0.469432    0.374655    0.342932    0.252203
  0.0249051   -0.379841   -0.101644   -0.105418    -0.12082   -0.368828   0.0297422   -0.415979    0.708407  -0.0423989   -0.179408    0.781456    0.506771    0.136077    0.398094   0.0448978    0.213141   -0.081543   -0.204422    0.120821    0.441748   -0.107129    0.433534 -0.00984688  -0.0957287    0.336527    0.201913   -0.600618    0.246016   0.0334628    0.383982   0.0678973
   0.203806    0.366353   -0.783753   0.0806076    0.113608    0.592892   -0.095744  -0.0478609    0.210463    0.071347   -0.043598     0.38757    0.167766    0.319914    0.198177  -0.0973102    0.443951    0.523032    0.130703    -0.65458    0.010886   0.0179672    0.324046    0.438415   -0.129268     0.10554   -0.076944    0.177172    0.566129    0.400086    0.436697    0.579187
   0.397728    0.271033   -0.135433  -0.0415586   -0.105003  -0.0190027    0.239716    0.532643    0.263709  -0.0793507   -0.131853    0.171301   -0.162108    0.067591   0.0332497    0.408016  -0.0713842   0.0702325  -0.0361551   0.0749918    0.456503   -0.357346 -0.00164878   -0.298759   0.0703675   0.0453124  -0.0754114    0.053058  -0.0156639   -0.354712  -0.0439523    0.358114
 -0.0587776    0.442803   -0.161044    0.288248    0.437469   -0.159842   -0.376116   -0.015034   -0.117257   -0.942796   -0.103928    0.534296   -0.107914   -0.404483   -0.366856   -0.448384    0.695671   -0.749098   0.0676535    0.472988   -0.694847   -0.492281     0.45915  -0.0756197    -0.16678   -0.274596    -0.28101    0.162615    0.776146    0.558618   0.0836229     1.55243
  -0.224453   -0.305376   -0.309911   -0.248237    0.379049    0.368198    -0.34754   -0.174648    0.499567    0.207946   0.0519439    0.440286   -0.231588  -0.0885674   0.0295414  -0.0431409    0.283325    0.185959   -0.204511   0.0845905    -0.38431    -0.59784     0.39801     0.40023   -0.250214  -0.0548931    0.226035   -0.775832    0.207624    0.078686    0.137193   0.0710218
   0.170787    0.242596    0.286526  -0.0827983   0.0688851   0.0822657   -0.432317    0.182033   -0.163522    0.236608    0.089167   -0.688251  -0.0153468    0.376692   -0.165433   -0.291043    0.303038     0.07453  -0.0828666  -0.0355656   0.0488023    0.367761   -0.536839   -0.120767   -0.206686   0.0469073   -0.207037     0.15075    0.694115   0.0684606     0.17018    0.101267
  -0.746903   -0.101496    -0.33413    0.425152    0.262411    0.490114   -0.633534    0.241696    0.206332    -0.26439   0.0756513   -0.253518  -0.0366132   0.0897403    0.163819   -0.118434   0.0243479   0.0784703   -0.484301   0.0957973    -0.15845    0.607529  -0.0329704     0.37413   -0.566295    0.375092    0.285107  -0.0869511    0.472717   -0.216251   -0.223928  -0.0178089
   0.070056    0.172092    0.571222    0.232005   -0.134628    0.512058   -0.392227   0.0789531   -0.937181    0.175446    0.536642 8.21615e-05    0.422532   -0.445646   -0.323216   -0.123103   0.0454009    -0.37884    0.113747   -0.362644    0.252633    0.100967  -0.0869837    0.382213    0.404195   -0.256425      0.5816    0.411457   -0.156517   -0.150184   -0.336779    0.192473
   0.358705    0.248016   -0.391805    0.424615   -0.366845   0.0278798   -0.447805   -0.445682 -0.00329879   -0.137639   -0.083187    0.658148    0.224757   -0.247569  -0.0563485    -0.18384    0.434865     0.22706   -0.274632   -0.146059    0.429133   -0.348523     1.23622   -0.132325   -0.416953    0.179191   -0.176784   -0.186219   -0.302178   -0.407862    0.546736    0.999647
  -0.543655  -0.0992404   -0.107409   0.0369058    0.269949   -0.781666    -0.36923    0.176814    0.427415    0.214741   -0.172344    0.425836   -0.199721    0.351741    0.313543    0.416853   -0.441175    0.446473   -0.866759    0.262253   -0.185915    0.242218    0.159444    0.265079   -0.463641    0.022586   -0.396218   -0.328351   -0.113912     0.14948    0.429441    0.563357
   0.817504   -0.184065    0.181865   -0.270068   -0.196041   -0.351456    0.114581     0.18006   -0.513309    0.610186     0.67382    -1.00883   -0.417501    0.160856   -0.289832    0.325083    0.185498    0.130293   0.0642453   -0.157756    0.563721   -0.195921   0.0485927     0.35886    0.455691   -0.450281  -0.0519446    0.141989   -0.122717    0.633377   -0.536535    0.613867
  -0.639725   -0.330384    -0.61678   0.0494089    0.389412   -0.353449     0.22195 -0.00130797   -0.317785   -0.380826    0.328228    0.895858    0.227278   -0.444898    0.210273   -0.675562    0.494232   0.0421521   0.0146357    0.625085   -0.562626    0.288322   -0.358535   -0.519686   0.0978131   -0.139174   -0.464463   -0.638578    0.131032    0.754656   -0.108269    0.666732
   0.585052  -0.0294731    0.163583   -0.622995   -0.688491  -0.0283143    0.260432     0.16665    0.209147    -0.20168   -0.300584  -0.0602068   -0.176688   -0.186502   -0.095905   0.0633298    0.383662     0.15861   0.0663697     0.08781   -0.307738    0.105869   -0.594083    0.422511    0.544375    0.159553   -0.255136    0.451115    0.647474    0.335529   -0.202812    0.170068
  -0.579658    0.269989    0.136425    0.449024    0.375122    0.886334   -0.400654   -0.193677   -0.187457   -0.348904    0.322048   -0.086692    0.534136   -0.388265    0.641511   -0.217542   0.0864573   -0.066484    0.513058  -0.0601024  -0.0968029    0.108871  -0.0650829   -0.010799   -0.491117    -0.05187   0.0386943    0.120862    0.571207   -0.278955  -0.0515111  -0.0378031
  -0.128329    0.286507   -0.395953    0.172724    0.440771   -0.125843   -0.309195   -0.103997 -0.00904024   -0.137141    0.319235    0.462278    0.117041    0.407116  -0.0459682   -0.205988  -0.0927668  -0.0657877   -0.322605    0.266097   -0.239675   -0.557366    0.424688    0.328195   -0.165348    0.504106    0.178631    0.295577   -0.068234     0.12548  -0.0441754   -0.112748
   0.084028   -0.121672    0.315226   0.0749325    0.214272   -0.500096   -0.497426   -0.317454    0.147448   0.0124437    0.174104  -0.0664944    0.430841   0.0889711   -0.312805   -0.263347   -0.210379   0.0371059   -0.609195   0.0603207   0.0243357   -0.118219   -0.210349   -0.325376   -0.310028    0.379347   -0.158304   0.0552182  -0.0479207   -0.658288    0.154855    0.254422
  -0.167227    0.170648   -0.535812    -0.23003    0.232091    0.127211   0.0895511  -0.0274181   -0.238669    0.232946   -0.106451    0.661997  -0.0555399   -0.597676    0.290216    0.232862   -0.174215     0.10064   -0.380914   0.0510062  -0.0923287    -0.28635    0.143553   -0.262711    0.147692  -0.0570492   -0.286582    -0.52251   -0.039791   -0.272025    0.494258    0.282043
  -0.241906   -0.207778    0.236179   -0.102914    -0.35365   0.0651186  -0.0614845    0.298025   -0.255421   -0.370228   0.0802054   -0.211912     0.26488    0.491124   -0.498065 -0.00418686   -0.196341   -0.422687    0.233679   -0.214812    0.365883   -0.427787    0.217778    0.340462    0.488619   0.0197167    0.104297    0.612868   -0.278194    0.449342  -0.0549095    0.447878
   0.160305   -0.155231  -0.0123764   -0.206333    0.128329   -0.113465  -0.0609625    0.123879    0.334184    0.721405   0.0651449  -0.0821811   0.0990942    0.109386  -0.0624373  -0.0157856    0.202568    -0.18578  -0.0732772  -0.0987059   0.0758986    0.362347   -0.494276  0.00191683    0.320547  -0.0911751   -0.205675  0.00953744   -0.757975  -0.0391253   0.0386868   -0.104396
  -0.157207   0.0582314   0.0740387   -0.345538   -0.134936   -0.241599   -0.441799  -0.0459064    0.634731     0.41238   -0.268659    0.234564 -0.00208141    0.194434   0.0977778    0.108142     0.16731    0.180589    0.233562   -0.362983   -0.174802    0.428097   -0.057585 0.000884722  -0.0190836   -0.227679   -0.267664    0.153561  -0.0999646   0.0510869    0.373794   -0.198261
   0.447706   0.0494225   -0.330053  -0.0255939  -0.0264471    0.281928    0.413169   0.0804753    0.058899    0.323449   0.0544778    0.457786    0.438864    0.356785      0.3494   0.0872139     0.24154    0.375689    0.315997   -0.378798     0.16571   -0.228852   -0.128546   0.0977101  -0.0070075    0.198204   0.0604835    -0.20458    0.199892  -0.0831011    0.170015    0.251022
   0.106296    0.127384   -0.549281    0.266743    0.456482    0.198976     -0.2042   0.0272357   -0.211087   0.0499676   -0.103764    0.179773   -0.580523    0.493846    0.168889   -0.125195   -0.236914    0.669007   -0.104534    0.182514   -0.215095   -0.450189    0.778749    0.148772   -0.561558   0.0326235   -0.189258   -0.125782    0.286414   -0.211644   -0.199361    0.131305
  -0.884344  -0.0412981   -0.376085   -0.253069     0.71798   -0.182907     0.25938   -0.206068    0.603355   -0.196749   -0.144407    0.707683    0.359333   -0.365353   -0.548273   -0.227563    0.355468    -0.29298   -0.285076  -0.0423548   -0.586323   -0.405399    0.214317   -0.491118   -0.517132   0.0412649   -0.183728   -0.605022    0.773652    0.176785    0.313984  -0.0848495
   0.585862   -0.295307   0.0171679   -0.558306    -0.71001    0.639865    0.264848   -0.280506   -0.831135  -0.0910256    0.518685   -0.383223    0.155871    0.385418   0.0478598   0.0321248   0.0691547   -0.264278   -0.135411   -0.320958    0.168664   -0.445101  -0.0408152  -0.0531119    0.256494   -0.877837   0.0105708     1.26016    0.300873    0.650462   -0.541166     -0.1869
  -0.724108    0.321849   -0.205148    0.234981    0.497721   0.0785261   -0.174599   0.0135204     0.59046    -0.13912   -0.264983    0.253287   -0.326381   -0.266108    0.427414    0.363723    0.134631    0.241489  -0.0321753   -0.169906   -0.187456     0.36078    0.730456   -0.586482   -0.762588  -0.0761475   -0.380894   -0.149391   -0.158143    0.157411   -0.136991   -0.806559
  -0.564737    0.196899   0.0573646    0.298076   -0.244354   -0.464722   -0.189571   -0.150134    0.600462   0.0113016   -0.348551   0.0831622    0.384262  -0.0571573   -0.089978  -0.0332454 0.000973854   -0.210181    0.149832   -0.140184    0.237302   -0.339195 0.000332421   -0.102491   -0.138397   -0.155754 -0.00926561   -0.397393    0.220038    0.332722   -0.124484    0.206694
  -0.819337    0.391666    0.464901    0.184977     0.20553     0.42742   -0.011471   -0.304629    0.187381  -0.0510416    0.121767    0.604537   0.0319649   -0.306691   -0.221349   -0.498275    0.203983     0.26209    0.523154  0.00840205  -0.0777321   -0.139295  -0.0871196   0.0334092   -0.363938    0.213515   -0.130478   -0.372068     0.69082  -0.0595495  -0.0785812   -0.181132
  -0.094317  -0.0559677  -0.0644299   -0.144768  -0.0796407   -0.137394   -0.112972     -0.1188   0.0365005  -0.0901149    0.541436    0.111801    0.203433   -0.141606   -0.105465   -0.722026  -0.0577446  -0.0312519   -0.371236  -0.0228793   -0.108043    0.436025   -0.416478    0.231468   -0.228604   0.0569559  -0.0200642   -0.639592  -0.0927749   -0.131383    0.339127   -0.332752
   0.370856    0.378397   -0.309423   -0.194751    0.177701   0.0651094   0.0627115   0.0136899   -0.315432    0.257783    0.212411    0.592968   -0.196643  -0.0921428   -0.265253   -0.260769    0.134127   0.0543397   -0.161348   0.0267575    0.472822  -0.0769769    0.340259  -0.0472577   0.0826064   0.0376513    0.109483   -0.260272    -0.29432  -0.0358453   0.0409707     0.33067
  -0.581812   -0.255281   -0.469393   -0.258643    0.418087    -0.14561    0.523702  -0.0197457   0.0576771    0.373164   -0.075013    0.179401   -0.201904   -0.972537    0.420834   -0.280853    0.191974   -0.426046 -0.00115992    0.104477  -0.0320267    0.608685   -0.206366   -0.419283   -0.229512    0.137326    0.388475   -0.283134  -0.0569553   -0.185812    0.381729    -0.27147
  -0.276519  -0.0813578   -0.083119    0.133414   -0.102525    0.520547  -0.0209474   -0.301262    0.199448   -0.310245   0.0400423    0.277075   0.0056964    0.396216     0.35973   -0.451044  -0.0206149    0.224821    0.218232   0.0431636   -0.403189   -0.467104    0.386522   -0.539022   -0.412914    0.174154   -0.293332   -0.244186    0.554891    -0.11832    0.401286   0.0181608
