     0.10492     0.137822     0.301019      1.01521    -0.108323     0.263567     -1.10673    0.0473901     0.537107     -0.41636    -0.171168     0.257087     -1.02031     -1.28462    -0.133746     0.183412     0.354169     0.161704     0.608083    -0.931836  -0.00589284    -0.351099    -0.846259    -0.243062     0.127484     0.202078      0.44778    -0.284929    -0.121503     0.577054     0.655534    -0.925834
    0.641559    -0.443407    -0.209818    0.0149946    -0.247247    0.0859274     0.700709     0.011471     -0.61753    -0.330246     0.375781    0.0435413     0.104686     0.863612     0.600078    -0.725853     0.450948     0.582112    -0.771022    -0.114181     0.159162      1.14716     0.386657   -0.0395997    -0.104027    -0.429093    0.0232331    -0.228543    0.0719247    -0.555917    -0.869625    -0.429368
  -0.0209473    -0.130741     0.139582     0.167552    -0.749768    -0.141102    -0.248442     0.150962    -0.156791    -0.438931    -0.375127    -0.523193     -0.63848     -1.42676     0.193364    -0.284086     0.109576    -0.357485     0.599784    -0.449471     0.315056     0.259078     0.615992     0.118081    -0.434024    0.0861603     0.340564    -0.979393     0.426252    -0.163701    -0.206014    -0.175965
    -0.33212    -0.379368     0.546755     0.626147    -0.328925     0.208962     0.613231     0.423068     0.640676      0.70343     0.215824     0.699645     0.147432      -1.0035     0.559432     0.399228      0.15127      0.12195    -0.750938    -0.845674     0.477742     0.826876    -0.717825     0.552271     -0.17437    0.0254675     0.325277     0.181737    -0.643604    -0.384209    -0.421461    -0.167635
   -0.220121     0.904091   -0.0506251     0.829323    -0.177443     0.321045    -0.711435     0.447322     0.534593    -0.130501     0.221722     0.205013    -0.466011    -0.390604     0.523021    -0.950215     0.723533    0.0748323    -0.548769    -0.927676    -0.709519   -0.0884947    -0.448989     -1.09774      -0.9236    -0.587363     0.103689     0.725129    -0.988258    -0.419414    0.0448381    -0.401281
    0.549856      0.90891     0.477854      1.14955    -0.288461  -0.00885132     0.222541    -0.293736     0.288031     0.276308      0.46554      1.30386    0.0471085    -0.284069    -0.385128      1.24565     0.329104      0.89821    -0.151542   -0.0477169    -0.403668   0.00413603    0.0146639    -0.569504 -0.000331708     -1.42703     -0.16546     0.278252     -1.03745     0.624573   -0.0525513    -0.896249
    0.276024    0.0871522     0.130329     0.492202     0.489243    -0.652719   0.00473308    0.0876433     0.822871    -0.320509      1.30616      0.64219     0.307898     0.299742    -0.557169     0.962453     0.796096     0.715751    -0.343649    -0.138785     0.685331   0.00237631    -0.266641      1.04935    -0.191393    -0.529887    -0.707188    -0.983487     0.143745    0.0984791   -0.0487972       0.8514
     0.36054      1.03805     0.495641    -0.992624     0.186464      0.98305    -0.446881     0.131169     -1.04214    0.0859626     -1.20379    -0.139539     0.367596     0.697625      1.72307    -0.906445     0.514679    -0.352928     -0.16906    -0.294698      0.41678    -0.611743     -0.41264    0.0765799     0.106197     0.298739     -1.14129     0.632657    -0.498628     0.987107     -0.64603    -0.507193
   -0.682673     0.400947    -0.537435    0.0345938     0.242096     0.387273    -0.546207     0.808495      0.16672     0.376827     -0.82538    -0.032418    -0.118103     -0.27593     0.263432    -0.187453     0.865385    -0.504916     0.633479     0.196519    -0.436027      -1.0329    -0.360836    -0.335872    0.0970391    0.0484194     -0.38643     0.303548     0.162914     0.302596      1.00592    -0.367365
   -0.469651    -0.251385     0.382087    -0.017644    -0.179206     0.445165     0.813485    0.0936924    -0.663214     0.344926     0.295664    -0.265046   -0.0518617     0.561438     0.485118    -0.415276    0.0269358     0.465503     0.343624    -0.555563     0.126558     0.382809     0.371544    -0.829339    -0.178692     -0.44106     0.122554     0.171759    -0.868609     0.629332     0.285782      -1.6689
   -0.161763    -0.408253      0.40979     -0.57428     0.114524    0.0809582    -0.166827    -0.242576      1.09506      1.41882     0.187929    -0.887678     0.380688      -0.3483    -0.264612     0.912234    -0.705413    -0.335697     -0.89102   -0.0898213     -0.28993     0.360588   -0.0424328     0.575435     0.104111     -0.70689    -0.997989    -0.516459    -0.851348     0.138789    -0.974322     0.507019
   -0.267572     0.183256    -0.402508     -0.47561       0.6172    -0.113787     0.584416     0.176986    -0.187157     0.445289   -0.0177022      0.40336   -0.0958843     0.153652    -0.572899     0.289013     0.226916     0.484238     0.168651     0.197265     0.255403      0.26893   -0.0691669    0.0715778     0.628157    -0.680919   -0.0398818     0.382812     0.614201     0.250933    0.0944532     0.130224
   -0.180766     0.204616    -0.323921   -0.0603959   -0.0691908   -0.0276475    -0.448403     0.833955     0.063295     0.229568    -0.830962     0.236379     0.338029    -0.719501    -0.320644     0.049372      0.63218     0.572884      0.44393   -0.0974915     -0.31615     0.638945    -0.492228    0.0763206     0.112541    -0.505948     -1.15565    -0.356365    -0.771623    0.0282942     0.447732    -0.917065
   -0.551319     0.738659    0.0462816    -0.225666    -0.248583     0.767967     0.751464     0.228526    -0.224396     0.530804    -0.334541    -0.190284     0.102376    0.0495257     0.536524     -0.16567     0.238111   -0.0136538     0.321812   -0.0975802     0.337276    -0.384001     0.538739    -0.372623      0.28058     -0.58509     0.176764     0.306294    -0.206754    -0.027378    -0.299071   -0.0229712
   0.0297719     0.129254    -0.359119    -0.182114    -0.205368    0.0444988     -1.15855     0.444203  -0.00401369    -0.210093    -0.247039    -0.558402    -0.136226     0.135773     0.310363   -0.0310975     0.567751    -0.238281     0.672456    -0.317154     -0.22489     -0.33653    -0.822904     0.363152     0.101134     0.196853     -1.39207    -0.385387     0.492376   -0.0779306     0.260489    -0.454435
    0.605376     0.666678   -0.0976188    -0.215532   -0.0609114     0.248863    -0.776922    -0.780013     0.150514     -0.33045     -0.19386   -0.0163754     -0.77071    -0.315809     0.368937    -0.607934     0.015626    -0.368565   -0.0456041    -0.763743    -0.120243    -0.332925    -0.799655    -0.131922     0.635169     0.216506    -0.168084    -0.282123     0.742865     0.280669    -0.378078     0.486457
    0.551165   -0.0621705     -0.16417     0.230739     -1.12389    -0.231979     -1.08013    -0.205742     0.989308     -1.45948      1.38148      0.14913    -0.116257      0.45743     0.297749    -0.560285      1.09689    -0.325511    -0.985999    -0.395205    -0.647278    0.0925974    -0.465029    -0.505323    -0.347887     0.117236     0.309308    -0.266179     0.450456    -0.995774     0.346719     0.883323
    0.436506    0.0619233    -0.217101     0.884759    -0.224537    -0.416359    -0.393291     0.515816     0.508819    -0.844222    0.0709428     0.539224    -0.524738    -0.725015    -0.117174     0.116828     0.703459   0.00447305    -0.242314    -0.751406    -0.425855    -0.176721    -0.757314     0.297034     0.158626     0.152485     0.463785     0.107402     0.528328    -0.323906     0.978027    -0.139868
    -1.08389    -0.993445    -0.675085    -0.910781     0.300563   0.00824566     -0.26117    -0.871053   -0.0301603     0.304456    -0.141938     -0.68721   -0.0261856      0.26992    -0.533485    -0.302776    -0.453363    -0.361627     0.366122     0.361177    -0.317446    -0.496154   -0.0681857    -0.334884     0.233555     0.378715     0.284856    -0.779057     0.941252     0.467899      0.53977     0.475153
  -0.0830435    0.0102104    -0.311073     0.648357     0.416166     0.203994     0.386933     0.241335    -0.359977    -0.141269     0.368861     0.793739    -0.215016   -0.0189826    -0.624494     0.531817    0.0157243     0.302203     0.886807    -0.286623      0.72517     0.829435    -0.488891     0.656804     0.365966    -0.154828     0.550283   -0.0489551    0.0356138    -0.315902     0.348292     0.211369
    -0.35375    -0.543923    -0.327796     0.480132     0.185749     0.124584    -0.232687    -0.531534      1.40083   -0.0527873      0.88192    0.0925727     0.627877       0.1006    -0.286056     0.461489    -0.172847     -0.21902    -0.361126     0.582904   -0.0715316    0.0370227    -0.641844     0.297017   -0.0901149     0.466372     0.718089    -0.512025    -0.156939    -0.349546    0.0635144     0.745156
    0.288449    -0.406333     0.233864    -0.101277     -0.86045    -0.536272     0.179995     0.152641     -0.69643    -0.194251     0.321349    -0.257757   -0.0372789     0.387675    -0.411481     0.409429     0.600291     0.653782     0.253754    -0.250867    -0.365398     0.386973     0.669245     -0.13118   -0.0980527    -0.189264    -0.341052    0.0744942   -0.0401797     -0.48721     0.112487    -0.778116
   -0.575075    -0.480479    -0.327313    -0.688012     0.370346     0.441643    -0.234648    -0.339996     0.690203     0.235588    -0.233214    -0.319045     -0.31612    -0.726858    0.0165068    -0.678008    -0.340126    -0.900488     0.175098     0.234837     0.550977     0.905897    -0.631889    -0.239333   -0.0815567     0.541648     0.214088      -1.2735     0.540493     0.411069    -0.606603     0.551468
    0.472441       0.1649    -0.221798     0.548804     0.398609    -0.413616      0.13908     0.294241   -0.0134445    -0.303592     0.152211    -0.176864    -0.646397    -0.147444     0.377458    -0.547947     0.312262    -0.173036   -0.0686872    -0.374163    -0.164066    -0.774166    -0.191449    -0.114561   -0.0590931     0.312448     0.676816   -0.0920076     0.149046     0.170393     0.605698     0.431762
   -0.570513     0.675301    -0.323541    -0.441532     0.915893    -0.265641      0.21628    -0.442236      0.60995     0.131198    0.0265032     0.344473     0.194073    0.0186787    -0.682939     0.140456     -0.49391     -0.20534    -0.348593     0.519508    -0.373023    -0.719032     0.253513     -0.31123    0.0805976    0.0734467     0.517574    -0.317901    -0.349374     0.968782     0.253338     0.743668
    0.458781    0.0313143   -0.0637665     0.559831     0.023142    -0.364559    -0.597866    -0.175545     0.334049    -0.328321     0.522241     0.139265   -0.0289255   -0.0726854     -0.65731     0.452785    0.0427974     0.178672    0.0689627     0.409346    0.0276032     0.114721    -0.435164     0.290829    0.0712887    -0.146914   -0.0659039    -0.196844     0.311831    -0.331315    -0.041989     0.050324
    0.135119    -0.459717     0.328612    -0.274208    -0.241817   -0.0185231     0.188774    -0.311161     0.466969   -0.0627133     0.585379     0.344014     0.414119     0.157067     0.122124     0.149996    -0.071989     0.520626    -0.647826     0.483821     0.142484    0.0225588   -0.0891703    -0.129763    0.0254701    0.0817312     0.200717    -0.168267   -0.0249837    0.0180634    -0.189824   -0.0141896
    0.265569     0.229654   -0.0160617   -0.0605148     0.439465    -0.385531     0.185358      0.02968     0.279458    -0.107365     0.130946  -0.00195673     0.485084    -0.167672     0.143529    -0.110025     0.238029     0.332619    -0.427357     0.124588    -0.708764     0.101879     0.144103    -0.131522    -0.406316   -0.0655442   -0.0158223    0.0827659    -0.505657    -0.155272    -0.193603     0.550395
    0.202487    -0.261641    -0.219343    -0.256324    -0.369139    -0.744378    0.0413362     0.341607    0.0440248    -0.630416    -0.453462    -0.393866    -0.108439      -0.1796    -0.241845     -0.66602     0.192049      0.14245     0.235687    0.0873882    -0.575575      0.37593     0.291963    -0.740987     0.438939     0.220869     0.237827    -0.458541      0.84352    -0.185708     0.456661    -0.223254
    0.394299     0.323333     0.415589     0.783766    -0.810745    0.0840974    -0.505823    -0.181739    -0.021926    -0.352662     0.609976     0.139224     0.391358     0.425247    -0.168966     0.253389     0.505565     0.387128     0.147311    -0.184309    -0.296227    -0.779391     0.489401    -0.211878    -0.421492     0.379337   -0.0725787    0.0184991    -0.250841     0.158437      0.37395     0.163233
    0.429942     0.454753     0.422095    -0.115504     0.754174     0.470089     0.852981    -0.249836    -0.898779     0.475281    -0.725611     -0.41055     0.106032     0.185699     0.305987   0.00933965    -0.598527     0.481864    -0.126014    -0.183111     0.736144   -0.0800243      1.00521     0.412249     0.681475   -0.0624075     0.207762     0.883749      -0.4534     0.038898     -1.21656      0.18637
  -0.0299501      0.16594     0.503722     0.194955    -0.347752      1.29434     -0.39286    -0.185617     0.238255     0.318052     0.205016    -0.265879   -0.0484898     0.820827     0.853048    -0.188124     -0.21795    -0.120835    -0.222327     0.564402      1.03231    -0.394999    -0.322267     0.325786   -0.0843072     0.888169    0.0126386     0.951069    0.0744627      1.04973      0.27748    -0.645775
