   0.136406
   -1.05702
  -0.159779
   -1.00615
  -0.912276
  -0.780195
  -0.146681
   -0.15052
  -0.251811
  -0.500132
  -0.272597
  -0.205299
   -1.13741
  0.0422595
  -0.601083
  -0.825082
  -0.321083
  -0.238739
  -0.311435
 -0.0380465
  0.0864091
    0.72313
   0.445489
  -0.543042
   0.335909
   -1.34613
   -1.00427
  -0.127228
   0.177774
 -0.0863853
  -0.188861
  -0.372355
  -0.307867
  -0.476604
  -0.280724
  -0.573757
   -0.52452
  -0.844066
   0.349076
   0.203262
   0.134605
   -0.11833
  -0.102474
  -0.239094
   -0.17363
  -0.419625
   -0.24576
  -0.759454
  0.0734492
  -0.360971
  -0.334166
  -0.681288
-0.00856088
  -0.759858
-0.00844318
  -0.476908
   0.526601
  -0.649028
  -0.636449
   -0.14278
  -0.058607
 -0.0592414
   0.392526
   0.691685
  -0.297246
  -0.776323
   0.453521
    0.54953
   0.560234
   0.441549
   0.339992
  -0.412885
   -1.29092
   0.431187
   0.336702
  0.0627211
 -0.0907238
   0.830116
  -0.981822
  -0.594255
  -0.454707
  -0.568904
  -0.462875
  -0.493182
   0.818595
  -0.219168
  -0.306894
   0.352397
  -0.207186
  -0.676357
  -0.364837
  -0.215282
    -0.3141
  -0.298364
   -0.24414
    1.14459
    0.20772
  -0.518171
  -0.466238
  -0.519008
  -0.336078
   0.434459
  -0.376829
   0.576229
  -0.566703
  -0.338622
    1.22187
 -0.0733995
  -0.632038
  -0.720539
  -0.221712
 -0.0119645
   -1.82242
  -0.208934
 -0.0132369
   -0.98159
  -0.375665
  -0.229912
  -0.197711
  -0.147711
   0.292023
   0.615396
  -0.244366
  0.0226892
     -0.126
  -0.165232
  -0.234116
   0.278555
