 -0.202258
  -1.02609
 -0.126192
  0.164724
  0.484568
 0.0664891
   2.43625
 -0.843218
  0.509454
 -0.368689
 -0.838185
 -0.557792
  -0.40448
   0.49169
 0.0403209
 -0.205598
 -0.120142
  -1.20699
 0.0219752
 0.0210818
 -0.530648
  -1.09122
 -0.802776
 -0.583461
 -0.638166
   -0.5156
 -0.729476
 -0.246695
 -0.811456
 -0.681179
-0.0759596
 -0.383887
   0.66065
 -0.938803
 -0.733196
 -0.867367
 -0.310731
 -0.168747
 -0.442411
 -0.506534
  -0.31649
 -0.140328
   2.21596
  0.280462
 -0.690149
  0.348467
 -0.866495
  0.197404
  0.291065
  -1.36404
   0.66104
 -0.648423
 -0.929315
 -0.354597
  0.118558
 -0.605973
 -0.882846
 -0.867396
 -0.476204
 -0.521805
 -0.464912
  0.256498
 -0.661854
 -0.487668
 -0.123871
 -0.604172
 -0.266097
 -0.773154
 -0.549484
 -0.427377
 0.0107089
 -0.342212
 -0.467487
    -0.398
 0.0726693
  -0.77934
  0.395802
 -0.493034
 -0.315181
 -0.130979
 -0.575999
 -0.992367
 -0.412941
  0.508555
 -0.355305
-0.0810472
 -0.295764
 -0.463231
 -0.545075
   0.47248
-0.0398342
  0.457154
 -0.385398
 -0.220086
  0.323198
  -1.19256
 -0.930175
 -0.357432
 -0.543448
  -0.39864
  -0.37729
 -0.125803
 0.0100378
 -0.282719
 -0.616342
 -0.201505
 -0.746736
 -0.431421
 -0.855566
  0.141646
   2.03307
  -0.42288
 -0.508369
 -0.774461
  -0.80239
 -0.789969
 -0.419602
  -1.62721
 -0.619171
 0.0126541
 -0.365873
 0.0646257
  -0.39837
  0.578222
  0.419495
  0.229909
 -0.115363
   2.06144
