    0.173864    -0.173627   -0.0677258   -0.0654864   -0.0600864     -0.20402      0.38789     0.248614    0.0712411    -0.176514    0.0168273   0.00591216    0.0344095   -0.0041576     0.130178    0.0272192     0.268892    -0.200651    0.0516964    -0.166882    0.0680595    -0.209156   -0.0183981    -0.153199    0.0988486     0.294225   -0.0916606     0.200371    0.0964806     0.246785     0.130419     -0.21634
    -0.11529    -0.226283      -0.0982     0.215486     0.314816    -0.273888     0.169302    -0.400637   -0.0607128     0.136962    -0.167169     0.134608   -0.0950897    0.0380264     0.179723    0.0987046    0.0366019    -0.316257     0.169134    -0.223926    -0.326169    -0.106531    0.0187708   -0.0644074    -0.174923     0.271741     0.253386    -0.087163     0.453684    0.0599954   -0.0801005     0.331923
    0.183043      0.07306    0.0776592     0.402834     0.112408     0.249775   -0.0795339    -0.281423    -0.137923     0.239356    0.0935542     0.108028   -0.0979941    0.0451792    0.0289264     0.202399     0.111601    -0.086058  4.91566e-05    -0.171996     0.052558     0.184515    0.0776965   -0.0381195      0.16324     0.231008    -0.529602     0.209551    0.0324213     0.513137   -0.0419034    -0.160022
  -0.0444278     0.014485    -0.090797    -0.236557     0.233604     0.116983     0.126716     0.246683    0.0888651    0.0437977     0.424833     0.036374   -0.0362613    0.0617753    -0.217987   -0.0525228    -0.202775  -0.00898377      0.11419     0.019417     0.056714    -0.229265   -0.0139944     0.156133    0.0950717     0.106683     0.317541     -0.17015    0.0145769     0.118665    -0.288717     0.406579
   -0.281284    -0.282988    -0.199667     0.127997    -0.144398    -0.157457     0.422522     0.135947   -0.0507259   -0.0323499    -0.115685    0.0150524     0.049564     0.106816    0.0719008   -0.0967355    0.0345559     -0.46409    -0.035984    -0.100433    -0.101118    -0.188031    0.0842324    -0.244514    -0.274593    -0.105876    -0.652878      0.37227    -0.244173    -0.209376    -0.049784    -0.237871
  -0.0688175     0.239483      0.14412    0.0131202     0.260264     0.137766   -0.0478992   -0.0184481    -0.159839  -0.00469027    -0.251541    -0.289554   -0.0526282     -0.20096     0.309755     0.138809    0.0871804     0.126999    -0.126412    -0.206731     0.040685     0.386179    -0.250729    0.0225854     0.267544     0.228567    -0.389603    0.0567235    -0.116561     0.441284   -0.0185162    -0.373683
   -0.168105   -0.0356443    -0.329758      0.14868     0.381137      0.24553   -0.0336138    -0.164859     0.376744   -0.0332484    0.0221085    -0.178499     0.308485   -0.0896996     0.220738    0.0386944   -0.0970345    0.0167456     0.238269    -0.425676    -0.528677    -0.402702     -0.14067    0.0693948    0.0888175    -0.126014    -0.145619    -0.511442    -0.264809    -0.473348    -0.250507     0.276647
  -0.0889989   -0.0322756     0.382106    0.0655789     0.213973    0.0167128    -0.102432    0.0889185     0.350683    -0.271055    -0.208325  -0.00739742   -0.0516104  -0.00814057   -0.0704065    -0.318152    -0.121748    -0.155837    0.0258498   -0.0173132     0.102472     0.101586    -0.144421     0.175299     0.255858     0.145173     0.401311     0.154752    -0.116617    0.0280467    -0.139013    -0.127903
    -0.44401     0.160182     -0.17618   -0.0679707    -0.216682    0.0316324     0.496268    -0.121579    0.0129298    -0.358926    0.0370907     0.329673     0.237972    -0.160515     0.407718   -0.0918281     0.251213     0.152057    0.0630587   0.00936316   -0.0703993    -0.232126     0.395001    0.0595286     0.274076     0.141464    -0.284178     -0.17783   -0.0682748    -0.181584     0.244791    0.0529804
    0.380899    0.0471555    0.0291117     0.118792    -0.339416    -0.456412   -0.0620278     0.206968    0.0409727    -0.257056     0.533259     0.391859     0.107907    -0.208332   -0.0780618    -0.017564    -0.883753    -0.349799     0.295274     0.448252      0.36079    -0.339849     0.281751    -0.609142    -0.583835   -0.0956234    -0.120038     0.385949   0.00760514    -0.302624   -0.0701244   -0.0693978
   0.0823864     0.372407   -0.0808842     0.304827   0.00226437      0.10376     0.241754    -0.109071    -0.127301   -0.0502585     0.106716     0.104005     0.217938    0.0855722      0.15548     0.190245   -0.0891102    -0.241282     0.192741     0.010943      -0.2597     0.130034     0.259114   -0.0845365    -0.278773    0.0700461    -0.450153     0.117414   -0.0528397    0.0477862     0.150526     0.252573
    0.134138    0.0935553    0.0485381     0.109016     0.143829    -0.142324   -0.0220549    -0.100294     -0.15167     0.252766     -0.14819    -0.107173   -0.0260753    0.0019209    0.0829113    -0.162428    0.0702901    -0.104156    0.0327152     0.119025     0.147673   -0.0196391   -0.0342796     0.135542    0.0700598    0.0400912    -0.039693    -0.131535    -0.126255    -0.132183    0.0103977    -0.045635
   -0.398232     0.168962    0.0280332  0.000187473     0.387739    -0.143229    -0.176007    -0.545774     0.151242      0.35553    -0.315119    0.0689139     0.217606     0.375163     0.627879     0.144853     0.118807     0.013037   -0.0149462    -0.314858    -0.349659   0.00875193     0.191708   -0.0735718     0.241025     0.101412     -0.55818     0.147924   -0.0489476     0.196503    -0.157957    -0.354937
   0.0492126      0.14909    -0.231619     0.184335   0.00463449    0.0959988    0.0653336    -0.029146    0.0354402     0.147746     0.356619    -0.164488   -0.0970898     0.247306     0.452843     0.415157    -0.244339    -0.360979   -0.0666054    -0.115995    -0.326327    -0.236895    -0.187623     0.274613     0.195134    -0.422654     0.101154    -0.219225    -0.102099    0.0819223   -0.0312148    0.0408124
    -0.10408     0.157178    0.0912025     0.054052    -0.242393     0.273652    0.0356774     0.190399    -0.277521    -0.164442    -0.305611   -0.0981967     0.429626    -0.285718    0.0624836    -0.207757     0.163782    0.0888192   -0.0757569    -0.166727     -0.18208    -0.119585    -0.147543    0.0168295    0.0782086     0.140076    -0.467806    -0.180051     0.306274     0.290696   -0.0381109      0.12524
    0.392844     0.222955     0.119945     0.218788     0.353769    -0.107071    0.0718782   -0.0971123    -0.229219    -0.116801      0.32857    0.0548121    -0.115711   -0.0687728   -0.0320758    -0.242213   0.00724258    -0.286239   -0.0751399     0.234234     0.241698    0.0922534    -0.138937     0.241522     0.223614    0.0484218     0.105789   -0.0237553    0.0503624     0.188893   -0.0173888    0.0395222
    0.238176    -0.178163    -0.052678    0.0677791    -0.431384    -0.114934     -0.22761   -0.0373195    -0.287387   -0.0159086     0.123074     0.172671     -0.17809    -0.140376   -0.0766875   -0.0575031   -0.0975146     0.142481     -0.43889     0.297689    -0.182215   -0.0598432     0.169743    -0.190479    0.0394939   -0.0917166     0.151633   -0.0646019   -0.0933824    -0.364837    -0.249904    0.0217366
  -0.0310461    0.0809025     0.137974   -0.0444862     0.158254   -0.0846293     0.257165    -0.197934   -0.0962644   -0.0375165    -0.080208   -0.0556691    0.0437283     0.109013     0.080442    -0.254682   -0.0708144    -0.231781    -0.222892   0.00933544     -0.14458    0.0408772   -0.0670232     0.198257     0.256603   -0.0160351     0.553123    -0.454449    -0.312738     0.223493    -0.142001    0.0230185
    0.225044   -0.0288736     0.291395     0.121275     0.115394    -0.334216     0.111049     0.110089    -0.148498    -0.372354     0.195405    0.0311819     0.101056    -0.168777     -0.23237    0.0132933    -0.174717    0.0405624     0.176564    0.0413095    0.0913649    0.0716126    -0.103262   -0.0592714     0.027437    -0.298017  -0.00171073     0.229048    -0.147722    -0.104262     0.370212    0.0661375
  -0.0618506     0.172636    -0.264707    0.0903177    0.0937857     -0.06774  -0.00616875    0.0690701     -0.13363     0.128293   0.00603284    -0.082265 -0.000977762     0.269155    -0.242205     0.109247   -0.0534707    -0.064971   -0.0602842    -0.296115     0.182263      0.18796     0.033783   -0.0248521     0.392802    -0.616883      -0.3585    -0.102269    -0.215184    -0.489481     0.262567   -0.0499124
   -0.423949    -0.316246     0.136312    -0.222376    0.0783098     0.146988    0.0623821    -0.256386   -0.0580618   0.00839551    -0.284118     0.240995     0.236517     0.151315     0.563758     0.195785     0.308555     0.191038    -0.303263    -0.264991    -0.381973    -0.034704     0.193994   0.00253883     0.177195     0.156889    -0.330028   -0.0992456    -0.119317     0.335343    0.0972264   -0.0714383
   -0.534509     0.671573    -0.162606    0.0792296     0.272328     0.141242     0.317539   -0.0280806    -0.185818     0.176806   0.00286347       0.4638     0.416237     0.178619     0.233442   -0.0633003    0.0366591    -0.210807    -0.355898    -0.308839   -0.0785835    0.0735065    -0.221723   -0.0419107    -0.041702   -0.0764309    0.0180141    -0.353296    -0.632265    -0.120324     0.618038     0.209001
  -0.0362105    -0.367906     0.223933    -0.228745    -0.161314     0.111157     0.171923    -0.131256    -0.241814    -0.278135     0.048945     0.143363     0.256209    0.0667521    0.0145727     0.180368     -0.17457     0.237169   -0.0978728    -0.092202     0.110076    -0.115986    -0.132311     0.148849      0.13216     0.124414      0.25179    -0.365181    -0.139187     0.212492    0.0482646     0.132328
  -0.0900336    -0.222086    -0.117484     0.174417    -0.221523     0.277307     0.134492    -0.295897    0.0390025     0.121126    -0.224826    0.0868131    -0.207802     0.029393     0.253012     0.156278     0.329076    -0.217883    -0.194237     0.165644   -0.0685362    0.0559545    -0.176099    0.0984654     0.124791    -0.133763    -0.121064  -0.00911917    -0.302635     0.348688     0.301361    -0.214084
    0.337439    -0.524853     0.125703    -0.152363     0.127687     0.199382     0.487556    -0.489247    0.0225749     0.101866     0.218539  -0.00959105     0.401857    0.0198486     0.216641     0.266997   -0.0945409     0.285297    -0.148101    -0.262355    -0.340703    0.0836512   -0.0561868     0.356693   -0.0572468    0.0683462   -0.0978135    0.0911212    -0.276636    -0.200481     0.565318     0.697655
    0.225265     0.102824     0.363244     0.136797   -0.0581106    -0.269216  -0.00455408    -0.028877   -0.0558326    0.0208638     0.511103      0.20242    -0.401453    -0.375816    -0.168467    0.0766465    0.0533406    -0.270022    -0.441371   -0.0590111   -0.0792499    -0.246739    0.0941689    -0.400134    -0.251089     0.236691     0.511114    -0.268508     0.109237    0.0112767    -0.263276    -0.123347
    0.115042    0.0840073   -0.0646354    0.0144691   -0.0185809    -0.398149     0.215125     0.263219    -0.175596    -0.258211   -0.0693507    0.0624544   -0.0610967    -0.191077      0.11636     0.153464     0.062224    -0.180144    -0.346985    -0.216327    -0.125128    -0.156598     0.085876   -0.0160048    -0.227017     0.138886    0.0807605      -0.0967    0.0365058    -0.149764     0.238468    -0.107799
    0.207112  -0.00418334     0.116192    -0.312881    -0.328101   -0.0558922     -0.49014    0.0880987     -0.13014    -0.129076    -0.129468  -0.00416564    -0.329366   -0.0504955   -0.0922305   0.00517861    -0.113089    -0.189512   0.00924652    -0.137756      0.02345    0.0275157     0.288878    -0.299105    -0.198743     0.251485     0.392153     0.247384    -0.232912    -0.215996     0.445468    0.0436571
   0.0910506     0.105321   -0.0368218      0.14148    -0.135351    -0.147724     0.129865     0.260259   -0.0509683    -0.132762    -0.424135    0.0642097     0.222069    -0.256301    -0.309006    -0.402827     0.121131   -0.0954809   -0.0957588 -0.000329189   -0.0359273    0.0456749   -0.0111584   -0.0728323   -0.0338474     0.285557     -0.25743   -0.0353269     0.200426   -0.0473221     0.105949  -0.00301757
   0.0355131    -0.198397      0.50399    -0.137327    -0.136057   -0.0828272    -0.134648    0.0830508     0.495911    -0.286879     0.162228    0.0992408     0.373095   -0.0808264     0.134229    -0.206379     0.377033    0.0888586      0.21162    0.0226409     0.148758     0.146641   -0.0983305    -0.341289    0.0973303     0.196435   0.00177845     0.182757   -0.0151646      0.19357      0.29948   -0.0875564
  -0.0977311    0.0776002    -0.169844     0.172765     0.280246     0.201709    -0.135749    -0.206231  -0.00342472    -0.150117    -0.492179   -0.0894779   -0.0184714     0.122733    0.0153466    -0.309454    -0.068545    0.0434259     0.182072    -0.151359    0.0322788   -0.0746934     0.105074     0.180796    0.0413362     0.309077    0.0804111   -0.0254347     0.080773    -0.374086   -0.0546446     0.059882
   -0.071094   -0.0520965        0.229     0.218432     0.124987     -0.10875    -0.200384   0.00190862    -0.172054     0.060787     0.209725   -0.0611434     0.261822   -0.0690853    0.0604866     0.161904   -0.0160852        0.365   -0.0222461    0.0554667     0.074833     0.169128    0.0577941    -0.298601     0.103186     0.379656     -0.10419     0.189285    0.0866948      0.15694    -0.145083     0.109734
    0.214674   0.00234678    -0.363236     0.140205   -0.0316843     0.376618    0.0185913    0.0286367    -0.146942    -0.133655      0.12114    -0.116542     -0.10987    0.0112933     0.597415     0.295912      0.24559    -0.200937    -0.155651    -0.308605     0.024002    0.0453647    0.0769951    -0.203654     0.118348    0.0336244    -0.489984     0.102755   0.00924501       0.2449    -0.270606    -0.187711
  -0.0897678     0.113632      0.25094    -0.201661      0.12301     -0.24854   -0.0628841     0.105062    -0.185448   -0.0246438    -0.125281     0.136732     0.353119    -0.362262     0.189101     0.133688     0.185012    -0.303775     -0.21304   -0.0107253    -0.272707     0.113334     0.149371    -0.282815     0.316833    -0.139276    0.0424937    -0.197557   -0.0524572    -0.137951   -0.0182397    -0.143246
   -0.198369     -0.10483    -0.015079    -0.233775   -0.0188885    0.0347409     0.218433     0.175087    0.0449225     0.236323    0.0104938      0.48385     0.399794   -0.0889776     -0.21768    0.0794218     0.148473     0.461867     0.324486     0.219659   -0.0192145     0.305367     0.223465    0.0115636     0.112818    -0.164515    -0.026816    0.0381446   -0.0538472     0.271292     0.144624     0.133395
     0.12655   -0.0315461     0.116692   -0.0361292   -0.0701492   -0.0213498   -0.0812434 -0.000603758    0.0392354     0.372564    -0.266703   0.00613592      0.31164     0.142674   -0.0556235    0.0254401    -0.181513     0.138527     0.109016     0.183755    -0.131191    -0.170501     0.231232   -0.0538142     0.218037    -0.108283    0.0370995    -0.479222    -0.405254     0.113763   -0.0580314    -0.328687
   0.0709362     -0.15045   -0.0249636    0.0534208    -0.212333     0.134409    -0.315029    0.0751908     0.249027    0.0280809     0.114547     0.148565     0.238321    -0.234565     0.158345   -0.0387665    -0.182563   -0.0856048    0.0493206    -0.128002    -0.303859   -0.0416586    -0.286354    -0.168722     0.149929    -0.120693    -0.144342   -0.0260202    -0.249838     0.134318    0.0943032     0.136367
    0.081516     0.104139     0.201921     0.285053    -0.249844    0.0384454     0.171982    0.0665134  -0.00265551    -0.175152     0.143634     -0.21265    -0.145698   -0.0759053    0.0899926     0.323653    -0.034093    -0.104287    -0.250737    -0.102374    -0.331225    0.0225062    0.0107013    -0.090621     0.168428    -0.173747    -0.198136     0.290377    -0.367316     0.305935     0.135816    -0.214225
   -0.209681   -0.0104278     0.242663     0.054601    -0.289179   -0.0995657    -0.058986      0.24074    -0.203927   -0.0810444   -0.0167897     0.115047     0.206366   -0.0082945     0.239412    0.0359666    -0.256661    0.0974358    -0.156929     0.411925     0.284172    -0.238999    0.0250268    -0.110616    0.0615078    0.0348942    -0.155404     0.135558    -0.189134     0.724858     0.123983    -0.187004
    0.140168    -0.168646    -0.339752     0.581466    -0.172747    0.0488739     0.198131    0.0859914     0.166496     0.107259     0.281929   -0.0377762     0.116133    -0.116558    0.0992188   -0.0958483   0.00587308    -0.227086     0.132134     0.294179    -0.227537   -0.0693452       0.1461   -0.0329263    -0.416745     0.165987    -0.152076   -0.0497262    -0.429658    0.0673503   -0.0772959    0.0718401
   -0.348833     0.174292    -0.415395     0.164874    -0.223164     0.374949    -0.166404     0.130296    -0.208996   -0.0998509    -0.122256    -0.113541    0.0347147    -0.412238    0.0805508    0.0135416     0.343167    -0.157493     0.426771    -0.285645    0.0688719    -0.151321     0.310437    -0.209472     0.118778    -0.079879   -0.0912877    -0.116517    -0.399485    0.0335302    0.0465126   -0.0867921
  -0.0926767    -0.345841     0.089894     0.328915     0.242735   -0.0682168     0.158861    -0.183343    0.0871354    -0.116671     -0.32944    0.0942502      0.10444     0.103973     0.301816     0.142934     0.101027    0.0427777    0.0764509    -0.231898    -0.292536     0.227645   -0.0358377    -0.253992      0.17539    0.0244565    -0.537055     0.477628    0.0773451      0.11447   -0.0571486     -0.17931
    0.139362     0.208696    -0.400197    -0.103427     0.115552     0.281495    -0.128026    -0.236271    -0.283522     0.164845    0.0936541     0.129417      0.15369     0.152047     0.213213     0.234263    -0.218879   -0.0231578    0.0607269   -0.0936891    -0.480137    -0.148599     0.140945    0.0376481      0.13587     -0.14714    -0.467317   -0.0386595   -0.0479292     0.220952   -0.0590842    0.0893944
   0.0466461     0.124072     -0.73414    0.0384063     0.276596   0.00033522     0.265017    -0.387992   0.00348883   -0.0374605     0.444921     0.415458     0.117868     0.231521     0.160527   -0.0285835     -0.78967   -0.0860228     0.224439    -0.131358    -0.310649    -0.142962     -0.25714   0.00563171     0.148262      -0.2165     0.101608    -0.191042    -0.373685     0.240907    -0.276985     0.605649
  -0.0520484    -0.216406     0.134515  -0.00766534      0.10014    0.0714016     0.294497    0.0585781   -0.0402287    -0.229446      0.13396   0.00938424     0.186763    0.0789381      0.37765    0.0822715     0.171584   0.00816197   0.00572819   -0.0858185    -0.174372     0.175336   -0.0536068    0.0207757   -0.0714756     0.324335   -0.0549713    -0.332721    -0.276721     0.194395   -0.0174485   -0.0109407
   0.0867871    -0.089555   -0.0454222   -0.0637235     0.141378     0.164865     0.209957     0.197388    0.0441971    -0.311861     0.139984   -0.0704555     0.162744     0.161178    -0.256569    0.0902765    -0.274024   -0.0723877    -0.191612     0.107971    -0.190953   -0.0733837    -0.318121    -0.115367    -0.179373    -0.284236   -0.0107875     0.226545    0.0239276   -0.0297334     0.172331   -0.0672228
   -0.367557     0.290271     0.109167   -0.0176732   -0.0915267      0.14916    0.0863922    -0.252551  -0.00674322    -0.308199     -0.34363     0.339418     0.173728    -0.168628    -0.150531    0.0408968     0.532867    -0.114131     0.227534   0.00886533     0.101133    0.0620491    0.0789911    -0.208827    -0.167282     0.136363    -0.528931    -0.129937   -0.0884796   -0.0962211     0.721924    -0.336854
   0.0890875    0.0920354    -0.138401    0.0574303     0.260672    -0.312505    0.0123898    -0.178627     0.176574     0.203483   -0.0189745    0.0114723   -0.0301127     0.233295    -0.347335    0.0924335    -0.226374     0.193745   -0.0827526     -0.16606    0.0516019   0.00800338    -0.230616    0.0796386    -0.413536    -0.237523   -0.0154344     0.354576    -0.270111      0.23067    -0.459774     0.179982
   -0.652847     0.343978   -0.0940428    -0.185392     0.613037     0.185034     0.262649    -0.131703   -0.0611357     0.328555     0.244247    -0.029712     0.477358     0.250435     0.523604     -0.40178   -0.0709733     0.016805     0.311259  -0.00628859   -0.0236865    0.0686812     0.117665     0.187384    0.0932731    0.0887403   0.00406618     -0.40922    -0.209521     0.322601    -0.270122     0.162131
   0.0132118     0.300841     0.323869    -0.276812    0.0878097    0.0413481    -0.115553    -0.113839    -0.247357   -0.0535424     0.401011    0.0422007     0.322152    -0.312864     0.222252     0.080228    0.0409026     0.157294    -0.106864    -0.124521   -0.0412117   -0.0728524     0.285456    -0.544064     0.260349     0.242437    -0.155647     -0.21729      -0.2903    -0.400789     0.141854    0.0702009
    0.401824    0.0739663    -0.119745     0.161537    0.0396331    -0.340258     0.200522    0.0139177    -0.330184   -0.0149671    -0.116038    -0.399841    -0.120574     -0.08021  -0.00468313   -0.0146423    -0.270325  -0.00223304     0.264318     0.310546    -0.404928    0.0997851    0.0710142    -0.329682      0.15131     0.217631     0.301276    -0.056498    0.0988861     0.299996    -0.159834    0.0986209
   -0.355574     0.211362    -0.575638     0.268711     0.308469     0.107236     0.488482    0.0541044    -0.345671   -0.0564631    0.0844956     -0.10209  -0.00189682     0.469589     0.725777     0.207739    0.0975432    -0.163486    -0.114397   -0.0468892    0.0363529    -0.128404   -0.0626865     -0.36124    0.0204908    -0.110066    -0.853673    -0.105728    -0.436016     0.739639    0.0105063    -0.143255
   -0.279941     0.384717     0.124953     0.160937  -0.00922079     0.373608    0.0641088    -0.140884    -0.269372     0.183959    -0.421625    -0.154986   0.00899565    -0.287087     0.087319    0.0642024     0.223192       0.4313   -0.0895168    -0.466693    -0.278872  -0.00361709   -0.0398144    0.0636407   -0.0225502   -0.0646984    -0.458995     -0.29844    -0.248123  -0.00172895     0.397679    0.0808108
   -0.267152     0.213419    0.0284515     0.433057     0.493497   -0.0052197     0.337599     0.194129    -0.219715     0.243093    -0.269049    -0.240767     0.215566  -0.00378429     0.296275   -0.0604142   -0.0108222      0.12859     0.166443    -0.081838    -0.106402    0.0943583    -0.257206      0.04394     0.213698    0.0509154    -0.230043   -0.0763827    -0.220908     0.121774     0.158609    0.0145826
 -0.00845571    -0.310665   -0.0783346     0.269209     0.051833     0.046285   -0.0420582     0.360539    -0.032727    0.0749593   -0.0542814    -0.105174     0.143131    -0.483449     0.247877     0.289599    0.0715805   0.00452515     0.222177    0.0369809   -0.0463649  -0.00878361    -0.429307     0.225392     0.183009    0.0652321     0.347932    0.0260722     0.140901     0.699328    -0.259416    0.0636147
    0.495834   -0.0753628   -0.0124377     0.179425   -0.0825182     0.176701    0.0940599     0.137198     0.219933     0.118291     0.389236     0.156499    0.0800156    -0.212897     0.278066     0.246814    -0.120868     0.102939    -0.366636    -0.176313      0.13356    0.0199455    -0.136788    -0.107019     0.409579    0.0936527    0.0825199    -0.139965    0.0148973   -0.0422491   -0.0709182    0.0485794
   0.0766702     0.368339      0.55231     0.172505    0.0763105     -0.24576     0.387676   -0.0622383     0.320069    -0.668148    -0.187737    0.0192435    -0.122793    -0.318733    -0.213819     0.181375    -0.109313     -0.27412    -0.146186     0.283139    0.0187794     0.106615     0.199923    0.0222726    0.0696091     0.103256    -0.344447     0.128158    -0.484398     0.252474     0.442512   -0.0973547
   -0.100576    -0.144913     0.163488   -0.0450495     0.123206    -0.393079   -0.0209247    -0.306636     0.157283   -0.0175737      0.39035     0.298889    -0.322804    0.0783481    -0.125189   -0.0154487   -0.0415191    -0.549518    -0.385484     0.470442     0.101797    0.0905146     0.191695   -0.0861159    -0.131891    -0.258083    0.0334958  -0.00986872    -0.297859    -0.315498     0.137121     0.138115
    0.311681    -0.179511     0.526342    -0.187417   -0.0344669    -0.191415     0.103972     0.148417     0.251936    0.0846885     0.126257     0.275812   0.00858672    -0.347151     0.151507  -0.00409312    -0.353039     -0.17473    0.0233998      0.19249   -0.0933347   -0.0234133    -0.141716    0.0524904    -0.076757    -0.136906      0.14227    -0.185059   0.00551122    0.0346596  -0.00840022     0.279623
   -0.140641     -0.34916    -0.411624     0.106468    -0.297122   -0.0197387     0.306617   -0.0167565    0.0489662     0.108952     0.499798    -0.221508   -0.0156987     0.395179    -0.117702     0.469946   0.00276987    -0.378976    -0.126015     0.127861    -0.198992   -0.0139732     0.119021    -0.144433    0.0638963    -0.101606    -0.136578     0.354576    0.0929699    -0.608319     0.362032   -0.0476161
    0.248822     0.108516    0.0930572     0.227243     0.108229    0.0972803     0.067685    0.0334328    0.0774665     0.104785    -0.191469    -0.228245    -0.150766      0.15656     0.236801    0.0252207    0.0268215     0.414864     0.345481      0.27578   -0.0139318    -0.216919    0.0238899     0.212697    -0.616687   -0.0402951    -0.193165    -0.120445   -0.0368583     0.192467     0.069744    -0.173419
   0.0524602     0.228985    -0.113637  -0.00875511     0.480811     0.139362   -0.0647744    -0.228273    -0.198568    -0.265247     0.249276    -0.170942     0.231126    -0.303816     0.446769     0.269819     0.418138    -0.105847    -0.116956   -0.0498211   -0.0877168     0.198475    -0.176998    -0.127872     0.116471     0.132067    -0.403047     0.163233     0.148885     0.181749    0.0285833   -0.0981843
   -0.178778      0.10322     0.133741  -0.00871901    0.0074694     0.296384     0.161556   0.00312033   -0.0221471    0.0712585    -0.127475     0.255674    -0.263693     0.103544    -0.229043  -0.00878865    0.0543034    -0.102067    0.0812832     0.114811    0.0341144    -0.180282     0.374483     0.156055    0.0969524     0.169158     0.214141    -0.087183     0.214365     0.221316   -0.0555035   -0.0443919
   0.0523681    0.0171619     0.220828    -0.190987     0.242041    -0.238548     0.233364     0.309232    -0.412867   -0.0905877    -0.324126     0.276761   -0.0439654    -0.176411    0.0685571    -0.266456    0.0804371    -0.176475    0.0192129   -0.0418177    0.0426607     0.161596    0.0884852   -0.0767778   -0.0238509    -0.169783     0.220074    -0.226983    -0.196561   -0.0594472    0.0826506    -0.364238
    0.114696     -0.26771    -0.248745   0.00505131    -0.291138     0.164467    -0.114011      0.11906      0.18761    -0.088559    0.0874004     0.221312     0.073283   0.00864261     0.158776   -0.0403895    0.0822649     0.384082   0.00896239    -0.178624    -0.399105   -0.0591219   -0.0855636   0.00960419     0.157279    -0.239576     0.127791    -0.123608    -0.349507     0.245196    0.0528643     0.152265
   0.0217074     0.199452   -0.0166886    0.0927696     0.211525     0.221321   -0.0462162     -0.24293    -0.353093    -0.157203    -0.314054   -0.0552881    0.0755953    -0.248278     0.142549     0.199408     0.215374    -0.465001    -0.161327    -0.189456     0.191021    -0.178705     0.053545    0.0053553    -0.131754    0.0548195    -0.044892     0.370841    -0.025669     0.126206    0.0761227    -0.175575
   -0.200765     0.360903     0.316499     0.306819    0.0341638     0.181262    -0.189277     0.233681     0.120869    -0.215038    -0.220535     0.261165   -0.0386081     0.116308   -0.0706237     0.144197    -0.312925    0.0738399     0.163191   -0.0363411    0.0897339   0.00508213    0.0944881    0.0260938    -0.118153   -0.0895484     -0.25375     0.298837    -0.110556      0.18915    0.0847889    -0.189296
    0.167213     0.190416     0.155779    -0.122967     0.183056    0.0491107   -0.0285936    -0.150724    -0.133256    0.0133781    -0.419456     0.417277    0.0252736     0.164594   0.00617683    0.0253538    0.0859906   -0.0565608   0.00402981    -0.233383    -0.177964    -0.116259     0.100157     0.377551      0.18373    -0.259226     -0.20483    0.0160896    -0.442052      0.18224    -0.241069   -0.0635462
   0.0767385    0.0278629     0.147392     0.102748    0.0915682     0.242276   -0.0132032    -0.161871   -0.0870802    -0.259307    0.0797224   -0.0309238    0.0369221   -0.0146128     0.340472      0.19006     0.101811    -0.194843   -0.0439537     0.195783     0.159744     0.064784     0.140801   -0.0604893     0.258001   -0.0625763    -0.381899      0.40653    -0.110199     0.362677     0.259927    -0.135056
    0.258023     0.162403     0.036807   -0.0429844     0.159307    0.0048065   -0.0700178   0.00444321      0.29371     0.116667     0.275865     0.147471    -0.161965    -0.292564    -0.257788   -0.0269078    -0.167674    -0.252172   -0.0473171     0.271103    -0.280018  -0.00106239 -0.000900954   -0.0037036     0.141199    0.0169239     0.524719   0.00762647   -0.0997164     0.323925    -0.142943     0.110809
  -0.0387489     0.376237    -0.468693    -0.042999    0.0995743     0.288833   -0.0623194    -0.110958    0.0769915    -0.318329    0.0756884     0.121859    -0.448561     0.332897     0.328583     0.284607     0.333197     0.125477    0.0503697    -0.226676    0.0429585   -0.0048527      0.04678      0.15724     0.282104    -0.335124    -0.359642    0.0365005    0.0776758     0.240323   -0.0224636    -0.406047
   0.0566268   -0.0556298    0.0508863      0.40684     0.264776  -0.00989992    -0.192892    -0.150935   0.00673829    -0.164758   -0.0671022    -0.129895     0.147646     -0.12605     0.120119     0.283333  -0.00391753     -0.03925    -0.155196    0.0863014   -0.0282559    0.0848548     0.163317    -0.167347    0.0719968    -0.313467     0.200664    0.0430367     0.288613     0.188902    -0.284105     0.248565
   0.0411359     -0.14372     0.122588    -0.232153     0.179353   -0.0198522   -0.0462111    0.0381839    -0.189218    0.0244125     0.182406   -0.0470419   -0.0484291    -0.334435    0.0875107    -0.282479     0.122705    -0.214762     0.154148   -0.0617976     -0.16804    -0.192104   -0.0338491    -0.189729   -0.0632785    -0.257093   -0.0236784   -0.0315159   -0.0715884  -0.00894629    0.0424937    -0.163919
   -0.241813     0.152525     0.287608     0.240091   -0.0132918     0.306315    -0.151298   0.00609888     0.223577     0.188313    0.0986675     0.334426     0.117667     0.104037    -0.154481   0.00856378    0.0390573    -0.159883     0.187017    -0.150311    0.0824695     0.263031     0.181981    0.0804066    0.0688798      0.15005     -0.18851     0.194808   -0.0744958     0.249664     0.322939     0.284518
   -0.297312    0.0709291    -0.182824      0.22186     0.227269      0.34583    -0.159097    0.0594846    -0.190069   -0.0408546    0.0427391     0.318781    -0.186143     0.308397    0.0544528    0.0611566    0.0331604     0.105084      0.17618    -0.456376     0.160985    -0.287303    -0.298689   -0.0284392   -0.0325993    -0.101716    -0.176252    -0.201895    -0.420234      0.10049     0.387793    0.0156864
  -0.0475101     0.065819    0.0736039    0.0649849     0.025976     0.039244      0.38085   -0.0131203    0.0606746    0.0433913    -0.135398     0.195845     0.170322     0.190535    0.0909093   -0.0665584    0.0785897    -0.387286     0.270003     -0.27736     0.167525     0.103806    0.0149843    0.0509724     0.081335    -0.210393    -0.198389    0.0659246    -0.482693    -0.179856     0.193566     0.301457
    0.116174     0.128817    -0.371693    -0.182354   0.00419487     0.234224      0.10079     -0.57051    0.0504822     0.106022    -0.141149    -0.158594    -0.133602     0.139677     0.203898     0.253479    -0.163008     0.224231   0.00797289   -0.0687589      -0.1089    -0.138417     0.115878     0.237505     0.244342    0.0108219     0.250335   -0.0203024   -0.0723187   -0.0357085    0.0668073   -0.0068215
   -0.253556    0.0595315     -0.16866     0.058938    -0.283057      0.16793    -0.180182   -0.0439512    -0.061559     0.298927     0.357794     0.257984     0.542048   -0.0433086  -0.00511139     0.127829    -0.120789   -0.0806932      0.39107     0.242068   -0.0645774    -0.211074     0.114357    -0.322462     0.141912     0.142351    -0.111014   -0.0495313     0.089378    -0.178744   -0.0135494     0.341048
   -0.307541     0.297328     0.209888    -0.231417    0.0980912   -0.0821736     0.101969    0.0424698    -0.054453     0.143522    -0.191262   -0.0676521    -0.091906     0.113482   -0.0131793    -0.273417    0.0119432     0.142797     0.177413    -0.289398      0.03073    -0.050588   -0.0375133   -0.0717336    -0.258705   -0.0410557     0.125019    -0.123378    -0.235218    -0.122857     0.309644       -0.103
   -0.105596    -0.258512    -0.253979   -0.0721847    -0.454199    -0.196883     0.433072     0.163678     0.234428    -0.154328   -0.0245122    -0.170046    -0.324236  -0.00507054   -0.0779334    -0.272796    -0.231307     0.226687      0.24632     0.187833    0.0655636    -0.212382    -0.141607    -0.130174    -0.287937     0.187975     0.287943    -0.131518    0.0791145   -0.0423021  -0.00161744   -0.0224486
   0.0579843     0.397971    -0.443269    0.0577798   -0.0601533     0.161801   -0.0379429    -0.263486    -0.241189     0.346462    -0.342028     0.224362   -0.0716705     0.152611     0.068639     0.300624    0.0550478    -0.177386     0.005862    -0.157622     0.176659    -0.320825    -0.123289    0.0446232   -0.0201738    -0.215435    -0.297424    0.0179772    -0.347389    -0.308387    -0.171598     0.308962
    0.350637   -0.0440481    0.0912888    -0.261858    -0.293676     -0.39749     0.599485    0.0954714    0.0541272    -0.285258     0.181102      0.14306    -0.494017     0.346641     0.108135      0.29976    -0.598738   -0.0769666    -0.375378   -0.0862067     0.178079     0.038041   -0.0826288    -0.338952    -0.265435   -0.0245515    -0.194514    0.0463484    -0.260321     0.248111     0.320279    0.0453824
  -0.0731363     0.107806   -0.0225968     0.136674     0.164889    0.0343749     0.351933     0.117847    -0.180698    0.0103861    0.0230395    0.0469094     0.256766    -0.399212     0.374555    -0.101988    0.0584329     0.437618    -0.269816    -0.162572    0.0671425     0.225149    0.0753021    -0.226182     0.415312   -0.0225204    -0.278822   -0.0404435    -0.302849    0.0754868     0.309741   -0.0961839
    0.260435    0.0912536    -0.245073    -0.107721    0.0470222     0.274476     0.105385    -0.188879      0.11811     0.233501     0.162215    0.0346784    -0.145858    0.0800295   0.00913361   -0.0230415    -0.371627    -0.133166     0.168263    -0.348092    -0.492182    -0.121615    0.0173208    -0.163055     0.144283     0.364398    -0.119175     0.253006    -0.305164     0.341933    -0.277965     0.168483
 -0.00694942    -0.252947    0.0530553    -0.249536    0.0506776    0.0623636     0.128157   -0.0678666     0.241008    -0.227131     0.194318    0.0109163     0.056147    -0.157824     0.380389     0.120689     0.421951    -0.103931    -0.128705    -0.232893    -0.423184   -0.0254114    -0.235344   0.00960469     0.305959     0.249791      0.18441    -0.131159    -0.154867     0.295867    -0.405785     0.217293
   0.0759005    -0.194065  -0.00700436   -0.0794037     0.171402   -0.0310997    -0.170927    -0.287795    -0.322624     0.386585    -0.133192    -0.145362      0.41883   -0.0258805     0.163275   -0.0708727    -0.214155     0.106882    -0.230741   -0.0729728   -0.0873053    0.0555195   -0.0314478    -0.125686    -0.187166  -0.00604863     0.489027    -0.255811    -0.101651    -0.122838   -0.0817185      0.27023
    0.511176     0.341666    -0.414099    0.0809918    -0.389705    -0.248894     0.430778     -0.11408    -0.583445    -0.366524     0.178494   -0.0831794    -0.324332    0.0325852    -0.569666    0.0938303    -0.246447    -0.401081     0.251019   -0.0465863     0.146556    0.0703058     0.389236   -0.0382666    -0.274938    -0.251534    -0.089015    -0.209327    0.0167407    -0.100397    0.0304556    0.0941077
    0.124595    -0.184688   -0.0368142     0.296612    0.0926759    0.0476433    -0.398775     0.259882   -0.0940028    0.0413537     0.128809     0.112196    -0.119727     -0.37605     0.263448    -0.164633     0.211723     0.228483     -0.24173    -0.291288    -0.180725    -0.213783     0.065578    -0.167824     0.207298    -0.165924    -0.115842    -0.320295    -0.209535   -0.0720194    -0.389083   -0.0119257
   -0.143747     0.247699     0.529801     0.147913     0.265186     0.151155     0.332164    -0.116303  -0.00273103    -0.231749     -0.13423   -0.0725149    0.0727087    -0.123084     0.222658    -0.300745    -0.264507   -0.0673312    0.0504851   -0.0480014     -0.10079     0.214522    -0.146323   -0.0179625     0.194264    -0.132227   0.00149387    -0.296936    -0.110898    0.0950854   0.00302834      0.13699
    0.293589    0.0556554   0.00819932   0.00151059     0.243724   0.00573467    -0.179861  -0.00184487     0.190811     0.168627    -0.209944    0.0175163  -0.00771021    0.0216057     0.282798     0.140861     0.141744    -0.148639    -0.177123    -0.309762    -0.375238   -0.0135886    -0.178955      -0.2818    0.0295086      0.14386    -0.335614     0.521535    -0.186734   -0.0260492     0.224266    0.0108271
  -0.0604604     0.071884    -0.112535    -0.308293    -0.330097    -0.391006   -0.0369731    0.0735761     0.307194     0.283515    -0.108341     0.395135     0.235131     0.163809   -0.0406175    -0.111636     -0.11647 -0.000556932     0.160356     0.188448    0.0796971   -0.0145733     0.147631   -0.0743937    -0.257676    -0.307297     0.361598     0.148184    0.0625651    -0.270632     0.111653    -0.132644
  0.00602663    0.0184072      -0.1025     0.266531    0.0317927   -0.0729297  -0.00970595    0.0537057     0.282028     -0.28614     0.102046    -0.174998    -0.171804     0.143558   -0.0759893     0.195651     0.101499    0.0547784    -0.175142    -0.202008    -0.240168   -0.0755845     0.049298     0.188531    -0.181509    -0.227993     -0.24717     0.232522    -0.267549   0.00261344    0.0532555     0.396586
    0.327136    -0.034825     0.193763     0.185819    0.0191762     0.127137    0.0379026   -0.0127721    -0.337103    -0.181636    -0.631578     0.215819   -0.0792955   -0.0874444     0.084153    -0.127967   -0.0470934    0.0448532    0.0385646    -0.124552     0.161891    -0.184277    0.0644065    0.0553865     0.131962    -0.205379    -0.260181    0.0960075   -0.0546507    -0.297721     0.123954   -0.0420912
   -0.372654     -0.14767    -0.118224     0.162409    0.0298658     -0.32851     0.247339     0.171295      0.16122    0.0543828     0.224996     0.182649   -0.0206783     0.248721    -0.278021     0.173878    -0.099681    -0.203087   -0.0633949   -0.0031428     0.382112     -0.11448     0.191702    -0.280942   -0.0706117    -0.252951    -0.238323    0.0755593    -0.307678     0.252297     0.107122    0.0138621
   0.0474228     0.173296     0.261168     0.252524     0.023252   -0.0104462     0.134605    -0.273298   0.00375016    -0.228289    -0.316768  -0.00476868    0.0533151    0.0587435     0.332058     0.411131   -0.0680892    0.0381248    -0.232875    -0.240057     0.055684     0.145638    0.0906561   -0.0669847     0.204224    0.0078234    -0.655491     0.258171    -0.290732     0.431854     0.131812     0.193055
    0.129205     0.261759    -0.183418    0.0406101    -0.188107   -0.0677144     0.343223    -0.274585    -0.214653     0.145602   -0.0721035    -0.292637    -0.222559   -0.0417961     0.150486 -0.000360214    -0.450874     0.334886  0.000263454   -0.0815951    -0.382132    -0.278601     -0.22609   0.00941571    -0.108916    0.0394335     0.207361    -0.147403   -0.0367302    0.0810772    -0.323326     0.273366
   -0.297646     0.360615     0.247035     0.116826    0.0779164    -0.403455   -0.0502469    -0.372692    -0.194238   -0.0686145    -0.204627  -0.00321043       0.1017    -0.355304    -0.235112   -0.0819065     0.172655    0.0999951    -0.355575   -0.0476581   -0.0890909   -0.0173466   -0.0268534    -0.273054   -0.0476799    0.0750504    -0.182512   -0.0211828    -0.107292    -0.133305       0.4329   -0.0721387
  -0.0665845   -0.0771744     0.248304    -0.115267    0.0824516     0.122658   -0.0768758       -0.117    0.0468014   0.00225845    -0.196241    -0.128001     0.147475   -0.0753708     0.153402    -0.242595    0.0688776    -0.366601    -0.036231    -0.317617     0.120349    0.0178455    0.0394045    0.0139522     0.181394     0.270712   -0.0939467     -0.25802   0.00171995    0.0756675     0.201747    -0.282209
   -0.172564     -0.31679     0.370536   -0.0271005   -0.0970012    0.0479763   -0.0575488     0.249826    0.0956378   -0.0349167     0.226813   -0.0801084      0.26315     0.319422     0.176383  -0.00937558   -0.0592869    -0.128964     0.133449     0.115754   -0.0237644   -0.0067736    0.0219472    -0.334216    -0.129576    0.0352209    -0.167773     0.309483    -0.223966     0.085999   -0.0093346      0.12681
   -0.163903   -0.0514417    -0.351361    -0.126069     0.213743     0.134961     0.107202    0.0548634    -0.130508    -0.118602     0.242728      0.17526      0.22313    0.0553758     0.130905     0.174723    -0.308129   -0.0792573    -0.154086     0.148856     0.259642    -0.451464     0.252213    -0.069876     0.197364    -0.241291    -0.241771    -0.269149     0.102538    0.0492883     0.081216     -0.44944
   -0.247554     0.117572   -0.0480789    0.0455982     0.450169    -0.120822     0.117952    -0.422561    -0.485798    -0.208906    -0.206998    -0.143157     0.132042    -0.421351     0.309688     0.216727     0.487268    0.0359174     0.133125  -0.00639769     0.195866    -0.060971    -0.186871       0.2106   -0.0608031   -0.0172546     -0.59272     0.188324    -0.143166     0.309116     0.111884     0.167799
    0.151194   -0.0893854    -0.308029    0.0700208     0.254276     0.215586    -0.377474    -0.107723    -0.129791     0.337042    -0.133617  -0.00582537    0.0405968     0.130757    0.0542286    0.0514969     0.199047    0.0903308    -0.078696    -0.199093    -0.161241    -0.380341    -0.273347    0.0731022    -0.175091    -0.202628    0.0778065   -0.0287857    0.0899576   0.00649191    -0.403884    0.0496966
    0.593752    -0.343289   -0.0935401   -0.0953957     0.182315    -0.323219     0.159591    0.0549314    -0.106704   -0.0787704     0.292022    0.0875462     0.210394    -0.177468     0.160058     0.223198    -0.213096    -0.490816      0.12728    0.0137949     0.226138    -0.381784     0.312734    -0.472148     -0.34117     -0.13258     0.169409     0.492173   -0.0461981    0.0621257      0.30641   -0.0198074
    0.296424    -0.168676   -0.0128445     0.339468     0.134325    -0.030406    0.0638331    0.0096363     0.181845    0.0662604    0.0849246     0.132525    -0.179002    0.0637116  -0.00670948     0.358086   0.00567988    -0.268427    0.0501875    0.0832083   -0.0585081   -0.0854095    0.0222144    0.0485998    -0.117714     0.185332    -0.541589     0.153603   -0.0543344     0.149374      0.25823   -0.0878386
   -0.125929     0.069409    -0.250276    0.0262999     0.234944     0.120191    -0.124269    -0.116736     0.016265    0.0228972   -0.0208505    -0.149956    0.0452121     0.167979     0.294014    0.0907456      0.35067    -0.173088   -0.0575524   -0.0914976    -0.399619    -0.162827  -0.00196549     0.303798     0.107073    0.0756204    -0.190585    0.0624942    0.0300284      0.33998    -0.313779    -0.138151
   0.0974514     0.262966    -0.265651     0.162446    -0.200788     0.026838     0.309182     -0.20026   -0.0413593   -0.0122636   -0.0752475    0.0012805     -0.18348     0.177612    -0.156776    -0.221026     0.206055     0.137553    -0.045595    -0.101116    -0.322425     0.188979     0.342667    -0.324452    -0.266259    -0.127906    -0.475142    -0.187293    0.0357057    0.0454996    0.0371492    0.0123953
    0.108914   -0.0993553       0.2352    0.0926557    0.0243854    -0.374217   -0.0910794   -0.0901818    -0.175101     0.141979    0.0983424     0.149408     0.405178     0.112105     0.170328    0.0688185    -0.336699   -0.0456856     0.147509     0.163872     0.080754  -0.00206302     0.242702    -0.216282    -0.018572   -0.0116231   -0.0673726     0.194513    -0.237277   -0.0356968     0.350104      0.11818
   0.0214674     0.308947    0.0567817     0.205403   -0.0513002   -0.0976068   -0.0469513    0.0115894      0.51407    0.0338772    -0.503803     -0.04591    -0.391673    0.0613421     0.174935    -0.125109   -0.0905047     0.214966     0.133263    -0.131986    -0.122645   -0.0253649    -0.202862     0.344228     0.200888     0.312209     0.191254    -0.482618    -0.263469     0.344293    0.0545825    -0.010193
    -0.27042   -0.0670315     -0.14551    -0.185721    -0.359856   0.00569328    -0.147546     0.164346    0.0522945     0.189639     0.449587     0.327988    -0.126691     0.119177    -0.145538     0.203827    -0.250217    -0.375495     -0.52576    0.0784146   -0.0230409    -0.203894     0.136608    -0.400564   -0.0753215    -0.190658     0.236511     0.248338     -0.13844   -0.0601847    -0.124592     0.194288
   0.0193586     0.195885    0.0332499     0.127287   -0.0800981    -0.149954     0.133412    -0.060344   0.00643327    -0.519452    -0.269835    -0.252595    -0.238439    0.0590961    -0.206179    -0.136693     0.343174    -0.233857   -0.0259314    0.0475819   -0.0196616    0.0688814   -0.0951815    -0.196926    -0.125933   -0.0986856     0.044842    -0.263664   -0.0903654    -0.160382    0.0325583   -0.0788352
    0.368535     0.509598    -0.172074    0.0727943   -0.0685969      -0.2884    0.0699349     0.160992   -0.0865854    -0.555532   0.00156657    0.0996554    -0.260146     0.288747     0.201802   -0.0147636    -0.121195     0.139444     0.334389     0.281519    0.0626495      0.26597     0.253136    -0.501597     0.125671   -0.0835303    -0.603981     0.126317   -0.0342191       0.5801     0.147572    -0.374632
   -0.191894    -0.206931   0.00642766     0.110936   0.00988047    0.0090346     0.124483   -0.0719406     0.114338    -0.504212     0.266536     0.337581    -0.137805     0.301247    -0.213721   -0.0749827     0.058271    0.0345867    -0.144259    -0.118037    -0.165606    -0.152958   -0.0667512    -0.535494    -0.641337     0.248823    -0.547769     0.111161    0.0947813    -0.222112   -0.0598546   -0.0488319
    0.126638   -0.0471759     0.327353    0.0879428     0.010974     0.162498     0.161786   -0.0531505     0.153335     0.237056     0.277709     0.105998     0.151198    0.0081977   -0.0891944    -0.138166     0.353451     -0.12203     0.327773    -0.352097     0.360142    -0.113105    -0.200024     0.245763     0.308962     0.215096     0.177249      0.23251    -0.364327   -0.0364282     -0.19664   -0.0713046
   -0.191864    -0.314413     0.192563     -0.11659     0.188884     0.304107     -0.15821    -0.348746    -0.105614     0.267434      0.07147    0.0113568     0.225173     0.103195    0.0411457     0.245092  -0.00229871      0.36978   -0.0584924     0.150916    -0.247691    0.0422906   -0.0556395   -0.0611622    0.0788462    -0.218582    -0.321647    -0.294031  0.000685728    0.0664843    -0.118573    0.0866323
   0.0846027   -0.0624312     0.347037     0.297929    -0.707912    0.0948945     0.228868     0.226396     0.110058     -0.24695   -0.0137036      0.40964     0.205382    -0.313906   0.00786412     0.127173   -0.0337725    -0.143243    -0.295899     0.178803    -0.117676    0.0748493    -0.139328    -0.116259      -0.2535     0.299833  -0.00501492     0.195616    -0.210109     0.177456     0.158563     -0.11861
   0.0107258     -0.37962    0.0114164      0.16709    0.0311534    -0.224068      0.13965    0.0851681     0.243973   -0.0197273     0.337114    0.0185913    0.0203084     0.127336     0.280064    0.0607745   -0.0567801    -0.213621    0.0423767    0.0802289     0.201539    -0.187412    -0.377297     0.168398    -0.194148  -0.00831182    -0.202865     0.150222    -0.178497     0.445811    -0.349745     0.141985
   -0.250379    -0.191436    -0.253909    0.0840993    0.0750251   -0.0952715    -0.251416    0.0378006    -0.265805    0.0493633    -0.262573     0.100697     0.285341     0.266729     0.351686     0.232568    0.0439588     0.216208    -0.190106    -0.546513    -0.166813    -0.219523    -0.205214    -0.202999    0.0592728    0.0207626    -0.371296    0.0627296     0.186344    -0.127415    0.0923724    -0.240761
    0.314991    -0.336901    0.0617928    -0.249801    -0.303441     0.408365     0.356875    0.0427584   -0.0620816    -0.159712    0.0562328      0.57529     0.854706    -0.341696    0.0414528    -0.272126   -0.0901627   -0.0670044    -0.162511   -0.0567646    -0.251373    0.0604103     0.195503     0.336205    -0.540613      0.19992    -0.367187      0.45472    -0.197915    -0.788815     0.107498      0.56418
    0.120951   -0.0685427    -0.154721     0.252803     0.148508     0.437783   -0.0692464     -0.43746    -0.116895     0.435364     -0.05528    -0.168744    0.0592417   -0.0370454     0.493078    -0.137272   -0.0549425    -0.160866    -0.148604    -0.303428    -0.079184    0.0339887   -0.0474707   0.00755607   0.00995879    -0.200057    0.0104165    -0.413073    -0.198846     0.374958     0.125481   -0.0267273
   0.0831521    0.0596989    -0.275534   -0.0451695     0.105146    -0.296175     0.344696    0.0672985   -0.0330532    -0.241128    0.0551583      0.13452   0.00989433     0.140715     0.147218    0.0825961    -0.257648   -0.0187898    0.0345624    -0.253729    -0.077519     0.332283    -0.299654   -0.0573739    0.0106398    0.0636235    0.0249962    -0.322319    -0.119416     0.236102   -0.0490735     0.243012
  -0.0229521   0.00168953     0.125573     0.198161    -0.268145   -0.0461217  0.000730804     0.284294    -0.225697    -0.269446    -0.200462    -0.064583   -0.0603382     0.124757    -0.132386     0.115638     0.221859     0.318561     0.222657     0.198803    0.0889987     0.257194     0.099878    -0.349074      0.14531     0.144479    -0.117178     0.529475   -0.0672286      0.23346      0.18886    -0.165441
   -0.345969     0.036077     0.151525  -0.00201756   -0.0687609    -0.422651    -0.055919   -0.0438322   -0.0987008     0.237648     -0.11946     0.141743     0.326851     0.161274    -0.224045    -0.139442     0.220857    0.0554758    0.0699678    0.0274683     0.105496    0.0241711     0.120543    -0.359354     0.030852   -0.0122757    -0.337773    0.0188421     0.142808    -0.338401     0.171499     0.019783
  -0.0572975    -0.164545    0.0885716    -0.189974     -0.20371     0.091267     0.443985     0.123755  -0.00621195  -0.00112204     0.383772    -0.124459    -0.272194     0.249333     0.229093     0.261997    0.0739596    -0.671799    -0.199134    -0.146376    -0.157037    -0.176521     0.153596    -0.139341    -0.202568     0.133494   -0.0340031   -0.0294127    -0.363545     0.148284  -0.00235844     0.311351
 -0.00244174    -0.200753    0.0229449    -0.256515     0.178448   -0.0552781     0.142838     0.233096      0.09169     -0.24211     -0.08786     0.214428     -0.18946     0.198358     0.101896    -0.239557    -0.186336   -0.0867866     0.100872   0.00685052   -0.0658685      0.18033     0.121152    0.0312962    0.0484821     0.181954    -0.126184     0.138855     0.316982      -0.1008    -0.118912    -0.014897
   0.0959698    0.0911351    -0.341249    -0.215143    -0.142157    -0.124244    0.0603128     0.232927    -0.140421    0.0572414     0.183341    0.0550555    -0.169919    0.0989781    -0.142143    -0.172872    -0.234891   -0.0722585    -0.180809   -0.0679577     0.211402    -0.276113   -0.0442003    -0.135981    -0.128388   -0.0780426    0.0125064    -0.269715    -0.249805    -0.479507    0.0919092      0.43989
   0.0962416    0.0608044     0.020134   -0.0689186     0.190486     0.340471     0.232199    -0.132918    0.0190098   -0.0707476    -0.159633     0.264307   -0.0863779     -0.23758     0.381054     0.101739   -0.0299418    -0.364987   -0.0686277    -0.131001    -0.229279     0.112807    -0.149696  -0.00721527     0.170676     0.378402    -0.489684     0.449643    0.0424946     0.335219  -0.00565745    -0.323267
   -0.120694     0.277304    0.0894549    0.0412842    -0.248462   -0.0439381    -0.146864   0.00857068     0.330792     0.316341    0.0901521    -0.192054   -0.0551111     0.147889     0.227633    0.0228316   -0.0611628     0.191345    0.0609618    -0.258482   -0.0997332  -0.00959903    0.0299153     0.147461    0.0712817    -0.130727    -0.218116     0.208032    -0.269352     0.156134     0.110749    -0.168875
    0.410515     -0.21025    -0.226826    -0.249089     0.693423    -0.331868     0.171509    0.0071882    -0.362148    -0.255391     0.156107    -0.109581     0.534433   -0.0656044     0.437631    0.0977156    -0.668793     0.256649      0.39893     0.363404    -0.111849     0.180654     0.341376    -0.578431   -0.0950039    -0.487081   -0.0071497    -0.309525     -0.21703     0.191773    -0.170183    -0.258837
