   -0.131379     -0.22478   -0.0558763   -0.0541224   -0.0932877      0.24389    -0.049608    -0.351632    -0.483679    -0.145521    -0.130634    0.0808813    0.0254912    -0.398514    0.0873585    0.0900974   -0.0440689     0.181373      0.11895    -0.128104    -0.250396    0.0179668    -0.105189   -0.0641083     0.352972     0.104451     0.143983   -0.0260179    0.0541864     0.008687    0.0671598      0.11983
    0.116294     0.061367    0.0785939    -0.217434    0.0632588     0.288816     -0.07893    0.0333454    0.0823269    0.0624209    -0.136371       -0.311    -0.125746     0.651547     0.220365    -0.204056    -0.239134     0.231943    -0.120481   -0.0386426    0.0710423    0.0514941   -0.0166391   -0.0598909    0.0688466     0.163039     0.185632    -0.337901     0.216152    0.0712811     0.126518     0.213921
   0.0620957     0.120099   -0.0959785   -0.0486133     0.127737     0.291917   -0.0820285   -0.0985567     0.456846    0.0303269   -0.0774723     0.276945     0.168533    -0.167415     0.117466    0.0128274     -0.21859     0.106264    -0.210052    -0.025595    0.0240209    -0.160614     0.157603   0.00356328    -0.508189     0.300243    -0.102016    -0.133439     0.197347    0.0718199   -0.0963702    -0.153234
   -0.305293     0.243412     0.115819    -0.195358   -0.0788502      0.20561   -0.0325132     0.150829    0.0781767   -0.0998386     0.095955   -0.0775781     0.196262    0.0117237      0.20634    -0.271526    0.0940619    -0.253614    0.0199897     0.366565     -0.15162   -0.0259595     0.198432    -0.240261    -0.278495   -0.0107974     0.189645   -0.0746477     0.418193     0.107097 -0.000552462    -0.129474
   -0.146329    -0.221702    -0.247698   -0.0767604     0.132207    -0.168994    0.0404548    0.0829585    -0.274279   0.00385155     0.232307     0.208592   -0.0707261     0.085125    0.0888932     0.156142    -0.111645    -0.200408     0.158411    -0.150369   -0.0808226    -0.180139    -0.129678    -0.030058     0.278805    -0.402686    -0.266335     0.398262    -0.325237     0.298227   -0.0661851    -0.346715
  0.00777785    -0.453376    0.0511105    -0.113588      0.36622    0.0674414    0.0131527      0.15444   -0.0862365     0.208334     0.280565    -0.129292   -0.0819446    -0.245867       0.1911    -0.034537     0.020058    -0.250204  -0.00013319    -0.224409    -0.099425    -0.274105    -0.152828   -0.0405133    -0.163683    -0.237896   -0.0301405     0.226894     0.227119      0.08416    -0.338985    -0.156311
  -0.0245304     0.353939    -0.256335     0.112447     0.196344     0.366088    -0.125594     0.282099    0.0460107    -0.193166     0.235264    -0.107976     0.307358    0.0112203     0.410102   -0.0429759  -0.00311135   -0.0862659    0.0803156    -0.238907    -0.100229     0.116611     0.304321   -0.0330058    -0.189258     0.285631    -0.175888    -0.563449    -0.177734     0.105324    -0.078386     0.110056
   0.0736656    -0.067917    -0.169328      0.25504     0.147373    -0.137796     0.127114     0.112461     0.080638     0.184271    -0.136151    0.0928309    0.0154814   -0.0163144   -0.0980871    0.0323075    -0.161262   -0.0351205   -0.0224659     0.060193   -0.0723894    -0.105794      -0.3651     0.228332     0.106753     0.288988   -0.0782309    -0.257427    -0.208022    -0.255979      0.27968     0.357969
   -0.259963    0.0319477  -0.00262875    -0.200291     0.190182    0.0544339     0.258863     0.353929    0.0799722     0.185922    0.0857348    -0.159347   0.00292433    0.0343577    0.0474714    0.0547564     0.120391   -0.0539092    -0.257559    -0.279607     -0.11641    -0.182832     0.076439    -0.116604   -0.0323491     0.239279    -0.239415     0.163014   -0.0159505    0.0746134    -0.201128    -0.297888
   -0.470949     0.207431      0.10705      0.42166    0.0936094     0.262095   -0.0991182    -0.017902   -0.0119647    0.0239563    -0.447108    -0.116807      -0.1326     0.187068    0.0428215     -0.18881    0.0299908    0.0110324    -0.191533    0.0681127    -0.258189    -0.127204  -0.00557379    0.0161692   -0.0602444     0.404457     0.108212    -0.368471     0.313021   -0.0730128     0.239139    -0.167013
   -0.288783   -0.0536706     0.075424    -0.104519    0.0591143   -0.0279087     0.132525     0.123129     0.277906   -0.0169073    -0.470049    0.0209935    -0.081031   -0.0972623    0.0531938     0.116888    0.0316501   -0.0907814    -0.227449     0.196893    -0.340855   -0.0223607    0.0308293     0.130574   -0.0251869      0.11436      0.25445    -0.146367    -0.110569     0.212994     0.104114    -0.252333
   -0.208854   -0.0173099    -0.119181     0.119849   -0.0040715  -0.00060094   -0.0295504     0.113852     0.398771     -0.22995     0.113749   -0.0536749    -0.123036    -0.175981    0.0514526    -0.253768    -0.176525    -0.123636   -0.0734484   -0.0728224    -0.297154    -0.152546    -0.029046    -0.283752    -0.365617   0.00411729    -0.145705    -0.197595    0.0525814   -0.0356725    -0.111357  -0.00861412
   -0.399634   -0.0517495    -0.231772    -0.105106     0.324163    -0.202907     0.145996     0.127396   -0.0996021     0.158635      0.42463    0.0607121   -0.0115115    -0.078291   -0.0530367    0.0801844    0.0034329    -0.236859     -0.21502     0.139799      0.11335    -0.170984     0.326848     0.038247    0.0766155    0.0513722    -0.204077   -0.0498312   -0.0946002    -0.055338    -0.184997     0.100823
   0.0733498     0.156181    -0.303823     0.157087     0.252864     0.126396     0.113806     0.424322   -0.0187197     0.258994   -0.0857691    0.0142933   -0.0153057    -0.198319     0.197698    -0.146385    -0.125031    0.0249603   -0.0497962     -0.18547     0.120758   -0.0642642    -0.058882   -0.0142272    -0.093082    0.0203309    0.0527944    0.0513092    -0.256645    0.0482179     0.104354     0.033719
   -0.163126  -0.00385723    -0.265253    -0.182973     0.132049    0.0988253    -0.319222   0.00052568     0.176238    0.0722724    -0.121125    -0.108573    0.0490452    -0.235428    0.0220024    -0.145472  -0.00237271    -0.262675    -0.087395   -0.0737585    0.0544822   -0.0548973    0.0917633    -0.245978   -0.0809564   -0.0969548   -0.0502979    0.0526825     0.109468    -0.365855  -0.00963389     0.220977
   -0.139206    -0.387961    -0.110623    -0.174214    0.0673464    -0.314694     0.202511    -0.188847    -0.318291     -0.16991    -0.177786    -0.306401    -0.233782    -0.369989    -0.268584    -0.224247      0.22736     0.116855   -0.0434053   -0.0564276    -0.242099     0.274171    -0.349479   -0.0148426     0.169418    -0.124681    -0.260003    0.0873698    -0.349619    0.0527173    0.0230049    -0.269063
    0.275994     0.136282   -0.0275478     0.030664    -0.205401     0.219327     0.144086    -0.250604     0.351547   -0.0496202    0.0430469   -0.0253368     0.128205     0.199608    -0.271905    -0.196514    -0.141174    -0.165563    -0.117709    -0.141967    0.0202636    -0.273358    -0.128412     0.151485     -0.10013   0.00782302   -0.0721874     -0.30572   -0.0907975    -0.135349     0.386838     0.189428
    0.314506    -0.130311   0.00678378     0.158685     0.188439    -0.433213    0.0721918    0.0202977     0.178503    -0.115052    -0.109132   -0.0179916      0.31892     0.302232     0.076111   -0.0408324    -0.229359    0.0272552    0.0891401  -0.00546776    0.0304942    0.0474416   -0.0643384     0.417131   -0.0171643     0.312678     -0.13783    -0.303318    -0.193523   -0.0636231     0.309772    -0.123134
  -0.0908317     0.228556    -0.239313    -0.111445     0.157576   -0.0496417    -0.236849    0.0724139     -0.34357    -0.366654     -0.18039    -0.148699    0.0910677    0.0801771     0.160092  -0.00727623    0.0371346   -0.0868405    -0.227177     0.173497    -0.195635    0.0927949     0.199802   -0.0123288    0.0901409   -0.0385376    -0.324439    -0.100053   -0.0296536    0.0492991     0.181725   -0.0782734
   0.0696492     0.138628   -0.0624469    -0.228298    0.0493559    0.0452613     0.302071   -0.0316147    -0.129308   -0.0830329     0.241451    -0.244926    0.0586721    0.0101784    -0.196664    0.0974313    -0.169166     -0.11649    -0.433085    -0.305661     0.264663    0.0302785     0.349413     0.132674     0.169873    -0.119924     0.298413    0.0120586    -0.119769     0.103533    -0.273991     0.361471
   -0.277951     0.193282    -0.432707    -0.199356    0.0433361    -0.276017    -0.320721    -0.268713    0.0922574  -0.00528502     0.107453    -0.180502    -0.164391    -0.151648    0.0801357     0.176503    -0.268228   -0.0283391    -0.148833    0.0855099    -0.142545    -0.197281     0.472224     -0.11666  -0.00258325    -0.102912    -0.347149    -0.262886   -0.0958044     0.179282    0.0226869     0.229494
   -0.162957     0.165099   -0.0351318     0.167195    0.0301314      0.13659     0.116479    0.0421732    0.0887619    0.0595208    -0.125401     0.133034     0.117511    0.0937255     0.288653    -0.285338    -0.218585   0.00466208    -0.196524    -0.279082     0.341042    0.0916212     0.149773    0.0558417    0.0931081    0.0980835   -0.0362694     0.104418    -0.170422    -0.452257     0.116539     0.346498
  -0.0924762    0.0188284    -0.324631     0.174133     0.132423    -0.181334     0.129587   -0.0903749     0.197196     0.154782    -0.282574   -0.0363781    -0.314165    -0.230288     0.395665    0.0318313    -0.125249     0.161111   -0.0606194     0.316448    -0.248626    -0.210876    -0.102273    -0.311928   -0.0999871     0.093401    -0.324297     -0.22571     0.192042    0.0956501   -0.0778649    -0.267964
   -0.064504    -0.316914    -0.256197    -0.442421    -0.177912    -0.204944    0.0350586    0.0631235    0.0955975     0.331723    0.0494785    -0.013496    0.0818381   -0.0909464     0.229097    0.0239795    -0.335708    -0.226675    -0.205905    -0.163376   -0.0736082    -0.154077   -0.0399369    -0.418617     0.314206    -0.106837    -0.304345     0.168019     0.229053    0.0570555    -0.115419    -0.102436
    0.270918    0.0992148    -0.199338    -0.227337     -0.02337     0.513162     0.379834     0.269068   -0.0805349    -0.223804    -0.014156    0.0802931    -0.278422     0.190075    -0.162898    -0.268855     0.128533    -0.181025    -0.337746    -0.170038    -0.185315     0.337561     0.198554    -0.279102    0.0268758   0.00322542    -0.181614    -0.138197   -0.0167942     0.464471    0.0230349     0.123023
     0.01079     0.149268   -0.0287187    0.0150962    0.0506613     0.408786     0.285286    -0.042333    -0.460382   -0.0506605    0.0155437   -0.0812558   0.00809785     0.201149     0.135108     0.016158      0.18817     0.213622     0.173762     -0.15785    -0.213788    -0.126196     0.068231      -0.1027    0.0125139     0.404283    -0.258338    -0.201359     0.143968     0.198331   0.00815755    -0.019284
   -0.240133     0.178315     0.140497    0.0324324     0.174627    -0.256229    -0.141057   -0.0862278     0.174501   0.00522849    -0.179681     -0.17576     0.212733     0.259738   -0.0837331     0.422515     0.216569    -0.283926     0.203065    -0.355509     -0.14525     0.162599     0.044502   -0.0446627     0.128687      0.19436     0.220731   -0.0829269   -0.0148115   -0.0418234   -0.0636357    -0.174472
    0.214295     0.370258   -0.0412773     0.165256     0.183761    -0.279235   -0.0685208     0.176442     0.217573     0.043797    -0.102796     0.356282    -0.124247    -0.110088    0.0432525     0.294728     0.180637     0.519244    -0.237201    -0.218507    -0.108017    0.0855958   -0.0916849     -0.16402     0.220171     0.498841    -0.333397    -0.164935    0.0152935     0.180957     0.289874    -0.203068
   -0.231115     0.257292     0.141314    -0.214527    -0.341806   -0.0186226    0.0617118   -0.0951144      0.19254    -0.185957     0.218003     0.107652   -0.0332659   0.00299877    0.0621871     0.312501    -0.123119    -0.153132    -0.103036    0.0186345    -0.170923     0.159944   -0.0988276   -0.0899103    0.0302063    -0.141359    -0.292644    0.0716164     0.245938   -0.0776582     0.165025  0.000886157
  -0.0708147     0.237199    -0.212589    -0.186665    0.0813129    -0.296404     0.137703      0.30795    0.0335554     0.584256     0.145417   -0.0487381     0.100318    0.0368883     -0.10199     0.130023    0.0236724   -0.0372856    -0.210723   0.00589687   -0.0224148    -0.123511    -0.189425    -0.215889    -0.114123     -0.23142   -0.0789998   0.00118766     -0.42921    -0.179933    0.0153561   -0.0683595
   -0.183566    -0.253651   -0.0853231    -0.245344    -0.192336     0.100809     0.258086      0.17996     0.144471   -0.0278973    -0.296602   -0.0956091    -0.221604     -0.23149    0.0395065   -0.0538484    -0.147091     0.258743    -0.194157     0.228161    0.0347721     -0.14612    -0.138802   -0.0789346    -0.112675    0.0757192   -0.0934484     0.206182     0.234712    0.0650248  -0.00719639    0.0096615
   -0.215335   -0.0301004    0.0247178    -0.067621    -0.188038    -0.128762    0.0647736     0.106559     0.549831     0.325386    -0.148438     0.156966    -0.123228   -0.0111301     0.118155    0.0860316    -0.469876    -0.142599    0.0657648   -0.0182428    0.0241871     0.331567    -0.341464    -0.226615    -0.319543   -0.0922448    -0.244575    -0.394035    -0.203333   -0.0432509    -0.117339    0.0455811
    0.114597   -0.0437724    -0.276884    -0.297998     0.203275    0.0856368   -0.0687447    -0.369517    -0.403022       0.2746  -0.00570893    0.0624687    -0.204302  -0.00130108    0.0898632    0.0782059   -0.0680649   0.00516509      0.22802    -0.058819   0.00645734     0.024814    -0.220275     -0.20362       0.1416    -0.357586    0.0886092    0.0307988    0.0670714    0.0122256    -0.205035    -0.164383
  -0.0667979    0.0555048      0.24923    -0.199953    0.0527052    -0.033341      0.58508    0.0941382    -0.118687     0.223082    -0.148854    -0.175332    0.0750015     0.171101     0.222425   -0.0952365    -0.167122     0.285003   -0.0177519     0.207792    -0.238281    0.0520203   -0.0122811   -0.0765891     0.137104     0.405119    -0.178358     0.214375      -0.2554    -0.026559    -0.028789    -0.291633
   -0.390601     0.395861   -0.0792246     -0.12299     0.185269    0.0813939    -0.115817    0.0997713   0.00917443    0.0416117      0.08858     0.174049    -0.232816     0.112942     0.227715     -0.01691    -0.061981    0.0827062    -0.324278   -0.0219916    -0.249864     0.186366     0.490609    -0.383034     -0.19035    0.0477291    -0.262393     -0.24979     0.110666    -0.189985     0.169267     0.130516
   -0.161503     0.186701     0.198439    0.0922926     0.305866    0.0254979     0.135614     0.343217   -0.0204117    0.0241483    -0.167772    -0.252636    0.0190772    -0.287687      0.48798    -0.198838     0.264947    -0.310269    0.0939997     0.099912    0.0517294     0.300122   -0.0822435    -0.217379   -0.0220033     0.118341   -0.0707536     0.168644     0.369462    -0.289741    0.0516181     0.198406
  -0.0817876    -0.227651    -0.168076   -0.0499985     0.268444     0.190083      0.13517    -0.299861    0.0169875     0.203114    -0.188826    -0.172394   -0.0271619    -0.312268    0.0940954    -0.140214     0.225172    -0.237616    0.0299241    -0.189414    0.0497165   -0.0479097   -0.0988775    -0.195489    0.0272662     0.131463   -0.0141093    0.0972619    0.0907521    -0.305199    -0.114832    -0.174066
   -0.020524     0.249288    -0.211705    0.0950573      0.37514     0.274697     0.169316     0.187964   -0.0820663  -0.00737231     0.397333     0.130492       0.3396    0.0970682    -0.157821     0.107759    -0.088154     0.159034    -0.237111    0.0354312    -0.164454   -0.0773575   -0.0183605    -0.163023    0.0965204    -0.432385    -0.049772    -0.179117    -0.146452     0.226951     0.124442   -0.0475336
   0.0439685     -0.29895     0.195971    -0.237145    -0.120854     -0.13234    -0.056385    -0.102379    -0.301208      0.11906     0.185851   -0.0101873    -0.343048     0.224248    -0.212493    -0.089022    -0.100744    -0.204377     0.264557    -0.186759    -0.295922    -0.176258    -0.366037    -0.143279     0.163672    -0.360975     0.230707      0.24425    -0.157853     0.294653    0.0583471    -0.237223
   -0.167203     0.158546    0.0136232     0.179177    -0.246276   -0.0538866   -0.0878407     0.389319     0.035908   -0.0169396   -0.0880512  -0.00574208     0.280421    -0.269238     0.327246     0.173632   -0.0840963     -0.44947    0.0372809    -0.263103    -0.209492     0.196425    -0.208121    -0.202681    -0.150285     0.155316    0.0306836    -0.246454   -0.0608827    -0.198455     0.157895     0.217523
     0.18884     0.106503    -0.036643     0.021515     0.161269   -0.0371057     0.172334   -0.0873572     0.176283   -0.0481932    -0.391472   -0.0742379    -0.448282    0.0625471   -0.0381175    -0.017503   -0.0131439     0.244249    -0.106393     0.149986    0.0476357   -0.0951828     0.436436   -0.0106295    -0.242199    0.0546249    0.0818542    0.0185705     0.783991    0.0489199    -0.224055    -0.234161
    0.266447     0.146353   -0.0222945     0.011287   -0.0294915    -0.152692     0.229847     0.226547     0.234101    -0.131494    -0.132489    0.0160475    -0.108988    0.0506687   -0.0112914     0.161513     0.175806    -0.136355    -0.129919    0.0961194     0.101298   -0.0171279    -0.124138   0.00739795    -0.150991     0.187662    0.0392607     0.202048    0.0419903     0.170377    0.0664286    0.0873701
    0.237922   -0.0707657    -0.210244    0.0762904    -0.301316    -0.191466    -0.120404   -0.0673613     0.116689     0.134279     0.166138   -0.0699058     0.267218    -0.274284    -0.222357    -0.128824   -0.0156729    0.0384486     0.168632    0.0402971    0.0790425    0.0506365    -0.169462    -0.123745   -0.0681501    -0.423858    -0.178484   -0.0920599   -0.0508804    0.0156387    -0.298179    0.0769378
    -0.38372     0.209222    -0.303989   -0.0455863     0.339636    0.0155372    -0.214859    -0.205271    0.0477683     0.182998    -0.137064    -0.152368    0.0332818    0.0881349      0.19084   -0.0510762    0.0959753   -0.0787093   -0.0273554     0.122553    0.0457249    -0.297636       0.2391    -0.102672    -0.406819     0.289147    -0.112512     -0.15603     0.640682    -0.216473    0.0203154     0.279567
   0.0705453    0.0118039    -0.281351    -0.109038    0.0387426    -0.265381    -0.109409    0.0900028   -0.0832804     0.486096     0.129756     0.222611    -0.067293   -0.0429374    0.0912315     0.141558     0.117998    -0.119001   -0.0669523   -0.0792538    -0.121278     0.203142     0.283804    -0.197353    -0.232847    -0.488362     -0.41408   -0.0288306    -0.258924    -0.063432   -0.0425895     -0.10366
   0.0873194     0.370247    -0.185158     0.321373    0.0497678    -0.123262   -0.0553735    0.0892068  -0.00830897     0.290093    -0.136669     0.450823     0.342883   -0.0322983      0.11495   -0.0804626    -0.100825    0.0107688    0.0888991    -0.196074    -0.125926    -0.174428     0.204988   -0.0536622     0.103834      0.27343      0.23695   -0.0112558     0.117954    0.0173045   -0.0465069    -0.092587
   0.0668915   -0.0831683    0.0895785    -0.173909     0.211159    -0.400909    0.0107416    -0.303942    -0.179569   -0.0435332    -0.278022    -0.552302    -0.229027    -0.116262    -0.438282    -0.271055    -0.223014   -0.0043768     0.114099   0.00959219     0.042447     0.241862    -0.201254   -0.0106263     0.240917  -0.00923779     0.228385   -0.0638631   -0.0489992     -0.10981   0.00292883    0.0347665
   0.0906934   0.00640586    -0.297481    0.0275256     0.139477    -0.234471     0.103217   -0.0491973    -0.931493     0.228968      0.18489    0.0840856   -0.0401155   -0.0755536     0.194512     0.250255     0.017317    0.0403276     0.228705     0.360546   -0.0160671    0.0412851   -0.0419788     0.131427     0.380873    -0.121678    0.0526621    0.0677587   -0.0787646    -0.224118    0.0787772    -0.363177
   -0.380408     0.199469    0.0438584    -0.029804      0.33673   -0.0793732    -0.102217     0.149966      0.34695     0.640537    -0.200691   -0.0804552    -0.107322      0.17709     0.147029   -0.0435472    -0.369323 -0.000404941    -0.363208   -0.0286355     0.144903    -0.155783     0.464662     0.233197    -0.492125      0.07028   0.00505797    -0.178023     0.072362     0.128051   -0.0326238     0.509165
  -0.0833881     0.206211     0.076966   -0.0685422    0.0937182     0.228904   -0.0757437     0.125763      0.25463    0.0795633    -0.153139    -0.108058    -0.121819     0.373505      0.11362   -0.0250852    -0.384433     0.022447    -0.225728    -0.150525     0.147786     0.223525    0.0911867    -0.197028    -0.226217      0.28165    -0.229264      0.01875    -0.104009     0.470711      0.16275     0.137843
    0.033492     0.103782    0.0193281    0.0352012  -0.00132679     0.248719    -0.293173     0.238634    -0.229654    0.0455439     0.184716     0.166533     0.260229     0.277949     0.127215   -0.0808167    -0.214046     0.346088   -0.0314719    0.0859706    -0.294187    -0.101801  -0.00432439     0.179469   0.00568655    -0.203159    -0.286767    0.0483417    0.0477303     0.148056    0.0575487   -0.0929194
    0.108762   -0.0178423    -0.448907    -0.241664   -0.0767785     0.322621   -0.0232516    -0.139835    -0.119481   -0.0961537    0.0952025    -0.308977    -0.105469     0.276094     0.307376     0.146558    -0.156837     0.102479     -0.30468    0.0157169     0.044027    -0.145411     0.144805    0.0286872    0.0233793   -0.0729851    -0.276063    -0.115649    -0.294267     0.490638    -0.194567    -0.370255
  -0.0307591    0.0834296   -0.0159963   -0.0616147     0.122229   -0.0827101   -0.0953304    0.0670424     0.389826    -0.132938    0.0774831   0.00450092    -0.233368    0.0617519     0.262172    -0.115104    -0.255166   -0.0199831   -0.0218055    -0.259004   -0.0602611    0.0153024    -0.110588    -0.188538     -0.31428    0.0165883    0.0245654    -0.297854   0.00933682     -0.30098   -0.0390529   -0.0385817
   0.0633164   -0.0978428      0.13237   -0.0365815    -0.403568    0.0487179      0.21056   -0.0317183     0.123569      0.46747  -0.00935036   -0.0992771    -0.346177   -0.0986613     0.286918     0.157172     -0.30217    -0.100063    0.0254685   -0.0079237     -0.30785    -0.230832    -0.402459     0.207701   0.00938245     0.118626    -0.165712    -0.138488    0.0380147   -0.0278725    -0.123125    -0.390017
    0.134927     -0.22465  -0.00607446    0.0876245    0.0448881     0.102025   0.00616468    -0.088057    -0.230256    -0.327262    0.0440465   0.00337417    -0.094989    -0.205754     0.441097   -0.0939032     0.124925    -0.234034   -0.0578655    -0.150558     0.212028    0.0552825    0.0536046    -0.240531    -0.320799     0.014693     0.182939    -0.385005    -0.190745   -0.0485607   0.00652766       0.1948
    0.087425    -0.283176     0.179516     0.275315    -0.229765    -0.351064    0.0777042      -0.1243     0.305671   -0.0121209    -0.169012    0.0847141     0.126188    -0.174194   -0.0766104     0.138989     0.116329     0.299306     0.264209     0.044353     -0.19477     0.213263     0.184787   -0.0807252    -0.201052    0.0156965    0.0910528    -0.156424    -0.371663     0.218422  -0.00930908    0.0803852
    0.177921     -0.03907     -0.11962   -0.0274918   -0.0062861     0.275344     0.117283    -0.137282    -0.118343      0.13737   -0.0271331    0.0548858     0.138767     0.326932     0.216118    0.0761695     -0.12274    0.0841784     0.162614     0.103112     0.076802    -0.148699     0.110342    -0.229557    -0.165546   -0.0574571    -0.229439   -0.0467646   -0.0913655   -0.0145571     0.434879     0.461626
    0.215907    0.0309968    0.0452121    0.0247838     0.159258    -0.328139     0.109385    0.0289491    -0.190074      0.26013     0.044248    -0.156849    0.0202702   -0.0794221   -0.0191245    -0.270816     -0.21608    -0.141989   -0.0222483    0.0375733    -0.236861    -0.318211     0.265203     0.349214    0.0800761    0.0927125    -0.271532     0.471066   -0.0567053    0.0666958    -0.198851    -0.184083
   -0.129982    -0.257788   -0.0246461    -0.204857     0.101855   -0.0664449   -0.0735515    -0.190809     0.150517    0.0149518     0.118592     0.184239     0.317938    0.0248591     0.293588    0.0168023   -0.0789248  -0.00212186     0.348331    0.0284337     0.140658   -0.0686676    -0.204183    -0.306945    0.0437749    -0.320619     -0.15607    0.0211472    -0.236397    -0.201751    -0.106388   -0.0165737
   0.0335226    -0.228048    -0.456122    -0.398505     0.355635    -0.382626    -0.117549    -0.368312    0.0281019    -0.200121   0.00915751   -0.0726392     0.226651    -0.259429    -0.511808   -0.0369283     0.314432     0.004608    0.0702903    -0.204474      0.11678     0.254388    -0.196306    -0.125181    0.0617092     0.326654    -0.179111   -0.0565418    -0.177541    -0.138577     0.444103     0.253389
   -0.216934   -0.0028539     0.140259   -0.0199941    -0.185595     0.114011     0.293029   -0.0265809   -0.0971315   -0.0738054    -0.176861    0.0275991    -0.170207     0.412697   -0.0660018    -0.105771   -0.0864309    0.0392089     0.247039     0.198247    -0.128409   -0.0779151    -0.154355     0.261229     0.118122     0.293948    -0.188059    -0.334073    0.0574629     0.155378    0.0181344    -0.164366
   -0.193261     0.136315   -0.0853127   -0.0428008   -0.0884617     0.173652     0.123965     0.379916   -0.0239869    -0.041839    -0.127741    -0.240862    0.0464514    -0.252234     0.101962     0.052012    0.0221926    -0.224397    -0.224874   -0.0927641    0.0921585    -0.157026     0.237039     -0.02736     -0.21095    0.0343115     0.461962   -0.0604706     0.236764   -0.0623591   -0.0988614     0.129204
   -0.191099   -0.0199603    0.0722909   -0.0624867     0.156091    -0.172358     0.192838    0.0426721      0.10309     0.130524     0.084203    0.0315015    -0.353437      0.15886    -0.125582    -0.015861    -0.191157    -0.102525     0.079086    0.0578019     -0.15837     0.166603    -0.237561     0.187636     0.239127    0.0681033    -0.209787     -0.11866     0.163412    0.0584825     0.176479     -0.19495
   0.0340339   -0.0427782     0.134863     0.168414    0.0102248     0.338271     0.093754    -0.102133     0.768921     0.121807    -0.124081    -0.199117   -0.0580533     0.105282     0.121511    -0.154835     0.174628    0.0179417    -0.151103   -0.0905694    -0.237826     -0.35587     0.178204    -0.216394     -0.39771     0.346357    -0.186751      -0.2782    0.0956141   -0.0922097    -0.171118    0.0711014
    0.154863    -0.314039    -0.215461    -0.189796    -0.168004    0.0949004    0.0820004  -0.00566337    -0.107577    0.0514876     -0.05711    -0.153258     0.286766   -0.0417113    0.0222469   -0.0315339      0.19035   -0.0471934     0.122019    -0.193705     0.175648     0.138284   -0.0544184    -0.115101     0.331587    -0.294364     0.197807     0.203155    0.0447841    0.0801263   0.00969754     0.061417
   0.0788303    0.0700893    -0.138335    -0.184863      0.20115    -0.220217     0.394563    -0.098887    -0.453252    -0.250166    -0.122906    0.0156734     0.119944    -0.122691    -0.142533    -0.382679    -0.226783    0.0384252     0.119521     0.345572    -0.226232     0.295674    0.0662535    -0.193597   -0.0041171     0.418945   -0.0643593    -0.109064     0.298541    0.0278839     0.392541   -0.0572408
    0.198607    0.0752058     0.179047     0.197112  -0.00106169    -0.113645     0.154446    0.0571593    0.0156845     0.110254     0.289883    0.0955319    0.0673287     0.097575    -0.127847    -0.119989     0.141665    -0.130507    0.0743877     0.305068    -0.326347    -0.228765    -0.642518      0.07173     0.258668    0.0745566   -0.0155482   -0.0250832    -0.212853     0.301386   -0.0844425    -0.174997
   0.0878208    0.0199865    -0.123709    0.0506302      0.29977      -0.2497    0.0401498   -0.0302663     0.140829    -0.147992    -0.127244     0.222122   -0.0760691     -0.21179     0.120523       -0.108   -0.0536043     0.233322     0.065729    0.0755512     0.210641    -0.305311   -0.0681582   -0.0280157   -0.0791224   -0.0163235   -0.0598742     0.149528     0.285191    0.0711479    -0.351995    0.0958253
   -0.143407   -0.0480046   -0.0781699    0.0251065    0.0256238     -0.15883     0.102365     0.189394     0.111146   -0.0866086   -0.0654489   -0.0369609    -0.107065     -0.23603     0.138883   -0.0224894   -0.0116978    0.0538768    -0.357029     0.157011    -0.174504     0.123581     0.128176   -0.0140799   -0.0171064     0.351448    0.0315644    -0.277536    -0.322572     0.254291  -0.00489598   -0.0530885
    0.176164      0.14143     0.198277     0.227525   -0.0950863    -0.149975   -0.0149838    0.0115266     0.047454    -0.109912   -0.0265301    -0.169852     -0.18802    0.0123656     0.277591    -0.286203     0.287357    0.0611164     0.293325    -0.133765    0.0232423    -0.100164   -0.0457052      0.29218    -0.207099   -0.0163859    -0.201124    0.0785751   -0.0400452    -0.142993   -0.0394193    0.0479716
   -0.183639   0.00774474    0.0791037     0.128832     0.241391     0.225025   -0.0219973    0.0559205    0.0229847     0.281485    -0.076224   -0.0249291    -0.169684     0.078999    -0.110002   -0.0531829     0.204434     0.117632     -0.19813    0.0996395    -0.113254  -0.00741109    -0.174895    -0.257769     0.235998     0.177303    -0.101547   -0.0992123     0.311242     0.191874     0.207488     0.298145
   -0.259564     0.273755    -0.191675    -0.152258      0.23334    0.0755106   -0.0641777    0.0928051    -0.527533    0.0455585   0.00511735     0.322811    -0.198746     0.286357    0.0694182    0.0533391    -0.217375     0.165809     0.175431     0.316278     0.238369     0.281462     0.114634     0.210736     0.170934     0.118144    -0.060536    -0.268188   -0.0731037  -0.00203265     0.377985     0.060267
  -0.0686011    -0.074062   -0.0694668    -0.198613     0.132406     0.167113      0.32033     0.194659     0.267421     0.262699   -0.0417631    -0.158821    -0.146079     0.172921      0.16152     0.244638      0.15611    -0.187149    -0.168256    0.0480515    0.0460585   -0.0949715     0.147389   -0.0902772    -0.423877     -0.06745    -0.255389    -0.149775   -0.0241343    0.0998868    0.0218276    -0.092498
  -0.0121654   -0.0608447    -0.303545   -0.0792356     0.412787   -0.0730385     0.271636    -0.347847      0.20371    0.0268321    -0.166088    -0.435295  -0.00363489   -0.0109017    -0.150533    -0.110865   -0.0987507    -0.321131    0.0565317    0.0634156   -0.0546187    -0.320151    -0.154078     0.166912    -0.120214    -0.029429   -0.0308738   -0.0426456   -0.0107577    -0.117813    -0.220238      0.11458
   -0.144654     -0.23141    -0.256187     -0.33466   -0.0692514      0.20886      0.17162    -0.355895     0.012834     0.162151     0.152658    -0.247726    0.0699782    -0.256881    -0.324794     0.224797     0.098323    -0.171683    -0.140362    0.0826698     0.098022   -0.0480156    -0.503771   -0.0861393  -0.00703659    -0.161641    -0.160027     0.096463     -0.17587     0.112225    -0.100034  -0.00736629
     0.11543     0.166023     0.176834     0.138895    -0.317058   -0.0718329    -0.210039     0.113463     0.150337    -0.183923    -0.177377    -0.172188     0.119689    0.0644347  -0.00115941    -0.109333     0.107715    -0.136518     -0.11475    0.0114059     0.337955    -0.175105     0.045347  -0.00793017     0.250305     0.205506    -0.012012     0.241122    -0.162284    -0.107752    -0.124373     0.257475
    0.148542    -0.280951    0.0329542   -0.0493917    0.0109495    -0.216237     0.108638    -0.151718     0.148256    -0.103195    -0.206992     -0.18091    0.0464875     -0.13123    -0.205303    0.0812015     0.100862    0.0558655   -0.0469988   -0.0141875     0.240623   -0.0923507   -0.0514452     0.129729  -0.00365949   0.00889968  -0.00539217    -0.356756    -0.166837    -0.253653    0.0606949    -0.225784
   0.0491918    -0.312363     0.501315    0.0239371   -0.0696226     0.346181     0.143389     0.204241    0.0289818    0.0703858    -0.270972    -0.193764    0.0345926     0.116951     0.192068   -0.0170668     0.149666    0.0437471   -0.0135961      -0.1169   -0.0347318      0.19993     0.221356    -0.133966    0.0118903    0.0176383    0.0181537    -0.471191    -0.210705    -0.217706    0.0862535     0.066752
  -0.0319741    -0.109053     0.312204    -0.179465     0.136014    -0.061205     0.128003    -0.284427    0.0291463    -0.155799    -0.124357    -0.245418     0.154458   -0.0351631     0.262428    -0.160359    -0.111249    0.0899262     0.113703    0.0166235    -0.167982   -0.0462527    0.0594104     -0.46908     0.265328     0.194868    -0.151903     0.198227     0.338781      0.21631     0.109848     0.175162
    -0.05445    0.0421421    -0.341997     0.128355       0.2287     0.104246     0.276393    0.0795071     0.431096    0.0903732   0.00951675    -0.104228    -0.362354    0.0748262     0.342786    0.0209214    -0.218485    -0.130327    0.0706322     0.163585    -0.112067    0.0799831    0.0359152    -0.283835   -0.0579474    -0.208163    -0.156576    -0.446121  -0.00220291   -0.0321835      0.15874     0.211489
   -0.104227    0.0123915     0.211877    0.0863617   -0.0940985    -0.249611    -0.245803   -0.0381144    -0.577649    -0.230944    -0.118438     -0.25081     -0.21218   -0.0190257    0.0704502     -0.34961    -0.324257     0.149059   -0.0465524     0.177471   -0.0289232    0.0691884     0.147082    -0.132688   -0.0524194    0.0729377    -0.145827     0.187071    -0.257231     -0.14734   -0.0849528   0.00502348
    0.170521    0.0390474    -0.417672    -0.184931   -0.0270738    -0.100008    -0.207444     0.016363     0.288711     0.644341    0.0834227    0.0966447   -0.0188065     0.241437    0.0731188     0.425255   -0.0687323    0.0311864    -0.144849    -0.119054    -0.205867    0.0466229     0.163862    -0.026716    -0.430435    -0.766504    -0.331327    -0.214967   -0.0822764    0.0238373   -0.0101666     0.248369
   0.0502043     0.215338    -0.207694    0.0497508   -0.0490579     0.162655     0.250718     0.342034     0.402117     0.100239   -0.0706226     0.153272    -0.301354    0.0857981     0.179801     0.271077    -0.179096     0.106101    -0.259559   -0.0510535     -0.17513    -0.449876    -0.340603   -0.0506442   -0.0551294     0.463167    0.0814889   -0.0617219   -0.0419189      0.23314    -0.400596   -0.0566851
     0.19175     0.493486     0.067903    0.0508717     0.422299     0.127443     0.208781     0.485367     0.218313    -0.247543   0.00739303  -0.00707331    0.0722372    -0.257711   -0.0458686     0.305083     0.208836    0.0806978    0.0437013    -0.222673    0.0164457   -0.0849237   -0.0659094  -0.00427914    -0.142417    0.0491989     0.111766    0.0958711    -0.261977    -0.135848   -0.0411528    0.0130927
   0.0444364   -0.0716411     0.201758    -0.333993     0.272073     0.242307    -0.117763    -0.127003     0.403119    0.0535345   -0.0768238    0.0921414      0.22602   -0.0738489     0.272425     0.284977     0.066339    -0.242709    -0.151874    -0.344462     0.196489   -0.0972664    0.0561698    -0.129506   -0.0420946     0.159997     0.209122    -0.230752     0.414764   0.00967124  0.000370681     0.158356
   -0.322672    -0.354938   -0.0165555    -0.288803    -0.388372   -0.0778305   -0.0789952     -0.19016    -0.249816   -0.0937388    0.0224625    0.0642267   -0.0381844    -0.364341     0.112889    -0.176577   -0.0835085     0.250984   -0.0545965    -0.168015  0.000812973     0.115477    0.0991897    -0.103909     0.251119     0.217041     -0.31773     0.174488      0.16337    -0.130654    0.0598413   -0.0522816
   -0.214863   -0.0566808    -0.270473    -0.161798   -0.0891842   -0.0530922    -0.153823    -0.233003    -0.315904  -0.00534024    0.0962035   -0.0547082    0.0332164    0.0536622    0.0296578   -0.0339662    -0.184342     0.140709     0.123992     0.154834    0.0559682    0.0620164     0.201205   -0.0883226    0.0880044     0.217572    -0.386798    -0.318703    -0.185963     0.292839     0.157636    0.0945752
  0.00876991     0.204057   -0.0688062     0.203491   -0.0697776     0.156349    0.0373769    -0.113031   -0.0568673  -0.00490603    -0.115816   -0.0782881    0.0278758     0.485015     0.126361    0.0901527     0.176344     0.431855      0.06803    -0.117221    -0.286355      0.19079    -0.124603    -0.209688     0.329596   -0.0424433    0.0319908    -0.260797    -0.344356   0.00956607     0.330177    -0.220813
  -0.0475381    -0.280979      0.17027    -0.119513    -0.418211    -0.143064     0.213926     0.417072     0.601895    0.0124978    0.0363933     -0.16561    -0.090658    -0.426792     0.182553     0.259386     0.183512  -0.00517842    -0.185468    0.0947364 -0.000166239     0.334468    -0.195443    -0.263748    -0.252391    -0.083698    0.0953942   -0.0511446    -0.314676     0.106895    0.0574979   -0.0560344
   -0.188007    -0.314404    -0.135155    -0.247882     0.272089     0.222864    -0.083597    -0.392762    -0.161752     0.197492     0.360642     -0.30216   -0.0622441     -0.02097   -0.0936375   -0.0376612    0.0227112    -0.227371    -0.217958    -0.175229     0.300892   -0.0446204    -0.152035    -0.265504     -0.27657    -0.178879    0.0819702    -0.239063    -0.218449      0.11265    -0.153824    -0.391124
  -0.0779458     0.179069   -0.0394063    0.0231937     0.130141     -0.12564    -0.396181     0.414088     0.296581   -0.0776482    -0.528779    -0.152212    -0.130788     0.111619     0.182869     0.206774      0.22504     0.195982     0.137514    -0.123522     0.063655     0.207409    -0.177925     0.225985    -0.207423   0.00461972     0.105595   -0.0193195     0.286096    -0.284172    0.0715769     0.180865
   -0.123114     0.184329    0.0913429    -0.243875     0.120038     0.403854   -0.0274301     0.274397    -0.648452     0.163501    0.0259985    -0.202481   -0.0159736     0.407737    -0.320932    -0.103884    -0.366123   -0.0212098    -0.077242    -0.150225   -0.0543594    -0.259584    -0.172205    -0.483589     0.371579       0.1199     0.125752    -0.305645     0.124115   -0.0931629     0.145338   -0.0639203
   0.0189063    -0.356476     0.133629    0.0159678    -0.212162   -0.0251423     0.131843    -0.344416    -0.174997    -0.531927   -0.0205208    -0.270578     0.146345   0.00531132    -0.120648    -0.225298    -0.198377   -0.0667318     0.291771     0.245418     0.148894   -0.0441236    -0.288966   -0.0980098     0.605568     0.179165    -0.235712   0.00301695    -0.230639    0.0984352     0.207785    -0.174228
   0.0265699    -0.323113    -0.222352     -0.11448     0.181634    -0.175678     0.506291     0.127281     -0.30733     0.177171   -0.0202142     0.256565    -0.310786    -0.381486     0.149413    -0.135017   -0.0851258     0.165635  0.000893353     0.264088   -0.0393078   -0.0792326     0.171137      0.23333    0.0606252   0.00550856    -0.346109   -0.0281732   -0.0507538    0.0873223   -0.0753974    -0.293648
   0.0956615     0.226921    -0.245703    -0.103913   -0.0950636     0.107689     0.250581    0.0258868    0.0070013    -0.205745     0.263462     0.259429    -0.226512    0.0658198    0.0868183    0.0932173   -0.0664628   -0.0489857   0.00896084  -0.00862644    -0.231096     0.286711    -0.180896  0.000657609    0.0357638     -0.15945    -0.186702     0.102683      -0.1827   -0.0361799    0.0877132    -0.204209
   0.0596465    -0.335575     -0.31033     -0.13529     0.158197    0.0866641   -0.0997497    -0.203713    0.0642001     0.101967    -0.205994     -0.18465    -0.347576      0.10714   -0.0822514    0.0123085     0.421758    0.0847083    -0.280443    -0.156249    -0.171532    0.0848245    0.0739142     0.131008    0.0515783     -0.28077    -0.217699    -0.478926    0.0904645     0.113751     0.397947    -0.197838
   -0.192443   -0.0657633    0.0689016   -0.0548669    -0.244784    0.0197914     0.336375     0.022284     0.420507    -0.013116    -0.320585    0.0821169   -0.0951779    -0.095723     0.451904   -0.0890632     0.148321    -0.168358    -0.296955    0.0562777     0.111893      0.16091     0.315572    -0.267395    -0.467893     0.227531  -0.00971304     0.243654    0.0964847    -0.128175    -0.103246    -0.168001
  -0.0734913    -0.256679    -0.360612    -0.170067    -0.231656    -0.127543   -0.0468085    -0.272559     0.417804  -0.00245371     0.109555    0.0302876    -0.159446    -0.377431    0.0848109      0.17354    0.0697491   -0.0851522    0.0932258    -0.387745    0.0158155   -0.0444851    0.0528317    -0.284665    -0.154998     -0.26438    -0.153465   -0.0312219     0.320469    -0.275769  -0.00708889   -0.0422424
   0.0350145    -0.100415    -0.162825    -0.413621     0.122683    -0.202417   -0.0222045    -0.265769   -0.0231726     0.187271   -0.0666237    -0.150842    -0.179939    0.0287856   -0.0784758     0.236623    -0.126871   -0.0892477     0.153901     0.125286    -0.260661    -0.285381   -0.0858178     0.191648   0.00527292    -0.138104    -0.170973    -0.202283     0.195806    0.0754351     0.200352     0.157063
   -0.103479    0.0338338    -0.159893    0.0776988   -0.0368301    -0.181231    -0.211334    0.0543249    -0.303787   -0.0634267     0.096796     0.295024  -0.00439553    -0.238651   -0.0435874     0.165439  -0.00745759     0.154283    0.0117959   -0.0821257    -0.226976    0.0978414    0.0342969    -0.300588     0.138128    -0.203188    -0.120732   -0.0511894   -0.0344343     0.188937     0.122734   -0.0581631
   -0.260711    -0.146285     0.301381    -0.366228    0.0163748     0.086231    0.0401645   -0.0985361      0.39412    -0.114743    -0.217699   -0.0564729   -0.0567087   -0.0235225     0.378346     0.111711    0.0561206    -0.471182    -0.102456   -0.0829766    0.0458698    0.0996397     0.308695    -0.177924   -0.0469664     0.286304     0.356865   -0.0446763     0.356589    0.0392342    0.0101115    -0.149182
   -0.216058     0.220304    0.0508953    0.0373257    -0.296415    -0.384934    -0.078156     0.245905     0.175041   0.00933746    -0.234844      0.10508     0.149727     -0.23041    0.0880455    0.0850573    -0.186145    -0.257309     0.145249     0.284906     0.341609    -0.129516   -0.0613184    -0.198741    0.0161773    0.0147984     0.039926     0.129191     0.120717   -0.0139537   0.00220275     0.240906
    -0.17609     0.245036   -0.0935707     0.100208      0.17934   -0.0472316    -0.278817     0.205834    -0.235256     0.135591    -0.215992     0.289812     0.107621   -0.0676976   -0.0429143    -0.060119  -0.00322114   -0.0950703   -0.0897162    -0.163102     0.122942     0.439203      0.27123    -0.244363     0.160765    0.0446693    -0.179986    -0.134461   -0.0723583   -0.0733367     0.358154   -0.0882835
   -0.302374     0.267013 -0.000869406     0.224941     0.341144    0.0619555   -0.0781248     0.169285     0.179646    -0.255636    -0.164523    -0.115173    -0.151207   -0.0178914    0.0920746     0.178354    -0.147048   -0.0480456    -0.104889    -0.208515   0.00297809   0.00372374    -0.194944     0.210259   -0.0705547   -0.0515268    0.0795366     0.156788   -0.0664806     -0.11562   0.00141149    -0.184886
  -0.0562029    -0.388989     0.172102   -0.0275058   -0.0186468   0.00417916     -0.21291    0.0480849     0.189408    -0.260787   -0.0571681    -0.350948     0.176008    -0.023283   -0.0122443   -0.0624488   -0.0840339    -0.191507    -0.034252    -0.318231    -0.199361   -0.0927026   -0.0147256    -0.132298    0.0457871    -0.375955    -0.105182   -0.0637978      0.30705      0.11446    0.0120096   -0.0176315
    0.187915  -0.00976797    0.0498886    0.0014623     0.295093   -0.0850838     -0.19148   -0.0840487     0.430094     0.272551   -0.0327029    -0.129166    -0.131368    -0.172458     0.121052     0.177109   -0.0332896   -0.0188496    -0.115633    -0.241449    0.0653761    -0.151202    0.0547324     0.050341    -0.323436     -0.41466    -0.010492     0.292232    -0.178131     0.117183   -0.0838227    -0.216915
    0.255442    0.0541556    0.0428612    -0.219953    -0.139836    -0.135646     0.148222    0.0556685    0.0910716   -0.0899206    -0.173075    -0.115828   -0.0384574   -0.0935342      0.16592     0.145648   -0.0199457    -0.266418    -0.112109    0.0608189   -0.0166603    0.0470388     0.106111    -0.141722     -0.35853   -0.0723649    0.0410195    0.0361384   -0.0634647     0.262973    -0.114785     0.335229
     0.21706   -0.0393039     0.163864     0.210713     0.145291   -0.0902216     0.031219      0.13988    0.0409118     0.100511     0.198381   -0.0751291    0.0232276    0.0322474    -0.149009     0.145113   0.00436603     0.143866   -0.0859926     0.250967    -0.152964     0.281466    -0.406142    0.0275112     0.385732     0.113188    -0.345645    -0.035037   -0.0379013   -0.0656198   -0.0333659   -0.0605042
    0.183817    0.0376338    0.0958512   -0.0789302  -0.00253059    0.0641341     0.294603   -0.0452946    0.0114347   -0.0803266    -0.280196    -0.110432   -0.0169176   -0.0510892     0.277395      0.13941   -0.0971816    0.0896161    -0.207559    -0.244377    -0.166383   -0.0313515    0.0209314   -0.0704264    0.0627062   -0.0203389    0.0912019     0.155618    -0.179975    -0.241441    0.0723962    -0.140752
  -0.0358245    -0.206605   -0.0157196     -0.15033    0.0703796   -0.0936338     0.276348    0.0515303    -0.421162     0.225228     0.195497     0.342654     0.139596     0.290861    -0.139156    -0.226591    -0.388723      0.22208     0.300294   -0.0721791     0.178919   -0.0446242     0.281908    -0.141211     0.255111    0.0189962    -0.208185    -0.306285    -0.236644    0.0572667    -0.166504     0.190757
   0.0573284   -0.0030418    0.0103786    0.0598511     0.475225   -0.0659161    -0.250512     0.236655    -0.015586     0.246626     0.234498    0.0908518     0.246209    -0.209737    -0.288109   -0.0237012     0.354236    -0.230968   -0.0475936    -0.179964    -0.337226    0.0549312    -0.346596    -0.212226    -0.290299    -0.045847     0.467769    -0.166158    0.0653821   -0.0557959    -0.129586    -0.203439
   -0.117876     0.107618   -0.0336135   -0.0662308   -0.0180603    -0.157375    -0.148038    -0.134537    0.0538327     0.249399    0.0247304    0.0222355      -0.3036     0.112277    -0.179091   -0.0567692     -0.14269    0.0238668   -0.0493921    0.0536572    -0.204598    -0.194366    -0.272282    -0.152386    0.0382852    0.0780429   -0.0178892   -0.0725757    -0.047907    -0.193457     0.287465    -0.172185
    0.171534    0.0906168     0.292124    -0.131208    -0.168753     0.241573     0.251565     0.022724   -0.0192233    -0.158651    0.0678992    0.0529704     0.144239     0.105799     0.238624    0.0140404     0.263343   -0.0814201     0.260524    -0.170739    -0.274139     0.147702     0.100028     0.102599    -0.113609     0.021281     0.127454   -0.0369551    -0.368741     -0.16275    -0.130956    -0.025467
    0.318962    0.0425186   -0.0518908    -0.058522   -0.0567565     0.135635   -0.0489701    0.0360372   -0.0597155    -0.119428    -0.289558     0.195078     0.021336     -0.02039     0.310086    -0.128759    -0.151806     0.206761   -0.0394444    0.0510788    -0.101184    0.0886844     0.156995   0.00598743    -0.130849     0.334793   -0.0739964    -0.105175     0.128027     0.221348     0.298254    0.0742662
   0.0770412    -0.120329   -0.0774369     0.251575  -0.00392353   -0.0971069   -0.0477455   -0.0183343    -0.162987    0.0174615     0.325807    0.0338874     0.115998    -0.186111    -0.213786    -0.362183   -0.0608784    0.0370877     0.181099    0.0638404  0.000435738   -0.0600167   -0.0109127     0.152765    -0.101071 -0.000195557    -0.363414     0.137317    -0.345283    -0.215932    0.0381551    -0.189184
   0.0782359    0.0858205    -0.214788    -0.173613   -0.0850981   -0.0257517     0.297009    0.0988504     0.393833     0.128531   -0.0250861     0.575938    -0.210466    0.0560653     0.123421     0.134928   -0.0213522     0.265282    -0.166608      0.17832     0.118982    0.0110541     0.121629    -0.173121   -0.0414695     0.193622     0.130071    -0.281639   -0.0518076     0.202504     0.508789     0.175723
  -0.0851643    0.0372666    0.0906327   -0.0435816     0.143594   -0.0751834   -0.0737314     0.095812    0.0958398    0.0800748    -0.377344   0.00996877   -0.0159553    -0.080706    0.0995398    -0.179811     -0.21489     0.288819   0.00295774     0.179111  -0.00944759     0.114085   -0.0948663     0.149181     0.298766      0.38225    0.0746029    0.0637372   -0.0228204    -0.143352    -0.102523    0.0340062
   -0.212908     0.339825    0.0615836     0.297614   -0.0460237      0.23887   -0.0886597     0.472861    -0.368162    -0.432275    0.0621277    0.0102296    -0.102488     0.308387     0.346307     0.244783    -0.231483   -0.0953839    -0.437018     0.163548    -0.518713     0.433564    -0.199167   -0.0215412     0.225622    0.0930292    -0.549217 -0.000887035    -0.135727    0.0811479    -0.036445     0.108581
   -0.231508     0.120198    -0.230191   -0.0688043   -0.0507999     0.019298    0.0345886     0.175567     0.688536    -0.119774    -0.193612     0.355994  -0.00170754   -0.0159714      0.51093   -0.0970724   -0.0386333   0.00504901    -0.304145     0.293915    -0.426814     0.116505     0.247901     0.156203    -0.464977    0.0883603    -0.278289    -0.234971     0.322157  -0.00853509     0.162315     0.307504
   -0.107383     0.110415     0.115024    0.0518989     0.128446     0.260473     0.044482     0.148347    0.0223765      -0.2489    -0.309084   -0.0909628     0.333385    0.0221754     0.136155    -0.204916     0.162033   -0.0570377    0.0686121   -0.0226985    0.0813876   -0.0470184      0.12318     0.238098    0.0649598     0.226678   -0.0110281  -0.00456521   -0.0648845     0.107637   -0.0524595     0.253746
   -0.272341    -0.158601   -0.0722008  -0.00584856     -0.28221   -0.0911953   -0.0577713     0.137388    0.0828772     0.229902     0.148983     0.202836     0.185487    -0.146688     0.580214    -0.111692    -0.101994    -0.197264   0.00836432    0.0461528  -0.00329424     0.120514     0.201528    -0.167042    -0.142231     0.162623   -0.0500171    0.0475445     0.217764   -0.0535438     0.167616     0.335466
   0.0469619   -0.0912565     0.169942   -0.0462444   -0.0839239    -0.246796   -0.0507488     0.027325     0.155259      0.56067     0.162903    -0.179368    0.0646496    0.0836599    -0.248623  -0.00149625    -0.120333    0.0853366   -0.0583088   -0.0489551   -0.0900625    -0.136023    -0.276724    0.0169029    0.0586257      0.10167   -0.0545704    -0.258527    0.0066478    -0.263349    -0.189312    0.0403707
    -0.22151    -0.257015    -0.301205    -0.203666   -0.0920746   -0.0861024     0.193052    -0.193358    -0.169378  -0.00455261    0.0759694    0.0564319    -0.169503    -0.116403     0.291653   -0.0722437   -0.0996738     0.128126  -0.00515663      0.25696     0.163412     0.113705     0.257827    -0.503951    0.0464151    -0.332441   -0.0605113    -0.139517     0.373864    -0.108363     0.199524     0.267809
    0.164232    0.0207084    -0.248878     0.127597    -0.248218    -0.169005     0.190788     0.119454    -0.088919     0.108221     0.225956     0.246774     0.276697   0.00738025    -0.425175    0.0353326     0.147909     0.214614     0.376443  -0.00654038    0.0424193    0.0146282    -0.191559     0.372128    0.0184456    0.0820806     0.244029    -0.153634    0.0044683    -0.316389    0.0324695  -0.00698596
   -0.259277     0.129466   -0.0268042     0.129156   -0.0583611    -0.053962    -0.160461    0.0520915     0.156353     0.277932   -0.0476027      0.11216     0.155943      0.23556     0.120891     0.164313    -0.062669     0.342075      0.09841     0.077395   -0.0145935     0.220645    0.0455092    -0.125624     0.124404     0.140977     0.122178    -0.246865    -0.289519     0.121689   -0.0226475     0.105522
    0.251106     -0.27495     0.267177     0.177783  -0.00526403    0.0326916   -0.0504744     0.104361     0.129365     0.121312     0.187955    -0.201649    0.0288632    -0.370432    -0.149894   -0.0612703    -0.245908     -0.27697    -0.226069    -0.227485     0.271009   -0.0902597    -0.254975    -0.366977   -0.0675365    0.0758877    -0.154153    0.0654944    -0.201205     0.202501    -0.266996   -0.0266819
  -0.0350035    -0.262147    -0.377969      -0.2136   -0.0459968    0.0404901    -0.127696    -0.100694    -0.104066   -0.0227963   -0.0662679     0.208642     0.142876    0.0910865    -0.216673     0.316606   -0.0586781   -0.0388726   -0.0463457    0.0901658    -0.298038    -0.266342   -0.0247828    0.0171108     0.196471     0.114324   -0.0273985    -0.308245     0.276125     0.203004    -0.233253    -0.206876
   -0.180364      0.31916    0.0956561     0.059467     0.318034    -0.188934    0.0569815     0.380035    -0.104786     0.258516    0.0449534     0.113613     0.592576      -0.2626    0.0322614    -0.154765    -0.165343    -0.174873   -0.0809543   0.00390262    -0.192838      0.12713   -0.0291849     0.260001    -0.222627    -0.198883     0.289109    0.0681718     0.175281    -0.173576    -0.156472     0.181033
