  0.0513956
   0.709859
  -0.843412
  0.0731685
  -0.123428
  -0.160462
  -0.399361
   0.456161
  0.0636058
    0.66146
   -1.19596
   0.589756
  -0.378858
   0.220945
  -0.806459
    -1.0339
-0.00274607
   0.274313
  -0.773861
   0.244024
  -0.171181
  -0.111962
   -1.10817
  -0.175157
 -0.0755955
  -0.106284
   0.228137
  -0.633419
   -1.00085
  -0.477021
  -0.480384
   0.304353
   0.637035
   0.693148
  -0.740404
  -0.301698
  -0.517339
   -1.01861
   0.802477
  -0.467164
  -0.366998
 -0.0106885
  -0.767052
  -0.133618
   0.189162
   -1.00291
  -0.625185
   0.240815
   0.432296
   0.129111
  -0.326919
   0.234628
   0.708152
   0.234859
  -0.178068
   0.595885
   0.924975
  -0.479586
   0.910124
   0.354436
  -0.656434
  -0.151943
  -0.378446
   0.207631
   0.109281
  -0.742396
   0.428056
    0.63833
   -1.39021
   -1.70561
   0.134284
  -0.457205
   0.186517
   0.259559
 -0.0469222
    1.05917
   -1.80303
  -0.360467
   0.217902
   0.498943
   0.449228
  -0.975951
   0.497636
  -0.154759
   0.299506
   0.760433
    1.13952
  -0.246484
    1.00302
  -0.639512
  -0.856928
 -0.0567549
    0.44178
    1.44079
   0.385041
 -0.0794068
   0.169354
  -0.340021
  -0.701317
  -0.517384
   0.126701
  0.0862574
  -0.320485
  -0.708558
    1.17017
  -0.119439
  -0.498264
  -0.888427
   0.497028
  -0.653681
   0.794839
   0.125377
  -0.495915
  -0.790539
  -0.696802
 -0.0872259
   -1.52015
   0.908381
  0.0790495
     1.3624
  -0.312707
  -0.778971
   0.573982
    1.04825
   0.282471
  -0.460762
  -0.794989
    1.15248
