-0.534851
 -0.78132
-0.818952
-0.571356
 -1.16168
-0.938401
-0.837443
-0.902586
 -1.08392
-0.757804
 -1.12089
-0.735932
-0.594355
-0.634735
-0.657175
 -1.08268
-0.988024
-0.787527
 -1.06719
-0.640312
-0.730303
-0.902968
-0.914112
-0.758909
-0.784657
-0.884835
-0.927724
-0.596258
-0.856647
-0.814632
-0.921877
-0.782757
-0.600578
-0.757608
-0.725355
-0.837814
-0.782684
-0.744554
-0.704596
-0.672768
-0.680846
-0.895634
-0.812873
 -1.02523
 -0.87514
-0.914991
-0.685632
-0.748809
-0.920339
 -0.47015
 -0.51959
 -1.26423
-0.716249
-0.955876
-0.730454
 -1.03608
-0.685568
-0.923111
-0.736999
-0.878294
-0.832629
 -1.07427
-0.621931
-0.566772
-0.746386
-0.919997
-0.581124
-0.718642
-0.688205
-0.792837
-0.629143
-0.606315
-0.753838
-0.785881
-0.767771
-0.616117
-0.706873
-0.721303
-0.761092
-0.610866
-0.675246
-0.576184
-0.435012
-0.982227
-0.714092
-0.598705
-0.803995
-0.870275
-0.650692
-0.562687
 -1.09507
 -1.00118
-0.737044
  -1.5081
-0.914421
-0.498618
-0.782555
-0.638536
 -2.30827
-0.825519
-0.918028
  -0.8251
-0.635235
 -0.66031
-0.770607
-0.773266
-0.717547
-0.792862
 -1.04112
-0.640436
-0.698145
 -0.66559
-0.800681
 -1.04119
-0.740433
-0.631769
-0.852664
-0.567769
-0.688067
-0.802143
-0.626175
-0.783812
 -1.11756
-0.558884
-0.764912
-0.977111
 -1.30855
-0.817483
