  -0.149713
  0.0967482
   0.414663
  -0.229463
   0.532442
   0.235534
  0.0610579
  -0.592711
  0.0223984
 0.00418083
    0.38087
  -0.111109
   0.558635
   0.533464
   0.275191
   0.273714
    0.62625
  -0.289886
   0.125089
  -0.422615
  -0.277378
  -0.469724
  -0.201531
   0.376183
  -0.645777
   -0.19723
   -1.83183
  -0.221642
   0.185764
   0.294908
   0.410379
  0.0698575
   -1.37427
  -0.398127
   -0.01865
 -0.0831122
    1.30537
   0.238399
  -0.129869
   0.209083
   0.124066
  -0.351538
  -0.223316
 -0.0990033
   0.274472
 -0.0657663
  0.0545645
   0.455659
  -0.354576
    -0.1276
  0.0129142
  -0.599939
   0.719699
   0.725701
   0.194529
  -0.309473
-0.00786124
  0.0677606
   0.113418
   -0.16454
  -0.222171
  -0.398813
   0.241278
  -0.685463
   0.646767
  -0.576227
 0.00562227
   0.123747
  -0.177333
   0.306586
   0.349822
   0.372644
   0.499322
   0.436595
  -0.389281
  -0.289069
   0.890617
-0.00620695
  0.0214411
 -0.0499913
   0.141013
     0.2828
   0.542708
  -0.129391
  0.0649844
  -0.432052
 -0.0690749
   0.178268
 -0.0711838
  -0.433697
   0.272243
  -0.135348
   0.174651
  0.0487303
  0.0115203
   0.119199
  -0.379411
  -0.139661
  0.0105765
   0.143523
  -0.269438
 -0.0809241
   0.237631
  -0.158856
 -0.0852798
 -0.0519045
  -0.322689
  -0.243327
   0.497371
  0.0925361
   0.309822
 -0.0369248
 -0.0566921
   -0.45924
 -0.0688454
  -0.747804
   0.603854
   -0.81354
   0.421857
  -0.328123
   0.017949
    1.01744
   -0.65528
  -0.101366
  -0.446922
   0.104976
  -0.759808
  -0.383789
