    0.535087    -0.606037    -0.108826    -0.148786      0.21162    -0.551055     0.326805     0.270782     0.940307    -0.154367     0.486194    -0.589737     0.395684     -0.58071    -0.670865    -0.452592    -0.299351     0.534727     0.530021     0.201755    -0.260095    -0.181801    0.0875322   -0.0847928     -1.18638     0.112736    -0.568601    -0.139613     0.621437     0.874776    -0.349211     0.156547
    0.250519   -0.0350705    -0.470248    -0.185868     0.351978    0.0984738    -0.755555    -0.322829     0.440361   -0.0278766    0.0306588    -0.254393     0.249766    -0.524132     0.222454    -0.160699    -0.321993   -0.0424178     0.342032    -0.184819    0.0124357   -0.0510139    -0.152509     0.227296    -0.304586    -0.494836    -0.652467    -0.117312    -0.282193     0.631259     0.120307    0.0583401
   -0.358357    -0.203147 -0.000247371     0.572838    -0.306087    -0.224572     0.974756    -0.174671    -0.388284   -0.0758246     0.401893    -0.121413   -0.0422403     0.110172   -0.0063382    -0.752317    0.0320588     0.205259     0.503775     0.173998    0.0278773    -0.207587    0.0898903     0.174727    -0.129141     0.254942    -0.581185       0.4741     0.669806     0.282795     0.572369    -0.277746
   -0.573044    -0.137025     0.329149     0.207474  -0.00340149    -0.319886    -0.278981     0.467883     0.191553     0.658127     0.219382    -0.319595    -0.332267    -0.214373    -0.166585    -0.123498     0.964559    0.0902751    -0.389945   -0.0944819   -0.0764908    -0.031581    -0.263598    -0.150237     0.867216    -0.122435     0.262521     -0.16423    0.0365552    -0.221461    -0.563851    -0.367729
    0.347564    -0.327982    -0.239612    -0.847586     0.883602     0.027082    -0.942893     0.357529    0.0163701    0.0259083      0.34442    0.0320064    -0.123786     -1.45086    -0.128659    0.0558827    -0.443904   -0.0561948     -0.18133    -0.767787   -0.0148669    -0.108659    -0.153471    0.0173158    -0.315726    -0.952574     0.817147    0.0122813    -0.341034    -0.102161    -0.421507    -0.171362
    0.130844    -0.238473    -0.244321    -0.048875    0.0124313     0.348865    -0.242557     0.321446    -0.462402    -0.279306    -0.453115     0.271972   -0.0144295     0.149571    0.0992131     0.154675    -0.395575      0.32196     -0.29392    -0.561949     0.399286     -0.84788     0.183429     0.236574     0.685543    -0.319311     0.408853     -0.43089     0.325877    -0.528526      0.51437    -0.190343
    0.565266   -0.0596749     0.469509     0.119216    -0.165447    -0.353333    -0.192301    0.0802912      0.38876   -0.0892058     0.594215    -0.682521     0.325252     0.134879     0.494722    -0.043833     0.855527     0.302595    -0.404691      0.25049     -0.23305     0.158079    -0.154548     0.586235     0.490978     0.507613     0.669691     -0.26778     0.260039     0.285364     0.294469    -0.516787
   -0.590482     0.269891     0.281402    -0.185206    -0.127962    -0.731419     0.218009    -0.320098     0.451202     0.356561    -0.896692   -0.0334692     0.491731     0.325733    -0.163712    -0.511177      0.39093     0.328699     0.236923    -0.286553     0.287941     0.399281     0.256701    0.0551315      0.52111    -0.125658      0.68742    -0.217637   -0.0583268     0.640191    -0.330214    -0.385042
    0.368059   -0.0545944     0.485758     0.136032    0.0513204     0.634554     -0.14746   -0.0629642    0.0338637    -0.600579     0.348958    -0.216254    -0.168505    -0.556474     0.407685     0.132706     0.186893     0.071702    -0.378174     0.348388    -0.105097    -0.315433    -0.137513    -0.311999     0.550136   -0.0417783   -0.0411686    -0.761658    -0.172073    -0.664895     -0.10681    0.0457643
    0.095155    -0.122723     0.426583     0.214716     0.228842    -0.763648     0.403615    -0.491774      -0.3971     0.344983    -0.979328     0.401517      0.40308     0.554261    -0.033297     0.168244     0.419392    -0.118783     0.632764    -0.671899    -0.451194   -0.0765758     0.406746      1.30971     0.529954    -0.166763     0.717955    -0.672757    -0.229118     0.521302      0.37251   -0.0659961
     0.17566     0.552093     0.429331     0.195824      0.14823     0.412397    -0.386131    -0.327532    -0.912772    -0.223532     0.273369    0.0463551    -0.234993     0.132706    -0.216562    -0.235868     0.376895    -0.537979    0.0124897     0.233021     -0.19269    -0.405435    -0.801656     0.298091     0.583792    -0.293861    -0.511984     0.224337     0.105273    -0.120116    -0.501542    -0.428647
    0.354626    -0.017571     0.111416    -0.062593     0.418535     -0.73845    -0.624262    -0.182509    -0.290993    -0.141826     0.497437     0.397237    -0.679595   -0.0971705    -0.356228    -0.347608     0.176518      0.20214     0.612682    -0.434562    -0.246125    -0.218298    0.0399595     0.234622    -0.125955    -0.451975     0.915176    -0.321563     0.530884    -0.736704    -0.304314    -0.168211
    0.129312    -0.420256    -0.677969   -0.0525317     0.236017    -0.328786    -0.126941       0.5943     0.449511       0.3106    -0.480392     0.221909     0.215911    -0.357154    -0.846082      0.63599     0.154434     0.315257      -0.1351     -1.09139  -0.00981748   -0.0488792     -1.20962     0.102846     0.790904    -0.658044     0.637384    -0.108012    0.0143065    -0.235806     0.259609    -0.273883
    0.521009     0.656957    -0.272594     0.376475    -0.359963     -0.26929    -0.266294   -0.0712739     0.513805     -1.13841      0.28562     0.783549   -0.0013614     0.556639    -0.375318     0.695355    -0.188165    -0.104956    -0.814999    -0.145508    -0.728831     0.435591    0.0417112     -0.20071     0.495319     0.849269    -0.563883    -0.150608    0.0163604    -0.248356    -0.344754   -0.0522786
   -0.255224     0.233331    -0.276432     0.140666      0.02952    -0.377241   -0.0163191     0.422752     0.412876     0.900662     0.256558    -0.441691     0.462602    -0.576057    -0.406407    -0.607071     0.504142     0.275143     0.121222    -0.195286      0.11457     0.499321   -0.0960395     0.171779     0.387773    0.0615655     0.476352    -0.322966     0.536726     0.413822     0.448433    -0.240355
  -0.0716964    -0.104476    -0.597722   -0.0389978      0.52748    -0.106702     0.258915      0.54569    -0.122586    -0.872818      1.59635     0.149936    -0.461934    -0.856126    -0.253418    -0.262162     -0.68244    -0.020447    -0.609203    -0.237421    -0.453914    -0.333223    -0.508638    -0.810636    -0.152371     0.825314    -0.589662     0.828064     0.320612    -0.211309    -0.729191     0.261304
   -0.378008      0.13172     0.153682     -0.23426     0.484347     0.530929    0.0772614     0.156701     0.101322     0.347353    -0.259562   -0.0301802     0.483638    -0.575135   -0.0500014     0.087141    -0.588166   -0.0507545    -0.704176    -0.575922     0.235732     0.609963   -0.0446555    -0.365622      0.47857    -0.536074      0.37177     0.544523     0.242714    -0.553327    -0.405306     0.127106
   -0.678266    -0.393772      0.35153     0.724983     0.421664     0.498079    -0.126883    -0.460098    -0.186743    -0.222916      0.62674    -0.318931    -0.481052    0.0205425     0.530275     0.308918   -0.0619546    -0.121583     0.120729      1.38813    -0.536565     0.294864    -0.441087     0.421124   0.00448282     0.284437    -0.563803     -0.61524     0.552322    -0.804822    0.0109934    -0.164373
    0.228787   -0.0468703     0.399437   -0.0311741     0.422191    -0.179437     0.371607    -0.229635    -0.261027   -0.0280818    -0.298602     0.124726    -0.192334    -0.461158     0.174245     0.314985    -0.692059    -0.190545    -0.263856    -0.619747    -0.392638    -0.700048    -0.392277    -0.588887     0.509302    -0.236816    -0.331698    -0.120173   -0.0893419    -0.132071    0.0958657     0.550555
   -0.663578    0.0304912     0.110944     0.420862     0.541532     0.483705    0.0663081    -0.476964   -0.0512696    0.0349167     0.346376    -0.826425     0.334723    -0.330738     0.159566    -0.555003    -0.474417    -0.205379     0.129815     0.517294     0.342654    -0.147859     0.403318     0.199098    -0.262463     -0.54134    -0.414743     0.610198     0.899202   -0.0167152     0.759331     0.188844
    0.367004    -0.330009    -0.595612    -0.373645     0.909123    -0.224286    -0.280373    -0.366156     -0.60066     0.339803    -0.140249   -0.0184143     -0.54727    0.0441072     0.537495    -0.523922     0.154382    -0.101906     0.149438    -0.968765     -0.10975    -0.244273      0.19471     0.541902    -0.767659      -0.1366     0.451171     0.170206    -0.756536    0.0549046      0.75604     0.119105
    0.131949    -0.765863     0.618036    -0.368264     0.268074    -0.521117     0.246333    -0.515543     0.224033     0.114953     0.329809     0.439135    -0.608487    -0.444767   -0.0830983   -0.0415579     0.518734     0.306951    -0.123095    -0.202339     0.013244    -0.127693    -0.806285     0.646246     0.617234    -0.847918     0.235541    -0.228389    -0.182435     -0.28667    -0.548675    -0.495143
   -0.463043     0.639103     0.466485     0.271281    -0.277274     0.440157   -0.0270198    -0.224379    0.0966119     0.256576   -0.0809017     0.342029     0.161893    -0.535076     -0.18183     0.106761      1.02468     0.316859     -0.62029     0.233171   -0.0718586     0.232636     0.020851     0.303359     0.348932     0.468605    -0.104163     0.593772     0.161654     0.260538    -0.407542    0.0811712
   -0.185084     0.602547    -0.199858    -0.503819     0.278867    -0.414181   -0.0719665     0.405829     0.241743    -0.214975     0.783131    0.0403908     0.464379    -0.940226   0.00604577    0.0253751    -0.495582     0.256156    -0.558271    -0.199635     0.490485     0.118443    -0.551958    -0.617565    0.0644758    -0.825394     0.317626     0.827061     0.876203    -0.176925    -0.370145    -0.565703
    0.380708    -0.618917    -0.721706   -0.0171353     0.204787    -0.239337   -0.0359641    0.0472474    -0.133711    -0.162569   -0.0309611     0.688201    -0.789255     0.242623    -0.546353    -0.358558     0.172985    -0.147095     0.473417     -1.06747    0.0741622    -0.151867    -0.645399     0.138622    -0.516367    -0.061516     0.982021     0.570572    0.0598249    0.0589346     0.319078    -0.631865
  -0.0445055    -0.377124    0.0657518   -0.0980023    -0.270593   -0.0704752    -0.322667    -0.469038     0.236059    -0.314201     0.311536     0.774604    -0.516278     0.246033    -0.262298      0.12512    -0.118197    -0.276787     0.811628    0.0683052     0.192225    -0.205106    -0.407759    -0.140292   -0.0397668    -0.215029    -0.207193   -0.0632039       -0.293     0.152703    -0.359923     0.194686
   -0.538041    -0.383334     -0.50494     0.136516    -0.138901    -0.528468    -0.451675     0.134184     0.193492     -0.10166       0.2514     0.385751    -0.161628      0.28136    -0.446131   0.00658297     -0.13049       0.1979     0.407625    -0.373224    0.0193396     0.572155    -0.906205    -0.624697     0.274736  -0.00335077     0.428107      0.51468    0.0556883    0.0996843    -0.267738    -0.257989
   0.0186205    -0.297609     0.156061    -0.443345    -0.219354    -0.402899    -0.233623     0.105861   -0.0278467     -0.38844      0.41872     0.496704    -0.052945    -0.306983    0.0900886    -0.122259    -0.325866     0.016557     0.256758     0.122563     0.392981    0.0161005    -0.351969    -0.396898     0.167497    -0.421774     0.346259    0.0690248     0.169452    -0.248403    -0.374004    -0.404686
   -0.127757     0.124955     0.471063    -0.640587    0.0484334    0.0537607   -0.0458252     0.337164     0.279648    0.0686134   -0.0337783    -0.241314     0.224645   -0.0334193     0.376038    -0.838657      0.18725    -0.139215     0.241012    -0.121293    0.0274431      0.10721     0.429889    -0.187817     0.316744     0.279081     0.168742      0.36636   -0.0788736     0.230275     0.160968     0.010361
    0.371961    -0.300063     0.196208    0.0984032    -0.243521     0.372831     0.357097   -0.0247805     0.435567     0.295903    -0.112366    -0.447681     0.550655   -0.0571574     0.124031   -0.0756034    -0.712023   -0.0686859    -0.202328     0.120291     0.382604     0.332846      1.05697    -0.389782  -0.00224147    0.0255346    -0.214866    -0.142713    -0.454654    -0.127011     0.208231    -0.196489
    0.109125    -0.394716     0.542494     0.430272     0.130956     0.488191    0.0815231    -0.631994     0.824768    -0.142472     0.376236     -1.07248     0.345572    -0.442464     0.149875    -0.154954     0.367828     0.667511    0.0325374     0.417131   -0.0766301     0.571188    -0.338997     0.530463   -0.0758536    -0.167855  -0.00674997    -0.370208     0.748663     0.499746     0.138573    0.0556514
   -0.635091     0.497838    -0.168271     0.144799     -0.46315     0.165081     0.270925    0.0743825     0.336702     0.955277    -0.560937     0.131783     0.278599     0.485038     0.258437    -0.249705    0.0703079     0.362214   -0.0715712     0.572108       0.7247    -0.320151     0.402577     0.623019    -0.628255     0.128001     0.119123   -0.0544382     0.248964     0.159779   -0.0230598     0.138542
