   -0.178015    0.0674334    0.0686565   -0.0402296   0.00107219    -0.137994    0.0509544    -0.476865   -0.0611373     0.404983   -0.0144424    0.0200965     0.479022   0.00755206    -0.296886    -0.205433     0.200746    -0.022694     0.676029    -0.223737     0.213799     0.209594     0.337283    -0.190512   -0.0725639    -0.397357    0.0751261     0.237442    -0.374316     0.387413    -0.180147    -0.228556
  -0.0253943     0.185257    -0.125294     0.104559  -0.00945104     0.562508    -0.164884    0.0783584     0.217523    -0.217534    0.0897345    0.0598576    -0.251499      0.21156  -0.00783838    -0.115879   -0.0973621    -0.201036    -0.196171     0.369221     0.109466   -0.0548538    -0.671189    -0.216995     0.218178     0.324716    -0.385162    -0.241957   -0.0501315   -0.0289907    -0.187045   -0.0921498
   -0.523205     0.741103    -0.118348   -0.0283373   -0.0466363    -0.290315    0.0186749   -0.0490429     -0.41812     0.329421    -0.234167    -0.671231    -0.232566     0.387566     0.402485    -0.239433    0.0503088   -0.0182037    -0.281642     0.495158    -0.368275     0.542938     0.102932     0.183434    -0.271427   -0.0878287   -0.0067799   -0.0341245    0.0975613    -0.264892    -0.256734    0.0416781
   -0.118769    -0.577403     0.142712    -0.920104      0.26588    -0.230363    0.0792534    -0.199753      -0.3571    -0.210831     0.048339    0.0911036     -0.37338     0.589138     0.621305    -0.427566   -0.0160496     -0.42628    0.0895966     0.495275    -0.545179     -0.49333     0.351469    0.0873632    -0.495261     0.108169     0.081513    0.0207707    -0.284921    -0.205061    -0.234688     0.441639
    0.349435    -0.340776    -0.268611   -0.0149265   -0.0524675    0.0161005    -0.126775    0.0420252     0.152851   -0.0613627    -0.339071     0.288414     0.300114    -0.105183     0.174941     0.261777      -0.3578   -0.0650536   -0.0573716   -0.0881713    -0.123897    -0.159364    0.0311523    -0.445096     0.175482    -0.268403     0.106975    0.0421585    0.0923593     0.062414    0.0653449   0.00712084
    0.450779      0.36312     0.355163     0.290976    -0.124545    -0.281803     0.419916    -0.126664    -0.108871     -0.12203    -0.576746   -0.0282267    0.0411329     0.214121    0.0422533    -0.169939     0.450396     0.400827     0.370487   -0.0928193    0.0685759    -0.312983     0.481429     0.303213    0.0879648     0.253499     -0.24455    -0.733684    -0.209769    0.0123715      0.52883    -0.038779
    0.351658     0.241623     0.343603    -0.416966    -0.260865   -0.0706665     0.279469   -0.0948624     0.408721    -0.532629    -0.231562     0.304652   0.00359299    0.0751609     0.432901    -0.341304   -0.0898843     0.141582     0.468604     0.416349     0.273086    -0.357991     0.252327   -0.0772295     0.270882    -0.388369    -0.441744    -0.061821    -0.232529     0.725167    -0.427829     0.271065
   -0.303307     0.173524    -0.151907     -0.22887    0.0949766     0.010189     0.384621     -0.19341     0.387095     0.101367   -0.0762267   0.00148956      0.54434    -0.336119     0.518401    0.0396145    -0.263875       0.1224     0.347184   -0.0708469    -0.126546    0.0236855     0.106368   -0.0485261    -0.371002     0.210332    0.0539292   -0.0937585    -0.296132     0.497901    -0.290801    0.0610155
   -0.238181     0.326354     0.293595     0.182455    -0.237231   -0.0681377    -0.123022    -0.226413     0.129323    -0.088561   -0.0734822    -0.348055      0.29557    -0.170975    -0.286667     0.501899  -0.00690377   -0.0882069    -0.168497    -0.239547    -0.249512     0.102468     0.513363   -0.0938759   -0.0339534    -0.210752     0.211731   -0.0596373    -0.383754     0.126445     0.361013    0.0393789
   -0.516991     -0.13344     0.189346    -0.306634    -0.166326    -0.137578    0.0838721     0.253259      0.10704    0.0613054    -0.144832     0.259874     0.147475      0.73302   -0.0113301    -0.141971    0.0751259    0.0846963    0.0696268    0.0864528      0.16382    -0.249171     0.169649     0.117645    0.0167094     0.147076     0.545849     0.545166     -0.34366     -0.34851     0.137531    -0.204572
     0.24807    -0.307822    -0.479616    -0.522111     0.222128    0.0598804    -0.193241    -0.259177    0.0637383    -0.679921   -0.0866315     0.561815    -0.241193     0.531696   -0.0793407      0.33667     -0.42094    0.0836781      0.18668   -0.0412809    0.0435643     0.113672    -0.260991    -0.135864   -0.0257397    -0.367641     0.300967    0.0188908    -0.281659    0.0244128    0.0645366   -0.0134351
  -0.0125971     0.338825     -0.04367     -0.29483    -0.445708     0.259155   0.00639417   0.00155432     0.155456    -0.528938    -0.198061     0.414656    -0.399482     0.357444    -0.378785     0.655961     0.132413     0.208499    -0.250994    -0.038007     0.259273  -0.00924916    -0.614251    -0.383887    0.0833889     0.310455      -0.1615    -0.263828    -0.568175    -0.325162   -0.0944098   -0.0982335
    0.271657   -0.0506093   -0.0160244     0.256132       -0.112     0.506097    0.0372854   -0.0721387     0.165398    -0.350815     0.197341     0.577982    -0.253025      0.14767    -0.280281    -0.163629     0.142672  -0.00732404   0.00841877     0.380667      0.43475    -0.472204    0.0861191     -0.18162     0.075929     0.337874    -0.347791     0.285699    -0.453773    -0.164222    -0.243721   -0.0527866
   -0.113808     0.186922   -0.0913282     0.135795     -0.30677     0.324819     0.173484    -0.219627    0.0166387     0.347125     0.288549    0.0756026     0.351571    -0.094799     0.336394    -0.263381     0.301415     0.244234     0.104505     0.171708    -0.127588   -0.0683828     0.138273     -0.21942     0.391118     0.265096      0.11921     0.232568     0.237237    -0.330375   -0.0508223    -0.322244
   -0.421197    -0.266786      0.29917    0.0378357    -0.545917    -0.305853     0.395862    -0.441008     0.450208    0.0613694    -0.101506    -0.211513     0.245841    0.0676062     0.290625     0.119626    -0.117831     0.215402     0.204159    -0.115566     0.275308    0.0337312     0.809935    -0.360919     0.381149     0.361212   -0.0599833    -0.583076    -0.419638     0.262606     0.503838      0.07163
   -0.169027   -0.0295068    -0.147253  -0.00972209    -0.354528    -0.231402    -0.131509     0.154251    -0.460042   -0.0297625     0.106186     0.267915    -0.309204   -0.0226938     0.383376    -0.068855    -0.350073    -0.130589     0.302265   -0.0192438     0.593824   -0.0893832     0.239604    -0.125051    -0.473638     0.628771     0.350313    -0.305315   -0.0538461    -0.199309    0.0512257  -0.00645331
   -0.143304    -0.317171    0.0811436     0.193057    0.0123301   -0.0985927     0.274818    -0.133699     -0.20087     0.247126    -0.258074   -0.0897228    -0.202843      0.29557     0.485444    -0.213548     0.113062    -0.427352   -0.0328653    0.0859882    0.0961035    -0.283454    -0.152838     0.159632     0.133506    0.0797192    -0.159809    -0.138389     0.128023    -0.367911    -0.111122    -0.126553
    0.203618    0.0918153   0.00623213    -0.136791    -0.396327   0.00627695   -0.0913267     0.244883     0.183319    -0.519614    -0.124496     0.477791    -0.259946     0.995126   -0.0614911    0.0901327    -0.353509     0.017654    -0.323108   -0.0498506    -0.127473   -0.0606189    -0.711478    -0.252261     0.144453   0.00903635    -0.365803    -0.364384     0.165662    -0.194571     0.142563 -0.000592355
    -0.18654   -0.0169988     0.465579     0.258862    -0.542207    -0.117478     0.443271     0.220609    0.0330884  -0.00939498   -0.0389685   -0.0283566    0.0561141    -0.056448     0.382141     0.136058     0.300581     0.168432   -0.0125175   -0.0517789   -0.0140688   -0.0156018     0.151325     0.270607     0.160325     0.124447    -0.126317    -0.122614      0.10693    -0.104107   -0.0094504    -0.319866
   -0.320823    -0.146199     0.295043    -0.253257     -0.13183     0.058257    -0.325846    -0.137602     0.692848     0.229917    -0.454258     0.490559     0.298111    -0.394845     0.111967    0.0905772   -0.0286714   0.00964466    -0.158404    -0.414441      0.34502     -0.18317    0.0842511    0.0841505  -0.00794121    -0.442137    -0.317774     0.384746    -0.328679     0.286626     -0.61569     0.206462
  -0.0442814    -0.230428    -0.309711    0.0136648    -0.171774    -0.234686    -0.104355     0.227063     -0.28373    0.0506389   -0.0509044     0.412833     -0.20374     0.325512    -0.243025   -0.0349028   -0.0346063     0.216376    -0.163786     0.039576   -0.0467784     -0.16922    -0.428345    0.0356172    -0.233455     0.175387     0.208263    -0.402505   -0.0329379     0.281186     0.204345    -0.149897
   -0.232671    -0.201257    -0.222532    -0.152826    -0.154484     0.213648    -0.254736    -0.435551     0.297423     0.219363    -0.441111     0.225997   -0.0315687    -0.124263    0.0729395    -0.115269    -0.609166     0.172484     0.428517    -0.094156    0.0408504    -0.199234    -0.194095     0.245439    -0.228935    -0.726162    -0.338073     0.105664    -0.342298     0.544013    0.0727507     0.137152
     -0.5823    0.0698554    -0.242752    -0.514533    0.0748492 -8.42674e-05     0.206972     -0.45009    -0.164817    -0.487396    -0.202409    -0.191353    -0.311943     0.514616    -0.158584   0.00283282    -0.975679     0.285044     0.167972     0.341863    -0.232928     0.381011   -0.0785437   -0.0187576      0.14097    -0.483007    -0.176901     0.394624     0.503462    -0.564945     0.323866     0.359984
   -0.455111      0.51203    0.0582108    0.0510476     -0.28119       0.2554     0.216839    -0.239436    -0.718785     -0.24054    0.0929247     -0.10576     0.107178     0.137302     0.431528    -0.217166    -0.251597    -0.270458    -0.210847     0.556378     0.100162    -0.207381     0.535554    0.0762582    0.0712773     0.210731    -0.231292     0.375249    0.0521278     0.103278     0.164569    -0.322421
   -0.401312    -0.176042     0.329136     0.255529    -0.347679      0.47375     0.185338     0.305874    -0.364809     0.466332    -0.441137    0.0735175     0.143566    0.0832431     0.153296     0.142366     0.491608    -0.312294    -0.324411    0.0443741     0.699096     0.246618     0.276193    -0.244728     0.749248    0.0107978     0.307031   -0.0345777     0.108602     -0.40372     0.401802    -0.184567
     0.13034    -0.114097     0.210183    -0.329409     0.223844     0.149106     -0.23768     0.195895     0.393197    -0.132065     0.462698      0.37186     0.322297    -0.129775    -0.137536    0.0813371   -0.0132948     0.120167     -0.30362    -0.126887    -0.121572    0.0170375    -0.014207   -0.0752972     0.362127      0.14088     0.125322   0.00218526    0.0876989     0.198193   -0.0701203    0.0268934
    -0.38969    -0.217593     0.371831      -0.1786   -0.0705935    -0.159213    -0.179504   -0.0395027    -0.152822     0.426484    0.0443953    0.0510608    -0.379338     0.377433     0.125222    -0.260668     0.290223    -0.258966     0.366198     0.603457     0.552938     0.324588    -0.022868     0.292648    -0.135072      0.16864     0.169657    -0.147164    -0.242319    0.0322136     0.489194    0.0930139
    0.256139     0.406384     0.027557    -0.391497    -0.210905     0.221265    -0.118641   -0.0849905     0.273637    -0.622399     0.332678     0.405757    -0.770064     0.227885     0.171281    0.0792087    -0.291239    0.0738334   -0.0935257   -0.0873446     0.513321    -0.037528    -0.855344    -0.451381    -0.287635     0.558957    -0.191168    -0.082382    -0.127066   -0.0684153    0.0596735     0.186407
    0.126255    -0.214465        0.574    -0.600848    -0.281132    0.0516479    -0.114421     0.279634   -0.0668343     -0.35552    0.0253852      0.34137    -0.727579     0.326241    0.0781993   -0.0991987     0.627723    0.0670801    -0.157766     0.482825     0.217864    -0.273002    -0.313865   -0.0230965     0.515835     0.370902     0.116237    -0.225948    0.0173832    -0.100753    -0.136706    -0.278425
   -0.176591     0.293766    -0.100794    -0.297111    -0.159125    -0.180793    0.0306092    0.0871466        -0.14     0.220887    -0.276721    0.0698783   0.00679135    -0.326187     0.159104   -0.0125996    -0.185983     0.157127    0.0305468    -0.342357    0.0842795    0.0585323     0.526775    -0.112303   -0.0807648     -0.17739    0.0629202    -0.116491    -0.409247     0.451938   -0.0636108   -0.0301225
   -0.198243     0.134015   -0.0457376   -0.0845949     0.163944    -0.148132    -0.218052     0.128791    -0.208431     0.199719    0.0809936   -0.0422337   -0.0958535     0.213368     0.263479    -0.133144   -0.0917261    -0.165781    0.0780406    0.0194576    -0.191679   -0.0506159    -0.106762    -0.097626     0.100559   -0.0726581     0.331803     0.150521     0.181772    -0.207109     -0.15339    -0.239599
    0.309276     0.381059  -0.00574875     -0.22294     0.121229    0.0300799     0.146179     0.304631   -0.0817791    -0.104349      0.22405     0.208288    -0.471088    -0.177262    -0.103711    0.0877484    0.0680597    -0.136393      0.29505    -0.387155   -0.0811655    -0.183153    -0.612368    0.0501977   -0.0653979   -0.0191052     0.200455     0.190139     0.493059    -0.043761    -0.297867    -0.246084
