   0.280379
  -0.162505
   0.058829
 -0.0044897
  0.0594356
  -0.303254
  -0.266873
 0.00392913
   0.136375
  -0.680321
   0.161587
   0.216176
   -0.24548
  -0.251658
  0.0903779
  -0.180903
  -0.223742
 -0.0333174
  0.0985191
  -0.613021
   0.100602
 -0.0202653
  -0.131155
  -0.116441
 -0.0983438
   0.110787
 -0.0630437
   0.216053
   0.143853
 -0.0697626
   -0.13306
   0.110554
  0.0703734
 -0.0374355
  0.0182365
   0.216589
  0.0962338
  -0.327485
   0.123773
  0.0106819
  0.0301816
   0.161475
   0.158717
    0.49016
 -0.0827794
  0.0632532
  -0.197402
 0.00496352
   0.347109
  -0.273822
  -0.367742
 -0.0394355
   -0.33575
 -0.0654453
   0.242673
   0.124894
   -0.23336
  -0.033779
   0.453579
  -0.248112
   0.150791
 -0.0388717
  0.0113889
     0.2546
   0.147079
  -0.455085
   0.101013
   0.230539
   0.082785
  -0.151388
    0.17711
   0.460298
  -0.157301
   0.148067
   0.153899
 -0.0264588
 -0.0977852
  -0.246802
  -0.582736
  0.0911134
   0.119974
   0.200043
   0.128834
  0.0338622
   0.257391
  -0.110928
  -0.142283
   0.295016
  0.0465474
  -0.466408
  0.0189779
   0.110479
  -0.247335
  0.0591242
 -0.0462181
-0.00315616
  0.0799655
   0.782995
   0.132769
   0.265339
   0.501423
-0.00139362
  -0.129468
 -0.0285994
  0.0502418
  0.0211495
 -0.0640022
   0.201405
  -0.146083
   0.414725
 -0.0895129
 -0.0526259
  -0.173863
  -0.234463
 -0.0896427
   0.005034
  -0.153912
  -0.261808
   -0.28125
  -0.324778
  -0.294679
   0.148595
   0.216441
  0.0222485
 -0.0613683
  -0.128935
  0.0589479
  -0.395138
