      0.1593   -0.0724372    -0.159956    -0.170144  0.000692807    0.0789609    -0.492548    0.0924202     0.399939   -0.0383302     -0.12812    0.0123977    0.0173658     0.103518   -0.0436681    0.0432683    -0.142108    -0.162172   -0.0102123    -0.113051  -0.00038358     0.387559    -0.136772     0.116427     0.311292     0.174589    -0.153054    0.0922438     0.110196     0.226927     0.242744    -0.227407
   0.0796603     0.103177    0.0989103    -0.151923    0.0198723    -0.184876   -0.0547302     0.033693    0.0831132    -0.214512    -0.176884   -0.0416501     0.156259   0.00601169     0.262312    -0.162114    -0.133776    -0.236033    -0.168102     0.193344    0.0392454     -0.11312    0.0244995     0.101423    0.0384962    -0.146386     0.202685      0.18399      0.24906     0.234957   -0.0100876    0.0891713
  -0.0839179    -0.148268    -0.214321    0.0508502    -0.274286   -0.0239557     0.431005    -0.200083    -0.450188     0.154996    0.0408225      0.28123   -0.0890617    0.0878712   -0.0228966     0.118839    -0.245919   -0.0172368    0.0209614     0.283237    -0.249832      0.32377    -0.208894    0.0448247     0.290234    -0.418875    0.0856199     0.126843     0.186972   -0.0547365   -0.0289404    0.0597116
    0.156729    -0.247152    0.0149634    -0.033809    -0.123662     0.157279    -0.118639     0.310184     -0.28089  -0.00903742     0.038481    0.0347654   0.00503313   -0.0689516    0.0714043    -0.101244    -0.109624    0.0941634   -0.0801962     0.159567     0.102084     0.228996     0.135606    0.0350051    0.0965789     0.166098  -0.00312928    -0.082849     0.094087    0.0430963    -0.130079     0.079205
    0.184923    -0.253982    -0.123629    0.0718356    0.0194597     0.146545     0.103238     0.155394    -0.225343    0.0440542    0.0973828       0.0585  -0.00322088    0.0384466     0.175529    0.0267366    0.0312777    -0.436998    0.0753231     0.166869     0.140311   -0.0887214      0.15272   -0.0324158    -0.205301   -0.0288871    0.0029453     0.259684    -0.102716   -0.0722841   0.00329207     0.160061
 -0.00466467    0.0419938    -0.318881    0.0613293  -0.00262493    -0.117336     0.242927    -0.249692     0.308174    0.0142746    0.0117506      0.41216    -0.133601    -0.497171    0.0634175     0.487072     0.319577     0.409642   -0.0606381   -0.0300827   -0.0513725    -0.124441   -0.0119747   0.00578465    0.0346341     0.199951     0.234434     0.402222   -0.0563598    -0.260978    -0.101492    0.0410588
  -0.0193989    -0.230228    0.0672337    -0.135632    -0.106062    -0.229926     0.113459     0.219804     0.314676     -0.16293   0.00371237     0.154247    -0.351433   -0.0188341      0.07433     0.340486    -0.240836    -0.176104    -0.124689      -0.0173    -0.108627    -0.223175     0.103975   -0.0195825    0.0991294     -0.11468    -0.127855     0.230537    0.0474552    -0.262843     0.434082   -0.0580899
   -0.399788    0.0014771   -0.0673841      0.19922   -0.0545323    -0.129985     0.405976     0.139993    -0.101372   -0.0509567    0.0155306     0.149518     0.111743    0.0306665     0.295009     0.212817   -0.0484998    -0.121028    -0.228624     0.046368    -0.140283     0.203584    -0.143912     0.265154    0.0103679    -0.118455    -0.111313    0.0802427     0.196645   -0.0360731   -0.0945883    0.0153059
    0.140949     0.158696   -0.0746799    0.0227334    0.0462734     0.156999     0.328941   -0.0312445    -0.187647    0.0353995    -0.181458   0.00129514   -0.0373417    -0.115063    -0.090346    -0.243852    -0.332952     0.282897   -0.0695564    0.0237776   -0.0429965     0.181437    0.0204634   -0.0813312    -0.166196     0.049788     -0.13474   0.00770796     -0.25923    0.0813153   -0.0678163     0.130386
   0.0872474    -0.313097    -0.109476    0.0466792    -0.181076    -0.348318   -0.0417335    -0.031372    -0.102822   -0.0756991     0.206678     0.212792   -0.0438741    -0.203438      0.24582     0.201268    -0.120978    0.0764361   -0.0868828     0.232246    -0.366321   0.00488154    -0.267791    0.0627532   -0.0180317     0.209314     0.365728     0.119083   0.00927301    0.0312652     0.400593   -0.0209628
    0.504071    0.0115043     0.187755    -0.205419   -0.0445361   -0.0429916    -0.168606  -0.00864497     0.330974    -0.286683    -0.278532    0.0125557      0.19521    -0.243541   -0.0324977     0.317148      0.18241    -0.526066     0.137203     0.234733     0.104625   0.00328376    0.0920244    0.0773906    -0.152496     0.022469    -0.113781    -0.284921   -0.0153197     0.225891   -0.0684838    0.0532842
   0.0719096     0.098768    -0.366829     0.141367     0.447496      -0.2458   -0.0578771     0.125597    -0.330675     0.158612    -0.102173     -0.20823     0.540363    -0.189716   -0.0425963   -0.0296474     0.173338    -0.449039    -0.243271    0.0497744     0.114862    0.0487907     0.075575     0.220035     0.046717    0.0754812    -0.202762    -0.164276    0.0811223    -0.200615   -0.0133329     0.144633
   -0.174448     0.121257     0.186617     0.165355     0.108827    0.0537008   -0.0609643    -0.385015    0.0501397     0.131476    0.0268394    -0.234667     0.124418   -0.0250052    0.0733005   -0.0371481   -0.0908606    0.0307596      0.15956     0.383076     0.196228    -0.358653    -0.301796    0.0558703      0.17789   -0.0043695     0.294534     0.070315   0.00928485    0.0968241    -0.141545      0.13456
   -0.178962   -0.0404393  -0.00614951     0.097682     0.379812   -0.0132502    -0.257117     0.172814     0.076623     0.154117    -0.170361    0.0656654    -0.167055     0.354516     0.154205     0.112646      0.17873     0.328685    0.0835368    -0.462072     -0.20187   -0.0445077     0.218971      0.11542    0.0959046      0.22235      0.32766    0.0699727    0.0727161    -0.143849    0.0641219     -0.25368
   -0.292359     0.128812    -0.226833   -0.0611369     0.646513     0.119516   0.00946078     0.235664    -0.108076    0.0114858     0.138562   -0.0395504     0.238783    0.0698642     0.128022    -0.549159      0.23281    -0.428671   -0.0841514    -0.348381     0.124617     0.389302   -0.0438165    0.0678331   -0.0424898     0.231192   -0.0371358    0.0739115     0.151405   -0.0551839     0.113182    -0.200462
    0.162017    -0.106329     0.162235   0.00894951   -0.0814046   -0.0504214     0.306498   0.00468972  -0.00769452    -0.131942   -0.0953472     0.126786   -0.0725845    -0.178074   -0.0795319     0.165506   -0.0888153     0.291406    -0.237424     0.174453    0.0980595    -0.182691   -0.0140678    -0.144448    -0.541888    -0.296838    -0.050388     0.312501    0.0385152    -0.149767   -0.0397856   -0.0760736
    0.318795    -0.647251    -0.272652    0.0498378    0.0169776     0.313866     0.471664     0.384254    -0.361477     0.501833     0.287726    0.0948357    0.0139829    -0.549716     0.168178   -0.0480018    -0.227534     -0.21355   -0.0184616       0.3922     0.141519    -0.119885    -0.101139     0.431356    -0.218168   -0.0377035    0.0257605     0.140183     0.679604   -0.0936219     0.220609     -0.20009
    0.324586  -0.00257393    0.0812193   -0.0865946     -0.10983    0.0323051     0.109149    -0.223896     0.248241    -0.182547    -0.156526    0.0918036    -0.223909  -0.00503497    -0.049336   -0.0690512    -0.436952    -0.333107   -0.0765847    0.0768127     0.144304     0.104467     -0.10627   -0.0443072    -0.286843    -0.285041    -0.403147     0.215783    0.0798665     0.153217      0.12449   -0.0160998
   -0.177277    0.0344588     0.117869     0.259512      0.17359     0.342059   0.00744375  -0.00555165     0.198598   -0.0356629    -0.195791   -0.0037816  0.000514767     0.138704    -0.139445    -0.135033    -0.110662    0.0422293    0.0321522     0.120549     0.408534    -0.105883   0.00172074   -0.0589421     0.261058    -0.054175    -0.187826    0.0349283    0.0444905    0.0845674    -0.549462    -0.127298
 -0.00457095   -0.0897694   -0.0303882   -0.0928495     0.369415    -0.251848     0.013063    -0.249546    -0.250614    -0.179565    0.0222139     0.210706    0.0623207    -0.293207     0.129922     0.178092    -0.147156    -0.248745    -0.396031    0.0522097   -0.0363851     -0.26179     0.012531     0.153802     0.272663     0.212599   -0.0176278    0.0230459     0.075194    -0.134049     0.352025     0.140484
   -0.158901     -0.13745    -0.224429     0.261616     0.195445    0.0246055      0.12031    -0.105657   -0.0802339   -0.0839063     0.264813    0.0562627     0.209039     0.308502   -0.0578591   0.00581417   -0.0312352    0.0335784   -0.0737099    0.0899842   0.00383949     0.251938    0.0339859     0.186187     0.258136   -0.0806371       0.3385     0.290799    -0.047485    -0.340785   -0.0240199   -0.0984019
   -0.151186    -0.111371     0.117074    -0.123206   -0.0661547    -0.148894    -0.215717    0.0116228    0.0664476     0.252813  -2.8108e-05   -0.0679086     0.307391     0.113185 -0.000185444     0.427495     -0.12727    -0.199179   -0.0775152    -0.162918     0.124186     0.150603    0.0958158     0.465952   -0.0912339   -0.0501002      0.15621     0.247033    0.0540453    0.0195191   -0.0844229     0.176816
   -0.391807     0.209831   -0.0148172    -0.162899   -0.0512057    -0.135652     0.176265   -0.0324653    -0.113366     0.243249    -0.278903   -0.0930255    -0.170776   0.00463995   0.00474008    -0.336093    -0.230645   -0.0949069    -0.149339    0.0174542     0.103631   -0.0982716   -0.0609986    -0.277182    -0.345844     0.104638   -0.0695246     -0.23366     0.338274      0.12031     0.268447     0.214084
   -0.386486    -0.388586     0.230448    -0.142272   -0.0715595    -0.180479    0.0162394    -0.361155    0.0137116    -0.234808     0.188195    -0.135473    -0.177299     0.112722     0.052031    -0.111538    0.0177889     0.102411    -0.182951   -0.0101695     0.212478    -0.516963  -0.00416449     0.230252    -0.104686       0.1946     0.154351   -0.0065149     0.062491   -0.0547769     0.166389  -0.00197805
   0.0383161  -0.00909682     0.183364     -0.20125    -0.263054    -0.084772    -0.244151     0.237598    0.0592564    -0.111575    0.0706288     -0.24666   -0.0804864    0.0294523    0.0661062   -0.0930367     0.131088    -0.263909    -0.118328    -0.173593     0.225236     0.192594     0.165011    -0.200507   -0.0708736    -0.231773    0.0117561    0.0849719    -0.156476    0.0724735     0.290655    -0.210773
     0.25908     0.195973   -0.0284989    -0.195629     0.283964    0.0720374    -0.459133    0.0399061     0.145944    0.0516123    -0.366812    -0.082682    0.0532919     0.133734   -0.0131968   -0.0112536     0.172492    0.0480962     0.179113   -0.0449969     0.156769     0.107413      0.19125     0.173742     0.334635     0.219699     0.229946   -0.0581159    0.0108417    0.0113198    -0.294433    -0.135861
   -0.229278   0.00500697    0.0654186    -0.282355    -0.534121    -0.291983     0.113836    -0.167882       0.2583   -0.0693356     0.256966    0.0651454   -0.0825095     0.340588    -0.100021     0.302478    -0.129851   -0.0229556     0.171736    0.0932678   -0.0974262    -0.373337    0.0120891   -0.0418622    -0.246113    -0.165677    -0.226948   -0.0323355     0.219577    0.0119516   0.00317095      0.29823
    0.287076    0.0623861   -0.0392033    -0.013369     -0.16046    -0.132247    0.0070441   -0.0741184     0.120777     0.190051     0.190683     0.108987   -0.0693599     0.106118  -0.00192847     0.279797 -0.000149005     0.179053     0.241635     0.131387    -0.115444    -0.194862    0.0426788     0.285996    0.0594133    -0.346593    -0.161507     0.311412    -0.380858    0.0777788     0.159118     0.106107
    0.105656     0.112759   -0.0538953     -0.18955   -0.0318848     -0.15474   -0.0424254  -0.00283131    -0.324347   -0.0876595     0.276647     0.130955     0.143804    -0.109152   -0.0526395      0.28737  -0.00833241   -0.0669515     -0.33595    0.0813623     0.195269   -0.0614108     0.305374   -0.0957584     0.186378    -0.032461    -0.134013     0.124451     0.335156    -0.369119     0.133513     0.045359
    0.218808    0.0297301   -0.0672461   -0.0607023     0.298076    -0.154965    -0.145935    -0.172316    -0.112111     0.058607   -0.0539833    -0.151072     0.255997       0.2199    0.0476911    -0.362142   0.00183067   -0.0503561    0.0247014   -0.0746646    0.0390221    0.0894526    -0.139732       0.2162   -0.0165095     0.162902    -0.013232    -0.166918    0.0654466    0.0751533     0.164992   -0.0233622
   0.0368349   -0.0762795     0.252296    -0.118463     0.166798     0.310704    -0.390797   -0.0325804     0.384979     0.231063    0.0850873     0.228537    0.0539173     0.273136   -0.0680418   -0.0206195    0.0688379     0.166138     0.196774    -0.146354      0.36696    0.0680363    0.0221238    -0.447056    0.0279284  -0.00604828    -0.366253    0.0710311     -0.26536     0.255909     -0.26002    -0.205165
   -0.146368    -0.150134     0.241216    0.0365556     -0.26075   -0.0287728    -0.370461    0.0227271    -0.238369    0.0159296    -0.167666    -0.109464    -0.081757     -0.26764     0.154801 -0.000689746    -0.278924    0.0338185   -0.0308647     0.280313     0.106545     -0.31935    -0.216119    -0.198609     0.323753   -0.0336004    0.0411864    0.0267782     0.077093    -0.155085    -0.117299     0.236065
    0.103161     0.183425    -0.198521    -0.318393  -0.00273689    -0.411386   -0.0368692     0.242268     0.458421     0.252229   -0.0284729    -0.172076     0.119443     0.161613    0.0565036    -0.401568     0.427481     0.155171    -0.226066    -0.154884    0.0607798    -0.106875     0.376126   -0.0792303     0.145973    0.0841032     0.320586   -0.0865587    -0.123879     0.206304    -0.342801     0.106304
   0.0242312   -0.0646995    -0.321024    -0.314209   -0.0415948    -0.190545     0.069352    -0.144149    0.0842029    -0.046291      0.42512  -0.00796494    -0.214602     0.215974    -0.019864    0.0556471   -0.0650461    -0.109653    -0.158306   -0.0224412     0.128975    -0.160348     0.249608    -0.102665    -0.116422     0.104162    -0.257482   -0.0938043    -0.124087   -0.0133712    -0.178056    -0.302984
    0.118762    -0.131897   0.00054701   -0.0317766     0.347863    -0.207033    -0.060621     0.216078     0.245031      0.16635     0.185097   -0.0146195      0.38447     0.160978     0.162244    -0.564467   -0.0315928     0.300563    -0.183679    -0.203636    0.0357946    -0.298921     0.119405    -0.133294    0.0781835    0.0729103    0.0686685    0.0871537     0.029989    -0.198448     0.181691    -0.287818
   -0.221975    -0.140779   -0.0259229    0.0450072    0.0714556    -0.129138    -0.166615   0.00972155    -0.258492    0.0270261    -0.113001     0.341836     0.147622     0.110602    -0.140068    -0.127502    -0.141471     0.147734    -0.301357    -0.214452    0.0822335    0.0794565      0.26941   -0.0266106      0.13433      0.18612    -0.076657     0.156545    0.0523205    -0.106676    -0.125519   -0.0261548
   -0.108071    -0.304666    0.0813399     0.106894     0.255306    0.0646916    -0.134348    0.0606003    0.0267447  -0.00216081    0.0764724    -0.137723   -0.0295398    -0.114066     0.256791    -0.159097     0.115387    -0.312117    -0.382802     0.183165    -0.290279      -0.0521   -0.0620141    0.0801899     0.155301    -0.119666     -0.33215     0.119413  -0.00175884   -0.0269096    0.0885875      0.32974
    -0.12946   -0.0388789     0.139004   0.00247428    -0.167765   -0.0223001    0.0668366   -0.0190647    0.0820587    0.0584241    -0.096375  -0.00192443     0.118264    0.0728428   -0.0208409    -0.109083    0.0229362    -0.143057    -0.130552    0.0291526    -0.120416    -0.181432     0.169771       0.1329    -0.119602   -0.0949653    0.0307075    -0.116153   -0.0251431    -0.252045     0.455654     0.173818
  -0.0327051     0.121907    -0.337396   -0.0332702    -0.207338    0.0147743     0.302898    0.0284242    -0.112573    0.0593126   0.00733385    0.0857136    -0.149093    0.0411039   -0.0431844     0.012106    -0.176243    -0.266284   -0.0851749    -0.144822     0.109809    0.0807427    0.0553949   -0.0852948    0.0532539      0.20936    -0.154729    -0.148995      0.27928   0.00816522   -0.0035805    -0.255217
    0.470942    0.0170344      0.11699     0.116394   -0.0235446    0.0612739    -0.178281     0.330277    -0.292616     -0.19441    0.0575066     0.128205    0.0464082    -0.372691   -0.0701882     0.111663   0.00577934    -0.240047     0.157152   -0.0700296     0.110602      0.11448    -0.190614    -0.202565    0.0781113    0.0803479     0.195668     0.258362     0.041821    -0.121857    -0.146886    -0.112349
   -0.384082   -0.0937282     0.269168     0.358049     -0.12877    0.0765837   -0.0236365     0.151221     0.148886     0.122108     0.380952     0.221401    -0.174026     -0.15752    -0.272674    0.0703403    -0.348751     0.431674    0.0611621   -0.0422907     0.247639      0.44599    -0.390144    -0.372191    -0.171049     -0.16669   -0.0752488     0.132809    -0.360876   0.00730092     0.133431   -0.0819913
   -0.161393    -0.286694     0.212245     0.184187    -0.166946    -0.281201   -0.0156833    -0.154865   -0.0543959     0.148867     0.289891   -0.0168015    -0.305805    -0.218369   -0.0336682    -0.386608    -0.214485   -0.0110219    -0.187611     0.071627   -0.0305498    0.0603219    -0.062249   -0.0844065    0.0335462  -0.00295771   -0.0425045   -0.0865492     0.161757     0.175803     0.412934     0.245389
   -0.313469     0.116589      0.09055   -0.0869279   -0.0806214    -0.135448     0.189306     0.263346   -0.0673935    -0.361119     0.186856    -0.119224    -0.273582    0.0621681    -0.124612    -0.266849   -0.0780846    0.0779046   -0.0906335    -0.354665   -0.0349554     0.263113     0.199425    0.0704552    -0.327922     0.188709    0.0450302    0.0680687     0.187103     0.172928    -0.243686    -0.116306
    0.204538    -0.403787   -0.0668144     0.153819    0.0175501     0.132078     0.218212     0.108394    -0.290746    -0.230005     0.265854     0.129659    -0.162872    -0.326434     0.274998   -0.0340563    -0.361023   -0.0474522   0.00954215     0.398203   -0.0284232    -0.135848    -0.290492     0.241086    -0.266042    0.0509951     0.123949     0.512069     0.301565    -0.268202     0.602773   -0.0583777
    0.261366    0.0445698    0.0042612    0.0765377     0.243004     0.051907    -0.119813    0.0172468     0.149573   -0.0942203    0.0744583    0.0288347    0.0868513    -0.102598     0.137559     0.324865     0.274805   0.00352255     0.258021    -0.224219  -0.00883112     0.126724     0.126308     0.204153     0.189502  -0.00795573    0.0872437    0.0657221    0.0411569    -0.107234   -0.0489952    -0.290668
    0.135534    0.0329985    -0.445192    0.0462901    -0.168672      0.10768    0.0742513   -0.0820744     0.189182    -0.430559   -0.0301904    -0.318347    -0.121527     0.499924    -0.271906     0.191745     -0.15198     0.111048    0.0695028     0.263885    -0.289644    -0.345917   -0.0805877    0.0589604   -0.0170318    0.0842423     -0.21748    0.0720341    0.0290353   -0.0151337     0.102506     0.241752
   0.0884698   -0.0799429    -0.166296    -0.123401    -0.025915   -0.0866164    -0.186822     0.161487     0.146338   -0.0767026    -0.089736     0.178462    -0.312259     0.181732   -0.0176379     0.290299    -0.181648    0.0399931     0.197061   -0.0866024   -0.0410111     -0.25357    0.0566327     0.219601   -0.0218835      0.10546   -0.0985175    0.0322966      0.27365   -0.0155814     0.189987     0.156293
   0.0526157   -0.0894865     0.196617    -0.100922    -0.160064    -0.139758   -0.0956399    -0.163162   0.00128368   -0.0186487     0.160909    0.0531059    -0.124459   -0.0290329  -0.00207788      0.50641    -0.182719     0.280399    -0.032252    -0.111311      0.14398    0.0482147    -0.224562     0.297907    0.0675533    0.0422029      0.24504   -0.0982487    -0.170902    0.0834621    0.0286434     0.206941
    0.156087   -0.0865842     0.168687     0.303525   -0.0685001     0.175448     0.258634  -0.00334362    -0.189856    0.0207899    -0.176498     0.338711    -0.155824   -0.0723674  -0.00143184    0.0349087   -0.0978915    -0.242915    0.0803661    -0.219142    0.0433771    -0.100247   0.00926991    -0.118292      0.13507   -0.0468199    -0.082412    0.0867304    0.0118925     0.187392     0.181957     0.166243
  -0.0219402    0.0423991    -0.335504   -0.0353875   -0.0188483  -0.00558814     0.243839    -0.139493     0.102377   -0.0297423     -0.32411      0.25107    0.0761761     0.141586   -0.0350169    -0.208783     0.141437     -0.26243    0.0107296    -0.316329     0.130631   -0.0638152   -0.0513419     0.206482    -0.242796    -0.180692    -0.264503   -0.0571666     0.134215    -0.143422   -0.0200315     0.139016
   0.0522586    -0.291655     0.265462    0.0761432    0.0495235   -0.0189802    -0.135987     0.303933     0.156744     0.375953   -0.0607342     0.113127   -0.0139152  -0.00984533     0.321315    -0.321781   -0.0454107    0.0321698    -0.389955   -0.0924125    -0.109609     0.220968     0.153241    -0.273165     0.402431    -0.032253    -0.203096    -0.111862    -0.056426   -0.0697557    -0.191303    -0.123579
   -0.193214     0.135423    0.0601808    0.0322898     0.305067    -0.198369    0.0508134   -0.0173512     0.120933     0.347056     0.283469    -0.054446     0.129567     0.304298    0.0640726    0.0593585    0.0007598   -0.0742014     0.190387   -0.0857442    0.0469804   -0.0184578     0.109656    0.0141923    -0.133657    -0.222537   -0.0236994   -0.0246145     0.162002    -0.105855     0.165965    -0.107531
   -0.544224    0.0779615   -0.0398631    -0.200754    -0.163749    -0.163444     0.425097   -0.0350061    -0.165436     0.154678     -0.16917     0.180746     -0.26998     0.325073    -0.303807   -0.0720274    -0.251449     0.354772     0.233094     0.024411  -0.00367785    0.0872094    -0.209164    -0.149097    -0.176764     -0.21417     0.110153      -0.3658    -0.294019   -0.0630415     0.275471     0.130404
      0.1307    -0.180679    0.0572284    0.0313097    0.0957709    -0.160637    0.0642644     0.254268   0.00387905     0.360547     -0.30434     0.213786     0.215716     0.551168   -0.0167007    0.0375559    0.0294728    -0.190436    -0.182195    -0.414032     0.223158    0.0540759    0.0424278    -0.170826     0.405863    0.0166306    -0.334029    -0.288088    0.0470054   -0.0983703   -0.0548687    -0.293668
  -0.0220688    -0.188144     0.129604     0.097671    -0.364598   0.00784471   -0.0704993    -0.149313      -0.1018  -0.00769869   -0.0540212    0.0403263    -0.269124   -0.0297754    -0.199651     0.164579   -0.0921613     0.123194     0.033887     0.233445    -0.184288    -0.107809      0.34432    -0.122892    -0.396531   -0.0766882    -0.230879       0.2169    0.0651138    -0.219614    0.0686477 -0.000501612
   -0.209248     0.131092   -0.0205141     -0.11353   -0.0596624     0.011565    0.0426087    -0.371606    0.0123758    -0.183828    -0.427191    -0.216968    -0.420281    0.0858122     -0.21808     0.026473   -0.0817114    0.0283646     0.015879   -0.0688794    -0.208119    0.0805575     0.105546     0.245915   -0.0659566    -0.270669     0.106886     0.243783   -0.0993669     0.075404     0.034713    0.0572272
  -0.0794529    0.0271636  -0.00710987   -0.0261963     0.166179   0.00222417    -0.400413      0.08203     0.366964     0.406393   -0.0180239   -0.0673441   -0.0589586    -0.192187     0.102459    -0.493257   -0.0747317    0.0477009     0.251389    -0.338612    -0.200054    0.0983643    -0.153609    -0.159086     0.438859     0.244658  -0.00673301     -0.18885    -0.407082   -0.0431539    -0.585238    -0.212279
    0.176199     0.298606      0.12425    0.0375551    0.0825149    -0.272673     0.185061     0.271138   -0.0242088     0.056016    -0.106902     0.209604     0.360498    0.0163232    0.0142012   -0.0312119     0.193001     0.125455    -0.122989    -0.144556     0.145317   -0.0538282    0.0815275    0.0802382     0.198836     0.145047   -0.0642763    -0.378739     0.192887     0.188723     -0.13132    -0.201218
   -0.154391    -0.183779    0.0350446     0.134373     0.123175    -0.168408    -0.199569     0.239364    -0.172651     0.224715     0.188744  -0.00802052     0.326772     -0.21362     0.256202    -0.275858     0.181515    0.0648007    -0.352673    -0.119495  -0.00743266   -0.0755141     0.186102   -0.0887811    -0.154364   -0.0317559    -0.056966     -0.32662   -0.0924872     0.263642    -0.152328   -0.0638343
  0.00234452   -0.0289957     0.049035    -0.112207     -0.31264    -0.136614   -0.0138622     0.105274     0.457622   -0.0643094   -0.0150571     0.129945     0.204587    0.0499508    -0.069076     0.294172    -0.181432   -0.0324481     0.155015     0.185376    0.0612073   -0.0527062    -0.197309     0.601074     0.281865     0.379054    0.0829941     0.271046   -0.0367464   -0.0672811   -0.0322859    0.0457643
   -0.015038   -0.0790865     0.327012     0.045994    0.0127413    -0.164709    -0.263278    0.0876836   -0.0674138   0.00499303    -0.234339     0.224607   0.00574917    -0.122337    0.0875253      0.24615   -0.0406694     0.112871    -0.375666    -0.261055     0.352457   -0.0139557   -0.0552223    -0.134843     0.047081    -0.132495   -0.0728613   -0.0831309     0.170459    -0.131021    0.0623196     0.068096
  -0.0153607    0.0374596     0.252448    0.0596672    0.0517668     0.216725    -0.305307  -0.00867731    -0.404631     0.161136    0.0360992     0.264103     0.234332    -0.119431     0.319335    -0.133662   -0.0156823    -0.236934    0.0602674    -0.224499     0.202998   -0.0773045    0.0399025    -0.389258     0.415435    0.0100963     0.133253    0.0479092    -0.155119    0.0453087     0.065736    -0.186408
    0.221339  -0.00395624   -0.0238214    -0.106698    -0.414537    -0.041763     0.355864    -0.024954    0.0395235   -0.0608328    0.0547437    -0.120962     0.115538    0.0530034     -0.23176    0.0173818    -0.221775  -0.00726393    -0.315471     0.312288   -0.0811633   0.00865787    0.0677405     0.514538    -0.167615    -0.168866    -0.305985    0.0397842     0.310103     0.108253     0.108591    0.0506361
   -0.232257    -0.335862    -0.128934    0.0586992    -0.349311    -0.341373    -0.131094     0.336734     0.325748    0.0791838     0.117737   -0.0366027    -0.181854   -0.0764211    0.0850796     0.120036   0.00493563    0.0243739    -0.333652    0.0329836     0.288541  -0.00418413     0.347452     0.163221    -0.317918    0.0581176    -0.156811    0.0525826     0.230501    -0.030765    -0.116026    -0.047757
  -0.0374443    0.0486085    0.0670883     0.233056     0.314805    -0.274546    -0.208514      0.37087    -0.137745     0.143691    0.0960322     0.176012     0.407475    -0.206268     0.177984    -0.477034    -0.101418    -0.190194   -0.0901257    -0.404606     0.437984     0.299489    0.0929859    0.0273282     0.265876     0.280848    0.0236024    -0.132789   -0.0657844   -0.0470897    -0.269111    -0.235258
    0.220525    -0.299922    0.0869146   -0.0193394   -0.0462698     0.205006    -0.267359       0.1778    -0.291032    -0.052174     -0.16922     0.183576     0.145553    -0.132406    0.0620346   -0.0046198    -0.033817    -0.296605   -0.0061262    -0.202547    -0.291965    -0.136283   -0.0798345   -0.0134927    0.0701446    -0.049147    0.0277797   -0.0137005    0.0233063   -0.0518066     0.385511    0.0528126
   0.0662491     -0.22758     0.171837    0.0661683   0.00469368    0.0845849   -0.0211425     0.168911      -0.5614   -0.0431234    -0.128348   -0.0905959   -0.0518027    -0.386282      0.14833    -0.308915     0.105154    0.0126243    -0.356823    -0.131248     0.325317    -0.172996    0.0915585    -0.100375     0.162358    0.0795223   -0.0680429     0.124325   -0.0726723     0.114679     0.143918     0.382505
   -0.137361    -0.165924   -0.0388327    0.0195876    0.0166531    -0.130524    -0.109622    -0.082997    -0.295624    0.0207981   -0.0580994     0.321556   -0.0466346     0.216832     0.170661     0.190769    -0.224194     -0.24764    -0.266172    -0.152126    0.0809262    -0.219253     0.168244   -0.0413599     0.413196     0.193128     0.171787    0.0511813    -0.100785    0.0124881     -0.17351    0.0800366
    -0.25937    -0.120316    -0.200246     0.407523     0.231041    -0.228406     0.121709   -0.0390146   -0.0702483    -0.329414      0.42295     0.291017   -0.0678806   -0.0290083      0.21763  -0.00677987    -0.160807     0.103757    -0.143327   -0.0669077    -0.285807     0.445365     0.230741  -0.00580879     0.168554     0.136885    -0.111206     0.186954     0.144731    -0.187546    0.0549537    0.0959642
   -0.234748    -0.242656    -0.175781    -0.163537     0.175312   -0.0634419    -0.202281     0.313626  0.000160569     0.173699     0.320303     0.194919     0.199612      0.22612    0.0286103    -0.175915     0.299973   0.00632019    0.0247329    -0.247547     0.101164    -0.135552     0.103781  -0.00208842    0.0640415     0.147458    -0.118278   -0.0551398    -0.026645    -0.163095    0.0945982    -0.241952
    0.190952   -0.0395519    -0.149685     0.166999     0.440951     0.033599    0.0480148    0.0947018    -0.227289     0.317657    -0.013283     0.132062     0.129224    -0.191656     0.375759    -0.289699     0.281813    -0.193941   -0.0283374    -0.372762  -0.00753546    0.0999986     0.398192     0.205317    -0.199401     0.144959    -0.130447    -0.222898     0.116043    0.0149226   -0.0566213    0.0736195
   -0.171239    -0.172315     0.236469     0.302166    -0.101855    -0.245698     0.249401   -0.0269009    -0.155732   -0.0409059    -0.247298    -0.154307    0.0225209    -0.220235    0.0290791    -0.656179    -0.228137    -0.357027    -0.385806    -0.112901   -0.0265652    -0.348083     0.256125    0.0578688   -0.0374994    -0.124387    -0.224355    0.0695106   -0.0707884    0.0521513     0.128997     0.342584
   -0.382817    -0.242976   -0.0772246     0.126519     0.153155    0.0644758    -0.147371   0.00924681    -0.050313     0.473967    0.0223155     0.291425     0.476879     0.300206     0.211278    -0.298496     0.137175    -0.116652    -0.237221    -0.106973     0.265892    0.0848707   -0.0195288   -0.0847113     0.296341    -0.105289     -0.11786    -0.268084    -0.115319    -0.221247     0.187363     0.127811
    0.135246   -0.0157358    -0.198254  -0.00635269     0.348525   -0.0921301   -0.0408148    0.0970165     0.169508     0.234157    0.0218892    0.0253104     0.146089    -0.345167    -0.134242    0.0640114    0.0693127     0.129673    0.0823159    0.0901735     0.320639    -0.143926   -0.0137466     0.120402    -0.163403     -0.19506    0.0361713     0.041631   -0.0170436   -0.0292669    -0.233925   -0.0690711
     0.15962    -0.205607    -0.357398   -0.0586383     0.024721   -0.0961757    -0.209362     0.302198   -0.0904759     0.258536    0.0870002    -0.320462     0.164995    -0.101332    -0.264989    -0.334144     0.222068    -0.203603    -0.168486    -0.264635     0.202287     0.232877     0.259027    -0.161543    -0.358259     0.211412    -0.164988    -0.143517   -0.0286059     0.149706     0.211528   -0.0198875
 -0.00810603     0.173654    -0.139346     0.138173    -0.130197     0.179719   0.00104675   -0.0346875    -0.207891     -0.54875    0.0764063    0.0596899    -0.326242    -0.410276     0.335762    -0.182502   -0.0351176    -0.276612    -0.113718     0.179573    -0.312764     0.249329     -0.44693     0.238638    0.0962193     -0.10903     0.264007     0.280617    0.0837261    -0.200832    0.0152502    -0.143317
  -0.0394537   -0.0375699   0.00726132    0.0779253    0.0559541    -0.120059     0.158779     0.074128    -0.207688   -0.0371304    -0.194156   -0.0915152     0.190379    0.0969499    -0.103229     0.116916   -0.0273677    -0.251252     0.106437     0.139098   -0.0756717    -0.231589    -0.305751     0.270254     -0.33197    -0.284571   -0.0343465     0.250136      0.20243    0.0901609   -0.0441794    -0.149031
    -0.49232    0.0987589    0.0299241    0.0279191     0.567922    -0.106097    -0.131348      0.24356     0.102779     0.399261    -0.118831     0.340277     0.547397   -0.0830282    -0.149303    -0.382137     0.345833   -0.0388081    0.0489094    0.0733565     0.109954     0.063438    0.0814066    0.0328683     0.412255     0.476611     0.158215    -0.242417    -0.143418     0.144527    -0.196066   -0.0906293
   -0.300939    -0.268024    0.0467193    0.0369261    0.0329266     0.105153   -0.0778158     -0.12751     -0.11891     0.368921    -0.203394  -0.00736359     0.415431   -0.0298641    0.0749082    -0.493376     0.138539   -0.0929416    -0.101901    -0.080678    -0.143359    0.0373684     0.381086     0.238478     0.117781     0.151444    0.0926017   -0.0430672    0.0733123    -0.119204    0.0386611   -0.0863232
    0.248401     0.191426     0.156744     -0.20245    0.0303092    -0.120407    0.0580996   -0.0956075      0.08731    -0.147137   -0.0878594    -0.163799   -0.0436088    -0.103116 -0.000611291    -0.214251     0.264199     0.115448    -0.152617     0.247124  -0.00122693    -0.127213     0.122042     0.175474      0.12998    -0.387478     0.162697    -0.310967    -0.247281     0.153547   -0.0157389    0.0700768
     0.24863    -0.210388     0.177134      0.21899    0.0202815   -0.0364802   -0.0777729     0.340854    -0.151185  0.000537995   -0.0741597   -0.0109447     0.157758    -0.216058     0.352826     -0.10877      0.27994    0.0364396    -0.238986     0.253986     0.189245    0.0436884    -0.127477      0.14768   -0.0116207     0.108348    -0.101078     0.114428     0.153483     0.245961     0.299456    0.0146234
    0.127764    -0.168336     0.297681    0.0468043    0.0703346     0.265368     0.292369     0.136593    -0.155347    0.0957704    0.0775689     0.052407    -0.416365    -0.216447    0.0046554     0.365421    -0.266211    -0.021828     -0.11464      0.43734    -0.374741    -0.280396   -0.0810444     0.030626    0.0959388    -0.292392     0.417337      0.66551   0.00919148    -0.174916  -0.00032208     -0.10055
   -0.161513   -0.0479725    -0.184566   -0.0562817     0.190612    -0.239108     0.396901     0.416988     -0.35467    -0.280259     0.310679     0.141208    0.0891643   -0.0567503    0.0170447    -0.585329   -0.0441897    -0.118126    -0.267171    -0.217399    0.0377727     0.118162     0.207938    -0.161215    -0.228563      -0.1126     0.289372    0.0326972     0.264234  -0.00407228     0.386075    0.0293234
    0.324896    -0.065158    -0.164074     0.115971     0.230773    -0.323606    -0.252522  -0.00391941     0.353398     0.148377    0.0249528   -0.0256889    -0.108242    0.0958656     -0.17367    -0.384948   -0.0573653     0.219889     0.300987    -0.536842    -0.131213     0.313371   -0.0583127     0.263391    -0.550265     0.153851    -0.299879    -0.421451    -0.261882    -0.102389   -0.0702661      0.25357
   -0.308288    0.0220601    -0.110464    -0.127695      0.07439   -0.0691937   -0.0703824    0.0485398    -0.219784    -0.068832     0.142718     -0.19722   -0.0299357     0.109022    0.0115535    -0.251097     0.132844     0.345568    0.0845854     0.173036     0.105112     0.197037   -0.0580735   -0.0205436   -0.0560369    -0.147427    0.0481712   -0.0364966     0.230545    0.0804796   -0.0562436    -0.169505
   0.0453464    0.0656635    -0.195717    -0.356425    0.0383537   -0.0491159    0.0515614   -0.0924462    0.0241946     0.463149    -0.192942     0.254644   -0.0452281     0.249175   -0.0139521    -0.305752   -0.0725457     0.101875    0.0421652     0.120572     0.285573     0.058341    -0.253108     0.246748    -0.111218     0.294824     -0.31723   -0.0209416    0.0102591     0.268389    -0.147621     0.230309
    0.153751   -0.0399563   -0.0211504   -0.0976912     0.106794    -0.070517   -0.0251116     0.106144     0.259777    0.0357804    -0.326454   -0.0708178    -0.393959   -0.0283972     0.105329    -0.265928    -0.232474    -0.109575    -0.309641     0.227075     0.202584     -0.15621     0.155535     0.135893    -0.233487      0.17268     0.030799    -0.161522   -0.0356662     0.313052     0.239788     0.358893
   0.0293708    -0.141834    -0.153358     0.154817     0.415119    -0.139951     0.223564    0.0398326     -0.16747     0.132528   0.00916787     -0.20998     0.449059   -0.0955228     0.183063    -0.414967    -0.046507    -0.243522    -0.461797    -0.153756     0.185491     -0.25543     0.108419   -0.0730679   -0.0333515    -0.101167     0.327021    0.0752206    0.0269524   -0.0467224     0.305196     -0.18125
    0.071018    -0.141264     0.333771     0.267744    0.0837706    0.0180553    -0.222283     0.181485    0.0839983    -0.174853     0.307335   -0.0501721   -0.0490892    -0.151368    -0.125599     0.277699    0.0486143     0.172412     0.219299   -0.0549801    0.0691631     0.220772    -0.205441    -0.227577   -0.0759253    0.0989856  -0.00956396     0.291737   0.00377611  -0.00444458     0.102973   -0.0978757
    0.108117    -0.157515    -0.155643   -0.0390238    -0.422727    0.0891385    -0.259397   -0.0973774    0.0585597    -0.152393     0.211704    -0.120208     -0.46992  -0.00171151   -0.0250121    -0.109391    -0.448501    -0.277132  0.000802002   -0.0204109     -0.31967   -0.0173918    -0.221273     0.249205    -0.308364    -0.283818     0.110602     0.267568    0.0752438    -0.146231     0.200125     0.227176
   0.0258472    -0.345809    -0.310228    -0.108472   -0.0273863    -0.108902    0.0454877     0.290046     0.238811    -0.166835      0.24461    0.0357083    -0.102727     0.322149     0.190191    0.0164901     -0.10591     0.161517   -0.0770833   -0.0023971    0.0686686      0.12278    0.0234372     0.373006    -0.148913     -0.19984    -0.170573    -0.172747    0.0171188     0.168164     0.310123    -0.125724
  -0.0109515    -0.134813     0.190248   0.00695757   -0.0476284    -0.141187   -0.0869172 -0.000856467    -0.117187    -0.113887    -0.169336   -0.0536961    -0.121674     0.155601     0.252268     0.217602    -0.180065   -0.0572311     -0.22054    -0.273348    -0.202606    -0.158222    -0.189491     0.107138     0.184033   0.00250087    0.0135563    -0.264065     0.200073   -0.0188421     0.308443    -0.134503
    0.169087     0.224999      0.29669    0.0609664   0.00835211    0.0233392    0.0464008      0.25215    -0.495861    -0.256138    -0.303472      0.17118    -0.458294     0.122904    -0.114082     0.142038    -0.283981     -0.31859    -0.163532   -0.0233011   -0.0116314    -0.266176   -0.0593865    0.0353125    -0.106154     -0.18743     0.120839   -0.0276354     0.137996    -0.183394      0.27217     0.086491
  -0.0547871    0.0191269    0.0481985    0.0764064    -0.215041   -0.0454693     0.217021     -0.16547   -0.0131683    -0.252237     0.265846    -0.126955     -0.39568     0.254539     0.149801     0.183244    -0.321517    0.0252893     0.141153     0.351719   -0.0765479   -0.0229247     0.321771     0.108367     0.060588      -0.3795   -0.0387951     0.226841  -0.00743129    -0.292955    0.0760885    0.0510404
   -0.306891  -0.00971239    -0.303766    0.0212831    -0.461732   -0.0793929     0.164079     0.226788    -0.273489    -0.229076     0.255229     0.100341    -0.122655     0.269382   -0.0804034   -0.0121168    0.0181687     0.133984    -0.213619     0.227477       0.3729   -0.0952773      0.21873   -0.0311891   -0.0382738     -0.18892   -0.0250916     0.116026      0.27615      -0.1522     0.139625    -0.190036
   0.0134178      -0.1388    -0.216201   -0.0872217   -0.0264689   0.00895781  -0.00553968    -0.375854     0.103573    -0.451002    0.0774058   -0.0406238    -0.111874     0.241177    -0.116762     0.385476     0.236974    0.0772285      0.27635    0.0804674     -0.39116     -0.22467     0.374331   -0.0188071    -0.125729    0.0185965    -0.290316    -0.165176     0.112577   -0.0663453     0.264862     0.280118
  -0.0496966     0.144748    -0.210212   -0.0187191   -0.0363735   -0.0690718    -0.356404    -0.109093     0.110712   -0.0520152    0.0825476    -0.141863     0.113467    -0.182406   -0.0792479    -0.339853     0.236077     0.247849   -0.0930196    -0.100289   0.00700046      0.35332     0.239718     0.303377   -0.0416533    -0.135004    -0.129126    -0.109617   -0.0467781    0.0733182   -0.0264234    -0.130154
   -0.268103    -0.170885    0.0468545   -0.0198003   0.00681648    -0.167495    -0.137549     0.242464    0.0401793    0.0472645   -0.0848322   -0.0806163      0.12369    0.0504166     0.253394    -0.310315     0.198081    -0.236826    -0.229748     0.199676    0.0880904    0.0412212     0.437744     0.284937    -0.013173    0.0591633     0.177956     0.215164     0.270595      -0.2115     0.169002    -0.179867
    0.313097     0.237474     0.199775    0.0158098      -0.1064    0.0665421     0.186236    -0.105526     0.237074     0.120967    -0.117065    -0.105036    0.0879321    -0.318726     0.171453    0.0610168    -0.137372    -0.107489     0.200075     0.408644    -0.232696     0.150682   -0.0345793     0.124303 -0.000136948     0.126572     0.172481      0.15998    0.0420997    -0.115535       0.4841    -0.104308
   0.0836249   -0.0626541   -0.0397296    0.0794263     0.177726    -0.157043     0.119403    -0.131999    -0.015455    -0.317627    -0.127768   -0.0884432    0.0231277     0.232983    -0.115253      0.22136   -0.0223968    -0.158627    -0.344695   0.00652463   -0.0388725    -0.166572     0.123091     0.114424    0.0353693    -0.135305     0.101776     0.335536    0.0147121    -0.168618    0.0481186      0.16248
   -0.385173    -0.196936    -0.436567     -0.27961     0.242237    -0.332785   -0.0970186     0.295985     0.396273     0.156848     0.261532      0.05236     0.190223   -0.0216617    -0.176611    -0.081687     0.330213   -0.0378922    -0.334492    -0.242047     0.350455   -0.0376499    -0.201417     0.217035     0.133717   -0.0325214    -0.052604    0.0119963    0.0286667    0.0702257    0.0320799   -0.0694061
   0.0855876  -0.00428042    0.0547207     0.340825     0.639933   -0.0496219     0.187733   -0.0105455    -0.318974     0.130164     0.161519     0.350805     0.535708   -0.0796652     0.226755    -0.155868   -0.0533294   -0.0865151     -0.12612     0.425025   -0.0519571   -0.0288371    -0.272114     0.129539   -0.0183133   -0.0612101   -0.0639402     0.111457    0.0857058     -0.31311    0.0551801   -0.0605729
  -0.0826107    -0.175315    -0.386793    0.0698698     0.402966   -0.0513329    -0.314929    -0.167267     0.238805     0.101289     0.468696     0.328974    0.0882179     0.503492   -0.0664614    0.0363609     0.200376   -0.0269222    -0.157175   -0.0415261    -0.208559    0.0487655     0.202178     -0.28587     0.224518     0.375059    -0.134552    0.0479123    0.0703859   -0.0844647    -0.311168   -0.0226585
   -0.205105    -0.197877    -0.206999    -0.203644    -0.213348   -0.0407246     0.382782     0.171911     0.101409   -0.0948344     0.151729    -0.063926    -0.140122    0.0835655    -0.208397    0.0644272    0.0808572     -0.18409    -0.219205    -0.294068      -0.2335    -0.154256    0.0306006     0.247016    -0.167121    -0.160698     0.193956     0.291151   0.00361967    -0.159505    -0.129332    -0.270818
   -0.189112    -0.245967    -0.217173    -0.191821    -0.149195    -0.146913  -0.00300353     0.141632    0.0312501    -0.057399    0.0628131     -0.05596      0.11363   -0.0704781    0.0481614    -0.437191    -0.103382    0.0307948    -0.150549    -0.081844     0.161013    -0.123411    0.0426269    0.0953601     0.203697     0.219066   0.00707712    -0.210028     0.013553    0.0953529      0.07567     0.125408
   -0.195196   -0.0572945    0.0889655     0.131801    -0.431006   0.00535341   -0.0746294     0.143103    -0.197577    -0.474826    0.0601029     0.302316    -0.392282    -0.182011    0.0684402     0.355941    -0.369714    -0.221843   -0.0599647     0.227991    0.0941684    -0.189114     0.243433     0.141614    -0.268747     0.142356     0.233625   -0.0513774     0.195036      -0.1789     0.257964     0.170073
    0.165693   -0.0497112     0.201245      0.15804     0.382578     0.199307       -0.167     0.129685     0.129233     0.077443    -0.239781     0.347448     0.431929    -0.214349     0.319196     0.380282    -0.238596   -0.0213698     -0.16502     0.341687    0.0781245     0.310989    -0.588957     0.308321     0.471491     0.306736     0.352316     0.278209    0.0944314    -0.262367     0.188316     0.111929
   -0.268972   -0.0137407    -0.153071      0.12436    -0.381209     0.144482   0.00603762     0.475004     0.153977   -0.0516117    -0.143465     0.137106     0.229726    -0.135399    0.0720919    0.0567345   -0.0363822    0.0559619    -0.052097     0.137826     0.261034   -0.0328483   -0.0238534    -0.193743     0.315191     -0.20093     0.344272    0.0841096    0.0955932    0.0669157    -0.318715    -0.189435
   -0.425719     0.151787     0.129493     0.169876     -0.21518     0.176953    0.0253826    -0.178092     0.240916     0.329954       0.3902     0.197928    -0.214781    0.0432341      0.01321    -0.188671    -0.131054     0.177229     0.238124      0.11059    -0.218396     0.123576     0.078227     0.138184    -0.148866     -0.20684      -0.2066    -0.123676    -0.189738    -0.211886    -0.243683     0.120803
   -0.131205     0.128429    0.0499004      0.09879  -0.00198641   -0.0815555    -0.029553     0.281796    -0.291935   -0.0609068     0.234576    -0.046701     -0.17578    -0.337759     0.346173    -0.266809    -0.455176    -0.321885    -0.241895      0.10853     0.303007   -0.0551152    0.0557732    -0.278987     0.024636   -0.0145109     0.314298     0.207903     0.161075    -0.153312     0.100715   -0.0227656
   -0.186063     0.112462    -0.225243    -0.140494     0.537224    -0.166433     0.144831    0.0383512    -0.184589    0.0146981     0.241651    0.0252691     0.189369    -0.019392     0.149495    -0.198474     0.177892    -0.269126    -0.032444   -0.0616624    -0.250136    -0.167015     0.118521     0.168355    -0.154674    0.0133229    -0.116139    0.0754055     0.353751    0.0789301     0.315936    -0.242216
   -0.261764    -0.361305    -0.386768   -0.0519822     0.291451    -0.332706   -0.0293814      0.28473    0.0206341   -0.0233686    -0.197163    -0.149914     0.408671    -0.114688     0.232002    -0.496706     0.387168    -0.215496    0.0270041     0.115437    0.0154711     0.129914      0.33122     0.357231   -0.0635501      0.28742     0.134904   -0.0595047    0.0487763   0.00285025     0.038949    0.0209577
   -0.281463    -0.217208    -0.105465     0.162662     0.161358   -0.0777061    0.0401041    -0.367879     0.150728    0.0872449      0.01523     0.154231    0.0135718   -0.0252338     0.312014     0.420574    -0.215107   -0.0746603     0.223589     0.317612    -0.104472   -0.0163616   -0.0203782     0.476144     0.107808    -0.143769    -0.391757     -0.15135     0.166532     0.113455   0.00611784     0.415024
   0.0127516    -0.253741     0.114151   0.00214234    -0.158887    -0.231526     0.442719   -0.0249215    -0.110146   -0.0161182     0.312054    -0.101508    -0.461542    0.0380672     0.107176     0.468318     -0.37582   -0.0387097    0.0499566     0.163612    -0.558066    0.0153443   -0.0551313     0.285107    -0.234934   -0.0863518   -0.0682157     0.155711     0.209834    -0.151708     0.220772    -0.250524
     0.13219   -0.0815657   -0.0507099     0.376952     0.330399     0.351365     0.281671     0.323043 -0.000509641    0.0731236   -0.0206605   -0.0627974      0.42389   -0.0502944     0.328756    -0.359509     0.244802    0.0341751    0.0748369      0.13829   -0.0201543     0.170033    -0.127719     0.106558     0.298933    -0.097026    0.0118411    0.0748617   -0.0300548     0.114397   -0.0414455    0.0215318
    0.180518   -0.0756211    -0.103368     0.201964    -0.215874     -0.26622     0.100769     0.203986    -0.103683   -0.0552728   -0.0569981     0.196803     0.187458     0.182187   -0.0351138    0.0735337      0.03575    -0.157576    -0.285582    -0.101815   0.00234347   -0.0979851   -0.0539984     0.175767    -0.416458     0.185887   -0.0164143   -0.0559142     0.319011    0.0414826     0.520931     0.226604
   -0.149921   -0.0278031    -0.580048     0.119858      0.11823   -0.0496582      0.27823    0.0229123    -0.183796    0.0153973    0.0630872   -0.0187318    0.0809799   0.00259849    0.0029417      -0.1815   -0.0279621   -0.0093332    0.0886139    -0.433757    -0.236759    0.0751269     0.227275    0.0978713   -0.0225085     0.349371    0.0959311    0.0453834     0.162267    0.0338057     0.343208     0.319703
   -0.161827   -0.0545872   -0.0179741     0.279278   -0.0707751    0.0918184     0.108714   -0.0990601     0.120014    -0.115005      0.23373     0.206509     0.307403    0.0613019     0.089698     0.251515    -0.376622    -0.382517   -0.0443701     0.442461    -0.536449    0.0676858    -0.131914    0.0425928     0.125215     0.140459     0.064506     0.360022     0.184506    -0.204201      0.28805     0.120049
   -0.272301   -0.0701682     0.251605    0.0848294      0.01856    0.0343825     0.075291     0.314391    -0.254001     0.317501    -0.222179     0.166748     0.306364     0.102792       0.2537    -0.346284     0.241241   -0.0607967    -0.178879    -0.309963     0.287992   -0.0773544    0.0524919      0.06475     0.428137     0.217264    0.0578206    -0.190154     0.102309    -0.292051     0.159978     -0.14838
  -0.0597247    -0.262199    -0.287965    0.0635793    0.0132055     -0.10914    -0.218501      0.23452    0.0806951   -0.0319874     -0.11573     0.221952     0.164952    -0.173625   -0.0148792   -0.0659791    -0.259917   -0.0508206    -0.125892    -0.189379    0.0818543    -0.142076     0.140351    -0.080326     0.152504     0.219345    0.0365715   -0.0768881    0.0650094   -0.0425075     0.080955    0.0396531
   -0.147829    0.0409956  -0.00178904    -0.011692    -0.421146    -0.150093    0.0706535    -0.285125     0.169751    -0.091589  -0.00577783     0.208771    -0.102852      0.19069    -0.052528   -0.0407403    -0.148952   -0.0304744    0.0201214    0.0236847   -0.0706883    -0.209775   -0.0665321    0.0368421    -0.314902     0.154005    -0.318875    -0.012334     0.213065    -0.126599    0.0299937    -0.263269
    0.220999    -0.235424    0.0453675     0.249004    -0.255976   -0.0790118     0.151311     0.356139   -0.0171605    -0.035464     0.367333    -0.162175    -0.258193     0.195928     0.124862    -0.129012    0.0842507     0.127339   -0.0421925    -0.191505   -0.0463604     0.269212     0.140481     0.204575    -0.263351   -0.0395744     0.182458     0.165333     0.297746     0.114377     0.285356   -0.0662705
      0.3096    0.0310468     0.328116   -0.0184302   -0.0153662   -0.0391499   -0.0938533    -0.128127    -0.403163    -0.319998   -0.0792549   -0.0554875    0.0209844    -0.252863      0.12746   -0.0079523    0.0202057    0.0833509   -0.0506918     0.090946    -0.112522    -0.229124    0.0261664     0.216306    -0.255085     0.310966   -0.0390944     0.417768     0.112869   0.00673943    -0.197488     0.202644
   0.0797294   -0.0972661   -0.0330728   -0.0128145   -0.0777175   -0.0960392     0.134886   0.00417205    -0.187288   -0.0134635    0.0366026    0.0972077     0.208644     0.045368     0.194517    0.0963905     0.189423    -0.148063   -0.0479689    -0.133826     0.188873   -0.0447104    0.0821999      0.27781     0.151345   -0.0869853    0.0553091     0.145956    0.0249599     0.170563  -0.00538956     0.159367
   -0.418427     0.182618      0.17756    -0.319364     0.420099    -0.239004   -0.0828359 -6.30123e-06     0.225345   -0.0458925    -0.144289    -0.380229     0.224754     0.255374    -0.198061   -0.0819003    0.0383566     0.076792   -0.0719482    0.0858344      0.12991    -0.179849     0.354863     -0.12318     0.380614     0.443681     0.154668    -0.377962    0.0224103     0.196633   -0.0891673      0.11385
   -0.145789     0.196035   -0.0831231     0.212478     0.664259    0.0187119     0.460453      0.44969    -0.404449    0.0120914    -0.365522    0.0150883      0.50518    -0.249312     0.226303    -0.465282   -0.0459709    0.0427958    -0.195249     0.209833  -0.00338207      0.18632     0.318728   -0.0196204     0.106593     0.360729     0.347398    -0.179123     0.213374     0.214506    0.0877091    0.0789517
    0.120627     0.165721    -0.136577    -0.205111    -0.124029    0.0836245    0.0731843    0.0693793     0.141951   -0.0500742  -0.00468531    0.0360215      0.15116    0.0649762    -0.132888      0.51066    -0.139168    -0.390931     0.147841     0.100901     0.300941  -0.00310858    -0.318485     0.505737     0.285425    0.0790096     0.226638     0.128805     0.194903    -0.154594 -0.000547504   -0.0590311
   -0.100123    -0.162674    -0.284901     0.129673     0.200558    -0.227542     0.224775     0.210807    -0.233403    -0.062064    0.0494521     0.447541      0.25974   0.00560107     0.245176    0.0607611    -0.329284    -0.049178    -0.104639  -0.00773699    -0.193815   -0.0199777   -0.0821217    -0.147915     -0.18965   -0.0917815     0.108588     0.147162     0.218602    -0.212431     0.301625     0.226518
