   -0.224972    -0.144151    -0.584871    -0.148324     0.330016   -0.0738535     0.199272     0.234812    -0.368949     0.570456    0.0462503    -0.235209     -0.44303     0.525619     0.601738    -0.301851     -0.15152   0.00494805     0.490994     0.081255     0.506153     0.383805      0.20053    -0.148202     -0.34898    -0.155705    -0.587557      0.55553    0.0561315     -0.65052     0.174895     0.352861
   -0.732987   -0.0740923    -0.298729   -0.0152131    -0.510698     0.227286     -0.28778     0.332647    -0.427867   -0.0633689     0.524975     -0.38108    -0.199674     0.147419   -0.0990228    0.0231427    -0.673142     0.188098     0.207834     0.431343     0.219389    -0.530338    0.0908758     0.516659     0.232305     0.329366      0.16752      0.33869    -0.303471     0.024789    -0.473528    -0.393517
    0.390576    -0.372409     0.587998     -0.32792    -0.250648    -0.405514     0.747057     0.416033     0.686559    -0.113016    -0.256972     0.778356    -0.266637    -0.271043    -0.301829    -0.128698     0.101137     0.181196    -0.307226     0.093359     0.191376     0.840149   -0.0758694    0.0819032    -0.216388     0.720167     0.117871    -0.273938    -0.832344      0.37388    -0.102501    -0.272528
    0.864577    -0.310968    -0.300665   -0.0236804     0.104148     0.787213    -0.712421    -0.139222    -0.363937   -0.0526116   -0.0582724    -0.501433     0.538972     0.563449     0.340368    -0.287805    -0.562581     0.162073    -0.478263       1.0364    -0.164511    -0.175613    -0.190955    -0.593193     0.115887    -0.489324    -0.685398     0.352433    -0.147232    -0.186796     0.169034    -0.233049
   -0.251944   -0.0213514    -0.145932    -0.471427    0.0760489    -0.125128     0.818213     0.547555    -0.171722     0.373892      0.23822    -0.329366    -0.183025   0.00580577     0.208871    -0.389659     0.488911     0.368648    0.0839589    -0.367987     0.337914    -0.204821   -0.0287651     0.279737    -0.160507    -0.153477    0.0470346    -0.372355     0.165343    -0.828584    -0.523452     0.331718
   -0.203091     0.221041     0.133959    -0.342917    0.0127366    -0.348103    0.0236143    -0.150642     0.026782   -0.0929484    -0.342339     0.200914     0.433573     -0.14552    -0.081148 -0.000125926  -0.00973024     -0.47917     0.373787    -0.230942    -0.152787      0.28483      0.37152     -0.17636    -0.167927     -0.26234    -0.152776   -0.0189265    0.0382708    -0.123864     0.200096     0.346221
    0.169882    0.0826284     0.198455     0.066294     0.275462   -0.0156406     0.418669    -0.259015     0.355152    -0.381256      0.10391     0.242503    0.0316389    -0.619726    0.0839009   -0.0143367    -0.116794     0.146253   -0.0418024    0.0698282    -0.300994     0.123272     0.424129     0.324742    -0.307803    0.0110946     0.206014    -0.735886    -0.225525     0.176261    -0.516602    0.0804439
    0.182989  -0.00932099    -0.450418    0.0454499     0.124581     0.133886     0.429849    -0.086238     0.226794   -0.0811182     0.299615     0.439812     0.171053    -0.215842    -0.143585    -0.187787    -0.320451     0.164503    0.0881906     0.292702     0.024523    -0.257676     0.199723    -0.347646     -0.16687    -0.156311     0.233562   -0.0144349    -0.330596     -0.30615    -0.320884     -0.15992
   -0.123775     0.477833    -0.661095     0.294054    -0.138381  0.000581469    -0.352912    -0.267322    -0.607419     0.679117     0.278748    -0.027805    0.0631843       0.5994  -0.00457747     0.033638    0.0896166     0.287112     0.547029     0.376384     0.976018    -0.191101     0.358071   0.00836079    0.0201464    -0.284844     0.232097    -0.284667    -0.319025     0.188088     -0.24327    0.0940257
    0.494658  -0.00111796    -0.475154    -0.201314    -0.191759  -0.00700841    0.0949186     0.431258    -0.402103   -0.0118967   -0.0493205   -0.0502274     0.217782     0.181616    0.0321865    0.0992747     0.210169   -0.0610177     -0.14674    -0.232658   0.00145674     0.119622    -0.028743    -0.199504     0.198417     -0.41635    -0.188786    0.0181312     0.380723     0.226429     0.109896    -0.268712
   0.0715785    -0.126759     0.422052    0.0184108      0.35451     0.632399    -0.355646     0.548344     0.611837    -0.194232   -0.0976637    -0.634877     0.709373     -1.03879     0.528274     0.136199    -0.107243     0.127687    0.0261914     0.152771     0.424701   -0.0963734   -0.0703295     0.127753   -0.0862941     0.403385     0.395896   0.00671856     0.430471    -0.266249    -0.618633    -0.299259
    0.172826     0.163849     -0.37416   -0.0282214    -0.670034    -0.324279    0.0994936    0.0246644    -0.205587     0.180241      0.37177     0.336174    0.0707921  7.05117e-05   -0.0395673    -0.482862    -0.331841    -0.579741     0.206091    0.0777459     0.357272     0.188417     0.489154  -0.00462384   -0.0400892    -0.114933    -0.321412   0.00419774   -0.0346785     -0.16448    -0.177685    -0.104565
   -0.573009    -0.230299    -0.262323     0.382211    -0.476166    0.0255611    -0.444637     0.328425    -0.127152     0.106982     0.136075   -0.0798599    -0.165022     -0.19918     0.321829    -0.238662    -0.326436     0.128724     0.326422    -0.551316    -0.300808    -0.388549     0.184528     0.221812     0.141085    -0.102771    0.0751263      0.16223     0.203936    -0.234302    -0.572195     0.271869
   -0.157693    -0.163834    -0.232797     0.189277    -0.329707     0.134924   -0.0228535     0.183421    -0.174447      0.39235    -0.335189     0.362684   -0.0438773    0.0545976     0.013177   -0.0502506     0.404985     0.202191     0.436567   -0.0842079     0.376371     0.349781     0.365763     0.248267     0.162019    -0.297294    -0.174426    0.0962337    -0.178806     0.366849    -0.323764    0.0956547
   -0.712123     0.296304    -0.334834      0.72285    -0.368189     0.310257    -0.324626    -0.431838    0.0672241     0.295553     0.373689   -0.0100185     0.279036   -0.0925118    -0.436811    0.0965036    0.0844485     0.631544   -0.0581716     0.601366    0.0744896    -0.737712    -0.347401  -0.00554354    -0.553354    0.0696654     0.246862    -0.481509      0.46327   -0.0707231     -0.65287    -0.294392
   -0.109127     0.330634     0.136038    -0.816403      -0.1749    -0.226587     0.380055    0.0469727     0.289851    0.0066456     0.157361    0.0198193    -0.033413    -0.103169    0.0825278     0.294975    -0.161221    -0.269892     0.140154    0.0709459    -0.176464    -0.212194      0.31903    -0.486457     0.523917     0.324657    -0.387904     0.117905    -0.187454    -0.139124   -0.0232527     0.128251
    0.184516    0.0506364     0.030371   -0.0389054    -0.344984    -0.357994      0.51988   -0.0961096     0.324097    -0.248348    -0.124682    -0.120513  -0.00199839     0.222395    -0.370723     0.311352    0.0694801    -0.473278    -0.211766   -0.0170432   -0.0162845     0.341941    -0.249811    0.0413471   -0.0872386     0.252634    -0.111697     -0.43602     0.189341   -0.0242813    -0.180943     0.333853
   0.0459551    -0.211852     0.336659     0.123121    -0.264628     -0.10617    0.0474716     0.432066     0.465475    0.0681627    0.0988104    -0.341647    0.0347018   0.00423131     0.135032     0.204735      0.19615   -0.0903916   -0.0576749     -0.21331    -0.526811     0.355717     0.149628   -0.0148033    -0.210057     0.347101    0.0993953   -0.0164923    0.0769082     0.260847     0.120827     0.243168
    0.836099    0.0803686     0.597108    -0.402794      0.39975    0.0906678     0.185848    -0.219455   -0.0918295    0.0694708     0.234853    0.0988035    -0.455671    -0.132964    -0.347108     0.164125     0.281514      0.51978    -0.209567      0.48872    0.0187315     0.333926    -0.222492    -0.048846     -0.37717     0.112993    0.0267023    -0.239052    -0.325794    0.0358878   -0.0388108      0.02303
    0.424113    -0.263622   0.00718322     0.519955     0.491861     0.193227     0.313268      0.21046    -0.258693    0.0223779    -0.335599  -0.00802722    -0.130042     0.171185     0.281271     0.175947     0.874295    -0.014852     0.223602    -0.626816     0.372021    0.0448517       0.1464    0.0301489     0.235986   -0.0934267     0.454885    0.0915648     0.587098     0.488227    0.0632439     0.366833
    0.133571   -0.0455343    -0.112468     0.343186    0.0343313   -0.0149335     0.287152     0.124059   -0.0301978   -0.0012354     0.120528    -0.152038    0.0431725     0.174369    0.0755763    -0.530019     0.214198    0.0687587    -0.117621    0.0391463    -0.295572    -0.393766    0.0763224    -0.110598    -0.110484     0.385131    -0.332015     0.378272     0.081209     0.144491     0.116901    -0.388567
  -0.0975947    -0.154195     0.272335     0.397797  -0.00946553     0.412946    -0.564115     0.095441    -0.392397    -0.224228     0.177161     -0.53195  -0.00607719     0.154726     0.884641   -0.0918191    -0.405424    -0.405861    -0.291696    -0.384127    -0.728054    -0.162292     0.349478    -0.470127     0.380291      0.29817    -0.539762     0.359298     0.223188    -0.312511     0.270438   -0.0646819
   0.0446972    -0.686769     0.117851    -0.254108     0.393174     -0.32661     0.423369      0.23825      0.15695     -0.37436     0.560405    0.0291218     0.203744    -0.292476    0.0986693    0.0932727     0.108769     0.295016   -0.0725721     0.317689   -0.0370662    0.0118947    -0.331996    0.0212149    -0.466114     0.435717     0.101038     0.475464     0.225197     0.111853    -0.333773    0.0407234
  -0.0428565    -0.181038     0.465895     -0.53739     0.329972     0.225734     0.258792    0.0205708   -0.0424119    -0.428854    -0.243637    -0.175018   -0.0777421   -0.0738447       -0.389    0.0427503    -0.557316     0.311505   -0.0996107   -0.0764268    -0.267337     0.226565     0.412655     0.115777     0.488935     0.308818   -0.0711506     0.178914     0.260964    -0.323978     0.444388     0.333182
   -0.119126  0.000770953     0.421579     0.143659  0.000465822    0.0558632    0.0980539     0.163571     0.154447    0.0023542    -0.103155    -0.314039     0.410693    -0.155588      0.19824     0.124093    -0.437723    -0.161864    -0.232142     0.497298  -0.00289603      0.11778   -0.0767714     0.150182     0.124864     0.504846     0.422655     0.169795     -0.17636    0.0714925    -0.215335   -0.0701195
   -0.130491     0.443081     0.414108     0.259977      0.14394    -0.491415     0.166592    -0.191737    0.0688439    -0.142703     0.266488   0.00128895    -0.125497    0.0439313    -0.455288     0.098627     0.522497     0.400168     0.237491   -0.0958983   -0.0235529    -0.230696     0.324944     -0.11517     0.111393     0.391467    0.0741401    -0.474673     0.313623   -0.0692211   -0.0562632      0.35167
   -0.431345    -0.101032    -0.202255     0.536794      0.36234     0.262341     0.660039     0.280356    -0.128254    -0.144811    -0.134172    -0.342803     0.527216    -0.168461     0.106618   -0.0510323     0.200266     0.204822    -0.105379     0.476452     0.171445     0.081404    -0.519928     0.189512    -0.200898     0.154887   -0.0257029     0.146736     0.112112    -0.399172    -0.122649      -0.1593
    -1.04909     0.201384    -0.177982     0.434585     0.347536      0.23546    -0.101515     0.321599     0.335355    -0.401375     0.155137   -0.0255846     0.159567    -0.128861    -0.322568    0.0540333   -0.0354913     0.205494    -0.257116     0.113125    -0.577893    -0.222987    -0.257771    0.0447893     0.232964     0.506414    0.0731981     0.351439    0.0318495    0.0583777    -0.368503   -0.0865744
   -0.233172    0.0259081     0.204237      0.35116    0.0545157     0.186378    -0.497173     0.225902      0.24948     -0.51994    0.0891935    -0.218611     0.230852    -0.385404     0.407261   -0.0997385   -0.0806315    -0.186856  -0.00411618    -0.178769    -0.177943    0.0779421    -0.397595     0.454129     0.345388   -0.0455635   -0.0561438     0.302975     0.113383     0.347665    -0.259328    -0.124679
    0.255996     0.258131     0.160229   -0.0764221   -0.0538195   -0.0506197    -0.310202   -0.0420364    -0.616645    0.0548991    -0.129884     0.173926    -0.159566     0.132416    -0.206772     0.200579     0.401704     -0.18197     0.487806    -0.583093     0.265661     0.369564     0.111517    -0.149994     0.323709    -0.178628    -0.119761    -0.201456     0.108246   -0.0868105       0.1625     0.486144
   0.0595367     -0.14564    -0.348249     0.303054     0.227074     0.369135     0.015686    0.0978064     -0.45916   -0.0279948     0.548522    -0.455639     0.295506    0.0570205     0.297737    -0.655634     0.359487     0.207115    0.0736744    -0.538766  -0.00601476    -0.416587     0.173555    0.0451608   -0.0328566    -0.128152    -0.249221    0.0895979     0.850591    -0.309508     0.228612    -0.120632
   -0.400387   -0.0752879    -0.161598    -0.139701    0.0753858    0.0482024    -0.329811     0.179409     0.137545    -0.214539     0.160693    -0.559789   -0.0731652     0.259456   -0.0191956    -0.260525    -0.374049     0.266643     0.255502     0.136923     0.329347    -0.519586     0.191269    -0.150571      0.37073    0.0712749    -0.511395     0.282227     0.123421    -0.485205    -0.441736    -0.368811
    0.297074     0.182654    -0.253133    -0.134521     0.239762   -0.0485732   -0.0354448    -0.208038    -0.114879 -0.000134116     -0.29349     0.330523   0.00879008    0.0327205    -0.143099    -0.217683    -0.339719    0.0260766    -0.141495     0.254796     0.177952     0.164762   -0.0066337    -0.311749     -0.12058    -0.153715    0.0762398    -0.163603    -0.322276     0.195565    -0.148626     0.161911
    0.287172     0.273076    -0.579037     0.386988    -0.346884     0.239958    -0.603616    -0.261946     0.275989     -0.02585   -0.0969632    0.0225289     0.361172    0.0411466   -0.0424525    -0.352431    0.0945419    -0.664893    0.0295277      0.54271    0.0521363    -0.542472    -0.761321     0.313516     0.566531     0.234644     0.105635     0.192799    -0.357822      1.03699     0.224364    -0.609098
   -0.158976    -0.111668     -0.32669     0.116177     0.217564    -0.121076    -0.641282    -0.235631    0.0180651     0.508072    -0.108164      0.11878     0.215448     0.123562    -0.701228   -0.0121394    0.0383479    -0.114648     0.141642    -0.415909    -0.114102     0.407645     0.389738    -0.222478    -0.191423   -0.0730414    -0.140789    -0.143851     -0.15776   -0.0214091     0.186481     0.532445
   0.0554479     0.346513     0.811785    0.0500216     0.327863    -0.370035    0.0286445   -0.0959226     0.732726    -0.340692     0.395316     -0.26118     0.640228    -0.104461    -0.369256     0.635642     0.332378    -0.114399    -0.203797     0.216481    -0.413978    -0.400907    -0.115744     0.470928     0.287817      0.45662      0.20368    -0.203498    0.0220253    -0.302328     0.166813    -0.226923
    0.727789     0.374804     0.618909     0.390689    -0.888718     0.102944    -0.891109    0.0689171   -0.0532107    -0.319341   -0.0863869     0.675062    -0.108905    -0.230673     0.485714     0.441596     -0.28088    -0.186466     -0.50667    -0.215908    -0.467125    -0.153916     0.112209    -0.263839      0.22043     0.493338     0.510021     0.199186    -0.397084     0.428303    -0.501485    -0.495228
   0.0769818    -0.117795     0.382815   -0.0189931    -0.256407     0.073299    -0.254822    -0.103699     0.208207    0.0622379    -0.213429     0.286515     0.285156    -0.179583     0.166676     0.122836    -0.077893   -0.0896077     0.165677    -0.240901    0.0336362    -0.077657     0.130879     0.288181     0.351549     0.308184     0.586278     0.381933    -0.219533     0.368436    -0.253903    -0.195645
    -0.22825    -0.404447     0.279975   -0.0846854     0.126901     0.360926    0.0192607     0.274384     0.313959     0.035706    0.0473733    -0.426139   -0.0733216    -0.383834    -0.142808    0.0418318    -0.425014      0.70253   -0.0419903     0.379362    -0.279863    -0.120702    -0.163158   -0.0940347    -0.269535     0.238179    -0.049849     0.333778   -0.0439121    -0.247327    -0.256724     0.289389
    0.484279     0.348061    0.0519863    -0.147144     0.100405     0.139794    -0.373619     0.012649  -0.00227302     0.138702    -0.319846   -0.0165148     0.044218   -0.0830231    -0.686887    0.0597796     0.114557     0.126247     0.360367    -0.535328    0.0415294    -0.296036    -0.124986     0.287159   -0.0647568    -0.446951   -0.0430233    -0.465479    -0.402187    -0.129227    -0.011439      0.15411
    0.117341    0.0241707    -0.237014     -0.32046    -0.336889     0.642366    -0.986035     0.073025     0.118575    0.0514015    -0.368432    -0.389301     0.418461    -0.128358      0.69321    -0.551663    -0.295433     0.347961    -0.159636     0.111651    -0.305124     -0.04279    -0.274028     0.239377     0.692069    -0.347215    -0.381292     0.472113     0.110302    -0.304109   -0.0166554  -0.00247587
    0.340148    -0.104692    -0.674481    -0.060247    -0.182331     0.268947     -0.16514    -0.216795    -0.864696     0.310092    -0.279688     0.237419    -0.256974     0.149257     0.547364    -0.173973     0.198883   -0.0986182    0.0693702    -0.173994     0.447059     0.735501     0.373494     0.048198   -0.0142002    -0.251572    -0.395207      0.21681     0.106084     0.305632    -0.160002     0.349705
   -0.292902     -0.19579    -0.570864   -0.0296584     0.215831    -0.260294    -0.210472     0.492245       0.1244    -0.249242  -0.00614609    -0.169926    0.0275715     -0.19816     0.487333    -0.159252     0.797227    0.0806439    0.0603397    -0.449166     0.131416    -0.400984    -0.230611    -0.127937     0.537872    -0.227519    -0.351187     0.169947     0.388369    0.0633549    -0.244552    -0.134476
   -0.712763     0.517629     -1.00214    -0.255685   -0.0562819      0.29687    -0.191891    -0.431878   -0.0784659     0.411325    -0.382932     0.256021     0.364753    -0.201312     -0.11804    -0.650514     -1.09121    -0.445963     0.509324      1.35666     0.466538     0.181681     0.865446    -0.416443   -0.0498682    -0.446963      0.37531    -0.307979    -0.861043      0.48432    -0.144792     0.524763
   -0.107823    -0.170138     0.129466    -0.491169     0.740366      0.11043     0.734716   -0.0963745     0.130528      -0.2474     0.396507   -0.0884698    -0.230794     0.409818    -0.572535     0.327885    -0.160373     0.040253    -0.348578     0.563469      0.59062    -0.383119     0.242395    0.0850923       -0.181    -0.189653    -0.331268    -0.499421     0.297277    -0.615718     0.129284   -0.0554278
  -0.0315968    -0.210776    -0.397318   -0.0748626     0.505459    -0.108279    0.0652763    -0.213565     -0.52752      0.26527      0.35229    -0.102102   -0.0784077     0.171632     0.176476    -0.351642    -0.083444     0.240221    0.0608784     0.057955     0.286264     0.319579     0.206128    0.0949072   -0.0772793    -0.206037    -0.123079    -0.145097    -0.111059    -0.324581    -0.184498     0.390781
   -0.126078     0.095707    -0.532076     0.319106    -0.491102     0.340399    -0.483488     0.124002    0.0109314     0.694441    -0.469512     0.286282      0.14857    0.0801646     0.145595     0.220416    -0.222241    -0.209677     0.336637   -0.0207305     0.259882    -0.156169   -0.0838602   -0.0158325    -0.242179    -0.106197   -0.0415675     0.343304    -0.121547   -0.0855599   -0.0360888    -0.178674
   -0.404914     0.162231   -0.0705051   -0.0102598    0.0702735     0.127581    -0.306814    -0.428013    -0.377546     0.567173    -0.260668    -0.230126    -0.235817   -0.0517102    -0.545134     0.107643    -0.028125     0.236909     0.505702   -0.0856542     0.363081     -0.38703     0.387254     0.027547     0.217592    -0.076832     0.286307    -0.245512   -0.0537029     0.127768    -0.145169     0.243484
    0.178841     0.316477     0.539663   -0.0585223    -0.323097    0.0292084    0.0473353     0.408686    -0.322761     0.292854   -0.0389264     0.024239    0.0739902    -0.236479    0.0165489    -0.270528    0.0246547     0.086135     0.112816    -0.113058    0.0705618   -0.0312144     0.256361    -0.136222    0.0469407     0.286772   -0.0130191   -0.0984645   -0.0851987    -0.315489    0.0355704     0.104514
   0.0319151     0.245076      0.27702    0.0766644      0.20799      0.20433    0.0417282    -0.189769     0.214814     0.194994     -0.28079   -0.0608836     0.204174   -0.0323429   -0.0806976      0.12216     0.681327    -0.109529     0.303802    0.0587136     0.470349   -0.0364813    -0.658232    -0.260177     0.223943    -0.061835      0.64828   -0.0528724    -0.327276    0.0275446    0.0680225     0.170827
    0.055419   -0.0819178    0.0552405     0.184517     -0.03516    -0.316752     0.187988    -0.147242    -0.246626     0.230681    -0.306798     0.240705    0.0293443      0.20921   -0.0163642    0.0439348    0.0110824   -0.0933726     0.119649   -0.0816902     0.483752     0.326115   -0.0800344    -0.205177   0.00589413    -0.108867     0.240268    -0.241076     -0.24435     0.149615     0.238726     0.284485
   -0.222843    -0.071085   -0.0138922   -0.0776474    -0.123684    0.0223683    -0.341773   -0.0726191    -0.199973     0.150715    -0.269849      0.25949    0.0115606     0.224631    -0.099437    0.0296603   -0.0333153  -0.00334197    -0.285796     -0.11454      0.08576    0.0411966   -0.0286717     0.228665    -0.229819    -0.253752    -0.185719     0.102959     0.175623     0.506836     0.378723   -0.0316475
    0.162067     0.256508    -0.301501     0.162527    0.0796037    -0.245987     0.190959     0.174901    -0.329889    0.0328789    -0.145611   -0.0600512    0.0502404     0.128571    0.0954375     0.174488     0.447113    0.0348831     0.375567    -0.331042     0.099781   -0.0515664     0.185793     0.171232    0.0228508   -0.0311889    0.0914285    -0.318242     0.181098    -0.256141    0.0358485    -0.290331
    0.454627    -0.575207    0.0777573    0.0297699     0.350975   -0.0739374     0.584858     0.242092    -0.110277    -0.126315    -0.194999   -0.0984336     -0.12816   -0.0715446     0.624798   -0.0394604     0.348589     0.188565     0.127907     0.103896    -0.113269    0.0866337    -0.105254     0.197663     0.106769     0.314079    0.0329059     0.235754     0.327431     0.346432      0.29065     -0.31196
    0.584738      0.27637     0.080897    -0.192461     0.585074     0.198471     0.144246     0.123221    -0.133239      0.60418    -0.246099    -0.269968    0.0823312      0.16945    -0.100651     0.233916    -0.228852     0.443895     0.248208     0.101521     0.396163    0.0572677    0.0798419     0.132005    -0.172293    -0.345891    -0.258416    -0.694903     -0.51399    -0.556989    0.0289241     0.218263
     0.28553     -0.16662     0.185786    -0.321786    -0.500227    -0.908017     0.217207     0.151655   -0.0783788     0.115031     0.291051     0.281718    -0.373411     0.129021     0.933738     0.168219    -0.253715     -0.40894    -0.367589     0.019325     -0.16678     0.318915     0.117425     0.101746    -0.286046     0.421452    -0.148077    0.0603217    0.0097239     0.150683     0.471183    -0.217642
   -0.493067    -0.163145    -0.137962     0.205863    0.0623184     0.524589    -0.319661   -0.0912357    -0.249371     0.820617   -0.0476318    -0.396478   0.00264988     0.382051     0.436344   -0.0342871     0.231025     0.219984     0.430738     -0.64828    0.0219018    -0.365658    -0.161011     0.390189   -0.0818215    -0.393923    -0.320369     0.376099     0.123899     -0.45697    -0.284536     0.264615
    0.255025    -0.145454     0.304123   -0.0626073     0.184552    0.0113703     0.213955    0.0542284    -0.135702    -0.199407   -0.0867673     0.184143      0.13812    0.0767428    0.0705059   -0.0137282    -0.362079    0.0249721    -0.125542    0.0193152     0.221517     0.416177     0.262165    -0.148831    -0.219019      0.20442    0.0878383      0.21942     0.104122      0.23626     0.045981   -0.0352752
   -0.412044    -0.686868     0.657469      0.23165    -0.222236     0.264241     0.249403    0.0134249   0.00708973    0.0606163    0.0796222    0.0804174      0.28882   -0.0843579   -0.0813764     0.521621     -0.69745     0.254987     0.032796      1.00369    0.0436857     0.619521   -0.0326603   -0.0327701    -0.492839     0.896031    0.0417255       0.2123   -0.0906327   -0.0921494    -0.552412     0.128829
    0.490826    -0.110489   -0.0731365   -0.0851851     0.409642     0.403003   -0.0748222     -0.42936   -0.0628513     -0.47665    -0.171433   -0.0101046     0.355004     0.113764     -0.15211    -0.191041     0.247387    -0.151934   0.00837666    -0.318837    -0.100481    -0.618628    -0.348645    -0.193588     -0.23782   -0.0779887    0.0118315    -0.387583     0.698455    -0.449387     0.271672    -0.143527
   -0.580761    0.0802823    0.0659973     -0.42665     0.140624    -0.233926     0.374851     0.352919    -0.153252    0.0855233   0.00501528     0.125833    -0.359887   -0.0847527    -0.342012    0.0494001     0.649031    -0.314526    -0.159747    -0.480331     0.177112     0.160739    -0.234309   -0.0937354   -0.0668285     0.209468    0.0402533     0.034084     0.071063    -0.132556    -0.152895   -0.0601343
   0.0448642    -0.316551      0.77203   -0.0170718     0.121661    0.0327403     0.132782    -0.152827     0.283264    -0.224921    -0.161912    0.0613889   -0.0422124    -0.401836     0.494044     0.370459     0.251712   -0.0954219    -0.267744      0.05199     0.255263     0.321569    -0.333438     0.282547    -0.138355     0.374368     0.115346    -0.245828    -0.463257   -0.0488697    -0.242205    0.0377489
    0.132248    0.0189475    -0.287526   -0.0241252    -0.401039    0.0861481   -0.0298785     0.165725     -0.22664    -0.175838     0.175595    -0.166149    -0.172177     0.108289     0.156144    -0.380183    -0.284287   0.00405905   -0.0459568    -0.129756    -0.141989    -0.177889     0.142367    -0.174011   -0.0804202    -0.191793    -0.312976     0.116554    -0.106767    -0.207614     0.213713     0.036652
   -0.644003    -0.302351     0.136207     0.239076    -0.399517     0.208519    -0.445823     0.236011     0.383003     -0.17709    -0.378465    -0.354475     0.104586    0.0364388     0.153607    -0.105669     0.201215    0.0151645    -0.782941    -0.118055     0.037229    0.0657092   -0.0322834    0.0946911     0.293729     0.314203   -0.0153036     0.136494     0.216033   -0.0279967     0.105465    -0.145607
   -0.118072     0.309213    -0.226258   0.00313775     0.179074       0.9633    -0.674463    -0.296009    -0.538155    0.0234862    -0.205266    -0.195652   -0.0277067     0.430524     0.032646     0.244213    -0.752931     -0.16123    -0.121176     0.371947     0.100793    -0.474447     0.274946    -0.493949     0.461863    -0.714221    -0.602973     0.561319    0.0878084    -0.426589     0.923427     0.147226
    0.276711   -0.0849174     0.260111     0.128851     0.567088      0.58983    -0.435533     -0.34216    -0.267641   -0.0520786    -0.120286    -0.236705    -0.125882    -0.509255     0.571855    -0.350987    -0.193843    -0.110768    -0.126015   -0.0300413    0.0520564    -0.261743   -0.0639281    -0.286655    -0.115386    -0.124691     0.220662    -0.124939  -0.00896027    -0.426604   -0.0420813    0.0199711
    0.227345     0.168776    -0.182477    -0.892975    -0.415495     0.158897     0.686151  -0.00376825    -0.282784     0.353856    -0.354114     0.153149    -0.545793     0.373564     0.011517     0.180243    -0.139369     0.157307    0.0438084    -0.278963     0.618917     0.793671     0.394668     -0.36022     0.340184    -0.294375     0.138161     0.239237     -0.40178     0.316894   -0.0705472     0.627918
  -0.0925473    -0.739555     0.135687    -0.412553     0.349075    0.0281044    -0.116807     0.213303    0.0273734   -0.0629627    -0.344909     -0.27199     -0.30003     0.371301     0.856342    -0.153468    -0.657526    -0.101295     0.184772      0.34794     0.263209     0.128974    -0.240104   -0.0424093    0.0186227     0.145988    -0.375966     0.440793   -0.0220112      -1.0684     0.254419     0.317645
    -1.12167    -0.223042   -0.0342962   -0.0752782     0.455135    -0.109647    -0.196296     0.481616   -0.0725315     0.105264    -0.294987     0.060954    -0.554009    -0.176428     -0.63171    -0.378408    -0.774244    -0.409699     0.222855    -0.272123     -0.32766    -0.137664     0.335996  -0.00533072    -0.178615     0.029159    -0.123651     0.344077    0.0344004    0.0790543    0.0615988     -0.14235
    0.403224     0.366842    -0.686218    -0.327317    -0.416944      0.38539    -0.123527    -0.801336    -0.445484     0.448734    0.0625003     0.923662     -0.10601     0.128047     -0.11541    -0.326574     -1.25489    -0.481021     0.219623     0.242591     0.147365     0.167786     0.813733     -0.48183     0.152887    -0.818857    0.0518337      0.25762    -0.810076     0.359797     0.389147   -0.0683739
   -0.257865    -0.501599   -0.0340502    0.0582094     0.319874    -0.345571      0.40773   -0.0263234     -0.14713     -0.26277    -0.242206    -0.164174   -0.0888216    -0.325454    0.0922698    -0.584842     0.256067     -0.18018   -0.0719774    -0.171663    -0.207626     0.318625    -0.282794    -0.130731    -0.307514    -0.104182     0.268956     0.309566    0.0526311     0.125085    -0.080092     0.221262
    0.375323    0.0701876     0.232483  0.000978339   -0.0429294   -0.0286195    -0.216619     0.338617    -0.187031   -0.0204307    -0.157567     0.275293     0.224309   -0.0402971    0.0335006     -0.13437    -0.312263   -0.0514784     0.202235     0.223221   0.00979264     0.255466    0.0261396   -0.0651896     0.074308     0.246148   -0.0633488     0.186862     -0.10925     0.174402    0.0852379     0.193958
    0.235979     0.167114     0.412715     0.257058   0.00496805    -0.424252     0.113569   -0.0980894     0.203583   -0.0440817     0.159877    0.0584594    0.0431901    -0.276003   -0.0151586     0.464919     0.165852    0.0267558    -0.475933     0.144444    -0.442833    -0.167969     0.349585       0.1766     0.175429     0.204312    0.0462436     0.138429     0.185063     0.354113    0.0302346    -0.209161
   -0.931266   -0.0150759     0.849421      0.49176    -0.468819    -0.132051    -0.409575     0.791821     0.697605    -0.179381    -0.513919     0.108977     0.192478    -0.210139    0.0350006     0.698552     -0.35427    -0.257616     -0.58061   0.00419116    -0.681209      0.29641    -0.520532     0.373363     -0.18268     0.550961     0.898749      0.87572     0.386957     0.817106     0.011896    -0.645256
    0.363567    -0.301285    -0.174159     0.229045    0.0500286     0.247864     0.216429   -0.0230217    -0.394463     0.142421      0.43921    -0.100016    0.0598062   -0.0717902     0.136444   -0.0669996   -0.0741279     0.169225    0.0591254     0.555765   -0.0605557     0.155553    0.0356821     0.046068    -0.318241    -0.220775   -0.0540373   -0.0340058   -0.0833266     0.305622    0.0640557     0.106346
    0.500739    -0.171638    -0.514177     0.387776    -0.429117     0.510823    -0.152561    -0.350522    0.0147059    0.0990788   -0.0568229    -0.129882     -0.32996     0.190804     0.144117    -0.387849     0.302887    -0.154138    -0.131424    -0.757096    0.0237236    -0.120433     0.217604     -0.17527     -0.31722   -0.0126491  -0.00499727     0.307395     0.375038    -0.194144    -0.517766    -0.490187
    0.203105     0.184401   -0.0489961     0.776188    0.0799132    -0.922463     0.164056   -0.0829157     0.187913   -0.0555604   -0.0584394     0.623637   -0.0401811   -0.0388328    -0.643124     0.217861    0.0470985   -0.0792902   -0.0402603     0.411674     0.314377     0.450432    -0.229299      0.33336    -0.260177    0.0238588    0.0322218    -0.214296     0.144648     0.349868    -0.413831     0.269328
    0.528825  -0.00433582   -0.0772955      0.16602     0.488383     0.230477    -0.383347     0.426128     0.662695   -0.0983852    -0.419401    -0.421894     0.698388  -0.00560152     0.476443   -0.0863811       0.4847    0.0156104     0.270498    -0.150027     -0.26478    -0.699744    -0.476667     0.132044     0.348331     0.431103     0.103166     0.585432     0.186463    -0.176278     0.318867    -0.550895
   0.0178652     0.473204    -0.696171    -0.227047     0.424602    -0.196336     0.411457     -1.03563    -0.346463  -0.00343618     0.220519     0.233868     0.171581  -0.00177861    -0.125691    -0.273582    -0.831036    -0.589123    0.0982594     0.948572     0.196936     -0.37625     0.465576    -0.490463   -0.0620136     0.146641   -0.0930595   0.00986728    -0.488511    -0.296906     0.091282   -0.0810486
   -0.831439    -0.165728     0.111384    -0.207885    -0.789587    -0.763417     0.265073     0.673539     0.147715     0.105334     0.081538     -0.11606    -0.194025    -0.337722      0.47843    0.0478465     0.146296    -0.230431     -0.17496     0.362093    -0.227568     0.278539     0.258815     0.235729     0.276003     0.375365     0.240639     0.584888    -0.631913     0.457649   -0.0452269     0.708517
   -0.493804    -0.193301    -0.463354    -0.324037     0.448355     0.379622     0.611831    -0.121362    -0.329105     0.541628   -0.0553953    -0.332043    -0.175382     0.238101    -0.242316    -0.263161    0.0133796      0.35467      0.61258    0.0227537     0.185976    -0.690993    -0.135333     0.208729    -0.181329    -0.180308    -0.209075      0.17931     0.278211    0.0309617     0.255121    -0.171714
   -0.720736   -0.0258857    -0.857436     0.560199    0.0436678     0.258721    -0.503144    -0.550023    -0.757715     0.858263     0.165011    -0.079943   -0.0823042     0.313205    0.0146763    -0.184998    -0.153283     0.307889     0.383676    -0.320011      0.25767    -0.557684      0.23236   -0.0627581    -0.148199    -0.222084    -0.158611     0.192086     0.585975    -0.609764     -0.28976    -0.426768
   -0.214974    -0.113009   -0.0928076    0.0178206    -0.118473     0.373592     0.113458    -0.346946     0.048897     0.282752    0.0862563    0.0358096    0.0612284    0.0359911   -0.0115796    -0.129284     -0.14082     0.214326    0.0743139   0.00935763    -0.174989   -0.0263316     0.221737    -0.253465     0.117639    -0.136816    -0.185503    -0.221932    -0.103805    -0.241339     0.101398   -0.0840346
   -0.231753     0.176747    -0.960685      0.77086    0.0508841     0.660031     -0.98268     -0.10302    -0.917571     0.524458    -0.071471    -0.273751     0.278245   -0.0243139    -0.182629     0.140774    -0.664127     -0.16759     0.560198     0.124683      0.29864    -0.660702     0.755325    0.0424381     0.701024     -1.04923     0.252658     0.317988     0.296519     0.378601     0.238861     0.333451
   -0.711357    -0.108538     0.584401   -0.0283879     0.298753    -0.351463   -0.0837942     0.363226     0.592617    -0.164823     0.475611     0.345884    0.0105852    -0.349622    -0.461642     0.528904    -0.128476     -0.38967     0.196039     0.169485     0.202711    -0.079669     0.290034     0.632584     0.453625     0.154948    -0.076631   -0.0209112     0.303219    -0.346969    -0.115596   -0.0440898
   -0.376187    -0.191986     0.076262     0.296984     0.159072    -0.432535      0.24775     0.191894    -0.332671    -0.374691     0.415246    -0.593759     0.188303     0.038973     0.551648    -0.574949     0.971848    -0.335278     0.120375    -0.164949    -0.230363    -0.362122    0.0713433    -0.153467     0.489369     0.335553     0.156023   -0.0968659     0.434804     0.200291     0.143689    -0.334442
   0.0803233     0.184528     0.140336    -0.114527   -0.0474334    -0.490316     0.435301   -0.0164928   -0.0336883    -0.209336     0.622218     0.113789    -0.163963    -0.144444    -0.556667     0.239776    -0.431282    -0.243478     -0.44096    -0.200312    -0.698496     0.258398     0.105532    -0.201221    0.0840775    0.0655862    -0.124735    -0.237197    -0.774741    0.0322713    -0.161366     0.321031
   0.0616076    -0.215871     0.772838      0.38847    -0.519665     0.120017     0.274245    0.0102806     0.800791    -0.501952     0.312874     0.323454     0.529064    -0.615624     0.022886     0.750478    -0.169891   -0.0794468    -0.656035     0.120647   -0.0976609     0.134723    -0.262978     0.148224     0.123627     0.517156     0.175091    -0.451452    -0.713774     0.332196    -0.661803    -0.454763
   0.0809584     -0.12271    -0.290819     0.284075    -0.479547    -0.503994     0.277852    -0.453384    -0.061683   -0.0647814     0.265446     0.602188     0.165857    -0.348641   -0.0481812     0.079055     0.312952     -0.65745   -0.0378605  -0.00635359      -0.6502    -0.534771   -0.0131378   -0.0201286      -0.3117     0.164462     0.396521    -0.479238   -0.0149751     0.591373    -0.148254    -0.338471
   0.0996446    0.0778252   -0.0685462    -0.159007    -0.390178    -0.104404     0.251862     0.110973    -0.124715    0.0895132     0.317793     0.127581    -0.201232   -0.0224278   -0.0138014     0.384315   -0.0678999     0.130176    0.0789279     0.100517     -0.26623     0.593975     0.453404    -0.144861     0.325861    -0.062407    -0.100997    0.0749408    -0.158133    -0.269464    -0.205788     0.129451
  -0.0148233     -0.16319    -0.107067     0.472641  5.47524e-05     0.169618     0.103166   -0.0275003   -0.0814872    -0.381768   -0.0687709   -0.0978382    0.0412835    -0.187911      0.66252   -0.0621677     0.261225     0.311255     0.275346     0.346725    -0.216144   -0.0986586    -0.181047     0.116032     0.178754     0.217002   -0.0277854     0.509697     0.325744    -0.198186    -0.496633    -0.423134
   -0.143514     0.392705    -0.263692     0.143051    -0.121989     0.184673      0.11083    -0.177632    -0.197139    -0.307573    -0.270264    -0.148405   -0.0180667    0.0106482    -0.171931    -0.364825     0.176779     0.069768    0.0287195     0.121824    0.0938874     0.250452    -0.131912    -0.159489   -0.0695934     0.283924     0.316433    -0.540766     -0.47509     0.459239     0.433864   -0.0167577
    0.263504     0.331655    0.0323201    -0.145986     0.216849      0.21374   -0.0292224    -0.420852    -0.352663    -0.290803     0.176521    0.0624639    -0.161944    -0.203096    -0.832133   -0.0876316    -0.879636   -0.0415034    0.0769803     0.140124     0.101775    -0.145656     0.288777    -0.272855   -0.0321345   -0.0419164    0.0275217    0.0790929    -0.254722    -0.137887      0.39201    -0.065774
   -0.331593   -0.0126902    -0.253501    -0.126687     -0.15828   -0.0396274     0.197437   -0.0827524     0.100848    0.0691255     0.283515     0.107331     0.403234     0.185534    0.0664071   -0.0984298    0.0614419    0.0842227    0.0997624     0.122146    -0.315625    -0.157969     0.127574     0.211509     0.189331   -0.0552003    0.0737842     0.174669    0.0324138    -0.356119     0.190032    -0.026573
    0.104387     -0.43758     0.420689     0.287975    -0.279559    -0.393385     0.303951     0.298351     0.100287    -0.656875    0.0544112   -0.0725409    -0.401976    0.0931316     0.400036   -0.0787453     0.677661     0.472516     0.134536    -0.765191    -0.213512      -0.2555    -0.491786      0.58529  -0.00229174     0.288556     0.413472     0.108777     0.501114     0.360832     0.167628    -0.035332
    0.338628     0.219063    -0.522125    -0.210076     0.107424     0.374804   0.00121434    -0.251452    -0.380383      0.24033     0.138869    -0.313682     0.186637     0.399812    -0.347988     -0.28554   -0.0845122     0.218398     0.179061      0.42334     0.782825    -0.541449   -0.0662726     0.120211   0.00435996    -0.464253    -0.276504    -0.146882     0.258188    -0.224655     0.293714    0.0345416
    0.547858     0.389546     0.392831    0.0490405     0.111881     0.264446     0.271335     0.046625   -0.0955257   -0.0597479    0.0251924    -0.355671    -0.196865     0.262998    -0.323628     0.154537     0.227482     0.335892     0.028996    -0.239434    -0.186775     0.310804    -0.042844    0.0884473      -0.4564    -0.304703    0.0805981    -0.214708    -0.141781    -0.216141   0.00635485     0.227221
    0.104162      0.27263      0.13497   -0.0831136    -0.180935    -0.428281     0.805856    -0.199284    -0.309437    -0.094854  -0.00215417     0.219236    -0.527853     0.699921   -0.0806463      0.01062     0.179894   -0.0582355   -0.0793493     0.496964     0.624081    -0.257403    -0.461823    0.0999064   -0.0532356    -0.505122    0.0990665    -0.142046    -0.320423    -0.145788    0.0726943     -0.15022
    0.781169     0.040996    -0.666088    -0.314219      -1.0409     0.426212      0.23781     0.124795     0.113525     0.517893    -0.397242     0.659187     -0.36902     0.531347     0.181627     0.137939    -0.179959     0.550066      0.12464    0.0655416     0.359171     0.480799    0.0699572    -0.170137    -0.510699    -0.678877    -0.357154     0.228054    -0.263952     0.214505     0.296629    -0.173927
    0.191723     0.448013     -1.14471    -0.146358    -0.301899     0.279529    -0.194471    -0.652336    -0.621426      1.04219    -0.147892     0.415487    -0.185052     0.229607   0.00560352    -0.257442    -0.400233     0.146351     0.159742     0.287373     0.723524     0.427429     0.239487     0.085091     0.213574    -0.686742    -0.155513     0.310013    -0.356701     0.157291    0.0975402     0.229451
     0.50584   -0.0357757    0.0665661   -0.0314713    -0.422513    -0.323048    -0.851476    -0.217826     0.101774    0.0158818    -0.386853    -0.144021    -0.102434    -0.326565     -0.14027    -0.255445     0.117235     0.223117    -0.148389    -0.366754     0.400243      0.26409    0.0387274    -0.186506     0.160656   -0.0182341   -0.0430596      0.32405     0.351474      0.35647      0.04344    0.0979627
   0.0501504    -0.374768    0.0519918    0.0207518     0.277315    0.0874843     0.210278    0.0283621     0.355661     0.173203    0.0012441   -0.0590848   -0.0576285    -0.226212   0.00727059     0.165337    -0.479207    -0.253013    -0.409468     0.373699    -0.311704     0.125587    0.0531882     0.157786    -0.203556     0.345707     0.177968   -0.0313151    -0.563992    -0.185549   -0.0205862   -0.0158352
   -0.028274    0.0118599      0.15108   -0.0182786    -0.223333    0.0626093    -0.237228     0.318431     0.358051   -0.0285378    -0.658972    0.0938619    0.0595871    -0.198207  -0.00840273    0.0147917    0.0887807    -0.284927    0.0432672    -0.306451   -0.0176073    0.0748958    -0.124226     0.403179     0.489997  -0.00873902    0.0768515   -0.0570177   -0.0103193    0.0579119     0.259767  -0.00397099
   -0.426724    0.0880227    -0.164055     0.103776     0.238394     0.124686     0.229061    -0.040789    -0.510764     0.198729     0.156849    -0.225837    0.0130095     0.561232     0.127645    -0.198929    -0.923067     0.682994     0.126181     0.628257     0.415961     0.142375    -0.129268   -0.0243813    -0.274195  -0.00173763    -0.157766     0.347386     0.454307    -0.550406    -0.347687    -0.192362
   -0.640878     0.127796    -0.449345    -0.626721    -0.571766     0.272746      0.61519     0.303427    -0.346855     0.359748    -0.434949    0.0892956    0.0179432     0.460302    -0.310404    -0.193805     0.701092    -0.218762     0.255199    -0.778696   -0.0806784     0.138589    0.0979341     0.380749     0.450674    -0.301561   -0.0847096    0.0280607   -0.0849389     0.212432     0.416504   -0.0794233
    0.322558     0.147137    -0.314719    -0.613989    -0.595046     0.212574      0.47248   -0.0854747    -0.455478    -0.341109     0.215165     0.324944      0.16919    0.0162003   -0.0913181    -0.208674     0.430658     0.320781     0.796059    -0.222109    0.0962563     0.324357   -0.0414754    -0.254669    0.0852836    -0.259692     0.149269    -0.401931    -0.046923     0.161577    -0.355822     0.284161
    0.428458    -0.215285    -0.323547    -0.222843    -0.461123    -0.380233    -0.577763    0.0213334    0.0535449     0.130365    -0.329419     0.284153    -0.171267    -0.239356    -0.345864    -0.515499      0.41729    -0.662074      0.27591   -0.0481095     0.398843      0.49176     0.653355    -0.159995     0.542447    -0.534706    -0.169195     0.254957   -0.0534378     0.493874     0.389153     0.571383
   -0.602437    -0.151721    -0.419311    -0.238311    0.0642212     0.379702    -0.506986     0.158134    0.0744707     0.292134    -0.153919    -0.304085     0.412015    -0.109383     0.494112    -0.576363    -0.926424    0.0162146     0.273177     0.233924    -0.316333     0.454001     0.454484    -0.125372     0.193515    -0.206881     -0.14517     0.203407   -0.0440031     0.110992     0.392855     0.392364
    0.315253    -0.522074     0.770843    -0.136989   -0.0187244     0.458941      0.12812     0.108747     0.305039    -0.462497     0.538828     0.211568   -0.0587232   -0.0365638     0.295642     0.717812     0.128563      0.34969     -0.66689    -0.555201    -0.165985    -0.193373    -0.541164     0.169872    -0.116771      0.30733    -0.284485     0.373159    0.0505791    -0.379319    -0.006202   0.00995161
    0.121439    -0.121113    -0.205139    0.0390091      0.73613    -0.204104     0.566991     0.484234    -0.247329     0.418719    -0.128912     0.164554     0.376349     0.468804     0.271276    -0.810678     0.734201   -0.0175259    0.0669487    0.0495494     0.348021    -0.406365    0.0537223    -0.270956    -0.574249    -0.404993    -0.557116    -0.463316    0.0122531   -0.0847973     0.513056     0.424736
   -0.738853    0.0507549    -0.322888     -0.10237   -0.0603616    -0.433691    -0.676256      0.34416   -0.0306192     0.284415    0.0877519    -0.521782      0.18951       -0.188      0.62444    -0.649237     0.225164    0.0746135    0.0967704    -0.317139     -0.40935    -0.207066     0.162699     0.414947     0.391889    -0.148393    0.0237361     0.414919   -0.0447863     0.055528   -0.0642494     0.406983
    0.197032    -0.208881    0.0994659     0.207035   -0.0895454    -0.560275     0.533552    0.0497833    -0.282694    0.0474718   -0.0505336     0.223924    -0.185532     -0.16608     0.271403    0.0545284    0.0312021    0.0957297   -0.0619859    -0.127385    -0.181317   -0.0232789     0.342832    -0.148616   -0.0751066    0.0600988      0.26376     0.121223    -0.167167   -0.0475086    -0.180109     0.524982
   -0.285584   -0.0987286    -0.587875  -0.00907025     0.245201     0.225857   -0.0873979   -0.0234582    -0.685672     0.188714    -0.127789    -0.330939     0.401679     0.221123     0.568925    -0.718995    -0.297508    -0.267468     0.381704      0.45425    0.0191654    -0.183786     0.209003   -0.0590871     0.643953   0.00521712   -0.0689284     0.314032     0.241942    -0.246419     0.147632    0.0535275
   -0.105495   -0.0254906    -0.304849     0.448034     0.158777     0.116643    -0.287192    -0.538227    -0.211683     0.134273      0.41341    0.0881577    -0.153695     0.135185    0.0381793     0.120169    0.0203088   -0.0834977     0.334654     0.437719     -0.22745    -0.228932     0.104366    -0.328184   -0.0758853     0.249155     0.021369      0.14868     0.515295    -0.289145    0.0989238    -0.719145
   -0.360363     0.290462    -0.138784    0.0269383   -0.0642711     0.495964    -0.475832   -0.0181107   -0.0506165   -0.0344447    0.0600545    -0.481938     0.538198     0.151318     -0.11948     0.203845   -0.0658501   -0.0220731     0.366706    -0.104214    0.0869764    -0.743472    0.0400236     0.103613     0.198992    0.0318984    -0.348398     0.299082     0.370312    -0.229186     0.216241    -0.176017
    0.205975   -0.0288413    -0.182612     0.515974    -0.209356    0.0296812   -0.0595256     0.291327    0.0764083     0.137363     0.237953    0.0140168    -0.164131      0.30912    -0.155153   -0.0757916     0.153733     0.146049     0.174095   -0.0699143   -0.0899001    0.0114649    0.0104323     0.274875   -0.0785477    0.0789273    0.0176159    -0.140552   -0.0428716     0.299227    -0.227393    -0.137909
    0.204906   -0.0918894     0.302392     0.357854   -0.0172621     0.143607    0.0425883    0.0615669     0.476818    0.0378057    -0.449372    0.0584229     0.198724    0.0630144   -0.0766583     0.210515     0.683009     0.144099     -0.22729    -0.422351    0.0504561    0.0489052    -0.179599     0.305391    -0.052542    -0.216504    -0.491288    -0.181438     0.247941   -0.0412181     0.023264   -0.0956732
   0.0870202    0.0885559    -0.220804    -0.434461    -0.613304   0.00999414    0.0453261    -0.212797     0.339448     0.633357    0.0109407     0.090554    -0.371505    -0.114326    -0.113514     0.167705    -0.811224     0.493159     0.694523    0.0342418     0.117515    -0.516556      0.26288    -0.139984     0.228493     0.300078   -0.0550285     0.117936    -0.760707    -0.044438     -0.18272    -0.231993
    0.102608    -0.212783     0.452992     0.133946    -0.289032     -0.11393     0.409602     0.514025     0.290422    -0.574003     0.245305     0.265119    -0.522709     0.300149    -0.217442     0.204132     -0.14463   -0.0257007    -0.376722    0.0813024    -0.194922     0.686036    0.0653101     -0.19398    -0.133915     0.249421    0.0555121    0.0250622    -0.341735    0.0888965    0.0592038     0.327409
   -0.238992   -0.0816982    -0.414058    0.0342419    0.0590994    -0.155001   -0.0518866   -0.0730635    -0.184136     0.103617  -0.00600587    -0.362886     0.292194    -0.401384     0.244219    -0.548857     0.377313    -0.229036     0.482154   0.00856722      0.25588    -0.190372     0.149391     0.164903     -0.15721     0.091686    -0.340373     0.162291     0.532198    -0.523827    -0.426009    -0.308954
   -0.488258    -0.164713    0.0250708    -0.123208     0.268648   -0.0855564     0.485668     0.197294   -0.0105941    -0.235028  -0.00590939    -0.114969    0.0633531   0.00783367    -0.194773    -0.437531     0.177156   -0.0727212    0.0581066    -0.485871     0.203849   -0.0731112    -0.227637    0.0702585    -0.174313    -0.136948   -0.0185646     0.118165     0.323821    -0.236095     0.118623    -0.134626
    0.403431     0.195335    -0.378826    0.0347174     0.208062    0.0891962    -0.299322    -0.532349    -0.218031     0.292281    -0.256945    0.0791445     0.529432     0.309568    -0.132495    -0.203012     0.415465     0.127308  -0.00916906     0.343296     0.459242    0.0687921   -0.0696018   -0.0716036    -0.264525    -0.293993    -0.374084   -0.0307978     0.165907    -0.198359     0.369139    -0.117793
    -1.07608      -0.4076    -0.338029    0.0480108    0.0522325     0.131665    -0.104987      0.10123   -0.0416733     0.420482    -0.131448    -0.565982    0.0709222     0.390369     0.406256     -0.20535     0.475907    0.0261159     0.370846    -0.656273   0.00976536    -0.026607     0.337816      -0.2143    0.0247755    -0.465963      -0.3796     0.221486     0.768771    -0.349801     0.495502     0.385162
   -0.112393     0.208956     0.822771    -0.684136    0.0202554    -0.151475     0.365657     0.277503     0.253493    -0.334291    -0.401285     0.449321    -0.120744    -0.117278   -0.0495734     0.411992     0.629216    -0.149811   -0.0546782       -1.022    -0.261721     0.237231    -0.314086   -0.0885759     -0.17399  -0.00921387     0.223143    -0.558362    -0.575818   0.00755128     0.248191    0.0531893
   -0.179974    0.0698738     0.186941     0.527722    -0.169963    0.0936595    -0.184498     0.104944      0.55902    0.0428351    -0.403629     0.158922    0.0481573    -0.634537    -0.495443     0.178872     0.131493       0.1811      0.36659    -0.659111    -0.542152     0.371271     0.405456    -0.174116     0.285998    -0.138519     0.187661     -0.17747   -0.0477515    -0.154422    -0.438474     0.349419
    -0.28609     0.325719    -0.209159    -0.181429   -0.0674226    -0.211705     0.533298    -0.143592    -0.053538     0.131666     0.415329     0.268419    -0.684647    0.0111901    -0.513061    -0.111977    0.0166703    -0.322991     0.147531    -0.491967    -0.108292   -0.0694686     0.189556    -0.412215     0.428261     -0.17007    -0.177455     0.186151    -0.351512    -0.428145    -0.056043     0.484027
   -0.133883     0.541412    0.0847081     0.413081    -0.404407     0.463531    -0.454035    0.0611977     0.697334    -0.119356    -0.038417    0.0586716    -0.252908     0.339908   -0.0231607     0.593399     0.021793    -0.169033   0.00345987   -0.0562815  -0.00819256     -0.57268    0.0285753    -0.499325     0.142148    -0.176887    -0.193217     0.124465    -0.632025    0.0212621   -0.0227895    -0.560199
   -0.194159     0.139511    -0.484842     0.609509    0.0811549     -0.28952     0.600588    -0.321751    -0.435585     0.142343    -0.212352     0.151491   0.00424661    -0.258179    -0.751963    -0.366471     0.636177   -0.0829379     0.185388   -0.0650485     0.617059     0.306065     0.303926     -0.12104    -0.370003     0.260937     0.224617   -0.0104858     0.653244   -0.0188768   -0.0662502     0.144981
