   0.420958
  -0.687583
   0.593463
 -0.0473878
  0.0608216
  -0.215572
    1.14609
   0.641699
  -0.756291
  -0.411845
  0.0611641
  -0.363586
  -0.518823
   0.541576
    0.21146
  -0.374492
  -0.873711
 -0.0461913
  -0.035896
   0.283513
  0.0514053
  -0.397479
   0.256823
 -0.0261335
    0.27696
 -0.0922641
  -0.160517
   0.516718
   0.394825
   0.358332
  -0.961119
  -0.610534
  -0.768022
   0.704481
  -0.258801
   -0.36238
    0.59245
 -0.0333267
  -0.060738
  -0.324536
  -0.344912
   0.454468
  0.0207234
 -0.0909935
    0.21202
  0.0686754
  -0.256137
 -0.0933599
  -0.724162
  -0.371077
    -0.2938
  -0.161666
  -0.385178
   0.747406
  -0.319532
    0.77043
   0.743588
   0.456872
   0.467533
 -0.0250286
  0.0406294
  -0.305435
   0.373378
  -0.343873
   0.449466
  -0.201375
  0.0910901
  0.0919269
    1.08563
  -0.104505
    0.38211
   -0.45918
   0.318297
-0.00753186
   -0.65937
 -0.0661253
  -0.690167
  -0.675903
   0.830657
 -0.0698742
   0.150683
  -0.132972
   0.492695
   0.673062
    0.42138
   0.824917
  -0.899945
   0.415783
  -0.619587
 -0.0935011
   0.271875
   0.987514
   -1.12464
   0.371264
   0.595374
  -0.203912
  -0.754092
   0.102054
  -0.312875
  -0.167189
   0.071885
  -0.621221
  -0.568438
 -0.0293474
   0.253292
   0.919026
  -0.563158
   0.168554
   0.596327
  -0.574354
   0.190743
  -0.231606
   0.495074
  -0.102532
   0.539697
  -0.183887
   0.668485
   0.391239
  0.0865939
  0.0912175
  -0.199706
  -0.389075
  -0.540557
    0.25935
   0.707488
   0.747257
     1.4541
  -0.334212
