  -0.123675
  0.0817494
  -0.315264
   0.964085
  0.0127768
    1.48201
   -0.13559
   0.846761
  -0.241114
  -0.239952
 -0.0258178
  -0.151732
  0.0883665
-0.00836428
  0.0541981
 -0.0838033
   -1.02941
  -0.334981
  -0.115044
  -0.137411
   0.094882
  -0.484011
 -0.0542346
  -0.570171
  -0.197582
   0.124156
   -0.54621
    1.51314
  -0.243377
   0.209632
  -0.441796
  -0.351384
  -0.167248
  -0.287257
 -0.0460657
 -0.0389819
  -0.177804
  -0.674976
  -0.278133
  -0.174055
   0.536167
  -0.483265
   0.892588
  -0.916539
   0.142766
  -0.465226
  -0.391687
  -0.238154
  -0.346594
   0.094061
  -0.237123
  -0.194173
 -0.0743515
   0.156191
 -0.0148573
  0.0530883
    1.54189
  -0.422546
   0.145872
   0.124661
  -0.233517
   0.268108
  -0.361094
 -0.0224935
 -0.0211901
  -0.222305
  -0.551421
  -0.227769
 -0.0713031
  -0.148314
   -0.63625
  -0.279047
    0.29406
   0.103692
  -0.221902
  -0.404877
   -0.82791
  0.0812835
  -0.753837
   0.323872
   0.145494
  0.0632993
 -0.0796284
  -0.161919
   0.116809
  -0.242151
  -0.462102
  -0.371674
 -0.0351351
  -0.724798
  -0.551557
   -0.13484
  -0.353227
  -0.265165
  -0.679352
  -0.496043
 -0.0347686
  0.0458426
   -0.59683
  -0.153749
  -0.404592
  -0.128909
  -0.574407
  0.0452273
 -0.0648592
   -1.09483
 -0.0402874
   0.465047
  0.0390109
  -0.657917
  -0.273685
  -0.140683
   -1.30475
  -0.653305
   -0.40687
  -0.314116
  -0.334136
  -0.752089
  -0.115497
  -0.213723
  -0.141381
   0.495458
  0.0410886
  -0.309825
  0.0812582
   0.278693
   0.166203
  -0.617488
