  0.181886
 0.0226012
  0.227012
  -1.07228
-0.0235217
   -1.1087
  0.301274
 -0.259049
 -0.180608
   0.37925
 0.0622979
  0.317799
 0.0968941
-0.0790889
-0.0576562
 0.0802325
  0.778669
  0.362146
 0.0200763
  0.361335
 0.0856749
 0.0917915
-0.0443477
  0.624414
  0.299355
 0.0794052
  0.177123
  -1.50913
  0.148061
 -0.201069
  0.898018
  0.289232
  0.126857
  0.201062
  0.188172
 0.0936872
0.00237877
  0.463822
  0.191579
  -0.13249
 -0.396878
  0.256446
 -0.987396
    1.1534
  0.383445
  0.343966
  0.226553
  0.252277
    0.4309
-0.0134318
  0.281319
  0.107349
 0.0415442
  0.294164
   0.12791
  0.221834
  -1.31961
  0.271139
 0.0141844
  0.183392
  0.303267
 -0.418173
  0.157134
  0.360251
  0.173885
  0.460094
   0.40771
  0.133317
  0.147926
  0.295361
  0.285486
 -0.170924
 -0.085666
  0.417026
 0.0224969
  0.383109
  0.666251
  0.253726
  0.325261
  0.128197
   0.39587
  0.289824
  0.209354
  0.500094
  0.213126
  0.328543
   0.50821
  0.473588
 0.0966964
  0.368847
  0.624639
  0.148146
 0.0345776
  0.112428
  0.645045
  0.255459
  0.141629
  0.264714
  0.331784
   0.25636
  0.352584
   0.47037
  0.198787
-0.0389251
 -0.113061
  0.580631
  0.180827
 -0.158136
 0.0200579
  0.518526
   0.39594
   0.06863
   0.79871
  0.731567
  0.194308
  0.170008
  0.441027
  0.334107
   0.13136
  0.356431
  0.142535
 -0.356478
 0.0595514
  0.343369
  0.187304
  0.391376
  0.443883
  0.324891
