  -0.022263
  0.0293501
 0.00239342
  -0.284014
   0.402591
  -0.170631
  -0.491758
 -0.0686611
 -0.0701757
  0.0372623
  0.0611885
  0.0620468
   0.575515
   0.146589
  -0.147083
  -0.407759
  -0.317268
  -0.192361
   0.117247
  -0.422389
   0.219977
 -0.0945718
   -0.11893
  -0.123502
   0.373723
  -0.257267
  0.0560886
   0.163402
  -0.375501
  -0.479443
  0.0935096
  -0.164162
   0.126913
  -0.127769
  -0.134027
  0.0861191
  -0.131077
 -0.0288818
   0.424671
  -0.493516
   0.258522
  -0.454863
 -0.0339797
  0.0960419
 -0.0328853
   0.386898
  -0.114994
   0.278451
   0.114418
  -0.397597
   0.257001
   0.241634
 -0.0355833
  -0.810448
  0.0664778
   0.120067
  -0.475651
  -0.396533
  -0.262242
  -0.267398
  0.0462129
  0.0320788
  -0.150466
    0.21392
 -0.0700325
  -0.286157
   0.369368
  -0.120774
  -0.273233
 -0.0402235
 -0.0238916
  -0.447964
  0.0876351
 -0.0587985
   0.382467
  -0.319627
   0.369403
   0.352844
  -0.200071
  -0.177591
  -0.152134
  -0.268408
 -0.0257335
  -0.164532
    0.18746
  -0.274667
 -0.0335333
   0.157321
   0.439108
  -0.372651
   0.165955
  -0.594745
   0.454577
  -0.279656
   0.259652
  0.0930334
   0.224502
-0.00736741
  -0.243219
  -0.120746
 -0.0142563
 -0.0109504
  -0.167973
   0.181425
  -0.348897
  0.0556673
  -0.163319
 0.00988468
  -0.365697
   0.362086
  -0.403786
   0.237395
  -0.497224
   0.234461
 -0.0238639
   0.141235
 -0.0801323
 -0.0204149
  -0.200307
  0.0287171
 -0.0346976
   0.239435
    0.37992
 -0.0526002
 -0.0975346
  -0.263943
  -0.371261
   0.294979
