    0.339557    -0.119626     0.376003    -0.228709     0.155411    -0.211986    -0.105435    -0.142727     0.369567    -0.212534   -0.0806128   -0.0534445   -0.0032268    -0.123333   -0.0257885   0.00850649    0.0149205     0.194433     0.197649   -0.0907119     -0.31187    0.0581431    -0.252727   -0.0314769   -0.0978555    0.0787637    -0.132939    -0.362549    0.0253537   -0.0999895    -0.121464  3.28768e-05
   -0.397097    0.0258856    -0.181943     0.182403     0.193402    0.0964234   -0.0157629     -0.01424   -0.0781947    0.0711059    0.0701754     0.179413    -0.231323    -0.118894    -0.264021   -0.0264731    0.0636778     0.167287   -0.0529866     0.049482     0.192735   -0.0440897   0.00855635    0.0245692    -0.106851     0.141734   -0.0297122   -0.0646768    -0.131845    -0.095992   -0.0909988     0.131619
 0.000904349    0.0706962    -0.393622    -0.380704   -0.0160644     0.439097     0.166154     0.107788    -0.247272    0.0599605    -0.295157   -0.0568703    -0.258687      0.41705  0.000709495    -0.341914   0.00860116     0.196253    -0.234991    0.0321452    0.0528297     0.140719   -0.0474505    -0.226854    -0.332182    -0.143974   0.00447308    0.0683351    -0.205946     0.207633     0.221643    -0.151094
   -0.106025    0.0548339     0.149094     0.223792   -0.0718079    -0.191334    -0.212989    0.0335672    0.0827574    -0.142204     0.137218    0.0288884     0.107048   -0.0159828   -0.0391843    0.0178424    0.0138928   0.00849757    0.0392651     0.017631   -0.0173485    -0.262815    0.0397115     0.252668    -0.159878    0.0649228   -0.0694589    0.0367601    -0.264202    -0.126584     0.197671    -0.456459
  0.00298599   -0.0468993    -0.142858    -0.192213      0.12908     -0.12917   -0.0385233    -0.395477    -0.301934     0.373529   -0.0738319     0.129712    0.0280249     0.319153    -0.164783   0.00518511   -0.0324087     0.233333     0.273867     0.216208     0.324361     0.165806      0.27313    -0.224266    0.0883761    -0.265986    -0.222537     0.190241     0.113709     0.151327      0.15249     0.086934
   -0.124305    -0.156935    0.0162598     0.122934      0.01249   -0.0288866   -0.0948104    -0.101864     0.410549   -0.0638606     0.109814    -0.138117   -0.0259632  -0.00884153     0.111255     0.122021    -0.267632      0.46847    0.0783857     0.144263   -0.0593745   -0.0945094     0.357664     0.315874   -0.0726447      0.32902    0.0784365   -0.0701553     0.146423    -0.285382     0.180021   -0.0847858
  -0.0649621     -0.28494   -0.0730916    -0.169372     0.364329   -0.0982757     0.204039     0.164894    -0.254092     0.172834   -0.0144751    0.0513687    -0.139669     0.160234    0.0256718    -0.112916   -0.0480508    -0.117444     0.138904    -0.164689    0.0160459     0.203316   -0.0561693    0.0680152   -0.0354849     0.193646    -0.266731    -0.345628     0.147047    -0.134226     0.205352     0.348487
  -0.0582812     0.186575    -0.567987    -0.267594     0.116176     0.101248    -0.193741   -0.0399795    -0.113662   -0.0568517     0.421328    -0.270535     0.363006    -0.130467   -0.0326576    -0.103041  -0.00208019   -0.0118213       0.2233     0.200252   -0.0895456    -0.034461    -0.147681    -0.162461     0.109051    0.0761653     0.050801   -0.0115909    0.0790634    -0.402342    -0.139936   -0.0993963
   -0.195335      0.17926    -0.345835   -0.0907709    -0.169073    -0.131328    -0.205653    -0.315252    -0.191214     0.403423   -0.0299746     0.034839    0.0449206    0.0201187    -0.133673    -0.159844     0.185766   -0.0639548     0.199935    -0.229229     0.161427   -0.0589512   -0.0739409   -0.0277928    0.0258122    -0.286989    0.0639959   -0.0346197    0.0987507    0.0280432     0.142278  -0.00922612
    0.108636    -0.337721    0.0204674    0.0761752     0.190896     0.182836    0.0725508     0.132484     0.251075     0.145825        0.029    0.0897291     0.160196    -0.115681     0.109261    0.0287895     -0.36175     0.226429   -0.0388555     0.303158      0.22928     0.260397    -0.226649     0.011044    -0.153903   -0.0487245   -0.0675673    -0.156683   -0.0345936   -0.0430935    -0.206244    -0.101432
    0.100784    -0.240815     0.494497    -0.115392     0.258934    -0.328488     0.130629    -0.118026     0.284913    -0.319474   -0.0295037     0.288096    -0.322453    -0.242662    -0.131032     0.206425     0.231166  -0.00873771    -0.199963     -0.12902   -0.0541639    -0.101456    0.0504508   -0.0795686    -0.197091      0.36862     0.183032    -0.115273   -0.0183812     0.236703     -0.22505    -0.247734
    0.395824     0.153619    0.0184978    -0.116497    -0.133281   -0.0846069     0.117782   -0.0069721    -0.135663    0.0327267   -0.0803049     0.113526   -0.0733235     0.102177   -0.0188226     0.180056   -0.0371419    -0.156328     0.245735    -0.133676     0.234228     0.176032     0.236129   -0.0616274   -0.0809538   -0.0469149     0.163476    -0.296379    -0.287046     0.229928    0.0372193    0.0602228
  -0.0908302   -0.0822312   -0.0610435    0.0668454     0.235682   -0.0985748     0.309299     0.174711     0.182518    -0.138207     0.281992   -0.0969006    0.0461149     0.157593     0.177462    0.0488993     0.263083    0.0762596    0.0839988    0.0506904     0.134672     -0.10069    -0.039696   -0.0719673    -0.170931       0.1263    0.0663879    -0.261499    -0.216355  -0.00568487   -0.0279201    -0.247741
   0.0169485   -0.0985604   -0.0344982    0.0035055    -0.105047    -0.123895     0.265604  -0.00704604   -0.0115868   -0.0913545      0.05828   -0.0222673    0.0505619    0.0701791    0.0515467    -0.163105     0.144954    -0.158309    0.0295854    -0.113701     0.182361   -0.0236622     -0.12003    -0.176428    -0.223708    -0.261119    -0.121032    0.0207081    -0.139023    0.0206052     0.013085     0.147967
   0.0143742    -0.058963     0.111251   -0.0892776     0.104759    0.0726357     0.431296     0.111597    -0.139252    -0.209914  -0.00537527    -0.160302     0.151823    -0.140196    -0.304729    -0.130028     0.269462    0.0662037     0.201657    -0.151423    0.0254858    -0.136332   0.00201489    -0.224936    -0.035467    -0.314987    -0.112643   -0.0826691    -0.210097   -0.0916326     0.223308   -0.0418004
   0.0622518     0.328968     0.134834    -0.257657    -0.243621      0.15549    -0.442429     0.110189    -0.242059    0.0584661     0.118052      0.20865    0.0152502     0.128122  0.000705078     0.039401    -0.284737   -0.0797074    -0.117461     0.219711     0.268361     0.267106    0.0356565   0.00468602    -0.122155     0.175124     0.128652    -0.109149    -0.340675    -0.137342     0.146237   -0.0373303
    0.293887    -0.304756     0.246395    -0.157733     0.143634   -0.0619203    -0.162768    0.0487636   -0.0755175    -0.278344     0.123507     0.240467    -0.263336   -0.0889744    -0.184854   -0.0504548    0.0709808    0.0150119      0.01332    -0.221447    -0.318819     0.145505   -0.0465469    -0.020839    -0.130557    -0.172649    0.0512064     0.213335    -0.334714     0.476347    0.0985974    0.0227739
   0.0893065   -0.0848948     0.352524    -0.196011    0.0556932    -0.297599     0.304964   -0.0832548     0.415153    -0.590625     0.125023     0.165812     0.273842    -0.411225    0.0888684     0.164491     0.282857   -0.0362383    -0.313325    -0.254807    -0.365522     0.277833    0.0777863    -0.162817  -0.00533439    0.0590203     0.126388     0.180269     0.149128     0.176901     0.101139     0.113323
   0.0756496     0.280881    0.0977758    -0.182983    0.0253801     0.167375   -0.0808482    -0.148888     0.125769     0.131336   -0.0429311    0.0119905   -0.0776877     0.335536   -0.0380457    0.0553697    0.0938724     0.122131   -0.0485223     -0.06071   -0.0148766    0.0254682     0.122286     0.137498    0.0754529    -0.284199   -0.0906861    -0.116979    -0.100476    -0.272023      0.04532    -0.151515
   -0.396193    0.0500587     0.110851    -0.257921     0.154402    -0.203306     0.426337   -0.0969601    -0.380937    -0.150248    -0.181405    -0.207649     0.180398    0.0143322    -0.047252    -0.063602   -0.0444284    0.0315669     0.345539    0.0561491     0.124148    -0.346519    -0.143288    0.0812561   -0.0485015    0.0209625    -0.261422    0.0161169     -0.09824    -0.253373   0.00577211     0.065854
    0.181392   -0.0705404    -0.360697    -0.367209    0.0896531  -0.00226164   -0.0915947    -0.025539    -0.111654     0.165864  -0.00749933    0.0572229    -0.236456    0.0645272    -0.143645    -0.363241   -0.0798778    0.0460664     0.113393    0.0591807     0.126875     0.443024   -0.0200666    0.0457537    0.0247294     -0.27857    -0.113686     0.100823     0.201635   0.00817512     0.253485     0.141695
     0.15983      -0.2485     0.209242     0.215138   -0.0798852   -0.0606882   -0.0441269    -0.196396    0.0513472     0.145484     0.269144    0.0264959   -0.0221681   -0.0261119     0.281844      0.25419    -0.209929    0.0217633    0.0828107    -0.310556     -0.13398     0.358332     0.047956    0.0969394    -0.201658    0.0961425     0.134613    -0.150613     0.334413   -0.0276244    -0.228207     0.201672
    0.159418    0.0323788     0.193241     0.292045     0.062105  0.000729328    -0.039473  -0.00180675   0.00888699   -0.0892317    -0.039248     0.225318    -0.187925     0.141976    -0.218923   -0.0808675     0.254601     0.104338   -0.0432769    -0.420381     0.234824   -0.0411696    -0.112811   -0.0601973   -0.0227819     0.112494    -0.206749     0.114987    0.0494115    0.0961144      0.22474     0.270969
    0.207143    -0.145995    0.0780036     0.297958    -0.018948    -0.222441     -0.13851    -0.151815    -0.270931    0.0885687     0.127965     0.172028    -0.288662    0.0536673    -0.285174     0.131017     0.109134     0.196641    0.0560436     0.219246    0.0150885     0.390936    0.0663098   -0.0390897    -0.136608   -0.0846149   -0.0340422   -0.0829845    -0.154169     0.324773    -0.280176    0.0573785
    0.354682    -0.157798     0.199866     -0.37444   -0.0352296     0.158283   -0.0630662    -0.355385     0.144673     0.100575     0.059289     0.326019     0.215653    0.0678763    0.0306672     0.107356     -0.19398   -0.0305522    -0.172609     0.177451     0.106059     0.166645   -0.0314526   -0.0627164    -0.182678     0.144496     0.155486    -0.173775     0.199076    -0.237628   0.00563644     0.107606
   -0.188962    -0.111194     0.262316    -0.313267    -0.165044   -0.0789109     0.293708    -0.100929     0.117909    -0.152456    -0.160765   -0.0448914      -0.1323    0.0399369    -0.320749    -0.072162    0.0299797    -0.013417     0.130691     0.335574    0.0851785     0.365999    -0.168788    0.0112253    -0.171512   -0.0911808    -0.105898    0.0572525   -0.0669163    0.0607787    -0.266522     0.358564
   -0.349976  -0.00397059     0.202335     0.114993   0.00027029    -0.167731    0.0667318    -0.196769     0.154542    -0.273132     0.183157     0.193063    -0.136902    0.0381669    -0.443326    -0.220492    0.0921655    -0.127153    -0.134366   -0.0335745    -0.203481    0.0480657    0.0581309    0.0651967     -0.28403    0.0761942     0.271643     0.114854    0.0218494    0.0486997   -0.0028773   -0.0590628
  -0.0432253     0.359834    -0.124206   -0.0528325   -0.0659081    -0.109742 -0.000739562    -0.244688    -0.220347     0.049227     0.129921   -0.0777198     0.295561     0.223719    -0.454131   -0.0261048    -0.124237     0.219719    0.0219064    0.0993689     0.293542    -0.201742     0.484978    -0.173516   -0.0387825     0.107333    -0.248441     0.128462     0.224212     0.147874   -0.0756206     0.152792
    0.196099    -0.149829     0.332608    -0.250482     -0.14383   -0.0540758    -0.166493    0.0486941    -0.106989      0.24827    -0.159485    0.0877353    -0.218348     0.300071     0.329229    0.0215087    -0.241173      0.36751    -0.220792    -0.133547    0.0899158     0.206172    0.0295695    -0.105207    0.0777946    -0.177306   -0.0766097    0.0848091    -0.376299    -0.130139     0.287828    0.0562717
     0.20845    -0.100579     -0.25915    0.0763873    0.0954237   0.00117179    -0.245076    -0.258198    -0.291231    -0.103698      0.23738    0.0266699    0.0894401  -0.00513446    -0.381702    -0.286734    -0.108214   -0.0361362     0.240164     0.155441  -0.00448379    -0.121442     0.363381    -0.152562    -0.243249    -0.184657    0.0498796    0.0506539   0.00701752    -0.221322     0.104179    0.0762486
  -0.0104743     0.196994     0.152421     0.193977    0.0550609   0.00396596    -0.244396   -0.0308538   -0.0774232   -0.0604051     0.095499      0.14912   -0.0383298    -0.175879   -0.0468701    0.0956586    -0.146999   -0.0432066   -0.0771168    0.0965645    -0.306282    -0.353698    -0.219805   -0.0222274    0.0817573    -0.109959    -0.171495     0.065285   -0.0192492    -0.265167   -0.0896059    -0.170476
   -0.111811    0.0726009     0.046078     0.076011     0.057757   -0.0269055    0.0632251    -0.120254     0.256105    -0.205689   -0.0485732    0.0118237     0.139473     -0.12317    -0.182625   -0.0846913      0.13504     0.140363   -0.0646925    -0.467175    0.0354764    0.0627874   -0.0223001   0.00870304    -0.111504     0.055788     0.203693    0.0953509     0.189866    0.0929469    -0.421315     0.259327
    0.165197    0.0404187   -0.0443931   -0.0733967     0.148554   -0.0590233    -0.317379    -0.134144    -0.263709    0.0561162     -0.30889   -0.0356042    -0.180293   -0.0551395    -0.223581   -0.0668047   -0.0431862     0.239399     0.201673   -0.0812296  -0.00124449    -0.126698    -0.119582      0.24889    -0.274986    -0.141001    0.0879321    -0.381911     0.222191   -0.0470708     0.187933    -0.124416
  -0.0420973     -0.13647    -0.219531   0.00443434    0.0657304   -0.0204183    0.0326787    -0.194521    0.0761721    -0.206519    0.0340219    -0.208653     0.155887   -0.0333195       0.1429     0.232081    -0.235325    0.0107623    -0.167706     0.233411     -0.11932    0.0505366     0.177969   -0.0657005    -0.055171    0.0928056    -0.151594    0.0837941   0.00100141     0.196543   0.00622532    -0.227115
   -0.059664     0.115489     0.261115   -0.0685059    0.0543837     -0.18843     0.196343   -0.0216452   -0.0878419 -0.000953029     0.258847     0.217922 -0.000661106    0.0810488    -0.237263      0.23549     0.100952     0.112951   -0.0772678    0.0405172    -0.232124    0.0752725     0.162765     0.158551    0.0357664     0.362616     0.223912   -0.0320935    0.0502455    -0.144505   -0.0258476    0.0375924
     0.25802   -0.0958196      -0.2497   -0.0158658    -0.223637     0.105475    0.0538236     0.104862    -0.199727     0.133095     0.120268   -0.0485781    -0.263594    0.0640863     0.131388    -0.161265    -0.221231     0.126794     0.189408    -0.126744     0.207689     0.379841    0.0146497     -0.20809   -0.0974187    -0.200711    -0.201573     0.137826    0.0695928     -0.17086    0.0218362     0.237547
  -0.0603244    0.0817548   0.00911206   -0.0517464    -0.123951    -0.292879   -0.0969354    -0.108559   -0.0558783    -0.359976   -0.0964595    0.0476686    -0.035626     0.174317    -0.170884    -0.100348   -0.0501062    -0.258048   -0.0398326    -0.055034    0.0270241     0.193536   -0.0338845    -0.332404    0.0365067   -0.0749273     0.176684    -0.130218    -0.375807     0.259558    0.0363223     0.172752
    0.050299    -0.381304    0.0169314     -0.30317    0.0734098    0.0528553     0.303083     0.256273    -0.134306   -0.0190514  -0.00871921    0.0612293    -0.360551      0.25696    -0.168396   -0.0455115   -0.0636082   -0.0472946    -0.174268     0.230768     0.231418     0.238062    -0.105876     0.232047    -0.177523   -0.0243372    -0.290608    0.0862724   -0.0611865    0.0354112     0.166986  -0.00814108
     0.28899     0.150366    -0.200368     -0.12342    0.0273522    -0.269195    0.0186882     -0.12198    -0.247381      0.20472    -0.118296     0.305568    -0.254154    0.0800296    -0.216725   -0.0188881     0.156332    -0.135849     0.101601    -0.106368    0.0488493     0.113996   -0.0296893     0.217693    -0.231836     -0.22682      0.31329    -0.108614    -0.108622     0.156386    -0.122461     0.192999
    0.423507    0.0766827    0.0600059    -0.102503   -0.0670802   -0.0268822    0.0987293    -0.114012      0.04752    -0.216997     0.184786     0.315988    -0.380843    0.0750597    -0.249203    0.0209411    -0.114075    -0.286397   -0.0296086     0.122567    0.0577642   -0.0748358   0.00692437   -0.0202558    -0.391511    -0.221445   -0.0515926    -0.116978    -0.269318     0.111079    0.0258787    0.0441082
   -0.315025   -0.0891824    -0.599229    -0.358185   -0.0316798     0.252682    -0.114717    0.0429006     -0.24835   -0.0164148     0.271109    -0.313784      0.24855   -0.0425481      0.11224    -0.377082    0.0714234    0.0148894     0.378956    -0.118891     0.113699   -0.0369046     0.267349    -0.226007     0.181141     -0.34737    -0.102478     0.148441     0.276586    -0.227185     0.205224    0.0488762
    0.399074     -0.41592    0.0487122     0.261006     0.245071    0.0802889      0.28532     0.469417    -0.130508    -0.102323     0.344272    -0.137776   -0.0581344   -0.0531541    -0.104528    0.0186141     -0.14176     0.170105    -0.197159     0.194524    -0.356367     0.199059    -0.152375     0.115111     -0.64145     0.268053   -0.0858672     0.141042     0.323093   -0.0133321    0.0923786    -0.018521
     0.14969   0.00899944    -0.152153    0.0640074    -0.112554   -0.0297231    -0.213811    0.0562425     0.109266     0.106231   -0.0493078   -0.0097512     0.256653    0.0572221    -0.302963    -0.209224     0.350302      0.20637     0.213657   -0.0322261    -0.181652     0.123307   -0.0785798   -0.0982671     0.241454     0.112737    -0.101059   -0.0750369    0.0561471    -0.220065  -0.00393695     0.179151
    0.245666    -0.348956    0.0947895    0.0218521    0.0990139    -0.232951    -0.108428    0.0542059     -0.25998   0.00152224     0.367571     0.207647   -0.0657183     0.220133   -0.0698468   -0.0661527     0.318745     0.218895     0.054141   -0.0435834    0.0910417     0.284069    -0.141358     -0.16582    -0.281653   -0.0182104     0.238848  -0.00654026     -0.23507    -0.070044   -0.0181374    -0.138362
 0.000197483   -0.0239983     0.153806    -0.249607     0.273278    -0.154827     0.115303    -0.168215     0.173073    -0.490276     0.170479    -0.212412    0.0632679    -0.346267    -0.166049     0.146724    -0.219613   -0.0880322    0.0195931    0.0938409    -0.233251     0.191194    0.0503971     0.191379     0.088527     0.121542    0.0249867    -0.195524     0.148942     0.183274    -0.127484   -0.0869024
   0.0273088   -0.0890063   -0.0748833   -0.0353312    -0.146402    0.0421115     0.164794    0.0545347     0.204001    -0.149262      0.29609  -0.00315324   -0.0373695    -0.177089    -0.126401    0.0858972    0.0182409     0.142219    0.0903171   -0.0155853    -0.352821     0.263997     0.245554   -0.0143309   -0.0655036    -0.187297     0.139913    0.0948838    0.0470728    0.0517036    -0.228844  -0.00324549
  -0.0447784   0.00788777    0.0366627   -0.0794134     0.107282   -0.0331673    0.0458795    -0.168743   -0.0911667     0.106441   -0.0363751     0.128309    -0.162755    0.0766722   -0.0284792    0.0765611    -0.231126     -0.26886     0.114698     0.201847     0.128533     0.183893    -0.127029    0.0549332   -0.0332224   -0.0600371     0.155167     -0.11663    -0.189576   -0.0608421   -0.0282341     0.150568
   -0.172839    -0.121441    -0.145049  -0.00777991     0.233614   -0.0453977     0.226255    0.0115219    -0.166033    -0.145337    -0.103937     0.328627   -0.0894627    0.0544028  0.000285615    -0.235004    -0.302539    -0.362412   -0.0591614     0.216453     0.133882    0.0765255    -0.107046   -0.0835284    -0.191723    -0.212246     0.125315    0.0897312    -0.348131     0.206296    0.0279593     0.203251
    0.301512   -0.0901569    -0.033236    -0.342504    0.0414868    -0.299729   -0.0918811     0.096925   -0.0761025     0.342812   -0.0325984    -0.203288    -0.301102     0.462665     -0.17306    -0.225478     0.123638    -0.107161    -0.136111   0.00953075   -0.0711143     0.276036     0.276893     0.107567    0.0050692     0.109771    -0.303957     0.216784    -0.129993     0.191152     0.318686     0.223243
   -0.290897    0.0573819    -0.143869     0.121294    -0.099861    -0.251444    0.0985536    0.0592803    -0.229956    0.0173587    -0.133877    -0.196128     0.309289     0.138394    -0.174453    -0.181523     0.168334     0.189951    -0.143345  -0.00314923    -0.202375    -0.144097     0.127186    0.0685874    0.0431121   -0.0407612     0.111274      0.11383     0.149874   -0.0342336    0.0882894    -0.222036
  -0.0856298   -0.0833179    -0.103849     0.189496      -0.1316     -0.25962     0.362089    0.0239122    0.0269587     0.246116   -0.0833143    -0.141154    -0.096683     0.147974    -0.178501   -0.0239023   -0.0145765    -0.106351     0.036215     0.138956     0.168789   -0.0588866    -0.207544     -0.12487     -0.14345      0.17145   -0.0329686     0.199019     0.219802     0.115481     0.133105    -0.126534
   0.0362732      0.16875   -0.0268662   -0.0847494   -0.0492167    0.0926441   -0.0174677   -0.0291936     0.209037    0.0111327     0.123093    0.0592882    0.0951379    -0.133203   -0.0735493    0.0459418     0.160363    -0.092599     0.126519   -0.0957463     0.101311    0.0887806    -0.215513   -0.0701046  -0.00156041    0.0215856   -0.0913519    -0.116752    -0.398745    -0.178126    -0.148609     0.141613
   -0.223708   -0.0773709    -0.265273   -0.0610277     0.063026   -0.0495202   -0.0286815     -0.44336    -0.365854      0.05427    0.0390947    0.0310345     -0.17996     0.145323    -0.471389    -0.276497      0.17419   -0.0934186   -0.0884648     0.156372     0.195266    0.0155523     0.185181    -0.129582    -0.215128    -0.233426    0.0141013    -0.281469    -0.134813    0.0819541    0.0245297   0.00807977
   0.0704788    0.0275311   -0.0440204     0.196383      0.25352     0.133655    0.0821161    -0.172842    -0.105761     0.200829  -0.00258778     0.258676     0.235221   -0.0580718    0.0733977     0.135944    0.0830381     0.129045     0.123053      0.26829  0.000641677    0.0431186     0.120642   -0.0512039     0.291004    -0.142968     0.108902    -0.019667    -0.266303      0.18045      0.19269   -0.0823518
   -0.145431     0.345089     0.131228     0.198346    0.0713229     0.153404   -0.0139484      0.42257    -0.160565     0.277289    0.0599946    0.0574725    -0.150346   -0.0548496   -0.0199286    -0.136468     0.302687     0.279393    -0.198562     -0.20841    -0.423212   -0.0464286   -0.0718332   -0.0754569     -0.42614   -0.0108491     0.496158     0.076715   0.00622284     0.156694   -0.0935286   -0.0863933
    0.112284      0.18504     0.238293    0.0532092    0.0177263    -0.102372     0.309384    -0.067467     -0.01405    0.0344357     0.186055   -0.0866691     0.101412    0.0113707     -0.24482     0.124005   -0.0764343    0.0927474     0.236989     0.126036    -0.146696    0.0327245    0.0843604   0.00829869    -0.242108    -0.129019    0.0565986    -0.286337    -0.176739    0.0925996    0.0840998    -0.151914
    0.211564     0.299587    -0.637974   -0.0100282     0.159036 -0.000155596    -0.458034    0.0416728    -0.188127     0.117977     0.391379   -0.0666676     0.133706    0.0550604     0.103065    -0.255652    -0.215496   -0.0592308    0.0367047     0.146895     0.273551   -0.0116391     0.169206    -0.223791     0.257207    -0.352956   -0.0796697    -0.369449     0.159776    -0.366786     0.260386 -0.000547597
    0.298078     0.134414    -0.357558   -0.0724429    -0.316166    -0.152159    -0.213422    0.0882953     -0.21335    -0.104148    -0.095312  -0.00877227   -0.0455623    0.0812346     0.137689    -0.150355   -0.0539788    -0.171486    0.0279667   -0.0375023    0.0203986     0.270193   -0.0239832   -0.0470733    -0.297058    -0.177221    -0.122063    0.0378094    -0.357794    -0.160063    0.0649369    -0.228267
   -0.248403    -0.197316   -0.0311661    0.0325651    0.0650969    -0.146655   -0.0693072     0.152735     0.095283    -0.166618     0.163402    0.0133455    -0.121819    -0.262968     0.134725   -0.0558496    -0.323969   -0.0411755     0.113506      0.15694   -0.0858119    0.0362469    0.0563024    -0.291702     0.127937   -0.0704403   -0.0996096    0.0642598    -0.297277     0.260225   -0.0304763    -0.182118
   0.0382715     0.139282    -0.232087     0.450494    -0.301171     0.320884    -0.197582    -0.165908     0.201922    0.0298892    -0.150485    -0.390155     0.212328    -0.243038     0.212657    -0.103741     0.177479   -0.0117557     0.122207    0.0240702     -0.17571    -0.334077     0.042611    0.0558625      0.25656   -0.0752429    0.0310041       -0.109    0.0536037   0.00283822    0.0828232   -0.0146278
   -0.103007    -0.182133  -0.00556477    -0.188288     0.232351     0.274794   -0.0818909     0.172487    -0.538491    0.0499453    -0.220981     0.161128    -0.222116    0.0622966    0.0272286    -0.186044    -0.347147  -0.00268404    -0.014073  -0.00348529     0.365639     -0.08192    0.0754309    -0.228258    -0.228172    -0.273301     0.448793   -0.0798057    -0.232207    0.0631498     0.230877    0.0248422
  -0.0982531     0.477624    -0.151757    -0.286697     0.188251     0.181933     0.146834    -0.186491    -0.340787  -0.00159152    -0.118568    -0.376921   -0.0857108     0.230501    -0.323595      -0.1217   -0.0332744   -0.0897705      0.26293   -0.0822214     0.127444    -0.190759     0.213251    -0.119167   -0.0353791    -0.195713     0.112501    -0.135083    0.0484639     -0.54901    0.0446338     0.128181
  -0.0442148    0.0842494   -0.0553236     0.155132     0.153482   -0.0243469    -0.355696     0.275507    -0.143642      0.03848    0.0336826    0.0187242   -0.0343196  0.000303535    -0.138249   -0.0876439    0.0215476    -0.265032    0.0436562    0.0626024    -0.321894    -0.137956    -0.239169   -0.0625676     0.045309    -0.120003     0.125428      0.33623     0.208571   -0.0261182    0.0547859   -0.0248908
   0.0468844    -0.142947    -0.104181    0.0597414   -0.0711227    -0.146573    -0.215253    0.0074045   -0.0988199  -0.00348647     0.125579    0.0234063   -0.0272514      0.17364    -0.207894   -0.0587559    -0.141595   -0.0389191     0.324294   -0.0918365    -0.243951    -0.120106     0.272536     0.160098   -0.0606427      -0.1216    -0.154928    -0.303002    -0.186007   -0.0718611    0.0275738     0.110502
  -0.0738085    -0.128955     0.152443   -0.0640768    0.0676096    -0.257334     0.304688      -0.1002   0.00875217    -0.139027    -0.032955     0.150699   0.00174521     0.118318    -0.064425    -0.131817     0.167136    -0.176995    -0.178463     0.106708     0.215182    -0.135111     0.152954    -0.111568      0.19257    -0.052565   -0.0986134     0.204595    0.0443386     0.147278    -0.192237   -0.0190739
  0.00564704   -0.0743745       0.3334     0.121431    0.0736716    -0.281057     0.325651    0.0111641      0.30028   -0.0107417   -0.0543505   -0.0627316    0.0599424    -0.435247     0.191172     0.373963     0.279859    -0.123505    -0.281061    0.0277161    -0.236528     0.452835    -0.308284    0.0789274     0.206278    -0.111046     0.250182    -0.136788    -0.221568     0.261801   -0.0874969    -0.147885
    0.301601    -0.367793    0.0877093   -0.0430559     0.163532    -0.188505    -0.252103     0.156826    -0.268237    0.0169879   -0.0481972       0.1669    -0.165921    -0.288866   -0.0679924   -0.0900115    0.0267764    0.0657718     0.148326    -0.171844       0.2664    -0.103367    -0.173723    -0.228277      0.15263    -0.235319    0.0457055     0.206972     0.050521    0.0256581     -0.13736   -0.0468132
   -0.208349     0.250972     0.128473   -0.0988254      0.20667    0.0912636   0.00252587    0.0510841    0.0966176    -0.165589    -0.140618     0.145481       0.1411    0.0243134    -0.183741     0.138986    0.0254226    0.0746167    -0.191572    -0.132487    -0.149965   -0.0615583    -0.168629    0.0401235    -0.184458     0.183163     0.239607    -0.141362   -0.0780346    -0.141419    0.0461923    0.0746238
    0.344107     0.156185    0.0588896     0.177868    -0.238422    -0.196245    -0.234359     0.124292    -0.162836    -0.207134    -0.127429     -0.11671     -0.05553     0.171952     0.230649    0.0184033    0.0228621     0.175892    -0.160958     0.041944    -0.275849    0.0359889    -0.097242    -0.135246    -0.243525      0.12023    0.0495082     0.215873   -0.0366583    -0.164807     -0.07666    -0.129518
  -0.0483605    -0.233649      0.13714    -0.191392     -0.00231     0.150223    -0.085192   -0.0955209    -0.174507   -0.0361794     -0.19676   -0.0758794    -0.118744    0.0551681     0.105263     0.223948    -0.109052    0.0773831     0.192383   -0.0691252    0.0558554     0.240659    -0.183918    -0.119643    -0.183234    -0.152313     0.135019    -0.208618    0.0420318    0.0608793     0.177653     0.213663
    0.133687    -0.100323    0.0775545    -0.136875     -0.25039   -0.0802996     0.150215    -0.558567   -0.0523126    0.0582801     0.133864     0.235387    -0.125015    -0.140572    -0.176314    -0.140265    0.0912503     0.022027   -0.0766164     0.224571     0.340692   -0.0282046    0.0763073    -0.062999     -0.16615    -0.116926     0.146154     0.114615    -0.492785     0.255156   -0.0236485   -0.0720972
  -0.0409991     0.305343    -0.076673    -0.176251    -0.068185     0.254137    0.0735431    -0.136346  -0.00768964   -0.0743896     0.137441     0.212497    -0.014869    0.0873518   -0.0941781    0.0140308   0.00782618   -0.0877366   -0.0883194   -0.0363888     0.308891     0.183322     -0.12629    0.0189664    0.0978357    -0.115189     0.248841    -0.195793   -0.0670319      0.14348      0.13387     -0.09969
  -0.0358976    0.0759999    0.0573008    -0.304889    0.0865176     0.124733   -0.0560491   -0.0658082   -0.0311627   -0.0189814    0.0477842    -0.186058     0.154236   -0.0952831   -0.0369967     0.125402     0.286683   -0.0229255    -0.159973   -0.0798406     0.180328   -0.0776114    -0.172984     0.236494  -0.00565496   -0.0398875   -0.0639815    -0.148682     0.139507    -0.201188   -0.0698053    0.0115096
    0.155809     0.125556    0.0726179     0.225576    -0.176115    -0.195555     0.146878    -0.168031     0.110002     0.260448     0.127582     0.193556   -0.0532773     0.223873     -0.25162   -0.0427725    -0.262568    -0.194229    0.0411606     0.378383     0.398646    0.0708897   -0.0441891    -0.439368    0.0795942    -0.170058   -0.0602282     0.127783     0.122062   -0.0572144    0.0673442    -0.290402
    0.294926     0.202163  -0.00234481     -0.29545     0.152277     0.370885     0.317499    0.0160845    -0.096156   -0.0230935   -0.0285333     0.132607     -0.16876     0.241005     0.118732    -0.106747      0.24681     0.152342    0.0663714    -0.219289   -0.0910146    -0.179934    -0.156822    -0.267521   -0.0500256   -0.0960893    -0.142967    -0.314589   -0.0461101  -0.00397938    0.0656685   -0.0756001
   -0.113734    0.0989858     0.319131    -0.280156  -0.00632844    -0.071969     0.133948     0.168531     0.144327    -0.362194     0.164882    0.0624019     -0.16783   -0.0201713    -0.209321    0.0704374   -0.0948775   -0.0956402    -0.334722     0.184629    -0.106356     0.279861    -0.240343     0.119531     -0.44151     0.258614   -0.0408664     0.354073     0.207908     0.284639   -0.0197404   -0.0258523
    0.182944     0.142181    -0.306677      0.10833   -0.0217545      -0.1321   -0.0548753    -0.097872    -0.146967    0.0512456    -0.125354      0.21311   -0.0706534    -0.250896     0.127016     0.165361     0.517749    0.0548935    0.0385022    -0.504368     0.217582    0.0492264     -0.33393     0.105139    0.0312002    -0.182463     0.276156    -0.110433    -0.041264     0.286215    0.0221655   -0.0872835
    0.106535   -0.0940139   -0.0734964    -0.126612   -0.0797861    -0.346532   -0.0616447    0.0898365     0.161836   0.00262959     0.118652    -0.103248    -0.188876     0.158529    0.0904833     0.160967     0.209692    -0.183548      0.18913    -0.187346   -0.0101989    -0.115746     0.172703     0.262406    -0.147266    0.0628617    -0.182433   -0.0206075    0.0728348     0.042548    0.0938985    0.0212379
    0.427672     0.099907     0.292024     0.174025     0.022499     0.115582    0.0760082   -0.0785375    0.0421075    0.0560475     -0.10157     0.363355   -0.0582608   -0.0797917    -0.260895     0.242152     0.137155   -0.0485054   -0.0869949    -0.141928    -0.184606     0.286501    -0.153247    0.0751303   -0.0716655    0.0258046     0.351973   -0.0412849   -0.0912129     0.495138   -0.0440897    0.0247864
    0.260703    0.0293884    -0.105174   0.00389156    -0.227279    -0.136136   0.00778227    -0.294815   -0.0077097     0.127088     0.180078     0.345173     0.157313     0.013049    -0.214639   -0.0624693     0.236068      0.17008    -0.101788    -0.106505     0.220793     0.186128     0.303957   0.00738788    0.0338063     0.118997     0.142459    0.0519266    -0.145494     -0.11561    0.0281614     0.145175
  -0.0433262    -0.344056     -0.20763   -0.0173928     0.183531   -0.0612532     0.145142    -0.194017    -0.338515     0.044979     0.318486    0.0660337     0.263713    0.0226006      0.18811    0.0727152    -0.196908     0.133232     0.184907     0.370091     0.093088    -0.172253    0.0574548   -0.0193999   0.00647542   -0.0177069   0.00309151      0.29676      0.18332    -0.406714     0.196292     0.110193
  -0.0967044     0.267801    -0.030666    -0.353701    0.0307382    -0.360735     0.217522   -0.0769816     0.138178 -1.70852e-05    0.0728728    0.0315133     0.190956   -0.0448836    -0.297298    0.0637578   -0.0234661   -0.0173037     0.108314    -0.194401    0.0327068    -0.163973   -0.0196002     0.205035  -0.00272154    -0.171742   -0.0441865   -0.0816204   -0.0367871   -0.0580642     0.154506      0.12836
  -0.0764161     0.333422   0.00510423    -0.290923   -0.0210091    -0.265683    -0.111882   -0.0721205    -0.263017     0.183387     0.110252    0.0509705   0.00110463     0.349488    -0.177498   -0.0996861  -0.00958015    0.0533657     0.251912    -0.170913    -0.154317    -0.129089     0.141463    0.0129847     0.223313   0.00567606    -0.164054     0.251038    -0.187698   0.00629027     0.224673        0.243
   0.0183157    -0.172862    0.0275424  -0.00786799   -0.0245139     0.121246     0.103229    -0.190712    -0.373377    -0.157914     0.241011   -0.0816014    -0.202409     0.415142     0.425497    -0.305893    -0.206568     0.108227    0.0284782    0.0187336      -0.2294    -0.107282    -0.151539   -0.0437213   -0.0499996    0.0194195    -0.389954     0.280478     0.203576   -0.0283746       0.2632    -0.193648
   0.0348079   -0.0559805     0.246054    -0.350243    0.0305576    0.0241751   -0.0466913    -0.179922     0.212822     0.091577    -0.105952     0.147284    -0.210765     0.228144     0.129809   -0.0520554   -0.0287349    -0.258813     0.127056   -0.0414948     0.457123   -0.0511948      0.11939    -0.128155   -0.0439231    -0.117744   -0.0724082   -0.0393021   -0.0397964    -0.128972    -0.125127     0.324598
   0.0713647   -0.0124618     -0.15157    0.0129826     0.106504     0.421903   -0.0641056    -0.115691    -0.138898     0.225973    -0.189066   -0.0525206    -0.190212    -0.044443   -0.0853123    -0.142777    -0.110991       0.1866     0.019206     0.142249      0.12472   -0.0887884    0.0324791     0.178332   -0.0369587     0.113783     0.277797  0.000491255     0.183489   -0.0432506    -0.217507    -0.250238
    0.117825     0.252093    0.0488002    -0.178755    0.0245616     -0.11083  -0.00401779   -0.0307962    0.0176308     0.017201    0.0606834     0.312449   -0.0484826     0.111088    -0.125792  -0.00158867   -0.0967272    0.0438116     0.150226   -0.0144411    -0.188734   -0.0359036   -0.0225006  -0.00906949     -0.36044    -0.295185     0.147601    -0.147056     0.064562     0.522925    -0.116372    0.0904766
    0.314202    -0.153613    -0.269663     0.255131    -0.271516    0.0544123    0.0531628    -0.109156     0.107967   0.00267174     0.400145     0.142212    0.0594401   -0.0514553   -0.0253632   -0.0303874    -0.191308    0.0219823    -0.209158     0.167396     0.210425  -0.00413344     0.223823   -0.0417048    -0.317024   -0.0516924     -0.18415   -0.0574037    -0.284298    0.0969501      -0.1286    -0.205331
   -0.186834     0.250239    0.0860477    -0.329519    0.0514315     0.378889    -0.202386    0.0460383    -0.074385    -0.230194    -0.258066    0.0657091    0.0919228   -0.0849771     0.204107     0.057701     0.241402   -0.0237285     0.256739    -0.117196     0.124565    -0.154923   -0.0959624    -0.136977     0.149143    -0.303327     0.238658   0.00664506     0.151245    -0.153999    0.0787207    0.0566999
  -0.0298514   -0.0872463     0.160181      0.14004   0.00923948    -0.173597    -0.203593    -0.144059     0.133037    -0.199166     0.309564    -0.218336     0.145621   0.00608874   -0.0312629    -0.275827    0.0976308     0.141534   -0.0953296     0.039237    -0.123124      0.11005     0.229701    0.0663879    0.0902562   -0.0711379     -0.34159     0.261528   -0.0188478     0.121003   -0.0500466    -0.215408
   -0.411068     0.250796    -0.446117    0.0863598   -0.0918401    -0.105089    -0.235591   0.00268366    -0.136474    0.0182432     0.240933    -0.218924    0.0801257    0.0608343    -0.184814    -0.214927      0.13933    0.0129383     0.417253    0.0274389     0.196567     0.116124     0.205312   -0.0664496  -0.00240661    -0.286021    -0.180755     0.228298    -0.111429      0.13636     0.246474     0.259905
    -0.11535    -0.147982      0.33002    -0.112291    0.0635654    0.0426323    -0.135324     0.262319     0.192135    0.0705975    0.0680061    0.0164896   0.00855484    0.0252645    0.0592617    -0.131799   -0.0690228    0.0827163   -0.0189917     0.136487    -0.133688   -0.0787407    0.0632034     0.166886    -0.209915     0.088712     0.274087   -0.0834292    -0.153906    0.0167671     -0.14705   -0.0790222
  -0.0406488    -0.448419     0.140002    -0.351707     0.191761    -0.166817     0.435907    -0.150963    -0.272913  -0.00393219    0.0656379    0.0672232    -0.152356     0.231654    -0.197683   -0.0170662    0.0415215     0.200063    -0.119867    -0.275728    0.0517295     0.229436      0.22525  0.000821317     0.271457    0.0498297     0.276788     0.239011     0.218879     0.233185   -0.0751512     0.130406
   0.0419616   -0.0382188    -0.263909    0.0238207   -0.0735837    -0.127361     0.231327    -0.192605    0.0229493   -0.0552466     0.193885     0.140869     0.322278   -0.0550449     0.175528    -0.143314     0.380237   -0.0342901   -0.0151769    -0.366427    0.0240958     0.127359     0.288847    -0.168354   -0.0580603    -0.108804    0.0151218  -0.00285755    0.0632776     0.257068     0.143471    0.0173938
   -0.106594    -0.220506    -0.199037     0.409701    0.0498934      0.31565    -0.197159   -0.0293232     0.148766     0.183511    -0.176527    0.0955268    -0.267278       0.1895    -0.478895    -0.210557     0.152758    0.0236366   -0.0320635     0.133407     0.434054     0.113749     0.275839     0.163416    -0.199827     0.079169    -0.117629    -0.264747    -0.266967     0.291754   -0.0280172    0.0834513
  -0.0512459    -0.320557    -0.183978     0.106584   -0.0665155    -0.176758    -0.102007    0.0782178    0.0632901     0.285866    -0.386362    -0.108515    -0.128717     0.082305     0.155013    0.0899034    -0.211147    -0.296625    -0.156301    0.0927069     0.132833    -0.073263   0.00780225    0.0852347     0.224548    0.0714429      0.10027     0.203692     0.138943    0.0966808    -0.195524     0.070026
   -0.364794    -0.308173      0.10042   -0.0480853   -0.0659258    -0.164934    0.0734644    0.0271742    -0.139045  -0.00398101     0.035714    0.0176191    -0.221202    -0.157829    0.0202393   -0.0429236   -0.0780513     0.132959   -0.0932569   -0.0203225     0.163542     0.179712       0.1515    -0.133168    -0.293494    0.0490251      0.35147    -0.156805   -0.0921953    -0.108364   -0.0278155     0.114716
    -0.22099     -0.16058     0.127876   -0.0627959     0.128069    -0.344921     0.122017   -0.0717752    -0.162392   -0.0928399     0.297981    0.0767637    -0.133882     0.180165     0.226139  -0.00243902    -0.191334    0.0454758     0.149145     -0.01709    -0.107204   -0.0950514   -0.0623653    0.0981939     0.200356    -0.308318     0.196952     0.163948      0.34391    -0.111416    -0.179386    -0.114391
   -0.140227    -0.158768     0.317111    -0.512975    -0.153152   -0.0750922      0.29309    -0.228359   -0.0751232   -0.0391156     0.115315     0.211055      -0.1319     0.153845    -0.295054    0.0509323    -0.114369   -0.0271468     -0.19074    0.0290234    0.0935464    0.0742482     0.170479    -0.312862    -0.375389    -0.074079     0.487261    0.0449409    -0.318453     0.577478    -0.111731     0.234193
   0.0325179    0.0499188     0.235098    -0.103967     0.151362   -0.0272686     0.171269    -0.187202    0.0107279   -0.0231234    -0.125823   -0.0412399   -0.0968801     0.126472   0.00458975     0.219624    0.0546938   -0.0236661    0.0906087     0.122437      0.21687    0.0230491    -0.184477    0.0660229    0.0302444    -0.114074     0.135008   -0.0807924    0.0968471    0.0251302    -0.309317    -0.207194
    0.703189   -0.0397878   -0.0442421      -0.3016     -0.28225   -0.0080456    -0.209898   -0.0632601    -0.249643     0.115531    -0.242785    0.0762001  -0.00582457     0.185956     -0.36987    -0.371333    -0.118589     0.160046     0.361059   -0.0729075    -0.182636      0.19102     0.334217    -0.177984    0.0487032    -0.387008    -0.159782    0.0471701    0.0521569    0.0181992     0.125403     0.610148
    0.400091    0.0614857     -0.31586   -0.0721013    -0.120528    -0.212167   -0.0659631    -0.168778    -0.134979    0.0468955    0.0688649      0.18255    -0.261306      0.22473    -0.185906     0.246882    -0.103062     0.132545      0.11713   -0.0244965    -0.153705     0.119309      0.10995   0.00587647    -0.525334    -0.308344   -0.0770706    0.0934917    0.0588246   -0.0819595     0.122196    0.0084786
   0.0548164     0.137566   -0.0820114    -0.438837    -0.303255   -0.0193991    -0.152963   -0.0407139    -0.159124     0.164359   -0.0736184     0.142351    -0.244923     0.236266    -0.379752    -0.116615    -0.277971   -0.0193669     0.203997    -0.385801    -0.173894    0.0860343     0.147293     0.223225   -0.0967274    -0.177311     0.219275   -0.0269562   -0.0198513     0.149443     0.188137     0.175697
  -0.0351329     0.168629    -0.360377    -0.105715    0.0907958     0.128065    0.0974922     0.212979    0.0426513     0.178228     0.217493   -0.0216946     0.111723     0.112848    0.0813655    -0.193953    0.0491923    -0.240373    0.0299069    -0.081062     0.354435     0.106082   0.00613464    -0.115624    0.0870809    -0.348593   -0.0573967   -0.0386743    0.0136266   -0.0136154   -0.0447682   0.00129143
   0.0843619   -0.0840569    -0.112695     0.218592      0.21179     0.142254    -0.318506     0.125511     -0.10104   -0.0106114    0.0793112     0.108039     0.170507    -0.367319     0.130738    0.0346122    -0.122887     0.389195     0.162041     0.221364    -0.173107    0.0854671    -0.270977     0.305291    -0.244699     0.155336    -0.154122    0.0478685     0.044284    -0.183959    -0.274985    -0.330705
    0.119177  -0.00430333       0.3438    -0.487249    -0.282728    -0.597509   0.00775917   -0.0417277    0.0798109   -0.0322746   -0.0269042     0.399998    -0.398915    0.0827499    -0.397771     0.170134     0.253255   -0.0628373     0.163039    -0.098503    0.0281567     0.342201   -0.0707035    -0.298594    -0.112252   -0.0483025     0.506529    -0.295568       -0.362     0.330059     0.161123     0.197511
   -0.243325    0.0460935    0.0841203    -0.238016   -0.0899391   -0.0848281    -0.205305    0.0849375    -0.225903   -0.0433497     0.190093    -0.197003     0.182477    0.0591962     -0.17912   -0.0160314    0.0867924      0.18822    0.0921758    -0.313944     0.185326    0.0487802    0.0799953    0.0638175     0.031697   -0.0394261     0.145667    -0.076033    -0.123461     -0.21862     0.121509    -0.371668
   0.0648484   -0.0164559    -0.130099     0.160056    -0.173187    -0.125085    0.0755851    -0.177585    0.0910751    0.0534352     0.220486     0.135517     0.242013   -0.0876333    0.0971942    0.0372752    -0.140898   -0.0166978    0.0128622     0.263007     0.167207   -0.0885645     0.141863    -0.127755    0.0530338     0.187595    -0.057753     0.088431      0.14254  -0.00810212   -0.0768343    0.0345362
  -0.0517502    -0.231583    -0.113627    -0.191135    -0.233086    -0.115623   -0.0731141    -0.127469   -0.0793402   -0.0121736   -0.0264619     0.252797     0.129429    -0.132432   -0.0290759    -0.055474     0.242672   -0.0870998    -0.116436    -0.347424    0.0758386     0.114744     0.125681     -0.23158      0.25304    0.0465892      0.13695     0.120012     0.170999     0.286398   -0.0532799     0.072441
   -0.255952     0.190448     0.279576   -0.0788404    -0.187418    -0.274002    -0.419338     -0.24193     -0.26872  -0.00389039   -0.0712022    0.0719815   -0.0937138   -0.0916868    -0.124369     0.218085    -0.013413    -0.247251     0.250313   -0.0303488    -0.040838     0.106814    -0.223976   -0.0271412    -0.131157    -0.326589     0.353827    -0.175868     0.178899    -0.049109    -0.267222   -0.0716351
   -0.253794    -0.271699     0.341751   -0.0887617    -0.102639       -0.118    0.0829791     0.177845    0.0833582    -0.107056     0.188011    0.0384807   -0.0184512    0.0890892     0.145393     0.209128    0.0167074   -0.0457211     0.119319     0.184525    -0.311592     0.158753    0.0695614     0.118118    -0.233841     0.188491    -0.155967   -0.0950509    0.0745505    0.0871765    0.0701214     0.140276
     0.48665   -0.0477231    -0.355098    0.0685634   0.00618643   -0.0194367    -0.249029    -0.180375   -0.0980253     0.248102    -0.200256    -0.257262     0.227569   0.00919348    -0.165357    -0.217656    0.0607178     0.199845    0.0212911   -0.0776189     0.115964  -0.00986323    -0.217215   -0.0287601     -0.33924    -0.280904    -0.319814     0.201724     0.239597   -0.0139842    0.0904161    -0.301955
    0.118069   -0.0585611    -0.121752    0.0911198    -0.217057    -0.102647      0.16093     0.034466    -0.114054     0.166353     0.110454 -0.000397068    0.0198866    0.0852894    -0.238231   -0.0355745     0.259595   -0.0314556    0.0332399   -0.0452628   -0.0565328     0.099647    0.0411037    -0.192734    -0.435192    -0.249014    0.0951682     -0.12439    -0.139692     0.383777    -0.201598   -0.0707008
   0.0364649    -0.202824     0.181419    -0.124118  -0.00758983   -0.0761024    0.0864046      0.16794     0.183949    -0.238933   -0.0149934   -0.0637787    -0.193399     0.334828    -0.201321     0.161431     0.364218     0.312417    0.0535953    -0.109046    0.0527045     0.082014   -0.0210774   -0.0255683    -0.304247    -0.343892   0.00255298   -0.0652241     0.122646     0.207925     0.139324     0.210484
  -0.0280021     0.115687  -0.00280929    -0.127399    -0.217829    -0.265382     0.321682    -0.130718    -0.141859    -0.161336     0.117349     0.324363    -0.289049   -0.0824997     -0.42638    -0.016377     0.138542    -0.073764   -0.0418558     0.192622     0.289017    0.0297258     0.304308    -0.146034    -0.142863    -0.152471     0.101452    0.0711151    0.0231106     0.126483   -0.0440779      0.22723
   0.0948926     0.296189    -0.157355     0.120845    0.0691712   -0.0958528    -0.218723     0.168349   -0.0624525    0.0328607    0.0578871     0.389434    0.0174574     -0.24313     0.100243    -0.159442     0.212448   -0.0537604   -0.0155217    -0.174079   -0.0128742      0.02044     0.151425   -0.0806196    -0.189077     0.169654     0.285875    -0.241106     0.124383     0.141608   0.00388146   -0.0823547
    0.478268   -0.0849514    -0.207685    -0.048923   -0.0452355    0.0361199   0.00485867    -0.215212    -0.145592     0.200529    -0.272862     0.212753     -0.20149     0.236199     0.158535    -0.273407   -0.0576267    -0.109144    0.0647836    -0.352661     0.357577     0.202722    -0.168491    -0.175102    -0.233945    -0.202752    -0.184677    0.0328817     0.134489    -0.118013     0.338709    -0.166111
  -0.0956855    -0.153354    -0.251243    -0.134384     0.117624     0.105264    -0.275073    -0.148544     0.109524     -0.16181   -0.0221131   -0.0266274     0.206045    -0.191846   -0.0157529     -0.21961     0.148862   -0.0409985     0.183347    -0.275345    0.0619871   -0.0557497     0.331158    -0.135785   -0.0995889    -0.339493   -0.0507418     0.186928     0.230842    0.0802215    0.0989028     0.149169
   -0.128517      0.18867    0.0761489    0.0567298       0.2702       0.1329     0.179069    0.0521304      0.19868   0.00370694    0.0984864    -0.303136     0.179514    -0.214218    -0.114326    0.0633068   -0.0498028      0.15743   -0.0407081     0.125946    -0.194166    0.0222645    -0.267635    -0.151732    0.0957902    0.0585381   -0.0981047    0.0507544    0.0808801    0.0672071    0.0636647   -0.0147013
    0.228455    -0.222028    0.0652871   -0.0362507    0.0026933     0.089579    -0.139152    -0.232397     0.375459    -0.232786     0.214558     0.146056     0.133047     0.104581    0.0615236    0.0806689    0.0589084   -0.0406972    -0.249311     0.121809    -0.367851  -0.00594421    0.0527864    0.0337433    -0.205119     0.159962     0.169054     0.292285    -0.318183    0.0762974   0.00191316     0.119439
    0.364153     0.246251     0.283581    0.0895938     0.122453    -0.119422   -0.0517646    -0.258244    0.0491553   -0.0390894     0.255262    -0.116191  0.000408094     0.157024    -0.359363    0.0900674    -0.157687      0.11448     0.180783     0.390926  -0.00832166    -0.104873     0.230513    -0.169839    -0.235709     0.345622    0.0709033    -0.311379   -0.0505402    -0.248505    -0.276696      0.18009
    0.082918     0.333309   -0.0299437    -0.195001   -0.0652123    -0.100618    -0.105292  0.000930625    0.0502952      -0.0919     0.103244   -0.0500123    -0.322725     0.268344   -0.0101045    -0.056276   -0.0486034    0.0487486    -0.169965    -0.315388    -0.408519     0.158096     0.192028    0.0223432     0.259367    0.0694923    -0.134927  -0.00887406   0.00906447      0.01877       0.1627   -0.0507167
   -0.285011    -0.384252   -0.0171944  -0.00145909    0.0792798    -0.142541     0.150942    0.0615254     0.130931   -0.0719975     0.130679    -0.103417     0.133785     0.101176    0.0353882     0.231964   0.00480809    -0.274676   -0.0886934     0.198485    -0.316322      0.17449   -0.0603058 -0.000628127    -0.169861   -0.0728233     0.136198    -0.193702   -0.0148841    -0.125619     0.186617     0.091072
  -0.0282144    0.0579791     0.199225    -0.113523    -0.199943    -0.073001     0.294872     0.316828     0.269008     -0.25911    0.0394308     0.121581    -0.214083     0.224741    -0.034438    0.0496012     0.171731     0.194386    0.0667453   -0.0197063   -0.0120516    0.0341385    0.0939483    0.0498607    -0.139031     0.213601     0.195168      -0.2609    -0.126183    0.0682781    0.0648525    0.0425763
  -0.0204608     -0.12989    -0.105318    -0.196183    0.0376798    -0.177927    0.0038379   -0.0899478   -0.0446113    -0.166716    0.0917547     0.236394     0.126377     0.170335   -0.0565779    0.0347735     0.112986    0.0323628    -0.116303     0.147595    0.0197061   0.00151046    0.0949017    -0.180773    -0.148176   0.00234915   -0.0789606     0.138635      0.13956     0.122773    -0.045743     0.167838
  -0.0200077    -0.143579    0.0389531    -0.274043    0.0998949    -0.240653      0.17044     0.239845   -0.0915608    -0.193514     0.125474     0.152654    -0.147902     0.018234     0.101032  -0.00776357     0.160256    -0.334516    0.0398999    0.0115135    -0.174733     0.130625    -0.194491     0.190729    -0.168798    -0.067373    -0.135689    -0.061453    -0.130615     0.337578   -0.0198297   -0.0676635
     0.12815  -0.00619069    -0.339452     0.043481    0.0620922     0.205397    -0.289129     -0.16557    0.0587792     0.379912    -0.175681    0.0796842    -0.138617    0.0665218    -0.127576    -0.213565    0.0245179    -0.129904      0.31053    0.0105447    -0.141582   -0.0774006   -0.0404275    -0.161675      0.29363    -0.227789     0.109293     0.147411     0.270596     0.098155    0.0621889     0.123689
   -0.135451    0.0591362     0.236985    -0.199675    -0.292247    0.0626079     0.407589   -0.0771016   -0.0141227     0.222268    -0.121464     0.103027    -0.100036    -0.138703      0.24145     0.109554     0.190331     0.161946    -0.289161      0.33694    -0.136906     0.213425    0.0511932     0.120021   -0.0394255    -0.118977  -0.00485169   -0.0629929    -0.442779     0.479614    0.0742784    0.0119503
