   -0.204302      0.26729    -0.071305      0.35899     0.117614   -0.0800419     -0.13978    -0.356478   -0.0952412    -0.317377    -0.202454    -0.113082     0.231743    0.0723466    0.0135706    -0.254091     0.234393    -0.147104     0.479898    0.0420259     0.220214     0.121509     0.240404    -0.218196    0.0100092   -0.0633643    -0.250133   -0.0279649      0.11006    -0.157844    0.0456402    -0.102103
   -0.242896   -0.0172702    0.0719083     0.189294    -0.194272    0.0444219     0.238321     0.139081    -0.153445    0.0906646     0.069293     0.167113   -0.0430844    -0.109688      0.29635     0.398279     0.136002     0.169271     0.290136   -0.0207999    0.0872784    -0.209719   -0.0888868    -0.125378     0.185724    -0.131555   -0.0457812   -0.0090244    0.0980638    0.0375656     0.278705     0.109187
   -0.233531    -0.122276      0.22161    0.0702274    -0.108361     0.271273    -0.134329    -0.293211     0.332095    0.0455479      0.15905    -0.214696    0.0601177     0.307933     0.105123    -0.126978     0.128769   -0.0567617   -0.0546475    -0.129602     0.133258     0.256018     0.254026     0.141716     -0.29904     0.159243   -0.0930586    0.0975846  -0.00930801    0.0545777    -0.229106    -0.224215
    0.263642  0.000657118   0.00336401   -0.0317376     0.139948  -0.00746872    -0.193146    -0.117279     0.156085     0.301844   -0.0356901   0.00153024    -0.188669   -0.0411094    0.0337559    -0.423764     0.478396    -0.330905    -0.224934  -0.00758704    -0.575008     0.102839    -0.229745   -0.0131792    0.0995517    -0.170345    -0.289922   -0.0468617     0.129147    -0.115845   -0.0703499     0.156495
   -0.332936    -0.129847   -0.0461801   -0.0226376     0.118556    -0.179659       0.1112    0.0106584   -0.0864907    -0.122979    -0.177743    -0.217081      0.13695     -0.24553    0.0866113     0.167782      -0.1087     0.183722    -0.231376    0.0402294   -0.0139235    0.0296262    0.0114296   -0.0491848    -0.103088       -0.105   -0.0360921    0.0978157    0.0283175      0.19904   -0.0448477    0.0775922
    0.166146   -0.0196317     0.102677     0.213579    0.0353384     0.122769    -0.234139    0.0555274   -0.0639638    -0.189712    0.0729647    -0.177233     0.299609    -0.219372    0.0394073    -0.171367    0.0355544   -0.0426888     0.185197     0.137992     0.057717     0.143261     0.209775    0.0138198      0.20001     0.201742     0.094517    0.0501164    0.0672919   -0.0363882    0.0605598   -0.0284343
    0.351509     0.244337    -0.170975     0.279659    -0.273923     0.141648    -0.144889    -0.146604     0.134465    -0.105279   -0.0771984    0.0688779   -0.0278162   -0.0311882    -0.119075    0.0306878      0.20962    -0.104525   -0.0362825     -0.23052    -0.091979   -0.0644152     0.136784    -0.242836    0.0547018    -0.458202    0.0519464    -0.144897   -0.0458466    0.0676259   -0.0723523     0.146194
    0.356525     0.363069   -0.0910505     0.213782    0.0477967   0.00605416     0.130723   -0.0231069    -0.118768    0.0929935     0.238778    0.0904157     -0.19032    -0.135616    0.0928421    -0.209445     0.568538    -0.419435     0.105711    -0.287098    0.0678294     0.193239    -0.136504    -0.273909    -0.165984      -0.3523    -0.220148     0.013133   -0.0552218     0.321122     0.398269    0.0580546
   -0.157213    -0.146039    -0.224357      0.27292    -0.058054     0.143589    -0.131344    -0.185405      0.09726    -0.141408  -0.00511809    -0.129481    -0.171625     0.144714    -0.114093     0.122005     0.260303   -0.0310472     0.155257    -0.157912    -0.163469    0.0562121    -0.145555   -0.0397787    -0.311692    -0.112904   -0.0216746   -0.0298307    -0.119904   -0.0354745    0.0469655     0.133796
    0.181967    -0.192558    0.0447327    0.0275377   -0.0224691      -0.0756      0.18613   -0.0986433     0.133383     0.182648    -0.203989     0.103581    -0.226176    0.0176421     0.116121    -0.113336    0.0319598    -0.159385   -0.0361389  -0.00822617     0.251545    0.0111459    0.0372564    0.0379696    -0.180171    -0.169777     0.141783    -0.136735    -0.224196      0.32675     0.219838     0.290069
   -0.239913    -0.142161    0.0269255     -0.22573     0.345874    -0.146975    -0.578617    -0.106963    0.0377429     0.102414     0.135962    0.0450476    -0.210685     0.153252    -0.203577     0.197723     0.339125     0.115844   -0.0420202   -0.0436535    0.0434739     -0.37167     0.109517    0.0426781    -0.072853      0.21757   -0.0710335     0.306353    0.0182967     0.127673    -0.153863    0.0762822
   -0.127778     0.108366     0.124968   -0.0286493    -0.145794    -0.101326     0.183142     0.133514    0.0767048     0.108649    0.0159866    0.0753169    -0.274132     0.103991   -0.0121243    -0.147754   -0.0595248   -0.0143058   -0.0751325    0.0260112   0.00468738    0.0378666   -0.0524565     0.151753    -0.173924   -0.0823209     0.153856     0.214544   -0.0676725     0.178879    -0.111418     0.252714
  -0.0932846   -0.0898995    -0.277665     0.262566   -0.0166685   -0.0971302    -0.354248   -0.0597702     0.171022    -0.357107    0.0935783    -0.184183     0.360761   -0.0434665    -0.149719    0.0108962   -0.0273831      0.17239    -0.058315     0.170495   -0.0313289   -0.0848638     0.104934     0.164449   -0.0853569    0.0654416     0.229151     0.257831     0.135705    0.0958639    -0.242707     0.286696
  -0.0502251     0.174508   -0.0315307   -0.0608189     0.137778    0.0973422    -0.167896    0.0208569    -0.385698     0.229346    -0.167835     0.111247     0.155779    -0.212191   -0.0488479    0.0127149    0.0284573  -0.00924509     0.144342   -0.0162114     0.279284      0.05947    0.0354826    -0.192798     0.167228    -0.110355    -0.171545    -0.122042     0.140997   -0.0298055    -0.110242   -0.0548114
    0.050499    0.0884355     0.381868    -0.262811   -0.0548925    -0.249555    -0.354087     0.141148   -0.0541979     0.160367      0.21166    0.0931916     0.122384     0.342277    0.0981078    0.0445741     0.127031     0.204286     0.078306    -0.313853    -0.222314    -0.135296    0.0234916     0.502739    -0.108422   0.00811239     0.216057    -0.166133    0.0440613    -0.234296    -0.156048    0.0952134
  -0.0382867   -0.0341934    -0.192868    -0.206514     0.019248    0.0367154   -0.0432161    -0.138721     0.144934   -0.0794025    -0.264962     0.320463      0.17799    0.0237062     0.282565    -0.317734    -0.107852    0.0997224    0.0886316    -0.213689   -0.0631058     0.110228     0.303813    -0.171491    0.0389659   -0.0687991    -0.169174    -0.152743    0.0379859     0.195279   -0.0815091     0.203449
    0.122757    -0.110232     0.101752    -0.353684     0.146005  -0.00636279    -0.171847    -0.184981    -0.283408    -0.189804    0.0330988   -0.0708768     0.529355     0.280808    -0.245306     0.342131   -0.0730846     0.218823     0.254926   0.00893816     0.016702    -0.177422      0.11794   0.00185837   -0.0101535    -0.218015     -0.47902     0.218896    0.0822705     0.139968    -0.262498   -0.0726314
   -0.202144     0.271134     0.315165   -0.0117515      0.22907    -0.137798    -0.227785    0.0705214     0.192573   -0.0673368    0.0167086  -0.00285472  -0.00334418   -0.0783381    -0.299759    -0.276498     0.175988    0.0545767   -0.0755941    0.0216054    -0.225022    0.0409909    0.0635562   -0.0777407   0.00849738    -0.256318    -0.124655     0.128312     -0.20311    -0.075434    -0.160541    0.0640849
   -0.068532    0.0240533    -0.112711  -0.00374859    -0.281534    -0.280927    0.0668402    -0.226729    -0.104195     0.125116    0.0775257     0.226427    -0.219261    -0.195957     0.149643     0.070579   -0.0615028    -0.071142     0.119196     0.158475   -0.0149716    -0.205321   -0.0524747   -0.0648362     0.121582   -0.0203084   -0.0167852  -0.00952664    -0.138255    0.0330236      0.17309    -0.138288
  -0.0248222      0.14716  -0.00975047     0.240833   -0.0481076     0.199903    -0.038827     0.178046     0.167721     0.179175     0.101107     0.125407      0.26423   -0.0247106    -0.134288    -0.132925    -0.144412    0.0520639    0.0983478   -0.0726006    -0.254648    0.0149514     0.300483    -0.077337    -0.018538     0.184335    -0.305002     0.311945  0.000496626    -0.293076     -0.12729   0.00645397
   -0.208853    0.0499649   -0.0137495     0.306658   -0.0693508    -0.198484   -0.0599528   0.00241652    0.0110872    0.0975654     0.198623     0.130467   -0.0749879     -0.22956    0.0350566     0.295992    0.0699396    0.0644501   -0.0415501     0.266018   -0.0987712    -0.138499     -0.19997  -0.00345117   -0.0562693    0.0250798     0.325467    -0.222183   -0.0963835   -0.0951967  -0.00543277    -0.122669
    0.374357     0.099272      0.60983    0.0316495    0.0235944   -0.0245303   -0.0992125    -0.219108    -0.128915    -0.301295  -0.00811962   -0.0165566    0.0961412    -0.192517     -0.13643    -0.161012     0.121839   -0.0242717  -0.00611837   -0.0828399      -0.1348     0.435663    -0.345568      0.35145    -0.172322     0.143659    -0.433278     0.285423     0.395025     0.259118     0.492693     0.350981
   0.0618182     0.104566   -0.0548573     -0.29021     0.128405    -0.146563    -0.113735    0.0063333     0.098361     0.305437     0.105466     0.118327    -0.147012   -0.0395685     0.132364    -0.100695    0.0283022    -0.144335     0.131088    -0.205237     0.247263    -0.327764    0.0197673    -0.017113     0.251019    -0.138064    -0.173082     0.116257     0.279385     0.124538   -0.0422821     0.127256
   -0.111082    0.0466167     0.210243  -0.00202612   -0.0456816   -0.0924294    -0.432606     0.232565   -0.0883472    -0.368846   -0.0481147   -0.0897702     -0.10044    -0.015779    -0.185193    -0.096283     0.109948    -0.230771   -0.0821068   -0.0549441    -0.282504     0.170192    -0.293211     0.147042     0.195117   -0.0897301    -0.173945    0.0617567   -0.0283365    -0.231266   -0.0846576    0.0676002
  -0.0563707   -0.0153638     0.266731    0.0770591     0.102113   -0.0345019     0.442882     0.272733     0.152876     0.387753    -0.165254   -0.0121124    -0.373458    0.0599666     0.114756     0.315572    -0.101102     0.160797   0.00765759   -0.0252816    -0.239139    0.0644263    -0.178374     0.215813    0.0388551   -0.0906378     0.260593    0.0639022    -0.135412    -0.181054    -0.107914    -0.177158
   -0.229363    -0.190157     0.196054     0.169571   -0.0790027    -0.148122    -0.187286    -0.112988     -0.17118     0.150107     0.169513     0.037762    0.0242369    -0.063052    -0.036553    -0.434033    -0.195739      0.10447   -0.0694167      0.10063   -0.0982452     0.261472     0.270726     0.221431    -0.241673     0.174355     -0.03729     0.228875     0.283098     0.112253     -0.12828    0.0496971
   0.0658673    0.0166283    0.0304776    0.0754583     0.092854    -0.247976    -0.198003   -0.0202637    -0.195958    -0.214832    0.0169613     0.201034     0.129542     0.065357    -0.223537     0.025514   0.00338707   -0.0629909   -0.0844097  -0.00835949     0.242173     0.185598     0.142021   -0.0829486     0.140299    0.0811781    -0.142224     0.138807     0.108237    0.0295429     0.356253    0.0876069
    0.211903    -0.406464    0.0170671   -0.0573428    -0.133365     0.184762     0.139147   -0.0422717   -0.0255141    0.0820522   -0.0948503     0.102887     0.247493     0.116763     0.282811     0.229104     0.231794     0.113682      -0.1044     0.119873     0.238507     0.285417    -0.129386   -0.0990713   0.00333345    0.0230438     0.180624    0.0339388    -0.255929     0.537162    0.0457135     0.203868
   -0.198613   -0.0208038   -0.0371491    -0.189709    -0.053341     0.178638    0.0987549     0.197457    0.0158193    -0.134423   -0.0923471     0.102542   -0.0701821    0.0547247     0.108753    0.0924929   0.00880166     -0.11287     0.109003     0.262139    0.0224673      0.20592     0.145163   0.00717634    0.0558508   -0.0765766     0.138367     0.257043    -0.137064      0.17238    -0.270252 -0.000379833
    -0.03072    0.0768315     0.135336     0.118138     0.077874    -0.203119   -0.0796525   0.00839315    0.0648215     0.211269     0.209548   -0.0503932   0.00196072    -0.104958    -0.252339    -0.328916     0.110255     0.208021   -0.0736884   -0.0190751    -0.252251    -0.191243     0.139049     0.187218    -0.117886     0.157233     0.118336       0.2341   0.00606547     0.153517      0.10455     0.159364
    0.515311   -0.0678191   -0.0459676     0.377184     0.170491     0.180673     0.202323     0.130603     0.144524   -0.0966848    0.0964373    -0.114083    0.0959282     0.214333      0.13957    -0.108335    0.0666248   -0.0178779   -0.0638547    -0.248064    0.0724731     0.267274   -0.0957687     0.193683    -0.048841   -0.0254222    -0.203812    0.0281562   -0.0778538   -0.0723166     0.362936     0.162395
   0.0737263   -0.0889359    -0.119802   -0.0258041    -0.116345     0.268602   -0.0898708     0.266951     0.116273     0.049582    0.0892007     0.181729   -0.0574704     0.136315     0.192773     0.126177  -0.00658322    -0.348641     0.252928    0.0255247    -0.126119   -0.0970923    -0.207995    -0.199333  -0.00291434     0.123161    -0.154621    -0.053605     0.101962     -0.24723    -0.274794    -0.318618
   0.0563639    0.0282782   -0.0663392    -0.398207    -0.201116   -0.0507704     0.214494    0.0640103     0.169667     0.168961     0.140641    -0.126291   -0.0136379     0.217712     0.243409    0.0656477   -0.0941671    -0.159647    -0.127205     -0.38157    -0.205393    0.0917649    -0.344298    -0.231619    0.0637743    0.0522713    0.0262148    0.0538277    -0.161883    0.0663696     0.204482   -0.0686755
  -0.0567895       0.1347    -0.234079   -0.0759502    -0.441786     -0.39223    -0.175254    0.0385339     0.279171   -0.0733519     0.217581    0.0946273    0.0253237    -0.169318    -0.185655    -0.124527     0.101914   -0.0451363    -0.115067    0.0502137    -0.346027     0.096664    -0.388896    -0.119797    -0.143628   -0.0692125     0.165805   0.00500724   -0.0763888    0.0332061     0.301412   -0.0517344
   -0.327455     0.191014    -0.272428      0.11378    -0.235232    -0.212611    -0.412083    -0.533344    -0.237172    -0.367982    -0.032005     0.217931    -0.255198     0.244234   -0.0751485    -0.387754    0.0952716    -0.143067   -0.0681963    0.0325964     0.363334    0.0886058     0.290023     -0.14127     0.317089     0.367084    -0.193886     0.155745   -0.0672915    -0.243186   -0.0782565    -0.242657
   0.0117238    -0.109658     0.241653    -0.305422   -0.0199143    -0.073356    0.0445351      0.13185    0.0706346     0.214707     0.303922   -0.0240795  -0.00647876    -0.102744     0.239784       0.3011   -0.0232616    0.0138487    0.0494999    0.0771498 -0.000842371   -0.0720585    -0.398745    0.0676155    -0.266613    0.0261684    0.0524552   -0.0182611    -0.300156    0.0189975     0.140375   -0.0386084
   -0.262159     0.251937     0.282171     -0.19298     0.182589   -0.0665383     -0.94172    -0.223596    -0.345902    -0.308949     0.272857     0.219414   -0.0164519   -0.0818251    -0.739438    -0.637917    0.0612997    -0.450734    -0.312788    -0.470833    -0.278495    -0.134801     0.415695    -0.194604    0.0163461      0.19021    -0.247553     0.359061     0.374411  -0.00908384      -0.2026    0.0633419
   -0.324906   -0.0973724     -0.10694   -0.0791357     -0.18218     0.112588    -0.264387    -0.116815    -0.162517    -0.119559    0.0311613     0.150917     0.149808   -0.0414774     0.262076     -0.14458    -0.155856    0.0388151   -0.0363899    0.0907766    0.0826588   -0.0415574     0.131254  0.000743634   -0.0491874     0.143945    -0.181135    0.0544854     0.163869      0.25581    -0.169729     0.152395
   0.0303616    -0.100596    -0.165117   0.00720223    0.0937961    0.0581339    -0.131261    0.0969961     0.181387    0.0575737     0.215622    -0.280527     0.168656    0.0881605   -0.0281993    -0.153022   -0.0224616    -0.167794   -0.0198322    0.0103245   -0.0731468   -0.0683615    -0.309851     0.052153   -0.0310069   -0.0877206    -0.219752    0.0306702    -0.109312    -0.282358   -0.0262407   -0.0483175
    0.119662    -0.101134    -0.233697    0.0646568     0.311179     0.108116    0.0344804    0.0129678     0.298002    -0.249862    -0.065478    -0.175127   -0.0849739     0.300829    -0.230486    -0.149766   -0.0211596    0.0130144     0.282766     0.142991    -0.250303     0.298507    -0.110215   -0.0721039      0.28324     0.306016   -0.0368644    -0.027604     0.085995    -0.150057   -0.0145251    -0.124653
 -0.00205196   -0.0658632    -0.225103   -0.0160636     0.249369    -0.103025    -0.332243    0.0637758    0.0250541   -0.0181558  -0.00505556      0.11706     0.302074    -0.202572     0.211377    -0.122983    0.0804499     0.189383    0.0614154     -0.21055      0.35158    -0.090097   -0.0768227    0.0250926     0.109741     0.340486    0.0387648   -0.0327184     0.287993     0.264904    -0.154955     0.115648
     -0.2713     0.050819     0.141885     0.115189       0.2609    -0.049141    -0.485349    -0.376623     0.122713   -0.0732317     0.162705    -0.198481     0.181221    0.0965918    -0.284159     0.159994     0.159883     0.331426     0.191331   -0.0841315   -0.0918932     0.170171     0.202734    0.0932552   -0.0347768     0.121287    -0.143503     0.389716     0.281176     0.199572   -0.0283846     0.156203
    0.367699     0.146222     0.154677   -0.0996045    -0.102276    0.0556479       0.2271    -0.120457    0.0263821    -0.028754    0.0342609   -0.0473663    -0.215878     0.241928      0.29715     0.222061   -0.0241875   -0.0668971        -0.24    -0.114168     -0.34713   -0.0869212   -0.0271788   -0.0327518     -0.19328     0.128732     0.251591   -0.0620604    -0.060658    -0.136046     0.115247    -0.176137
 -0.00306128     0.125002   -0.0845841     0.193335     -0.09787     0.127678    -0.183959   -0.0625261    0.0645424      0.12596    -0.189735    0.0883603     -0.10049     0.224722    0.0507325    -0.315243     0.214151    -0.243805    -0.184259    -0.323444    0.0397622   -0.0745794    -0.111657     -0.27166    -0.191194     0.186323   -0.0603113    -0.234854   -0.0170009    0.0258924     0.134685   -0.0384828
   -0.279066    0.0716804     0.421883    0.0702359    -0.107516    -0.129572     0.170641     0.257677     0.113411    0.0790425     0.217906    0.0422774    0.0798258    -0.207683    0.0278809     0.197834     0.134176     0.150828    0.0220367   -0.0751452    -0.251467    -0.175106     -0.42196    0.0047988   -0.0807859    -0.310011     0.113174     0.255968    -0.193518    0.0848978    0.0503528    -0.088108
   0.0393822   -0.0125037     0.378437    -0.102516    0.0234921     0.123128    -0.125674    -0.128373     0.227945    -0.429459    0.0872227    -0.130215     0.370525   -0.0228451   -0.0301744    -0.144294     0.141612     0.129994     0.307739     0.120851     0.035178    -0.277084    -0.153534     0.211805     0.110563    -0.271999    -0.290731     0.162356   -0.0487176     0.115858     -0.17994    0.0254479
   0.0581888     0.144102      0.17763     0.173232    -0.277076     0.125116    -0.219624   -0.0440662    -0.156524   -0.0493252      -0.1789      0.08519   -0.0127201    -0.161588    -0.178955    -0.181233    0.0476541     0.111197     0.182747    -0.452467     -0.33008     0.192108   -0.0584892    -0.270846     0.177469    -0.456062    -0.280447    0.0247779     0.057258     0.121366     0.140411    -0.169395
    0.262309     0.241438     0.110757     0.194888     0.103665    -0.093363     0.072147   -0.0246594     0.128279     0.072212   -0.0281572    -0.124997     0.159067     0.047459    -0.176927    -0.044815     0.103416  -0.00778314  -0.00667467  -0.00282301    -0.129775     0.135653    -0.124469     0.112267   -0.0610965    -0.108513    -0.158905    0.0192087     0.135996    0.0527862    -0.177087    -0.182906
    0.184877    0.0705791     0.100919    -0.313015    -0.447329    -0.205763    0.0602263    0.0345608     0.063569     0.029659   -0.0286814    -0.166586     0.200428    0.0382148    -0.182169     0.165491     0.328104   -0.0434815    -0.250088    -0.468895     0.119342    -0.403704    -0.445443    -0.221407     0.107137    -0.361181    -0.246746   -0.0869142   -0.0169554     0.402494     0.215805   -0.0450162
   -0.356354     0.163441     0.164171   -0.0145912     0.135912     0.123974    -0.399987    0.0758142    0.0999072      0.24339    0.0918115    0.0808329   -0.0750633 -0.000311895    -0.314297    -0.177487     0.315364     0.155456    0.0477571      0.16572    -0.122538      -0.2746     0.184387     0.138737    -0.241678     0.210337   0.00991576    -0.072123   -0.0135303    -0.117608     0.192058    0.0583892
    0.122404      0.17397     0.405591     0.154684     0.260099   -0.0924573    -0.244148    -0.177459     0.145735    -0.160969     0.045324    -0.188845    -0.222767      0.25723   -0.0250204    -0.174594    -0.167009    -0.151737   0.00807146   -0.0360986   -0.0560433     -0.19071    -0.272261    0.0250352     0.118009   -0.0249556    -0.075313    -0.130314    -0.146345     0.186626   -0.0698158   0.00105827
    0.173583     0.157709    -0.183741   -0.0362945     0.124072   -0.0337237     0.529134   -0.0919058   0.00149734     0.156456    -0.104549      0.02974    -0.109993     0.315287     0.268072    0.0379811    -0.289328     0.284036    0.0961639   0.00263784    -0.213199     0.215401   0.00138492    -0.217267    -0.130291   -0.0506349     0.165114    0.0713514     0.129282    -0.281426    -0.179771  0.000426569
 -0.00328033    0.0249999     0.209362    -0.051962    0.0898304     0.167204    -0.122843    0.0586856     0.293833    -0.303536    0.0353904    -0.217159    0.0743944     0.157964   -0.0771958    -0.285877    0.0630651     0.169392     0.129079    -0.317439     0.157391     0.206653    -0.162844  -0.00469936   -0.0773638  -0.00119904    -0.502471    -0.219378     0.141423    -0.340186   -0.0764938    -0.233042
    0.354766    0.0412258     -0.15401  -0.00754113     0.180772   -0.0433185    -0.099914     0.107017     0.151806   -0.0452232     0.423371   -0.0151568   -0.0370371     0.284414     0.143374    0.0516657    0.0950795   -0.0999774     0.122281    -0.199413   -0.0144374     0.125488     0.131606     0.036215     0.298157    -0.235334    0.0674439     0.087589     0.203786   -0.0782406     0.110451   -0.0490954
    0.270475     0.042941    -0.104502  -0.00490698     0.206813    -0.149145   -0.0140961    0.0851036     0.184071    -0.275181    0.0274188   0.00913834     -0.14485     0.225229   0.00916196   -0.0515716     0.109248    -0.130466     0.251814    -0.231429   -0.0586997   -0.0268918    0.0158696     0.212641     0.237704     0.233619    -0.454911     0.133833    0.0818811    0.0233586     0.299293   -0.0704195
   0.0745663     0.310145     0.206437   -0.0496298      0.28855    -0.232388     -0.79404    -0.213768    -0.128134    -0.104721     0.199161     0.252001    -0.216996   0.00421053   -0.0841617    -0.622327   -0.0609385    -0.434982    -0.401107   -0.0517909    0.0165947     0.148152     0.371973     0.136273    0.0248603     0.124754    -0.104808     -0.15634     0.149785     0.167908     0.130833    0.0225776
   -0.210442  -0.00241057     -0.32956     0.133466     0.124416    -0.240463   0.00822026    -0.348537    -0.161984    0.0333877     0.129365     0.155155     0.197474     0.127673   -0.0592698      0.25735     0.117166    -0.122749     0.137386     0.274016    -0.134803   -0.0647087     0.201233    -0.152369   -0.0355212    0.0434047      0.37865    0.0407621   0.00142356   -0.0533278     0.182011    0.0304021
    0.328037     0.327222     0.473983   -0.0417516    -0.202415   -0.0174146     0.506461    -0.181931    -0.313654     0.053677     0.267942    -0.187664    -0.486716     0.287388     0.263506     0.140673     0.119787    -0.201277     -0.05588    -0.306855    -0.521224      0.23233    -0.186745     0.262854   -0.0263204    -0.238533     0.136544    0.0498702     -0.12714     0.510597     0.243786   -0.0327338
  -0.0363262     0.319221    -0.138984    -0.361135      -0.3081     -0.37507    -0.309985    -0.153401   -0.0289284    -0.221745    -0.151627    -0.277557     0.154617    0.0365124    0.0478121    -0.230059    -0.220783    -0.194489     -0.12701    -0.197818    -0.539728    0.0223333     0.126771    0.0395942    -0.310749    -0.131355   -0.0444344    -0.216883    -0.111703    -0.268055     0.036602    -0.188704
    0.189487     0.109536    0.0852724   -0.0884278    -0.204312     0.245853     0.150609     0.282249     0.162593    -0.145607    0.0117542    -0.156202    -0.106566    0.0978189    -0.173792    0.0473515     -0.18508   0.00563264    -0.320935     -0.22118   -0.0296415    0.0384824     -0.20077     0.170688     0.154613   0.00554853   -0.0353704     0.268086    0.0697964    0.0180338    -0.171506    -0.270128
   -0.122802    -0.109014     0.118268  -0.00820624    0.0274384   -0.0531299     0.175457   -0.0848277     0.129225    -0.115613    0.0767651    0.0844708    -0.193583   -0.0273489    0.0583833    -0.205068   -0.0225502     -0.18657      0.15626   0.00256074    -0.226315    0.0449105    0.0918321   -0.0391997    0.0206829     0.223207     -0.19724     0.237803     0.185426     0.100671    0.0371697    0.0547918
   -0.291514   -0.0570115    -0.067348     0.291264    -0.258006     0.184868     0.247202     0.196204     0.135092   -0.0100408    0.0229147    0.0427323     0.165979    -0.184065    -0.234259     0.315798    0.0315807    -0.165353     0.253326    -0.128176    -0.210862    0.0628927    -0.036395     -0.02776     0.253321    0.0340441   -0.0382056    -0.159813    0.0315467    -0.288418    -0.215775    -0.130086
   -0.182838     0.264671     0.211601     0.226606     0.124786     -0.18905    0.0506511   -0.0800334    0.0443169     0.439104    0.0739914    0.0190649    -0.107509   -0.0251267     0.146016    -0.378715     0.554724    -0.133942    -0.308369    -0.139989    -0.237706    -0.140822    -0.090644     0.119028    -0.441853    -0.503335     0.207771   0.00788301    -0.151465     0.213674   -0.0103001    -0.119552
   -0.281185   -0.0391103   -0.0790697     0.220145   0.00437288     0.263333    -0.107517     0.192274   -0.0604063   -0.0476849    -0.293214    -0.355241     0.217612   -0.0141041     0.259822    -0.202848    -0.195046   -0.0710963    -0.025562     0.332874    -0.488901     0.107163    -0.188357    -0.239943   -0.0349321     0.113448    -0.289511    0.0764772    -0.117126   -0.0881729    -0.262265    0.0622023
   0.0442347     0.116287   -0.0707409    -0.111108   -0.0714926   -0.0780543   -0.0704456    -0.251401    0.0792674     0.143394    0.0401757   -0.0327881    0.0220196      0.24617   -0.0540358   -0.0129445     0.126743    0.0282304   -0.0622886    -0.331722      0.22997     0.257652   -0.0663049     0.156282     0.184787    0.0741929     0.052489   -0.0742487   -0.0630771    0.0949276     -0.12842    -0.176126
  -0.0111776    0.0187834   -0.0323972     0.156227    0.0638232    -0.098148    -0.256387    -0.283084 -0.000737428    0.0886972      0.32327    -0.141317     0.038163     0.155639     0.117222     -0.11646    -0.217405    -0.272266    -0.022705   -0.0257159     0.037006    -0.281549      0.13668     0.205844     0.140477     0.235636   -0.0442928   -0.0575436   -0.0922925     -0.29454    0.0528411    -0.189973
    0.274884     0.239614    0.0707398     0.372444   -0.0896321   -0.0207801     0.122015    -0.195774    0.0890027   -0.0348184    -0.351731     0.228732  -0.00661765    -0.228243      0.15496      0.15202     0.224409     0.232358    -0.124913     0.151337     0.269773    -0.034779    0.0433746   -0.0389932    0.0927799    -0.271521   -0.0190151     0.121681    -0.172916    -0.418765    -0.250501   -0.0902734
   -0.271752     0.254234    0.0381944   -0.0829918    -0.198039     -0.13696    -0.290097   -0.0326011    -0.313791    -0.213631    -0.180896   -0.0901918    0.0825638    -0.386635    -0.095384    -0.191244     0.119023     0.102477    -0.129392    -0.257109    0.0158617     0.137835    -0.154318    -0.293379    0.0418831    -0.142218    -0.145361  -0.00515443    0.0802517     0.120219    0.0492521    -0.213407
   -0.147849     0.286598     0.435028   -0.0622593  -0.00155168    -0.041414    -0.403452   -0.0814806   -0.0260387   -0.0644412    0.0898972     0.154182    -0.183416     0.336484    -0.173275    -0.150887    0.0382437    0.0406163     0.106524    -0.230167    0.0210877    0.0156139   -0.0220445   -0.0278176    -0.083806     0.289016  0.000273974    0.0969914    0.0271314     0.302963     0.338938     0.302628
  -0.0457739    0.0231688    0.0247932    -0.183827    -0.182839   -0.0763414 -0.000983829     0.103031     0.273777      0.31861     0.309219    -0.260253    0.0514247    0.0367922    -0.199358     0.255897    0.0916368      -0.2599    0.0963571    -0.221878   -0.0592708   -0.0572443   -0.0562936    0.0287839      0.15347   -0.0700966    0.0838003    -0.190427    -0.103101   -0.0839162    0.0595325    -0.222642
  -0.0604211     0.234922   -0.0494242    -0.062556     0.106393     0.185541     -0.17792    0.0558319     0.331662   -0.0958142    0.0364257     -0.14801     0.117072    -0.343303     0.140025    -0.322097     0.311733    0.0233206    -0.197654    -0.305334    0.0014036  -0.00599938    -0.147345    -0.132376    0.0832233    -0.201031    -0.419237    0.0873046   -0.0186639    -0.241742     0.014581    -0.129778
   0.0771628    -0.141159     0.270006   0.00448547    -0.129256     0.056246   -0.0521273    0.0661091    0.0383003   -0.0900151    0.0942395    -0.255673     -0.27314     -0.22827   -0.0397404   -0.0130593    0.0488286    -0.226361    -0.401716    -0.190624    -0.101205   -0.0628126    -0.095737     0.432191   -0.0304869    0.0461804   -0.0191149     0.319369   0.00859384     0.310039    -0.163555    -0.134457
    0.202056     0.167788     0.047885    -0.233574    -0.166292    -0.224011     0.307218    0.0945615      0.22263    0.0857738    0.0174109    -0.132696    0.0966961    0.0177557     0.131224     0.361256    -0.046985    -0.123473   -0.0934995     -0.11479    0.0320208     0.079404    -0.180621   -0.0401886    0.0262157     -0.14591    -0.104335    -0.309865     -0.33424    -0.141503    0.0840833    -0.357849
    0.046301     0.105147   -0.0173239    0.0152359    -0.214378   -0.0386292    -0.636711   -0.0975575   -0.0850571   -0.0153002     0.213035   0.00162925    -0.203188   -0.0584695    -0.239731     -0.02048    0.0449235     0.135333     -0.27382    -0.526921   -0.0664514   -0.0729215    -0.311605     0.142353    0.0639894  -0.00593318    -0.163088    -0.168514   -0.0588302    -0.151897     0.212719    0.0515565
  -0.0792296     -0.22301    -0.089876     0.179479     0.213236    0.0368731     0.150033    -0.046288     -0.22443   -0.0794876   -0.0228535    -0.115206     0.168532    -0.300262     0.232116     0.253555   -0.0931006     0.145918     0.171925    0.0555941    -0.120286   -0.0333711   -0.0613042     0.257766   -0.0879524   -0.0855868   -0.0786449     0.192156   0.00871037    -0.111973   -0.0893009     0.128411
  -0.0734462   -0.0354922   -0.0659855     0.267564     0.368213    -0.128534     0.088471    -0.129855    -0.149082     0.187726    -0.190645   -0.0898087    -0.231103    -0.128883     -0.30825   -0.0118569     0.122097    0.0271832    0.0349153     0.120442    0.0356563    0.0114729    0.0144968    -0.112336    -0.221586    -0.351972     0.183002    0.0346287     0.184572     0.309535    -0.113652    0.0041083
  -0.0312417   -0.0358655      0.29492    0.0340624     0.308803   -0.0974573   -0.0911879     0.257565     0.172777    -0.183623    0.0462004    -0.349023     0.263908   -0.0331042   -0.0528645   -0.0875088    0.0997615     0.102713    -0.151212    -0.202618    -0.288526     0.178311   -0.0755621     0.341671    -0.423833     0.291326    -0.198041     0.147499    -0.141397     0.386735   -0.0955362     0.413731
   -0.437385    0.0621191     0.115453     0.164036     0.160141   -0.0972734    -0.503875   -0.0972871     0.204806    -0.541435     0.124962     0.042607     0.181936    -0.010152    -0.405972   -0.0170815   -0.0826291     -0.29056    -0.423036     0.157559   -0.0582781   -0.0909552     0.267188     0.211998     -0.48435     0.276304    -0.432015     0.159841   -0.0924081  -0.00281048     0.143713    0.0168381
   -0.150029    -0.136856   0.00128733     0.134622     0.369773     0.250402    -0.309004     0.142359    0.0108464     0.184984   -0.0776393    -0.228825     -0.13396     0.195164    -0.195346    -0.186828     0.177179     -0.17265     0.263839     0.178713    -0.160303   -0.0428589    -0.157842   -0.0331969    0.0289142      0.17566    -0.058753     0.089321   -0.0282688    -0.188579    -0.249027   -0.0860498
    0.169659     0.203356    0.0752564   -0.0450398     0.180913   0.00626715     0.105427    0.0321954    -0.080945    -0.134132     0.277453     0.445465    -0.249421    -0.440817    -0.164164     -0.12054 -0.000920809     0.306729    -0.136831     0.163599    0.0117332    -0.192557    -0.430802    -0.193772     0.456563    -0.450834    -0.281838    0.0731996    0.0486493   -0.0879431     0.145175    -0.117127
 -0.00224853    -0.210805     0.015176    -0.564946    -0.046937    0.0562723     0.216067     0.117648    0.0540965     0.121659     -0.15148   -0.0201852     0.292778    -0.471499     0.229472      0.15909    -0.523857   -0.0482416   -0.0441284     0.241159    -0.167872     -0.11098    -0.161942    -0.136479     0.157426   -0.0255562   -0.0773657    -0.240444     0.124903    0.0903745   0.00990511     0.173484
   0.0882543    -0.261414    -0.134718      0.18968     0.409743     0.312873    -0.211936     0.125351    -0.190701     0.229856     0.105011   -0.0851917   0.00664316     0.201052    0.0442196    -0.190232     0.137683    -0.362843    0.0530439    -0.124734     0.348032    0.0745967   -0.0937357     0.202382    0.0775751      -0.3651     0.192575    0.0685055   -0.0345151    0.0589856  -0.00974849     0.091842
    0.044242     0.228756      0.18217    -0.129451    0.0103326     0.111166     0.111319     0.169323    -0.075771     0.148323   -0.0463179    -0.141423    -0.186012    -0.197876    0.0920741     0.193433    0.0903481    0.0928029    -0.116918    -0.172821   -0.0388096    0.0790903     -0.23655    -0.149647    -0.132776    -0.011465     -0.11149    -0.213693   -0.0534432    -0.173815     0.252375    -0.384439
     0.35661    -0.234663      0.27895     0.222407    -0.224716     -0.17117     0.109228    -0.117986    -0.209451     0.199149   -0.0333062     0.258513    -0.182334     0.414318     0.162768    -0.278347      0.54338    -0.113753   0.00162182    -0.131676    -0.177484    0.0209824    -0.454309   -0.0801436    -0.186149    -0.141025    -0.205701    -0.161049    0.0992503     0.202632     0.413303    0.0683737
    0.367817     0.177735    0.0653485      0.29265    -0.566383     0.284095   -0.0244702    -0.146751    -0.286605     -0.18335    -0.241092    -0.185484     -0.17008    -0.134835   -0.0632569    -0.240594     0.426505    -0.231243    -0.220792    -0.608761     -0.60078     0.131553    -0.324874    -0.118583    0.0750234    0.0131558    -0.148283    -0.241038     0.135751   -0.0890956    0.0779274    -0.482818
    0.361612     0.140273     0.216769    -0.119778    -0.117876     0.106838    0.0318415     0.185839   -0.0608615     0.172687     0.144127     0.269106    0.0233641   -0.0678698     0.176792     0.227535     -0.15573     0.192816     0.249511     0.146565   -0.0688958     0.056489   -0.0225838   -0.0347757    -0.159761    -0.360592   0.00210651    -0.133225   0.00644847    -0.151518     0.250209    -0.243515
   -0.116242     0.253116     0.184446  -0.00961752    -0.362178     0.268286     0.211347     0.124561    0.0720738     0.132418    -0.249742    0.0593197    0.0837215    -0.187413    0.0827459    0.0863505    -0.272135     0.153926   -0.0616733     0.152405     0.134369    -0.128364    -0.110457     0.102593      0.25359     -0.03676     0.218237    -0.244166    -0.310925     0.114481    -0.061582    0.0691951
  -0.0714407     0.381159    -0.179834     0.157297    -0.158882    0.0609306   0.00164016    -0.237799  0.000712666     0.135937     0.203958    -0.097999   0.00392024     0.221448   -0.0142699    -0.306411    -0.298152    -0.109522    0.0428112     0.105843    -0.134152     0.144649     0.203983   -0.0775125   -0.0803113    -0.172615    -0.155274   -0.0133433     0.359612     0.169737    -0.107625    0.0361998
   0.0650301    -0.050668     -0.18848   -0.0846398   -0.0678987    -0.135727    -0.263422    -0.306857   -0.0897773    -0.039083    0.0958373    -0.289646     0.110174    0.0659727     0.206124 -0.000221482     0.285035    -0.011999    0.0645825      0.22009    0.0562298     0.133559     0.194232   -0.0576411    -0.332191   -0.0248201     0.123183   -0.0558275    0.0140019    -0.106276     0.183996     0.168666
  -0.0158675     0.393316     0.263156    -0.218827     -0.34656     0.168349    -0.107827    -0.205703     0.288171  -0.00706213    -0.089495    -0.243698  -0.00430836     0.026661    -0.126306     0.149035   0.00434987   -0.0987606    0.0600367    -0.264333   -0.0379657    0.0326536     0.151415     0.114092      0.19296    -0.201668   -0.0458433    0.0143282    -0.013713     0.339604    0.0468347   -0.0317485
   -0.153425    0.0991229  -0.00981001     -0.14975     0.140497    -0.135509     0.234399    0.0104294   -0.0839307    -0.155454     0.179131     0.100578     0.156857      0.27903    -0.181613   -0.0438441     0.108767     0.050589   -0.0106392     0.264764   -0.0732914    0.0732587     0.112584     0.218105    0.0395618     0.152553    -0.126945     0.130761     0.371933    0.0549723     0.137738     0.207232
  -0.0668762     0.270417     0.123569     0.179694    -0.153424     0.102956    -0.239949    -0.522125    -0.139476    -0.319921    0.0793817   -0.0115014     0.102736    -0.272088    -0.367826   -0.0244584      0.36023     0.234403     -0.18046     0.104917     0.199752    -0.241803     0.167289     0.171523    -0.087337     0.241127    -0.352085   -0.0127842    0.0197753     0.286281     0.150033    0.0792197
     0.16475     -0.15412    0.0375549     0.121698    -0.241218   -0.0632009    -0.280316    -0.198387     0.152642    0.0147423    -0.194745   -0.0292983    -0.248915     0.126347    0.0311131    0.0664149     0.204786     -0.15272    0.0582464   -0.0710746     0.133998    0.0469648    -0.243713     -0.11793     0.140826     0.109808     -0.11741     0.161321     0.153391     0.221145   -0.0274058    -0.121404
   -0.162899    0.0954371    0.0881865     0.278614     0.174308    0.0969779     -0.20516    -0.328247    0.0449501    -0.142395     0.164065    -0.230043     -0.18124   -0.0597718   -0.0994735    0.0317777      0.10632    -0.243488   -0.0732958    -0.189623    -0.166877   -0.0803014    -0.170899     0.102794    0.0478638     0.133408     -0.22354    -0.174449     0.143201   0.00761833    0.0460069     0.105662
  -0.0754134    0.0900542    0.0679615    0.0344945    -0.249681   -0.0144346     0.113551     0.275244    0.0376635    -0.112965    -0.249397    -0.410985    0.0644049   -0.0753968    0.0160432     0.145454   -0.0620744  -0.00249011    0.0886447   -0.0772304    -0.162118    0.0609029    -0.547856    0.0735218     0.108868    -0.123976   -0.0599168    -0.172863    0.0404881      0.19296   -0.0674467   -0.0055394
   -0.396692   -0.0872956    -0.235515    -0.270096    -0.119886     0.129449    -0.307574    -0.170413      0.00823    -0.171448    0.0179868     0.263578 -0.000886974    -0.129527    -0.235259    -0.201749    -0.177201     0.239307     0.288645       0.0132     0.159684   -0.0818189     0.203837     -0.17841     0.240948   -0.0549314   -0.0950588   -0.0138267     0.356458   -0.0804976   -0.0171097     0.220185
   -0.143101   -0.0634525     0.167795    -0.231784   -0.0901323    0.0128056    0.0285218    -0.191328    -0.266471     -0.12608    0.0697234   -0.0773478     0.189593    -0.166388     0.202627    0.0915893     0.191639   -0.0958335   -0.0862919     0.171016    -0.162447     0.138634    -0.366605    0.0303996     0.249673    -0.165625    -0.100458    0.0438586    -0.014317     0.389533    0.0730839    -0.151431
    0.225491    -0.152907    0.0129681     0.145394     0.373556     0.212782    -0.110522     0.158769    -0.120475   -0.0330943   -0.0893007    0.0118706     0.139661     0.102538    -0.202411    -0.335485   -0.0670602     -0.27734     0.232231    -0.242686   -0.0818023     0.421449    -0.142314     0.207373    -0.084755    0.0155681    -0.299772   -0.0902309     0.217205    -0.214877     0.062235    0.0166726
   -0.380783      0.31864     0.130176   -0.0398217    -0.157565     0.143794    -0.300528     0.221052     0.172416    -0.069272     0.340482     0.218522   0.00593923    -0.104483    -0.253204    -0.237882    0.0118312     0.239943   -0.0680931   0.00150826    -0.118384    -0.309331     0.361914    0.0608428     0.107977      0.28391   -0.0304536     0.346254    0.0511126    -0.127686    0.0484467    -0.172717
    0.284776     0.347967    -0.037835    -0.126116   -0.0538336    -0.241921     0.382809     0.145334    0.0653547     0.271049    0.0202704    -0.102156    -0.139983   0.00971579      0.43474     0.480919    0.0130408      0.43758    0.0859293    -0.191511    0.0863657    0.0529504    -0.113516   -0.0338961   -0.0975213    -0.430666    -0.211438    0.0176396    -0.212894   -0.0203132   -0.0201613    -0.165195
   -0.349848     0.216457    0.0820972    -0.153581    0.0967347 -0.000502329     0.174527  -0.00388172  0.000517035    -0.032716   -0.0688293    0.0518288    0.0931265    -0.141464     0.115546    -0.235351   0.00342613   -0.0909922     0.137848    -0.110363     -0.10863    0.0250466   -0.0405738     -0.27997    -0.138749     0.190339   -0.0897255    0.0400014    -0.182239    -0.194743    -0.159573    -0.350359
   0.0317293    -0.111543    -0.135693    0.0641584   -0.0857464     0.072329    -0.120592   -0.0286398     0.228169    -0.391593     -0.12219    -0.133738     0.416043     0.081337    -0.337553    -0.116503    -0.244689    -0.097779    -0.186517     0.139458   -0.0390918    -0.298803   -0.0412157    0.0370827    -0.128339     0.160648   -0.0915292    -0.044061    -0.224405    -0.107139     0.147464   -0.0497552
    0.135982    -0.113487   -0.0834119  -0.00709544     0.164877   -0.0660499      -0.4497   -0.0279087    0.0859098    -0.276778    0.0343606     0.168713   -0.0525818     0.044852     0.169355    -0.104392    -0.031727    -0.143716      0.32093   -0.0242349    -0.163083  -0.00770689     -0.25354    -0.166132    -0.228109     0.274443   -0.0277721    0.0453653     -0.16226     0.173374   -0.0120389     0.258236
    0.385672   -0.0377424    0.0203737    -0.189344    -0.186224    -0.207191    0.0747148   -0.0570062    -0.200817     0.419921     0.307745    -0.210687    -0.203659    -0.071816     0.121391    -0.177558    -0.236204    -0.138817     0.221761    0.0230575    -0.196688   -0.0123766    -0.161369      0.18528     0.212587     0.299835     0.181148     0.137909   -0.0308155    -0.155207    0.0790871    -0.271778
  -0.0210202    -0.141451     0.121231     0.105616    0.0880515     0.177872    -0.325774     0.138155   -0.0672061     0.157063   -0.0230555   -0.0484711    0.0785504     0.080421    -0.058377    -0.139605   -0.0116492   -0.0460131     0.141603    -0.140633    0.0331183    0.0232509     0.338711   -0.0600519   -0.0587847     0.291312    -0.285112    0.0805858      0.06473  -0.00170717    0.0440143     0.121257
  -0.0229707   -0.0399401      0.23029   -0.0132613   -0.0101669    0.0527545   -0.0823184   -0.0592372   -0.0987664     0.227757    -0.076888    -0.266812    -0.232613     0.309878    0.0605929   -0.0901855     0.149608    -0.121191    -0.140681   -0.0672068     0.136889    0.0279459     0.142528     0.212265    0.0374705     0.183228     0.158835     0.175911     0.146071      0.26189     0.255218    -0.167601
    0.211599    0.0787641   -0.0862296   -0.0621612     0.112575    -0.120497      -0.3059    -0.308492     0.242372   0.00643296    -0.143833   -0.0948359    0.0564357    0.0898682  -0.00245022    -0.334447     0.379203    -0.173384     0.432393   0.00722671    0.0290758     0.268436      0.28339    0.0719778   -0.0241335     0.303149    -0.327573  -0.00176033    0.0321367    -0.107037     0.102874   -0.0931742
  0.00215528    -0.102035   -0.0429974    -0.122395    -0.220853    -0.193047     0.166317   -0.0913876   -0.0761484     0.165197    -0.209159     0.057392    0.0593279    -0.232224    0.0641669    -0.279853     0.442918    -0.484383    0.0125767     0.211704      -0.4455    0.0444819     0.134567    -0.351519    -0.266141      0.46214    -0.429467    -0.284251    0.0930786     0.247885     0.524354     0.291023
  -0.0929998     0.151118     0.133304   -0.0531237   -0.0144097     0.426433    -0.247001   -0.0435073    -0.285989   -0.0176554    -0.446255    -0.185117    -0.205932    -0.174615    -0.251333    0.0202982     0.197312    0.0901024     0.186542    -0.229741     0.453171   -0.0577153   -0.0784925      0.17737   -0.0487273    -0.302964    -0.180053   0.00800273    0.0300994    0.0806151    -0.087849    0.0404707
    0.390931     -0.10777   -0.0864052   -0.0837805    -0.340064    -0.354479     0.162195   -0.0575373      0.10167   -0.0651697   -0.0692187   -0.0155413     0.157427     0.096245    0.0597467    0.0672946     0.139053    0.0330172    0.0820693    0.0297485    -0.281973     0.080905     0.154053     -0.35604   -0.0601138   -0.0160334  -0.00589426   -0.0185978     0.278652   -0.0221108    0.0319362    -0.137242
   -0.170052     0.177976    -0.218975     0.185946    -0.299258    0.0177115    0.0491659    -0.263716     0.252014    -0.155064     0.122891     0.091271    -0.175095    0.0982155     0.208601    -0.152863     0.355351     0.178309    -0.232204    -0.157086    -0.131059    -0.111541     0.252033    -0.298651    -0.172636    -0.332859   -0.0924018    0.0688829   -0.0181939    -0.103366     0.126898    -0.217696
   0.0816435     0.029285    -0.058442   -0.0683319      0.06316    -0.178681    -0.139363    -0.197561   -0.0940788    -0.191227    0.0434425    0.0182225    0.0264007      0.20092   -0.0526164    -0.420709     0.111942   -0.0960558     0.191484     -0.32094    -0.423458    -0.150099   0.00715994     0.497806   0.00931453     0.128727    -0.204276     0.104018     0.190782     0.132127    -0.119087   -0.0424497
   -0.294444   -0.0629676    0.0412047   -0.0252067   -0.0189351     -0.18785     -0.18209    0.0498583     0.215952    -0.412096     0.171079    0.0687817     0.328592    -0.229583    -0.125014    -0.318771   -0.0248445    -0.378573    -0.130787   -0.0368528    -0.176734  -0.00898954    -0.170226   -0.0122638     0.111747    0.0751137    -0.495237     0.176049    -0.124231   -0.0707069    0.0778447    0.0721596
   0.0982796   -0.0186344     0.208143   -0.0919375     0.193341     0.131468    -0.242783    -0.148836   -0.0331572   -0.0756614     0.124166    0.0648707    0.0585125    0.0300472    -0.033053     0.115666     0.313369     0.190667    0.0496584   -0.0532885    -0.139219     0.111615      0.12534   -0.0428042    -0.136987     0.365448   -0.0898296    0.0360002    0.0753404     0.011742    0.0884601   -0.0931286
   -0.108559    -0.228925    0.0432172     0.119857     0.425387    -0.166525     0.016719    0.0823193  -0.00897378     0.160421    -0.485495     0.182607     0.335657    -0.394067    -0.136805   -0.0882371      0.01721   -0.0413136    0.0724464    -0.245998   -0.0749647      -0.1321   -0.0218562   -0.0351198    0.0600289    -0.264007   -0.0188163     0.227895   -0.0984596     0.154436  -0.00197367     0.291767
    0.244095    0.0231344     -0.12143     0.147896     0.097297    0.0853257    -0.047711   -0.0395713      0.17932   -0.0028342      0.35915    -0.102708   -0.0754969   -0.0861778    0.0387255     0.108774    0.0668149    -0.154146   0.00114509   -0.0562411   -0.0766634     -0.14541   -0.0730341   0.00480079    -0.190987    -0.222266    -0.115162    0.0874956    -0.269814    -0.111566   -0.0624201     0.127078
   0.0277939    -0.137026    0.0641116   0.00807822   -0.0519817    -0.119328      0.32103     0.156276    0.0631883    -0.196463     0.125273     0.221507   -0.0911272    -0.204304     0.273387   -0.0155585   -0.0491332    -0.060089    -0.183814     0.121029    -0.381839   -0.0462538    0.0850401    -0.285169     0.123079    -0.287939     0.280994     0.146028   -0.0816349     0.211049   -0.0420281 -0.000666576
    0.147216     0.113704     0.129437    0.0165143    0.0783705     0.323071     0.306549     0.117504   -0.0153115    0.0612182    -0.102954     0.118751   -0.0525539     -0.13056  -0.00953521    -0.190421    0.0776479     0.197185     -0.37711    0.0567584    -0.230796    -0.107335   -0.0455481    -0.180377   -0.0566477    -0.409354     0.120372    0.0787306    -0.296291   -0.0872746     0.106185     0.134337
   -0.282005    0.0849052     0.179811   0.00598205    0.0980261    -0.190763    -0.390528   -0.0934853   -0.0524445    -0.317335     0.158999    -0.118683     0.126261    -0.340446   -0.0808648    0.0702754     0.210834     0.148998    -0.074842    -0.237312    0.0882251    0.0782885    0.0914504   -0.0494736    -0.149592    -0.223699    0.0307848     0.322691    -0.218348   -0.0620944    0.0824564    0.0936993
    0.120504   -0.0565342    0.0189899     0.036486      0.18471    -0.227455   -0.0730837   0.00321715     0.291253  -0.00455059    0.0165679    -0.108242    -0.109722    0.0467166  -0.00347443   0.00650087    0.0586937    -0.239787     0.183017    -0.233485    -0.166552     0.177493   -0.0495886     0.320251   -0.0371662     0.172662   -0.0575484    -0.152643    -0.228436     0.331421    -0.149569    0.0678156
    0.171399    0.0813309   -0.0156027     0.186174     0.097798     0.302944   -0.0591089    -0.064088    0.0257245   -0.0321091   -0.0454346    0.0349944   -0.0451174     0.197184    -0.110819    -0.115421     0.163264    0.0444158   -0.0379048    -0.520154    0.0536892    0.0999001    -0.127784     0.113919    -0.102226    -0.373627    -0.138929      0.12542    -0.254181    0.0224386     0.227233    -0.174455
    0.139295    -0.236116     0.345943    0.0384042   -0.0130937     0.130194     0.100249      0.11353    -0.119658    -0.119535     0.366676    0.0588649   -0.0150932     0.275782    0.0145276    -0.355424    -0.101691   -0.0705149    0.0799442    -0.371344     -0.26253      0.33416     0.171053    0.0720419    -0.206207     0.151873    -0.338108     0.329293     0.281228  -0.00707577     -0.06386     0.197544
    0.220739    0.0567319     -0.21204     0.209555    -0.168042   -0.0604853    -0.180225    -0.197516    0.0816482     0.118867    -0.233459    0.0603812    -0.288855       0.0779    -0.369638    -0.357238     0.284757    -0.320643      0.15652    -0.123031   -0.0595728     0.114118     0.348106      -0.1455    -0.133731    -0.113394    0.0381128    -0.150719     0.109858     0.214788     0.257146    0.0591418
   0.0218181    -0.146872    -0.105945    0.0649607     0.169253    -0.338585    -0.488048    -0.169843    -0.352207    -0.136194     0.172067    0.0394494  -0.00185642     0.122778     -0.12828    -0.530343     0.294316    -0.129305     0.206969    -0.362328    -0.241126     0.285975      0.34016     0.142644    -0.241685   -0.0115588    0.0572231       0.1663    0.0152028   -0.0782243      0.24386     0.376422
    0.256016   0.00285339    0.0204397   -0.0832163    -0.123139    -0.117651    -0.233831    -0.155226     0.236331   0.00966246    0.0827871     0.020981      0.25791     0.121036   -0.0281589    -0.246646     0.225729   -0.0657809   -0.0738411    -0.111273     0.129756   0.00286038    0.0267086   -0.0645344    -0.224187     0.311553    -0.214996     0.102684     0.299993    -0.146557    0.0927727   -0.0776189
  -0.0917701    -0.133474    0.0909174    -0.224011    -0.212232    -0.205898    -0.030988    0.0284759     0.190258     0.109149    -0.195159    0.0988067    0.0360503    0.0446153     0.152137     0.140327   -0.0262744   -0.0876366    0.0117009    0.0786438    0.0985711    -0.219923   -0.0961823    -0.154348     0.242333     0.176418    -0.186828    -0.134306    0.0297739     0.110116    -0.196676    0.0725714
  -0.0700469    -0.213528    -0.128177     0.123434   -0.0272815     0.232137    0.0475923   -0.0715572     0.186495    -0.193129     0.158217    0.0140632    0.0329252    -0.180328    0.0105693    -0.177061    0.0397226     -0.34113    0.0513142     0.216756      0.15102    -0.180961    -0.162891    0.0875785    0.0215011    -0.101824      0.21909     0.423334   -0.0931792     0.298467   -0.0954075    0.0415507
   -0.131201    0.0396211    -0.228078    0.0740057     0.131161   -0.0878649    0.0449342    0.0043502     0.168324    -0.140797   -0.0728673     0.184599     0.166461    -0.137979    0.0962204    -0.046543    0.0798275    0.0051054    0.0802527    -0.208394    -0.480806   -0.0236048    -0.017238     0.067925     0.189075     -0.12177    -0.145586    0.0400363  -0.00899795    -0.127209     -0.26519   -0.0777554
