-0.916395
-0.374263
 -0.45487
-0.640399
-0.516503
-0.669628
-0.596129
-0.553837
-0.641172
-0.462748
-0.403627
-0.737248
-0.472266
-0.516656
-0.641325
-0.800232
-0.448633
-0.594551
 -0.60204
-0.681184
  -0.5302
-0.506513
-0.538276
-0.892398
-0.530312
-0.534289
-0.623946
 -0.52133
-0.409905
-0.600243
-0.543435
  -0.5654
-0.717944
-0.689657
-0.510882
-0.810385
-0.405136
 -0.58876
-0.727043
-0.543303
-0.661979
-0.417598
-0.515271
-0.584548
-0.544272
-0.754677
-0.604233
-0.649487
-0.576812
-0.639226
-0.510287
-0.532363
-0.650351
-0.513363
-0.527026
-0.770809
-0.402734
-0.706196
-0.591021
-0.631422
 -0.49757
 -0.56533
-0.674505
-0.716543
-0.546198
-0.759876
-0.792941
-0.522271
-0.572863
-0.494535
-0.530563
-0.463332
-0.384148
-0.625215
-0.478528
-0.611342
 -0.63809
-0.697785
 -0.69726
-0.604791
-0.463395
 -0.66102
-0.633749
-0.468377
-0.499972
-0.609309
-0.645847
-0.671243
-0.466626
-0.613903
-0.687146
-0.497549
-0.693997
-0.456761
-0.661688
-0.449061
-0.506629
-0.388354
-0.781267
 -0.47103
-0.715993
 -0.52006
-0.845335
-0.753917
-0.539601
 -0.61071
-0.644502
-0.563155
 -0.59514
-0.620369
-0.502348
-0.838149
-0.456822
-0.461572
-0.431286
-0.884957
-0.597229
-0.538541
-0.684692
-0.523226
-0.529289
-0.841697
-0.550954
-0.571189
-0.899509
-0.824086
-0.638739
 -0.68551
