   0.293937   -0.431768  -0.0691213   -0.847166    0.255639   0.0851345   -0.121897    0.502191   -0.321696   -0.025111    0.143998   -0.144507    0.609852   -0.291264    0.278547  -0.0617714   -0.420079    0.189957   -0.271883  -0.0795165    0.105699     1.02455  -0.0140702   -0.405498    0.144761    0.343774  -0.0787132  -0.0615123    0.219943    -0.18216    0.508605   -0.536017
  0.0790871    0.251712   -0.117086   -0.552409   -0.216339   -0.125065    0.417635   -0.143763   -0.238538  -0.0807991     0.31212   0.0286058  -0.0430689   -0.219023  -0.0351027   -0.113147   -0.398782   -0.364114    0.416175    0.496129   -0.127533   -0.235634  -0.0685717    -0.24599     0.19062   -0.606597   -0.340218   -0.257686  -0.0645828   -0.230417    0.321717   -0.559505
  -0.133437   -0.192714    0.563348    0.193719   -0.510394    0.218625   0.0472825    0.588747   -0.478949    0.588201   -0.112654    0.079347   -0.190139   0.0154711   0.0632295   -0.303239   0.0415322    0.639682    -1.06123   -0.363449   -0.105938    0.302492   0.0147638    0.367685   0.0783311   0.0896889    0.257243    0.120833    0.318939   -0.150674   0.0454248   -0.289458
  -0.577659   -0.391571  0.00777815   -0.351044  0.00782772   -0.433676    0.180627    0.356607    0.124746     0.35158   -0.926513    0.611701   -0.589226   0.0283603   -0.597126    0.363098   -0.045336    0.476668    0.231346  -0.0549263    0.132034   0.0198212 -0.00371284  -0.0628823   -0.477658    0.510633    0.233273 -0.00277962    0.444298   -0.329511    0.203128   -0.506619
  -0.177655   -0.257193   0.0621485   -0.432737    0.306725   -0.186582    0.337315  -0.0423477     0.29186   0.0385358   -0.131307    0.283796   -0.168289    0.064625   0.0332616   0.0101821   -0.366598  -0.0436494     0.41241   -0.230282   -0.323163   0.0892434    0.108644     -1.0263    0.127132     0.40136    0.196806    0.339766    0.406957    0.186938  0.00319272    -0.53278
    -0.3698    0.113641    0.732978   -0.601288    0.323733  -0.0485102   -0.021993    0.240916   -0.544692     0.15273   -0.402916   -0.333011    0.352772  -0.0864211    0.361411  -0.0864099    0.055928   -0.187318    0.250521   -0.183675   -0.273595    0.334509    0.177041    0.355355   0.0571426   0.0242292   -0.239168   -0.144571    0.190419    0.134961   0.0830744   0.0480359
   0.129817    0.467837  -0.0363326    -0.31116    0.452036    0.273766   -0.542724   -0.126059   0.0584468    0.517026  0.00595493   -0.304264    0.328596  -0.0296385     0.54297  -0.0341569  -0.0632334   -0.314739    0.461564  -0.0823853  -0.0730632    0.152618   -0.433482   -0.290851    0.501159   -0.461241  0.00555889     0.21111   0.0824841    0.347023    0.163266   -0.202923
  -0.846031    0.135169 0.000201627   -0.205861   -0.162571    0.192375    0.464064   0.0276567    0.426207    0.159455    0.153363  0.00264866   -0.197129    0.193818   -0.165305   -0.169497     0.17972   -0.150895   -0.321188   -0.827226    0.102764   -0.624499    0.100656    0.206209    0.282226 -0.00299383   -0.363338    0.345527     0.14755   0.0756351    0.247332  -0.0709322
   -0.72173   -0.388728    0.207767   -0.690806   -0.172168   -0.536174    0.293975   0.0511365   -0.281593    0.519484   -0.365934    0.340973    0.138007    0.199689   -0.686065    0.068197    0.308549    0.351936    0.186932   -0.314664    0.447155    0.105035  -0.0303808   -0.209983      0.4191    0.183001    -0.26786   -0.336752    0.324193    0.248008    0.273326   0.0870451
  -0.238305  -0.0628585   -0.101569   -0.634291    0.433713   -0.137527    0.288043   -0.572887   -0.646591   -0.309204   -0.235084    0.340902   -0.386127   -0.746398    0.518036    0.150492   -0.173139   -0.109117    0.224391     0.47219    0.213573   0.0760857    0.367722   -0.683435    0.026471    0.055715     0.34218  -0.0910627    0.287341   -0.136141    0.456061   -0.308534
  -0.252839   -0.270339    0.108469    0.139667    0.113395   -0.065517   -0.170354   0.0077498   -0.553781    0.273221     0.21104    0.516403    0.475021     0.17435   -0.469421 -0.00135801  -0.0452314     0.34552   -0.451804  -0.0947298    0.109499   -0.399483    0.244329    0.051436   0.0285049   -0.316923   -0.333867  -0.0693396    0.237672    -0.17644    0.198574    0.372812
  -0.200119   -0.212328    0.127825  -0.0453394   -0.108945    0.687404  -0.0534696   -0.332602   -0.143405  -0.0158128    0.260055     0.41828  -0.0750127   0.0786087    0.176938   0.0199761    0.457723   0.0118192   -0.375268    0.525246    0.406464   -0.322177    0.465261   -0.389607   -0.125385   -0.159684    0.114357   -0.242806    0.700792    -0.44705    0.281062   -0.151837
   -0.13206     0.27114    0.147886   -0.321505     -0.1223    0.352085   -0.684206   -0.417718   0.0259846   0.0499232    0.260984  -0.0379469    0.280226    0.339602   0.0524024    0.147362    0.291561   -0.282407    0.182033    0.159837    0.133967   -0.164877    0.564358   -0.399453    0.122541    0.120862   -0.284798   -0.709192 -0.00759281   -0.178436   -0.160731    0.032352
  -0.374113   -0.223665 -0.00792391    0.132165    0.111847  -0.0808079   -0.121952    0.324846   -0.129911   0.0183323    0.118715    0.240384     -0.1543   -0.323991  -0.0580336    0.238666    0.335219    0.300406    0.129523    0.141315   0.0715296   0.0405548  -0.0134562   -0.182396    0.300373   -0.453461    0.330144    0.259423    0.331159   -0.186233   -0.338804    0.441046
   0.364097   -0.102864   -0.443335    0.241999   -0.394774    0.114528   -0.422358   -0.135227    -0.34739    -0.25237   -0.166988   -0.410255   -0.231217    0.274872    0.463755    0.139854   -0.377889   -0.235849  -0.0304742   -0.359313    0.225366   -0.202228    -0.14657   -0.463373    0.916706     1.01251    0.571676   -0.353221      0.2213    0.327555    0.410737    0.379198
  -0.674813   -0.402958    0.152341   -0.296932   -0.103394    0.936189   0.0153984    0.296649   -0.241709    0.547972   -0.183278   -0.171226   -0.141219   -0.224218  -0.0943446   -0.153816   0.0165009   0.0382464   -0.374063   -0.269435    0.947882    0.278108  -0.0613143   -0.163772    0.550013    0.613481    0.400417     0.13153    0.271128   -0.167973     -0.1708    -0.74416
  -0.360799    0.760344    0.175185    0.145449    0.302341    0.312872    0.166802   0.0201831   0.0898178   -0.204156   -0.087909    0.234397   -0.116058   0.0868866     0.23232   -0.173875    0.494672   -0.085044   -0.137949    -0.31658   0.0311884   -0.141827    0.164544    0.237284    0.303645    0.328279   0.0978675    0.279798    0.634376    -0.32375   -0.501712   -0.057167
   -0.53945  -0.0722893  -0.0427175   -0.377874   -0.305587    0.296768    0.398516    0.174105     -1.0292   0.0322297    0.392648  -0.0776236 -0.00416075   -0.133415  -0.0063954   -0.282403  -0.0174978  -0.0551257   -0.519676   -0.344467   -0.164154   -0.786493    0.138255   -0.272068    0.419355    -0.46508   -0.122115   -0.289551   -0.173415   -0.257548    0.422254    0.429029
   0.443777    0.302035   -0.252394   -0.220692    0.256121    0.337651      -0.431    0.115524    0.152151   0.0926785    0.272076     -0.2071   -0.212881   -0.185235    0.429609    -0.60422    0.141638    -0.18742    0.526211    -0.10864  -0.0286595    -0.22878   -0.097897   -0.200659    0.104145   -0.187241   -0.415936   -0.217583    0.231178    0.503587   -0.400977   -0.269959
   0.129999    0.159521    0.179826   -0.460359   -0.112546     0.16283     0.52821  -0.0567795   0.0480716    0.569329  -0.0749173    0.189709  -0.0918658    0.475796   0.0120353    0.533906    0.616108   -0.229138     0.32976   -0.416176   0.0661599   -0.425387   -0.291525    0.729925    0.463228     0.43361    0.242755   -0.267382    0.330031   -0.379847  -0.0791478    0.441321
   0.391823    0.046813   0.0340514   -0.359105    0.206024    0.128136  0.00687715   0.0758329   -0.582292    0.464642    0.304209  -0.0772639    0.327915   -0.131653    0.299394  -0.0679193    0.101817   -0.792071   -0.147155   -0.396219   -0.226116   -0.250911    0.403945   -0.345919   0.0816619  -0.0578769    0.172843  -0.0560217   -0.612979 -0.00223183    0.169668   -0.178607
   0.182785    0.334011   -0.221736   -0.943474    0.692619   -0.067692    0.313941   -0.448449   0.0879961   -0.370873   -0.138971    0.449879    0.242031   0.0702318  0.00309296   0.0806708   -0.311856    0.250366    0.839985   0.0431724    0.406952    -0.49339  -0.0817177    0.213826    -0.44598   -0.180336   -0.557614   -0.661685    0.151097     0.18717    0.445769   0.0175808
  -0.441038    -1.12289    0.335031  -0.0140379   -0.453346   -0.315198   -0.227473    0.420297   -0.129102    0.298964    0.178136    0.744376    0.165284    0.393201   -0.443482    0.329414   0.0915002    0.132272   -0.967824   -0.252694   0.0547358   -0.307594   -0.276878    0.432775    0.372057    0.512105   -0.175023  -0.0807089    0.653906   -0.195185   0.0429882  -0.0499512
  -0.210975     0.25919   -0.880163    -0.68074   -0.321033  -0.0962394    0.169786 -0.00691654   -0.322677   -0.684388   -0.233873     0.13834   -0.587158    0.310575    0.170363   -0.145065   -0.435761   -0.231756 -0.00919151   -0.847884   -0.106457    0.125593    0.258014   -0.557316    0.489155    0.473383    -0.36001   -0.557566    0.328638    0.241265   -0.299708   0.0876779
  -0.087867   -0.131007  -0.0886097    -0.34139   0.0582804   -0.695029   -0.561303    0.316361   0.0880078   -0.302941  -0.0867545    0.197625    -0.41141    0.193078  -0.0300499    0.533396    0.184495   0.0743324   -0.079847   -0.183513   0.0586257   -0.145284  -0.0610171    0.294272    0.177264    0.762392    0.292251    -0.53863   -0.300585    0.100478    0.155855   0.0528415
 -0.0613643   -0.542432   -0.243628     0.85008     -0.5717   -0.523622    0.187121    0.223059  0.00373189    0.397602    0.370136   -0.458864    0.475258 -0.00579105    0.216715  -0.0346837     0.12046    0.125083   -0.752494    0.206593    0.312244   0.0790749   0.0489487  -0.0894547  -0.0434757   0.0635498  -0.0748767    0.263425    0.232826    0.398592    0.114481   0.0880326
  0.0282745     -0.2289   -0.468786   -0.615138    0.412416   -0.462256   -0.135704  -0.0803345   0.0994446   0.0551525   -0.189818   0.0408826    0.369732   0.0227046   0.0608161    0.365515   -0.136871   0.0657317    0.790854   -0.450845   0.0934529   -0.568524  -0.0162711   -0.558249    0.188782  -0.0889287   -0.274764   -0.565406   -0.111336   -0.211488    0.410696    -0.10807
 -0.0772411   0.0113572    0.326904    0.276426   0.0338368   -0.348439    0.114252   -0.381346   0.0420199   0.0769471    0.162825   -0.533924    0.250751   -0.244815    0.240945   -0.312689   -0.258881     0.23604    0.319229   0.0269147   -0.626261  -0.0107369    0.164097    0.449764    0.106777   -0.258395   -0.164238    -0.14339   -0.768504  -0.0979493   -0.543447   -0.381646
   -0.03493   -0.220466    0.102208   0.0462228 -0.00142759    0.172616  -0.0154877    0.325853   -0.510422   -0.147514   0.0808083   -0.213807   -0.136968   0.0768336   0.0121955  -0.0510731    0.189595  -0.0494519   -0.268427    -0.25228   -0.381135   -0.236931   -0.144561   -0.607639    0.195783    0.237552    0.136912   -0.162967    0.232098     0.22525   -0.188884  -0.0710757
  -0.188578   -0.185354   -0.370994   -0.390512    0.158988    0.182399   -0.274701  -0.0146423    0.118906   -0.193977    0.242483     0.25305   0.0445133   -0.115192    0.320503     -0.1469    0.134585   -0.206499    0.157726  -0.0494217    0.266811    0.111063    0.226996   -0.283176   -0.195569    0.363834    0.351317   -0.082077    0.126841   0.0602398    0.274467   0.0312254
  -0.380088   -0.261619   -0.468999   -0.474089    0.418127   -0.114867    0.531066   -0.744872     -0.7298     0.51878   -0.373273   -0.670567   -0.653589    0.416689   -0.262829    0.126539   -0.161802    0.285591    0.151189   -0.214124    0.442981   -0.249673   -0.498928   -0.184719    0.428267    0.658042  -0.0381712    0.129655    0.309707    0.349409    0.111589    0.169325
  -0.251623   -0.564188      0.1154  -0.0312618  -0.0339094    0.203491    0.541029    0.651277   0.0663808  -0.0518367    0.157542    0.344064 -0.00181772 -0.00999379 -0.00126193   -0.178516   -0.157254    0.152386   -0.355782   -0.223245    0.237596   -0.423555   0.0775557    0.336202    0.319668    0.111726     0.13005    0.232387    0.170199   -0.139152   0.0889348    0.176229
