   0.267428   0.0737366     0.33956 -0.00270813   0.0747381    0.225974   -0.456353  -0.0841066    0.161346   -0.277851    0.140249   -0.107081   -0.531444     0.55712   -0.386176   -0.136759   -0.301571   0.0449219  -0.0946819   -0.264975 -0.00735497    0.294933   -0.190654   -0.115213   -0.111907   -0.171488   -0.326444    0.158363   0.0985763   -0.313817    0.260316     0.19965
  -0.351012   -0.200992  0.00224838    0.396849   -0.153588    0.295689   -0.403831    -0.37364    0.137536   -0.714559    0.169931    0.527907   -0.132994    0.500577      0.3221    -0.13353   0.0622379     0.24907   -0.602232   0.0727967   -0.124489    0.102584   -0.174298    0.136013   0.0983294   -0.203739   -0.176192     0.03795    0.296147   0.0582382   0.0603338   -0.191845
   0.565157   -0.170865    0.339442  -0.0868092   -0.206423   0.0490085   -0.198564   -0.298972   -0.259579   -0.779983    0.658549  -0.0706689   -0.535423   -0.200563    0.049692   -0.650582    0.479925   -0.242091   -0.489386   -0.105139    0.486673    0.774385    0.564772   -0.323561  -0.0543859   -0.100909   -0.208958     0.34523    0.427717  -0.0655338   -0.137613   -0.281558
   0.641619  -0.0102642    0.236553   -0.416306    0.246732    0.329287    0.552408    0.146202  0.00558672    0.201597    0.195987   -0.606882   -0.198562   -0.420863    0.249528   -0.635733  -0.0339655   -0.931598    0.308922   -0.334146   -0.206509   0.0177182    0.572958    -1.19414   -0.573127   -0.539333   -0.362414    0.268947   -0.126085    0.130599    0.246366  0.00231026
   0.269223    0.188061   0.0694389   -0.227835   -0.523192  -0.0569766   -0.381613   -0.454814   -0.573627   -0.517938    0.332639   -0.271791   -0.131323    0.521049    0.244502   -0.163107  -0.0940061   -0.736291   -0.173364   -0.570822   -0.303745    0.571366    0.612245   -0.375077   -0.502377   -0.144695   -0.332414    0.519371   0.0801191   0.0703002    0.759274    0.338618
   0.028515   -0.405869   -0.216258  -0.0531392  -0.0874136    0.446105 -0.00863334   -0.129335    0.606229    0.458797    -0.10756    0.395792   0.0669644  -0.0863626   -0.515558   -0.435743   0.0670114    0.349561    0.534956    0.179718     0.14755   -0.219163    0.145071   -0.378886   -0.133734    0.825941  -0.0396537  -0.0322554    0.460723   -0.137771    0.387658    0.140975
  -0.294276    0.814231   -0.576166   -0.030916   -0.659075    0.114929    0.360461   -0.279379    0.263617    0.449267   -0.273271  -0.0602062   -0.677163   -0.120627   -0.122525     0.33961    0.455911   -0.646336  -0.0364048     0.31874   -0.194989    0.133455   -0.239197    0.355874    0.010775   -0.283622    -0.16155   -0.448728    0.549896    -0.37844    0.201927    0.176134
 -0.0217828   -0.168896 0.000305659   0.0363469   -0.437876  -0.0288562   -0.136232    0.119081   -0.465506   -0.219799    0.495708   -0.113165   -0.588695    0.183911    0.044645   -0.587303  0.00432412    -0.69902  -0.0931934   -0.079444  0.00164178  -0.0267222  -0.0241669   0.0949957   -0.230546    0.152339     -0.2201     0.41456    0.219887   -0.310746  -0.0100289   -0.147375
  -0.120514    -0.36053   0.0755208   -0.315749   -0.121621   0.0890005    0.248706   0.0429571  -0.0959019   -0.264365   -0.377959     0.22651   0.0580109    0.518954   0.0865305   0.0595913    0.579565  -0.0301306   -0.157559    0.383257  -0.0809534    0.158731   -0.034087    0.377899   -0.393527   -0.559631    0.372319    0.402248    0.470891   -0.189458   -0.296605   -0.362264
  -0.319224    -0.31577   -0.172611   0.0925583    0.177323   -0.189023    0.230322   -0.172471   0.0100425 -0.00126105   -0.161634    0.170881   -0.143212  -0.0479725    0.126925   -0.120933   0.0501213   -0.229994   0.0314865    0.190412   0.0736296   -0.241405    0.156903   0.0533675    0.146204   0.0314838   0.0819453   0.0834902    0.441526   0.0260902  -0.0147801   -0.441855
 -0.0203553  -0.0756103   0.0372423  -0.0329157     -0.1689    0.160832   -0.125943   -0.292273    -0.10423   -0.448386    0.251218   0.0643453   -0.425933    0.355156    0.212382   -0.219153   -0.222372   -0.619408   -0.220327   -0.138295    0.013786   0.0863942   -0.056431    0.613784    0.142307   -0.226869   0.0773317   0.0469408   -0.474002   0.0922747 -0.00957101    0.389523
   0.189381   -0.399333     0.67255   -0.361047    -0.11859  -0.0645243   -0.066279   -0.222358    0.319999    0.549827    0.464237    0.916714   -0.191086    -0.45017   -0.446099   -0.372234    0.689829    0.408901  -0.0584242   0.0938357    0.501908   -0.136292     0.27922   -0.136976   -0.285697   -0.124748    0.337371    0.525864   -0.037666    0.225892   -0.251718   -0.276078
  0.0141902    -0.22404   0.0311878    0.524814    0.290035   -0.207892   -0.048945    0.175817  -0.0275504   -0.208639    0.126168    0.101085   -0.370102    0.116892    0.232257   -0.269367    0.121312   0.0250108  -0.0503759   -0.402511     0.42027    0.112458    0.208639 -0.00477107   0.0314491   -0.214155    0.107672    0.423341   0.0682966  -0.0946121    -0.37227   -0.188695
  -0.548432    0.548867   0.0158677    0.262479   -0.531592   -0.148052    0.242392   -0.217155    0.454399   0.0351645    0.191286    0.526101    0.253074   0.0231269    0.224408   -0.322764    0.258055   -0.209785    0.548649     0.34939   -0.279793   -0.396185    0.290062   -0.204561    0.328497   -0.139765    0.109383  -0.0972931   0.0809393   -0.144226    0.458542   -0.804647
   0.201437   -0.266892   -0.218139  0.00221716  -0.0267614     0.22043   -0.148949    0.456407   -0.442365    0.517761   -0.287423   -0.122445   0.0853483    -0.56222    0.207767    0.301417    -0.37251   -0.574806     0.10244   0.0288369   -0.414227    0.259054   -0.263342   -0.178058   0.0155254   0.0642162   -0.254046  -0.0971463   -0.359298   -0.148671   -0.194851   -0.403376
   0.456615   -0.124688   0.0234788   -0.229349   -0.151459   -0.119847   0.0232765    0.148907    0.259888  -0.0104934   -0.273424  -0.0339107    0.285135  -0.0830421    0.081245    0.110271   -0.232593     0.17053     0.20096  -0.0852665    0.179835   -0.876268   -0.195625   -0.111921   -0.300811 -0.00751856   0.0574543    0.297516 -0.00933006    0.331139   -0.598657  -0.0874664
  -0.349522   -0.145339      0.4283    0.235531    0.135368     0.20859     0.77353   0.0867502   -0.160325     1.03268   -0.465498  -0.0935108    0.285972    -0.70852    0.096266  -0.0331398   -0.592071  -0.0276732    0.391217    -0.24212    0.246885   -0.082982   0.0197332   -0.264269    0.056813   -0.555032   -0.595555    -0.28526    -0.11019   -0.419597     0.13982   -0.307753
   0.500405  -0.0917475    0.831027    0.289251   0.0927626   -0.191465    -0.33278    0.201108    0.240226    -1.08678    0.380192   -0.314204   0.0454713  -0.0266114    0.469558    0.167753   -0.148318    0.430066   -0.274551   0.0510121    0.208956   0.0558608     0.15595    0.307357    0.152622   -0.181977    0.074618    0.554302    0.287253    0.162308   -0.118695    0.362509
     -0.311   -0.122956   -0.592535    0.380793  -0.0897852   -0.235395   -0.450735  -0.0579372   -0.263104    -0.38319    0.153497   -0.172728  -0.0535622    0.121166    0.204611    0.191105     0.19941   -0.128614   -0.154639   0.0396113   0.0522155   0.0521641    0.122807    0.231474   -0.130548    0.119935   -0.150007   -0.111701   -0.073782    0.170247   -0.224596   -0.195288
  -0.361536    0.199358   -0.287565   -0.672104   -0.143724   -0.358905   -0.136804    0.269006    0.461739    0.865897    0.127281     1.18767    0.500369   -0.531441  -0.0629521    0.484697   -0.184547 0.000591169   -0.424153    0.251315    -0.32123    0.246793    -0.33243   0.0204904    0.203114    0.846566    0.240203   -0.260231   -0.445576   0.0295599   -0.373294   -0.691297
   0.776497   0.0988515  -0.0710911   -0.183723   -0.493738   -0.125113  -0.0316597   -0.323325   -0.201132    0.103376    0.513126      0.1429   -0.564213  -0.0466528    0.727581    0.230664    0.462259   -0.338226   0.0968411   0.0742346    0.147226    0.531858    0.152051    0.495592   -0.299755    0.173065   0.0290925    0.412142    0.465806    0.143378   -0.542713  -0.0709168
  0.0896273     0.46455    0.180007   -0.227736    0.275286   0.0483916    0.197422   0.0985055    0.327335    0.267751   -0.188176    0.514542   -0.505788  -0.0446369    -0.89749   -0.287225    0.077195   0.0543601    0.187556   -0.118759   -0.318712   -0.425288    0.199902     0.21347  -0.0340612     0.61714    0.433825   -0.595382   -0.486694   -0.271014     0.35746    0.521293
   0.261028    0.181034    0.155285    0.065877    -0.55875  -0.0474332     1.08577   0.0739278   0.0338229    0.897585    -0.33419    0.359404    0.204268   -0.268714   0.0960675   -0.196618   -0.151075   -0.298372     0.21605   -0.373358    0.100204   -0.312693   -0.432073    -1.06897   -0.212417   -0.547792     0.23297    0.245773   -0.052065    -0.53952     0.15112   -0.297093
   0.566536   0.0972491    0.430517   -0.088502    0.289461    0.473201   -0.952355 -0.00992808   -0.641552   0.0959241    0.398164    0.783621   -0.135039   -0.347608    -0.33974   -0.511494    0.208803    0.499731   0.0900407     -0.7122   0.0242513   0.0589863    -0.30892   -0.176232    0.629343    0.714317 -0.00286684    0.124877   -0.548066     0.20033  -0.0782926   -0.193099
   0.192017    0.358002    0.203593  -0.0130182   -0.143509   -0.262995     0.64568    0.135973   0.0808227    0.200348    0.191221   0.0804965    0.342832  0.00883357  0.00643593    0.358856   -0.257004    0.549913   -0.467082    0.103617    0.117791    0.387918  -0.0854211    0.155864   -0.181191    0.319146   -0.675691   -0.151076    0.211505  -0.0944314   0.0502191  -0.0292624
 -0.0909754    -0.47768    0.411412    0.421657    0.804475   -0.209764    -1.01594    0.664737   -0.484711   -0.750359   -0.123223    0.287405   -0.667631    0.243634   0.0474766    0.268159   -0.154469    0.664432   -0.525295   -0.356128    0.349547   -0.366589    0.123895  -0.0705776  -0.0079423   0.0142794   -0.283704    0.246046   -0.188588    0.740301   -0.271196    0.515734
  -0.174113    0.645174   -0.501057   -0.342021   -0.638556   -0.173927    0.326337    0.467035     0.23001   -0.180885   -0.537706    0.177905   -0.267864    0.533227    0.149274    0.203358    0.368568   -0.135262   -0.330007    0.432662   -0.623718   -0.266308   -0.147294  -0.0824714    0.171484   0.0967236    0.396742    0.286647    0.144576   -0.199856   -0.253609   -0.408365
  0.0115658    0.308661    0.643992  -0.0160711    0.133603  -0.0237094    0.132541   -0.156522   0.0363929  -0.0938637    0.172145     0.28511    0.477336 0.000592876    0.298799    0.410988    0.402472    0.140861   -0.151916   0.0442407    0.326355   0.0366645   -0.110318   0.0777382   -0.315297    0.751567    0.183782   -0.201035    0.147465     0.44215    0.123724   -0.397667
  -0.493259   -0.425695  -0.0758199   -0.195364    0.211099    0.154725   -0.116199   -0.201663   0.0496972    0.655532    0.411045    0.169904    0.319196   -0.202761   -0.338814    0.019746   -0.233373    0.691956    0.302189   -0.168965      0.2139  -0.0689868   -0.331263   -0.469758  -0.0401116    0.360974  -0.0390839   -0.278054   -0.686818    0.129567    0.347083 0.000212071
   0.444314  -0.0921786    0.460469    0.410927    0.182285   0.0466481   -0.213842   -0.502953   -0.310911    -1.08581    0.440606   -0.700101    0.177442    -0.31791    0.606276   -0.235022    0.127423   0.0376284   -0.555993   -0.118352    0.012299    0.387034    0.175083    0.479324    0.346254   -0.105542  -0.0066146   -0.252519   -0.130279    0.332028   -0.206743    0.153699
  -0.595324    0.411639  -0.0315831    -0.16084  -0.0262815  -0.0854765    -0.50039  -0.0599806   0.0633488   -0.611191     0.13728    0.256319    0.430311     0.35337    0.288106  -0.0327527    0.166298    0.641737  -0.0368107  -0.0312866   -0.261481    0.118874   -0.261386   -0.312731    0.657903     0.49666    0.527328    0.223911   0.0105567    0.523767    0.549031    0.171099
  0.0598138    0.402247    0.024666   -0.658197   -0.445806   0.0546493   -0.191273  0.00554708    0.159244   -0.393806    0.013965   -0.681374   0.0953604   -0.179289   0.0474302    0.154461   -0.205494   0.0954131   0.0544948   0.0441306     0.16218  -0.0413862  -0.0543512   -0.437262    0.147261    0.141776    -0.03629    0.059015  -0.0761764    0.404791    0.451626    0.227024
