   0.946376
   0.930947
  -0.478367
  -0.721093
  -0.353083
    -0.3334
   0.313153
   0.171991
   0.167363
   0.693324
   -0.61449
  -0.502199
  -0.529366
   0.120188
   0.303247
   -0.86449
  -0.447849
   0.824967
   0.413094
  -0.438806
  -0.385388
  -0.286502
  -0.479892
  -0.368717
 -0.0762491
  -0.678903
  -0.308369
   0.290684
   0.337535
   0.355587
  -0.379935
   -1.20265
  0.0397017
  -0.228799
  -0.518717
    0.17285
  -0.236274
  -0.298322
   0.327344
   0.731193
-0.00362995
   -0.95374
 -0.0456348
  -0.234683
  -0.156223
   0.287497
  -0.260415
  -0.101848
  -0.216767
  -0.294706
  -0.330624
   0.332158
  -0.767855
   0.333078
  -0.360147
   0.120258
  -0.247992
   0.492855
    0.30551
  -0.474142
  0.0260483
   0.362668
 -0.0596264
  -0.270249
  -0.721612
  -0.632882
  -0.236461
  -0.116242
  0.0862121
-0.00686404
  -0.444456
 -0.0383463
  -0.237207
    0.14688
 -0.0794848
   0.679557
  -0.180922
 -0.0175275
    0.17358
  -0.250557
 -0.0532348
  -0.581726
  0.0275264
  -0.493989
   0.246198
  -0.654803
   0.571814
   0.684114
  0.0353985
   0.710368
  -0.261041
  -0.400651
  -0.271207
  -0.376149
  -0.173051
  -0.711265
    0.30538
  -0.305086
   0.200166
  -0.723483
 -0.0491068
  -0.224773
   0.344066
  -0.133728
  -0.108087
   0.425216
   0.409664
  -0.487919
   -1.20744
   0.438984
  -0.225038
   0.170705
  -0.535578
  -0.509842
 -0.0766452
 -0.0773198
 -0.0838997
     0.1043
  -0.375457
 -0.0548086
   -0.54384
  -0.506709
    0.31393
  -0.760216
   0.907941
  -0.188018
   0.078446
  -0.558541
