-0.00842655
  0.0667092
   0.164668
 -0.0127176
  -0.330411
 -0.0748775
  0.0246748
 -0.0409881
 -0.0795184
-0.00639562
  -0.232951
  -0.109054
  -0.219695
  0.0391004
  -0.102617
    0.31385
   0.167655
 -0.0774302
   0.193905
   0.236473
   0.116694
  0.0179557
-0.00690482
   0.122703
  0.0149115
  -0.112404
 -0.0920261
   -0.20796
  0.0659973
   0.234709
  -0.122406
  -0.179877
  -0.204434
  -0.141079
   0.232913
  0.0201118
  -0.456707
-0.00186099
  -0.122392
  0.0650176
  -0.217001
  -0.136245
 -0.0385725
  0.0881912
  0.0765354
-0.00752595
  0.0839953
  0.0716677
   0.312086
 -0.0848057
   0.129652
 -0.0715623
   -0.14794
   0.281382
   0.082675
  0.0821192
  0.0466313
 0.00356264
 -0.0100628
  -0.123629
  0.0317797
   0.115452
   0.187601
  -0.355054
 -0.0748594
  -0.222326
   0.119148
   0.130836
-0.00439505
 -0.0365046
 -0.0753846
 -0.0664097
  -0.105423
  -0.269173
 -0.0338092
  -0.156207
 -0.0225471
   0.082081
 -0.0769399
 -0.0493758
  0.0665789
   0.232791
   0.240017
  0.0185724
  -0.160984
   0.195938
   -0.11823
  -0.118227
  0.0936652
   0.307146
 -0.0825514
 -0.0897499
  0.0687709
  0.0718257
  0.0944581
 -0.0627341
-0.00614907
 -0.0727889
  -0.201917
 -0.0968055
  0.0475664
   0.168823
  -0.280967
   0.419361
 -0.0361096
 -0.0628049
  0.0139873
  0.0459931
   0.489417
  -0.305263
 0.00748408
  -0.116933
  -0.279266
 -0.0414265
   0.260145
   0.144021
   0.121748
   0.279454
  -0.337532
   0.131693
  0.0557786
   0.114599
   0.104608
   0.396123
  0.0248618
 -0.0729706
  -0.317585
  -0.353972
