   -0.239305    -0.146457    0.0244146  -0.00623688    -0.210855    -0.045003     0.256635    0.0173818    -0.272048    -0.197003   -0.0507202    -0.229278      -0.3428     -0.25752    -0.154153    -0.284091     0.185077     0.093555    -0.410611     0.183936    -0.229544    -0.264279     0.142912     0.271642   -0.0449755     -0.08419   -0.0693157     0.178854    0.0827517    0.0437385    -0.428426     0.276734
    0.295223      0.18615    -0.226425     0.143364  -0.00309355     0.158118   -0.0443568    -0.240729     0.303913   -0.0178028     0.130114    0.0557933     0.174959    0.0949055     0.096272     0.188228    0.0747341    0.0972598      0.29148    -0.279012   -0.0843598     0.205449    -0.163656     0.171532   -0.0762268     0.177537    0.0299123    -0.325722    -0.154314   -0.0525054     -0.13354     0.135967
   0.0978837   -0.0658021   0.00302362   -0.0282485     0.520811    -0.270591   -0.0345626    0.0701106    -0.103886   -0.0609692  -0.00887338    -0.172407    0.0699645   -0.0529351     0.110172    -0.036724     0.111326    -0.104991     0.307496   -0.0659193    -0.377047    0.0887032    -0.139202   -0.0860517   -0.0221476    -0.257811    -0.124587     0.106665    -0.307518    0.0207257      0.22511     0.120203
   -0.322153     0.230018     0.290624     0.229896    -0.352461    -0.033808          0.2     0.130765      0.15516    0.0270656    0.0423154     0.122785    -0.358347     0.172352    -0.280786    -0.445893     0.248885     0.182788   -0.0641071    0.0376629     0.265615    -0.155245     0.251848     0.282412    -0.228068   -0.0930373    -0.197475     0.131013     0.103111    0.0179984   -0.0131312      0.13413
   -0.203639     0.250451     0.272547    0.0575615   -0.0351742   -0.0790829   -0.0986331     0.162825    -0.241647     0.147275    0.0486798   -0.0173596      -0.1581     0.100568    -0.215718     0.133735    -0.049077    -0.136562    -0.229634    -0.136148     0.171209    -0.105917     0.168099    0.0444509    0.0513769     0.157417    -0.152144  -0.00384441     -0.10766    0.0677503     0.132867    0.0909299
   0.0884811   -0.0793372    -0.455455    -0.143318      0.22736    -0.229142     0.123858    -0.195671     0.254105     0.043798     0.312222     0.128422    -0.250267      0.12697     0.060819   -0.0707043     -0.11079    -0.244441    -0.169452    -0.220012   -0.0800139     0.151917    -0.106777    -0.502423    0.0720929    0.0833768    -0.266589   -0.0316857     0.122865  -0.00630951   -0.0573727  -0.00378491
   0.0673848    0.0638291     0.333924     0.247796    -0.106815     0.073408    -0.124039     0.345028     0.204031    0.0516285    -0.248245     0.156951  -0.00211248    -0.260229     0.280881    -0.134522   -0.0778301   -0.0721449    -0.112695     0.243693   -0.0485074    -0.155043     0.375562     0.242579    -0.106965     0.145405     0.198434     0.357158    0.0639171    0.0196419     0.331203    0.0129376
    0.391258   -0.0594489     0.398704    -0.237528   -0.0107131   -0.0999706     0.161946    -0.128976    0.0342978    0.0242522    -0.200847    -0.286647     0.172114     0.373916   -0.0880238   -0.0419448     0.381993    -0.156684     0.377676   -0.0621001   -0.0182951     0.103098    -0.268967    -0.341969     0.482275     0.206423     0.122948     0.344237    0.0132216     0.322042   -0.0439608    -0.188324
    0.225534    -0.143162    -0.332243    -0.142503     0.212109    -0.312621    0.0387756  -0.00327252     0.439978     -0.18951    -0.332356    -0.223351    0.0991346   -0.0239231    -0.189456     0.288713    -0.128218   -0.0264806     0.103589    0.0314267   -0.0789587     0.179427     0.229306     0.164173    -0.241262   -0.0304955    -0.179228    -0.228158    -0.436237   -0.0261745     0.035569     0.511905
   -0.106115    -0.328193    0.0331052    -0.151597      0.27741   -0.0299178     0.216197     0.361648    -0.122017     -0.26267     0.121589    0.0863218    -0.212761   -0.0175693    -0.125691    0.0921141   -0.0910045    0.0567026    -0.045553     0.129912    -0.125381     0.158491     0.385114     0.125362     0.306149    -0.382566   -0.0240061    0.0594374    -0.151212   -0.0890969    -0.133632    -0.093052
  -0.0493828     0.050165     0.243302    0.0643609     0.146187    -0.199184     0.182632     0.153955   -0.0217154   -0.0836252    0.0562147   -0.0157289     -0.47107     0.182344     0.157945   -0.0190662    0.0131367    -0.187892     0.238642    0.0880409     0.144427    0.0845055     0.184943    0.0321105   -0.0787257     0.309392     0.182769     0.199912    0.0171564    0.0593713    -0.349341     0.102179
   0.0938748   -0.0461465   -0.0920962    -0.167362    0.0620432    -0.271922     0.309658    0.0417345    -0.028131    -0.117299     0.154021   -0.0816975   -0.0164249     0.284401   -0.0279836     0.111803     0.114863    0.0616313     0.248951    -0.398277      0.17335     -0.28717    -0.142469    -0.226826   -0.0934507     0.293003    0.0583761     0.194607     0.348373     0.332492         0.14     -0.15129
 0.000706526      0.31595     0.113536    -0.199556     0.467369   -0.0890805   -0.0579962    0.0178571   -0.0893245    0.0655211    -0.123644    -0.102709     0.352353    -0.101112   0.00968379   -0.0516624   -0.0574358    -0.129101     0.135055    -0.224515   -0.0515761   -0.0558387     0.203708     0.436175    0.0579217    -0.283005    0.0728822   -0.0791556       0.2224   -0.0591399    -0.126795     0.118905
    0.223058   -0.0238139     0.140429   -0.0997326  0.000837075    -0.121747     0.302354     0.229952     0.269348    0.0881171     0.123795    -0.323751    -0.435624     0.162125   -0.0425682   -0.0381803    -0.132434      0.20518    -0.284758    -0.136162   -0.0935072    -0.142752    -0.144936    0.0861712   0.00524601     0.195545    -0.139454   -0.0724037   -0.0612632    -0.194911   -0.0175299     0.109948
   -0.174493    -0.152038     0.112105   -0.0309934     0.207935     0.260452     0.305364     0.094321     0.285904    0.0323531    -0.207721     0.530992     0.119007    -0.164763   -0.0316402   -0.0082076  -0.00166338     0.206088  -0.00412313   -0.0528093  0.000517262    -0.117381     0.120963   -0.0626124    -0.160456     0.130935     -0.18139     0.165846     0.523534     0.158258   -0.0719937     0.157201
   -0.110767    -0.226651     0.251782    0.0538518    0.0330781      0.11656     0.150908   -0.0443304    -0.125081   -0.0543797     0.145061     0.146803     0.106607     -0.22974     0.215355   -0.0466032 -0.000709699    -0.231129     0.198934  -0.00155492      0.15279    -0.109467   -0.0610681     0.100859   -0.0314064    -0.167239    -0.200359    -0.202609    -0.064495     0.127081    -0.273661     0.170758
   -0.217932    -0.347074    0.0625851    -0.244381    -0.191539    -0.470929     0.149093      0.14117    -0.122064      0.11817   -0.0704329     0.251446    -0.386773     0.192808    0.0509942    -0.181536    0.0876745    0.0422649    -0.125849    -0.132693     0.133283   -0.0424256     0.273698  -0.00129569     0.146947      0.39942    -0.121938     0.125233     0.182068    0.0434074    -0.114702     0.137027
  -0.0173779    0.0347044    0.0628326    0.0839932   -0.0217038     0.202441    -0.152403     0.115682  0.000619379     0.237905     0.131579     0.121386    -0.278937    0.0874501   -0.0948733   -0.0444661    -0.254709      0.10778    0.0161974   -0.0207563     0.300005      0.20499    -0.128998    -0.221295    0.0523392     0.290673     0.213916    0.0533327     0.398223     0.216035    -0.054681   -0.0970093
    0.200076    0.0263974    0.0479564    -0.104307    0.0481055    -0.244919    -0.226296    -0.253314     0.395941    0.0984074   -0.0884864     0.264019    -0.277425     0.285243    -0.179441   -0.0395984   -0.0332888     0.152888       0.1064    -0.264714     0.311166    -0.255545     0.043691    -0.053331     0.153313     0.477411    0.0295998    -0.249772     0.122665      0.39307     0.215028     0.134116
  -0.0420492     0.187385     0.030174      0.23133    -0.159232    0.0342124    0.0904933    0.0684989    -0.142406    0.0927081    0.0717162     0.199489    -0.169488     0.108505    -0.049812    0.0748662   -0.0697634    -0.263585     0.133923    -0.196317    -0.294313   -0.0282038    0.0670032    -0.240364     0.299503    -0.287729    -0.197217     0.285332    0.0469526      0.27781    -0.219914    -0.188277
     0.10146      0.21018     0.135496    -0.126159     0.275803     0.229014     0.296845    -0.138653    -0.015145    -0.127438   -0.0656808    -0.174128    -0.191808    -0.322936     0.117545     -0.32181    0.0644383     0.196791    0.0327783    0.0219695     0.114046     0.249288     0.110777    -0.337167    -0.148969   -0.0903661    0.0985262     0.183343     0.201447    -0.125921    -0.360456     0.152895
    0.163068    -0.211381     0.331447     0.362931    -0.265676     0.375495    -0.169355     0.236176    0.0935489     0.103033     0.067045     0.192658   -0.0135829     0.345854     0.114867    -0.193182     0.176582     0.153312     0.080365    0.0262183   -0.0467981    0.0859594     0.158414   -0.0471895     0.117222     0.243446    -0.112954    0.0922904     0.193409     0.333859    -0.291395    0.0922966
    0.342092    0.0515166   -0.0312217   -0.0671993     0.113933    0.0613011    -0.170412    -0.249804     0.383835     0.147664    -0.332708    -0.535529   -0.0462431   -0.0573115    0.0642845    -0.174351      -0.1681    -0.154685    -0.172872    -0.169798    0.0785171     0.288631    -0.347859    -0.175618     0.135461     0.199125    -0.301794    0.0709217    -0.206253     0.166975      0.34378     0.298822
  -0.0575269    0.0652242    0.0550682     0.551503    -0.443239  -0.00891809     0.249116    -0.130147    -0.012772     -0.25347     0.315556    0.0310285     0.198795     0.249483   0.00735417   -0.0370591   -0.0360508    -0.132964    -0.107849     -0.53927   -0.0377356    0.0176711    -0.181356    -0.144171     0.462543     -0.15662    -0.183303    -0.149146    -0.102166     0.160056    0.0477527    0.0601311
   0.0230916     0.326412    0.0707279    -0.254598    -0.238268     0.152894     0.199259    -0.136654     0.273797   -0.0888493      -0.3478    -0.183125      0.10402     0.379807     0.532849     -0.17632     0.154034    -0.386132    -0.252787     0.141847     0.101287    -0.205096     0.141206   -0.0576773     0.072539     0.164426    -0.170145     0.694344     0.199726    0.0632471     0.308565   -0.0481469
    0.183487  3.94931e-05   -0.0374289    -0.555732    -0.108716     0.259257   0.00228438     -0.29466  -0.00839751    -0.184853    -0.238911     0.141826    0.0459103   -0.0120358   -0.0303348     -0.14098    -0.414893    -0.255014   -0.0719033   -0.0879317     0.110984   -0.0433678    0.0808598  -0.00683982      0.22116     0.117155    -0.187847     -0.20174     0.314702    0.0437479     0.132994   -0.0549403
    0.213482    -0.030481    0.0450807    -0.233914     -0.16756     0.161712     0.105095    -0.207155    0.0853153    -0.093212     0.192526   -0.0705035   -0.0034301     0.124096     0.100391    0.0784652     0.059495    -0.230352     0.178625    0.0742664    0.0142889      0.34313   -0.0288547   -0.0196468     0.153837   -0.0975335    -0.355446     0.119348     0.216913    -0.042326   -0.0969032     0.161789
  -0.0730516     0.203968     0.143294   -0.0537544    -0.125746     0.248892     0.241346    -0.202452      0.18072    -0.227222   -0.0640472    -0.295765     0.143182   -0.0816809     0.445864    -0.301011   -0.0842717    -0.204706   -0.0569552    -0.144417    -0.179537  -0.00881875     0.138583    -0.258499    -0.327116     0.116809   -0.0756147    0.0360122    0.0341747     0.389798     0.344792     0.202017
    0.510797     0.388162    0.0277238   0.00929616     0.107079   -0.0939253    0.0555686    -0.157257     0.153805    -0.369585    -0.204354    -0.248735  -0.00854732     0.353909   -0.0569528    -0.293034   -0.0110874     0.124809    0.0853663   -0.0862697     0.306452   -0.0158685    0.0260516   -0.0152361     0.132895     0.305243    -0.167227    -0.312394    -0.285931   -0.0286955    0.0398292     0.315304
   -0.391542   -0.0978027    -0.110756     0.109465    -0.258344     0.227629    0.0974334    -0.048104      0.17687    0.0529592     0.293006     0.225965    -0.203442    -0.407127    -0.120105    -0.165517    0.0964319    0.0946436     0.121317    0.0818518    0.0592158   -0.0241272      0.12988    0.0567528     -0.40354    -0.119985    -0.155882     0.147647     0.231203    -0.107247    -0.177365    -0.296059
   0.0228923   -0.0895965   -0.0165839   -0.0543676    -0.103114    0.0288925     0.257991     0.315798    0.0952939    -0.239234    -0.219066     0.255736    -0.199352    0.0908881    -0.180998    0.0800989    -0.146078   0.00880092    -0.179261    -0.120149     0.124576    -0.138493    0.0979792    -0.121555    -0.149924    -0.232688    -0.218292     0.347059   0.00509573     0.114004    -0.465122     0.207919
   -0.240462    -0.197577    -0.128514    -0.134865    -0.188076     -0.20177     0.247179   -0.0589691    0.0793056    -0.222529    -0.302214   -0.0826073    -0.255965   -0.0252818    0.0940417    -0.278956    0.0457683     0.223037    -0.274903   -0.0172528   -0.0901549    0.0053723     0.447588   -0.0626219    -0.374352     0.198453    0.0162411     0.372561   -0.0390689    0.0994213     0.219708   -0.0256187
  -0.0694564     0.261163    -0.172543      0.07177    -0.183129      0.40299    0.0953109   -0.0949986    -0.276227   -0.0451121   0.00369114    -0.152098    0.0853836    0.0303697   -0.0171966    -0.014311      -0.1484   -0.0623566    0.0823491    -0.155031     -0.31404    0.0956257     0.413229     0.438662    -0.438526    0.0299049     0.337858     0.146044    0.0662727    0.0232297    -0.120948     0.117204
    0.144156     0.233395     0.209819   -0.0227643     0.131312    -0.070343    -0.173689    0.0173728     0.135646    0.0423341    0.0941547     0.126203    -0.190169    -0.171436    -0.145726    -0.327383   -0.0299325   -0.0737902   -0.0746176    -0.383904    0.0728615    -0.178514     0.194168     0.128385   -0.0627337     0.238613     0.131515     0.252788     0.314092    -0.012795   0.00730553     0.206339
   -0.110093    -0.171613    -0.176706     0.283301    -0.378549     0.198669    0.0673356    0.0728516   -0.0424924      0.23818   -0.0132411  -0.00258901   -0.0633908    0.0426897     0.300186    -0.448949  -0.00611368    0.0317801    -0.234224       0.2117     0.111341     0.181982    0.0612849   -0.0273873    0.0547633   -0.0468878     0.139671   -0.0630336     0.443835    0.0538147    -0.116876     0.235837
     0.25758   -0.0521193    -0.253187      0.23885    0.0769461    -0.276408   -0.0443687    -0.218933    0.0441659     0.192837      0.23638     0.226852   -0.0410323    0.0484815     0.108817    -0.165675    0.0945056   -0.0645928   -0.0697829    -0.149456  -0.00368306   0.00556099   -0.0726571    -0.173697     0.263611     0.150957   -0.0344461     0.194446    0.0945577      0.13266     0.210367    0.0847703
   0.0557512    0.0763649   0.00104449     0.060517      0.16099   -0.0294828   -0.0752569    0.0249444    0.0304973   -0.0812765     0.208107    -0.195636     0.112149   -0.0729729    0.0880557     -0.11906     0.186081     0.104076   -0.0670912   -0.0466657     0.294831    -0.168363     0.125448    0.0464695    0.0869485    -0.153491   -0.0846332    -0.142444    -0.143814    -0.215334   -0.0545938    0.0496851
    0.154293   -0.0302594     0.200281     0.155224     0.344023   -0.0662567    -0.172775    -0.256125    -0.415365    -0.120492   -0.0056611    -0.207873    0.0634343     0.225007     0.199244    -0.105136    -0.557808   -0.0752138   -0.0968747    -0.284376    -0.357846     0.133451    0.0732193    0.0849406    0.0824773    0.0424398   -0.0691955     0.368551    -0.119899     0.405743    0.0336692   -0.0962179
   0.0845324 -0.000850117     0.171397   -0.0641497    -0.207255     0.140312    -0.301141     0.337175     0.292349     0.290651     0.121089   -0.0227759    0.0307131     0.033001    0.0406214    -0.217297   -0.0992876     0.116768     0.209592     0.132488   0.00295648    -0.117348    -0.091622    -0.220254    0.0739386   -0.0555328    -0.111552     0.177103     0.189023     0.231138   -0.0373926    -0.242281
  -0.0898081    -0.186099     0.102581     0.150817   -0.0844008   -0.0988139     0.127965     0.254852    0.0552133   -0.0970315     0.138336   -0.0365306    0.0849351      0.30877   -0.0132695    -0.201616   -0.0954323   -0.0334207    0.0474766      0.08714     0.281193  -0.00906817    0.0823127    -0.111916    -0.279351    0.0212057    -0.196071    0.0360944   -0.0686131      0.20166    -0.135961    0.0617034
  -0.0538715     0.214715    -0.163358    0.0699956     -0.11517    -0.127979    -0.160461     0.163085     0.356239    -0.125308    0.0110039    -0.158688    -0.147133    -0.338292     0.337904     0.110813     0.104131    -0.121868    -0.308968    -0.120993    -0.104132    -0.102659    -0.101748     0.250468   0.00118426    0.0366957    -0.104758    -0.274947   -0.0923349   -0.0555247    0.0509562    0.0359045
   0.0988788     0.582328      0.65431    0.0336744    0.0825001     0.371319    -0.246982    -0.114869     0.558282    -0.387345   0.00352603    -0.721869   -0.0582693      0.42518    -0.109623      0.57884     0.194121    0.0179869     0.128178  -0.00616807     0.457934    0.0323206    -0.584454    -0.432652    0.0699716     0.728672    0.0686164    0.0379404     0.297208     0.193365    -0.190687    -0.534594
    0.101506    0.0330838     0.328284    -0.450118     0.152945    0.0220258     0.112344   -0.0694863     0.291955     0.335393    -0.132792    -0.572236   -0.0100901      0.19457   0.00260114    -0.377014     0.164894    -0.161561    -0.194148    -0.344069    0.0535567    -0.153422     -0.10457    -0.339393   -0.0105632     -0.28159  -0.00405668   -0.0125235    0.0741402     0.071991     0.424454     0.404931
    0.133306    -0.356929     0.182068    0.0932483     0.444424   -0.0622274     0.120316    -0.549112    -0.127721  -0.00875524   -0.0116342    -0.112658    -0.150917   -0.0966877  0.000292422    0.0234918     0.181228  -0.00802548    -0.219119    -0.254222    -0.094236  -0.00010334    -0.139526    -0.126842    -0.267004     0.446517     0.121996     0.185683     0.336731     0.172306     0.223991  -0.00851304
    0.106263    0.0111703   -0.0689451    -0.249013    -0.260517    0.0647374     0.101865    -0.329977     0.213283    0.0878871    -0.218748     0.045549  -0.00740212    -0.186999    0.0120808  -0.00693875    -0.203269    -0.116867    -0.102486    -0.107533      0.12974    0.0782418     0.158369     0.116001    -0.137297     0.055747   -0.0502627   0.00380061    0.0377264    -0.115344    -0.160949     0.129996
    0.113342    0.0196488    0.0902816   0.00855817      0.04977    0.0814743   -0.0977182     0.112164   -0.0598635    0.0557679     0.108091    -0.249725    0.0382324     0.309147    0.0697237    -0.144529     0.144751     0.112726    -0.151976    -0.208266     0.222854    -0.213125    -0.159848   -0.0464365     0.347823    0.0227498     0.101923   -0.0646925    -0.111818     0.289112    -0.169024     0.139553
    0.247497     0.249039     0.347427    -0.209433   -0.0641238   0.00357107    -0.135547    -0.625882    0.0875027    -0.331426     0.429697    -0.210733    0.0768181     0.036362   -0.0327695   -0.0472437    0.0671657    0.0408467    0.0719794    -0.499962  -0.00589428    -0.108429    -0.182715    -0.328174    0.0746623    -0.104013    -0.121088     0.137948    0.0113902     0.140333    0.0644398    0.0279948
    0.345815    0.0176523    0.0834564     -0.28228     0.497965    -0.500522     0.213575   -0.0240047      0.26431    -0.154682    0.0437301    -0.079619   -0.0288968   -0.0235315     0.147994     0.220055    -0.225469    -0.158018   -0.0701973    -0.130415    -0.177214   -0.0556409    -0.170254   -0.0967098    -0.178715      0.31892    0.0812235    -0.168745    -0.198772     0.163563         0.53   0.00803237
   -0.145451     0.224249     0.012938     0.208055   -0.0544377   -0.0129893    -0.223197    -0.131417     0.055347    -0.119745   -0.0184054     0.112253     0.175996     0.315944     0.173669    -0.195216    0.0897116    -0.128892    -0.181509    0.0432986    -0.113183   -0.0153351     0.119538 -0.000837947   -0.0414134   -0.0750829     0.026681   -0.0529066     0.190616     0.133933    -0.163473  -0.00738306
  -0.0285236    0.0746098   -0.0423406     0.236716     0.020442    -0.345809     0.236205     0.073143    0.0568916   -0.0245651    -0.156442     0.189759    0.0472011    -0.150827      0.26908   -0.0635555   -0.0633732     0.128723     0.231221    -0.115035    -0.173123    0.0201461   -0.0337161     0.317336   -0.0714761     0.143425    -0.268748      0.13691   -0.0365815     0.255087    -0.215897     0.232267
   -0.204792    0.0195809     0.231988     0.242201    -0.196533    0.0554119    -0.045777     0.179152    0.0722179     0.203333    0.0914982     0.291803      0.16459   -0.0692776    0.0901643     0.148898     0.185499   -0.0903965     -0.18986     0.125743    -0.254431     0.309822     0.140704     0.352513    -0.168395     0.169266    0.0618614     0.181831    0.0548724    0.0592862    -0.166171     0.245932
    0.423063      0.14149    -0.043199    -0.129213    0.0711197    -0.179086     0.129211   -0.0242849    -0.284138    0.0737536    -0.255249     -0.12391    -0.062766     0.207694   -0.0949098      -0.1952    -0.164752    -0.121927   0.00650662   -0.0238184    -0.238596     -0.21716   0.00439405   -0.0284532    0.0299832   -0.0283491    -0.102207    -0.151814    -0.291633    0.0550976   -0.0298088   -0.0747871
   -0.201664    -0.335159   0.00534633    -0.181363   -0.0938954    -0.106393     0.151287   -0.0965635    0.0748926     0.268823     -0.26302     0.153007    -0.239468     0.419158     0.232176    -0.269955     0.180842   -0.0351488    -0.161014   -0.0735648     0.167618     0.158316     0.239226    -0.179149     0.227028     0.216127   -0.0655611     0.155171     0.133144     0.142753     0.110273     0.190928
  -0.0656911     0.157441     0.129184    -0.219491    0.0214938      0.10845      0.50572     0.123383    0.0287003     0.120418    -0.153709     0.159228     0.141101    -0.161092     0.249406     0.106811   -0.0044268   -0.0272275     -0.21695    0.0814533    0.0225908     0.137268    -0.192623     0.350477    0.0172373     -0.17217    -0.103605   -0.0170695   -0.0105923    -0.452793     -0.10297    0.0456126
    -0.24085    -0.191516    -0.168463   0.00418408   -0.0466533   -0.0632007   -0.0503435    0.0817407    0.0763859   -0.0227279    0.0323503    -0.193871      0.12726   -0.0618151    -0.167881    0.0887379    -0.318504     0.105853    -0.227282       0.3046     0.119688     0.179823    0.0242061     0.531584    -0.112087    -0.247261    0.0591071    0.0211027    -0.185992    -0.243919     0.164522    -0.413967
    0.319805    0.0523503     0.247048    -0.240538    -0.129896    0.0352099    0.0501133    0.0443454   -0.0853417    -0.208102     0.196953   -0.0070136   -0.0915214     -0.33044     0.411383    -0.102502   0.00546792   -0.0263661    -0.316496   -0.0890031    -0.114955    0.0522806     0.140577     0.108671    0.0921454     0.276149     0.190936   -0.0732744    -0.130758   -0.0195907     0.210952    -0.158662
   -0.255264    -0.113226     0.249252   -0.0444414     0.252851     0.287344    0.0199812     0.151413       0.1732   -0.0190719   0.00156107   -0.0745221     0.115595    -0.313261     0.335945     0.161669     0.031562      0.25804   -0.0857149     0.109962    0.0450531    -0.183726     0.115154     0.318793    0.0427802    -0.173461    0.0575509     0.287862    -0.284659    -0.113539   0.00983979    0.0773003
 -0.00659268    0.0632259     0.440559    0.0411682    0.0498578    -0.317394    0.0396171      0.11359     0.205606    -0.455087    -0.156685     0.103466     0.015516     0.261268     0.131295   -0.0304219     0.345131     0.077011    0.0146119    -0.258813     -0.23639     -0.17181      0.29116     0.168067     0.141338    -0.119226    -0.268441    -0.168638    0.0474858    0.0143829   -0.0851033     0.186777
    0.422691     0.152418     0.117263   -0.0750051    0.0304383     0.341087     0.221581    -0.108427    0.0769015   -0.0497747    0.0183234    -0.494014    0.0571636    -0.211889    0.0605968     0.269589     0.236645    -0.169203   -0.0394096    -0.112462    0.0560725    -0.137679    -0.349769    0.0489973   -0.0200443     0.316308   -0.0481294     0.029497    0.0544421    0.0512056    -0.158208   -0.0488383
   -0.107476     0.125838    -0.113852    -0.149513    -0.195775    0.0968065   -0.0221609    -0.122966     0.118841    -0.163432    0.0542765    0.0780751    -0.421224      0.28362     0.371179     0.150463    -0.018756    -0.201895   -0.0787436     0.102342     0.167898    -0.154085    -0.126817    0.0229258    -0.153289     0.101792    -0.143936  0.000326355   -0.0365456    0.0773834    -0.240526     0.149214
   -0.607041     0.156098     0.115117    -0.219905    0.0426578     0.279795     0.082634     0.160075    -0.188378    0.0237996    0.0440562    -0.188816    -0.144161    -0.154028   -0.0827882    -0.268982   0.00811069   -0.0674041   -0.0705125   -0.0988099 -0.000435319      0.03373    0.0989016     0.203286   -0.0136803    0.0453624    -0.165014     0.280976      0.34507    0.0642877   -0.0809547    -0.110782
   0.0618197     -0.28973     0.120096    -0.360501   0.00346025   -0.0962938    0.0815069     0.415326    0.0366294    -0.150782     0.150487     0.385805     0.457041    -0.263937     0.135796    -0.255464    -0.217584    0.0985897     -0.10493     0.247391     0.290268    -0.148311     0.383607    -0.120676    -0.350998   -0.0692157   -0.0765308    -0.179412     0.169996  0.000742164    0.0258863    -0.117332
    0.297539     -0.20215     0.033831    -0.156398    0.0674798    -0.265392    0.0842549    -0.158685     0.197281    -0.358073    -0.525556  -0.00859127   -0.0236955   -0.0218538     0.173013     0.313419    -0.204398   -0.0662919    0.0455061     0.110224     0.239688     0.197148    -0.255246    -0.351282    -0.328255     0.222694   -0.0427567     0.342392     0.158309     0.198552      0.11988    -0.107243
    0.342488    0.0144831   0.00605676   -0.0253146    0.0151172      0.10899     0.241135    -0.396316    -0.124349    -0.336858    0.0657615    -0.165226      0.22071     0.279413    0.0409828   -0.0352702     0.221686   -0.0155716 -0.000665062     0.172832    -0.142903     0.368512    -0.156625    -0.303848     0.106952      0.22505   -0.0467126     0.033448    0.0243593   -0.0189906     -0.45946   -0.0483488
   -0.287112     -0.16299    -0.167584    -0.172849    0.0619305     0.117326   -0.0440055   0.00551149    -0.482468    -0.227314    -0.121945    -0.112481    -0.438712    -0.243521     0.157163    -0.235553     0.186118    0.0333988    0.0562208   -0.0933711     0.028024    0.0172557     0.158318    0.0598578   -0.0206275    -0.174811      -0.3338     0.257351     0.330741    -0.164127   -0.0207519     0.164607
  -0.0409583    0.0510134     0.121292   -0.0482104    -0.203512    0.0581666    -0.159268    -0.172116      0.51445     0.101333    0.0534378   0.00593833     0.275665    -0.251166    -0.299033    -0.388333    0.0521621    -0.190993   -0.0990072    -0.175875    0.0439682    0.0178712    0.0846657     0.217651    0.0413289    0.0280989   -0.0998124    -0.300465    -0.164747    -0.013934     0.270976     0.141788
    0.039161    0.0905899     0.351382    -0.175589    0.0979233    -0.124185     0.062592   -0.0302931     0.113609    -0.112404     0.239533    -0.156125   -0.0137218    0.0689041     0.211769   -0.0901367     0.359558    0.0670904      0.14001    -0.201169   -0.0901822    -0.193244    -0.123945    0.0138166     0.245664      0.15237    -0.104669     0.144454     0.132752    0.0900703     0.195444    -0.167206
    0.520254    0.0455456   -0.0439869    -0.178889     0.218759    -0.155704     0.202232   -0.0318711   -0.0325565      -0.1319     0.169232   -0.0331413     0.513677    0.0298673     0.283404   -0.0961106   -0.0234207    -0.480456   -0.0292759    -0.291757   -0.0984986     0.168173    0.0691204    -0.271435    0.0411768   -0.0977626     0.128116    -0.139606    -0.011153    0.0726125    0.0487133    -0.297308
 -0.00369913    0.0947343    -0.102513   -0.0754993    -0.330091    -0.192041     0.278558     0.330537     0.221219    -0.287031     0.156268     0.239816   -0.0649628    0.0147246    -0.046945   -0.0663167   -0.0244124     0.085615    0.0279956     -0.19511     0.143891    0.0243892    0.0428296     0.347199  -0.00295451    -0.118173    -0.339332     0.476615     0.246485     0.326991    -0.133566    0.0832851
  0.00517131    0.0778717    -0.159396    -0.161612     0.113562  -0.00582967     0.267233    -0.191972   -0.0199865    0.0435417  -0.00862182    -0.111037    0.0211465   -0.0198126    -0.092549    -0.144834    -0.304035   -0.0750181    -0.053498     0.149037     0.120654    0.0145424   -0.0118737     -0.09579      0.07949    -0.136138    0.0676649   -0.0270945    -0.214662    -0.119123     0.134701  -0.00351826
   -0.205318    -0.155321   -0.0606818   -0.0406797   0.00866985    -0.028466    -0.142365    -0.291884    -0.161284     0.192865   -0.0759126   -0.0778697    -0.152908     0.208903    -0.104087    0.0262823     -0.16838    -0.160504      0.29387    -0.171331     0.132727     0.335404   -0.0257214   -0.0602126    0.0794561    -0.122979     -0.15304   -0.0314462    -0.024141    -0.228772    0.0740437     0.281499
   -0.239004    0.0431393     0.509499     -0.53566      0.65808    -0.704212    0.0212589    -0.332053     0.108977    -0.240274     -0.23075    0.0278165   -0.0309613    -0.102735   -0.0867452    -0.156216     0.223916   -0.0270801     0.262203    -0.136778     0.205893    0.0146967    -0.124473    -0.261609    0.0147109   -0.0766233     -0.21695    -0.323922  0.000585082    0.0935577     0.412197    -0.117451
   -0.140481    -0.327297     0.143695     -0.31244     0.231387    -0.492146      0.32238    -0.109127     0.178439    -0.228194    -0.319362     0.127424    -0.139751    -0.137027     0.101603    0.0551299    -0.165067    -0.254948   -0.0559421    -0.274069    -0.173706     0.115144   -0.0747518       0.2785    -0.415886     0.360736    -0.104759     0.249895      0.20801    -0.102704     0.197057   -0.0348524
  -0.0760437   -0.0184066    -0.200551    0.0976934    -0.109339    0.0988099    -0.105941    0.0257521    -0.163425     0.108135    -0.184543     0.138873    -0.222094    -0.150496    -0.256817    -0.287669    0.0351665   -0.0638663    -0.170062    0.0715795   -0.0203174  -0.00584349     0.129674    0.0651862   -0.0766707   -0.0675815   -0.0401285     0.154451   -0.0552556    -0.151051     -0.18493    0.0369693
   -0.198083    -0.198204    0.0689802     0.226378    -0.174316   0.00543376    0.0608646     0.412271   -0.0917602      0.16979     -0.24159      0.31865    -0.128215     -0.27001    -0.183216    -0.197776   -0.0652779     0.217638    -0.081288   -0.0970979   -0.0497607    -0.477607     0.167789     0.175297     0.325467     0.158238    -0.384806     0.151862    0.0278455   -0.0752649    -0.321815     0.161091
  -0.0511662     0.212557     0.181801    -0.361715     0.325201    -0.345507     0.123886    -0.109169     0.512688   -0.0415502    -0.448428    -0.272614    0.0692178     0.198475     0.115153    -0.392572  0.000546122    -0.161335    -0.128596    -0.108607     0.175398     0.159357    -0.110663    -0.727565    -0.469967    -0.275802    -0.320947    0.0293698     0.240399    0.0915241     0.118565     -0.21728
    0.146176     0.198812      0.10098   -0.0308046     -0.09018    -0.105555    -0.168813    -0.212539     0.155133    0.0553714   -0.0256748    -0.148208   -0.0778301    -0.091294   -0.0352078     0.105636    0.0237037    -0.299995    -0.109567    -0.106113    0.0639772     0.354873    -0.250435   -0.0913535   -0.0338365   -0.0551386     0.199013   -0.0836469    -0.151849   -0.0201609  -0.00113855    0.0111749
    0.225818    -0.201015    -0.131864    -0.223594   -0.0463079    -0.210557     0.129783    -0.210528     0.222754     0.222278    0.0112172     0.137794    -0.484801   -0.0513145    -0.296017     0.149076     0.151088    0.0897126      0.06437   -0.0135606    -0.235894     0.268527    -0.186091    0.0331604     0.108039    0.0604014     0.322091    -0.193866    0.0391568     0.199114     0.200501    0.0158934
   -0.160186    -0.219586     0.283057    0.0506641    -0.437245   -0.0607481     0.209547      0.32414   -0.0104605    0.0453287    -0.198385     0.341001    0.0330384    -0.120455   -0.0435301    0.0373234      0.28821    -0.182544    -0.439991    0.0229425     0.216585    -0.096603    0.0390269    0.0851499    -0.168351   -0.0253562     0.284151     0.172472    0.0131549   -0.0898012     0.136486   -0.0944526
    0.131932       0.1106   -0.0366717    0.0422367   -0.0666335    -0.207498     0.118516    -0.531137     0.151205     -0.23251     0.399428    0.0509109   -0.0716286   -0.0985535    -0.160001    0.0796653     0.161235     0.106566     0.288273   0.00996972  -0.00978763    -0.382119    -0.470547    0.0268395     0.320902   -0.0426498    -0.140427   -0.0190778    -0.149404     0.251604    -0.300757    0.0252681
    0.189637    0.0441811   -0.0435783     0.105006    0.0400316    0.0223049   -0.0583845     -0.14684     0.175811    -0.235334    -0.135605    0.0490053    0.0441188     0.511081    -0.113547    -0.237477   -0.0873382   -0.0257533   0.00831184    0.0306145    -0.150961     0.019611    0.0229528     -0.46158     0.211893   -0.0101118     0.143541     0.030892     0.255465     0.242264    -0.175166    0.0680083
    0.415763     0.159692    -0.130784    0.0237507    -0.235671    -0.114858    -0.304124    -0.229164     0.265158     -0.14318    -0.184194    -0.166969    -0.329159    0.0657653     0.147101     0.132611   -0.0570806     -0.38041     0.247373   -0.0482528     0.161132    0.0887116    -0.161981    -0.448013    -0.216191     0.385154    0.0018128    -0.370138     0.118386     0.206394     0.281472    0.0634155
    0.196839     0.110448   -0.0667263   -0.0257683      0.15616     0.181268    -0.144458     0.217297     0.201861     0.218652    -0.102786    0.0223155    -0.329706     0.079569       0.1439    -0.444325     0.147733    -0.150009     0.442814     -0.32534    0.0746322   -0.0307597    0.0459423    -0.214482     0.012355    -0.238453    -0.191426     0.172378    -0.152004     0.235624      0.16391     0.126548
    0.340446     0.389597       0.1142     0.156138      0.16548     0.184924  -0.00533815   -0.0331703     0.309579    -0.180509    0.0194853   -0.0632849     0.115665    0.0172833     0.308899    -0.373922     0.175077    -0.108813     0.261105     -0.44046     0.134447    -0.405689    -0.184274     0.124258     0.315647    -0.444788    -0.514258     0.240189   -0.0533409     0.203675   -0.0871686     0.246898
    0.336111     0.278855     0.110861    -0.272827     0.253205    -0.241993     0.147215   -0.0525251     0.225282    -0.483288     0.286311  -0.00630751   -0.0534343     0.231598      0.30114    -0.651828    -0.393225    -0.132412      -0.2834    -0.388523     0.454469    -0.479958   -0.0367087    -0.219226     0.351154     0.103335    -0.362288     0.271983     0.133264     0.400195     0.208061     0.193265
    0.160691   -0.0275784   0.00524289   -0.0903253     0.152763    0.0850919    -0.274634    0.0485846    0.0802507  -0.00571957     0.132207    -0.349791   -0.0973207  -0.00306455   -0.0934053     0.150233     -0.26943     0.014105    -0.232161     0.162661     0.309722    0.0895073    0.0726391      0.35028    -0.052659    -0.218131    0.0836885     0.152018     0.246632    -0.302286    -0.130439    0.0465286
    0.173801     0.115298    0.0139046    0.0176419    -0.201159    -0.151274     0.061448    0.0757881     0.157133    -0.023107      0.17413    0.0217421    -0.145023     0.292289     0.275079    -0.161092    -0.223218     -0.30147     -0.15519    -0.135039     0.371756    0.0625509    -0.126894     0.167542     0.171271     0.158636     -0.26402    -0.348196   0.00530659     0.312816    0.0229569     0.160819
  -0.0164035     0.409347    -0.273145    0.0223376    0.0200675    -0.369317     0.139746     0.451988    -0.170257  -0.00701941    -0.139145    -0.142484   -0.0727319      0.28255     0.272999    -0.429872   -0.0998573    -0.165247     0.521118   0.00520932     0.111261    -0.156467    -0.191147     0.100863    -0.194558    -0.459223     0.101269    -0.232851    -0.155099    -0.204086    -0.227531   -0.0591289
   -0.161502   -0.0184944     0.358076    -0.344091    0.0982999    -0.236807     0.229871    -0.124046     0.119447    -0.222353     0.230693    0.0321904     0.302777    -0.560732    -0.340445    0.0460458    0.0953042    -0.212845    -0.487262    0.0774569    0.0179073    -0.202208    -0.121278     0.112861     0.354753    0.0963248    0.0298181    -0.167196     0.402941    -0.172638     -0.11607     0.439016
    0.259049    -0.295926     0.317165     0.166584     0.310407     0.139271     0.032105    -0.199666    0.0381481  -0.00559768     0.121231     0.116924    0.0947085     0.215439   -0.0137054      0.02524    0.0968317    0.0869534     0.213895    -0.298658    0.0279755    -0.205749    -0.322543     -0.19367     0.113016     0.103502   -0.0905262     0.132713     0.216633   -0.0332606     0.108686     0.130604
   -0.233429    -0.158965    0.0426889   -0.0881849     0.210303     0.213371   -0.0529653   -0.0609257    0.0151862    0.0567317    -0.151029     0.176615     -0.38415    -0.198272    0.0850594     0.169746     0.078326   -0.0985152   -0.0786102    0.0203485     0.253558    0.0224034     0.295598     0.324275   -0.0239303     0.193251    -0.200594     0.214383    -0.144752     0.151152     0.269038     0.204288
  -0.0432641    -0.312751    0.0597174     -0.39166      0.37778     0.281534    0.0740324   -0.0497113     0.330438   -0.0495253     -0.32037    0.0167969     -0.11688    -0.066275  -0.00500233    -0.204572    -0.122601    0.0473403    -0.199061     0.451436      0.13038     0.134779    0.0856604    0.0370405    -0.392843    -0.176164   -0.0440684     0.152152     0.125474    0.0848665     0.109941     0.104691
  -0.0647755     0.157649     0.158514     0.170026   -0.0933952     0.128207   -0.0964911    -0.181202    0.0456145   -0.0860228     0.191674    -0.189173     0.012149    0.0825211     0.197741  -0.00843021    0.0199192     0.141615     0.163459    -0.284418   -0.0559012    -0.139371    -0.187442    0.0260045     0.151292    -0.120419     0.288395    0.0170369   0.00618332    0.0922197    -0.210375    0.0334378
    0.177524     0.285037   -0.0171637     0.190343    -0.153451    -0.205996    -0.207434    -0.188354      0.25353    0.0112549    0.0677185      -0.1086     0.317209     0.261254   -0.0968987     0.129407     0.305186    -0.305282     0.313132     0.116101     0.191075   0.00874193    -0.196038    -0.396833     0.342099   -0.0233905    -0.239627    -0.019471    -0.161129   -0.0224994    -0.288783     0.221943
  -0.0572322     0.148427  -0.00357563    -0.108026    0.0532799     -0.14287     0.230526   -0.0769323    -0.305021    -0.153523    -0.462683     0.414485       0.4328    -0.132942      0.38037    -0.603827    0.0645276    -0.123735     0.114638     -0.36284    -0.105124     0.385466     0.182206   -0.0303394   -0.0221524    -0.289383     0.148201     0.299026    -0.271469     -0.23752    -0.180446     0.307897
   0.0146513     0.260336     0.196262     0.012512    -0.132389     0.113656    -0.387661   -0.0167009     0.121242   -0.0922254   -0.0414583   -0.0500159   -0.0925666    0.0250858    -0.202393    0.0120962   -0.0647104    0.0607834     0.141832     -0.15666    0.0376246  -0.00941595    0.0804486    -0.247176    0.0997534     0.215934   -0.0452343    -0.175041    -0.217103     0.250471  -0.00945415   -0.0576201
    0.189811    -0.194111    -0.180958    0.0879898     -0.27539    -0.217077     0.388112    -0.149671    -0.258214     0.354194    0.0565794     0.310346     0.341679    -0.063607    -0.257764   -0.0672323     0.309726    -0.154524   -0.0539604   -0.0699292     0.038445    0.0712812    -0.230189    0.0888636    -0.175213    -0.120122    0.0184641   -0.0365615     0.284123     -0.15099    -0.258665    0.0436964
   -0.192677   -0.0872146     0.151206     0.129916    -0.224193     0.042453     0.503013   -0.0590331    0.0663663    -0.108023     0.153768   -0.0855869    -0.114306    -0.135169     -0.13092   -0.0440685    -0.193563     0.250419   -0.0271095   -0.0540323    0.0726747    -0.195901     0.115003    0.0119833    -0.171945    0.0739925   -0.0827183     0.096275     0.344784   -0.0283844    -0.178159    -0.198005
   -0.172013    -0.322057    0.0745921   -0.0152297    -0.159198     0.064542      0.18615    -0.177167    -0.367723    -0.176628    -0.298268     0.336742     0.122847     0.175229   -0.0110425   -0.0464236    -0.055844     0.370581    -0.240913   0.00288447    -0.210704    0.0244297     0.471031  -0.00214159    -0.157165      0.18685     0.208356   -0.0293838   -0.0360283   -0.0700933     -0.14592   -0.0255357
   -0.142408    -0.246997    0.0396281     0.330325    -0.239331    0.0196176    0.0281009    0.0298167     0.152648   -0.0431225     0.052859     0.297971     0.124226   -0.0444978   -0.0288906    0.0710211    -0.193502    -0.463936     0.236167     0.150609     0.192261    -0.276914    0.0591138   -0.0260448    0.0199193    0.0195357    -0.149468   -0.0053781   -0.0300773    0.0727478    -0.072932     0.151922
   0.0922506     -0.21237   -0.0865176    -0.466536   -0.0927746    0.0994316      0.41385    -0.118376      0.20611     0.441217    0.0180604   -0.0573443     0.074306    -0.030921   -0.0963694   -0.0265669    -0.159981     0.129195   -0.0963266    -0.175922     0.114942  0.000256253    -0.118257    -0.205642    0.0540297   -0.0521607    0.0583065     0.312779     0.347888    -0.177914     0.193641     0.281357
   0.0940819   -0.0268816   -0.0561895     0.215974    0.0323737     0.198704    -0.507323   -0.0374103     0.081311    -0.123488     0.212189   -0.0023912   -0.0545695   -0.0268181    -0.556424     0.304574     0.128421  -0.00888247     0.220363  -0.00691486    -0.215206    -0.118995     -0.23273     0.463059    -0.228862     0.270993   -0.0198637    -0.456117    -0.106437    0.0803458     0.161622   -0.0749577
    0.258606    0.0653868     0.121558    -0.146904    -0.123305     0.451533   -0.0438105    -0.159931   -0.0948136    0.0311359    -0.308275    -0.216892    -0.100349  -0.00745988    0.0310962   -0.0426071    -0.148348     0.114015     0.129139     0.128106    -0.274418     0.282566    0.0130903    -0.234192    -0.128543    -0.157034    -0.214386    -0.173594   -0.0622959    -0.119889      0.17666    -0.156917
    0.276478     0.216042   -0.0963078    -0.280471    0.0894648     0.414478   0.00929416    -0.362209     0.161551    -0.146978   -0.0620464    -0.264385   -0.0186021     0.442346     0.177059    -0.162671    0.0572517    -0.137411    0.0951169    -0.141786   -0.0809864   -0.0253127    -0.214768     0.178755     0.065437    0.0904217    -0.141531   -0.0309073      0.34487   -0.0233133     0.166503    -0.161245
  -0.0388868    0.0907305     0.390191     0.014532    0.0230865     0.142739    -0.236448    -0.283658    0.0630834    -0.187729     0.076841    -0.462649     0.124886   -0.0527315    -0.189674     -0.24558     0.360404    0.0414932    0.0178355    -0.368482   -0.0393681    0.0557301    -0.308812     0.242177    -0.163516   -0.0627444     0.181064    0.0125536    0.0445077    0.0710248   -0.0125486    -0.261392
   -0.129857    -0.407249    -0.185065    0.0239852     0.117116    -0.108504    -0.167718    -0.292128    -0.210906    -0.349053    -0.360789     0.208806    0.0160955    -0.198931     0.039063    0.0974597    0.0246193    -0.154351   -0.0963855     0.112069  -0.00827533    0.0549412     0.286247     0.120427   -0.0722473    0.0826458   -0.0144973   -0.0407035    0.0440913    -0.280198   -0.0646547   -0.0090251
     0.17475     0.225939    0.0211823    -0.185928    -0.140407    -0.100212     0.130153    -0.356356   -0.0591653    0.0977345   -0.0183979      0.10148    -0.149582    -0.106621     0.274784    -0.193143    -0.191092   -0.0594806    -0.123352     0.367163   -0.0208607    0.0549984    -0.207619  -0.00755743     0.084401    -0.163144    -0.049123     0.146131   -0.0334043  -0.00783832   -0.0190992     0.169689
    0.167904    -0.306379    -0.138905     -0.03127     0.278571     -0.12078     0.702992    0.0173854   -0.0947293    0.0897085  -0.00021547      0.10081     0.236575    0.0666977    -0.170947     -0.30406    -0.165233    0.0507451    -0.161329    0.0725759     0.137604    0.0592827    0.0882166     0.287543    -0.150203    -0.167297    0.0640767    0.0347562     0.266029     0.169953   0.00669531     0.188076
   0.0112767    -0.116396     0.219577    -0.430666    0.0637188     0.233283    -0.720763    0.0277424    -0.249574    0.0550879   -0.0776614     0.113543      -0.1716     0.168044    -0.300475    0.0419146    -0.225827     0.107121     0.149733     0.059122    0.0308538     0.226814     0.307515    -0.331228     0.141515   -0.0712758    0.0176647   -0.0712178    -0.295565     0.142226   -0.0687125    0.0713902
   0.0233165   -0.0669266     0.334288     0.487639    0.0382367     0.110968   0.00416965    -0.104943    -0.365493    -0.204258     0.385999    0.0784113    0.0956925     -0.20378   -0.0892029     0.312549   -0.0595478   -0.0930495    -0.303742      0.04654    -0.120776    0.0837397    -0.251959      0.26154   -0.0596345    0.0198377    0.0220217     0.256074   -0.0634161    0.0499927   -0.0447515    0.0694826
   -0.556643   -0.0141218   -0.0877205     0.168194    -0.251144    -0.142942     0.118883   -0.0671163    -0.222198     -0.05006    -0.117322     0.210123    0.0519948    -0.042086     0.294106    -0.150203    -0.184137    -0.297787    -0.311699   -0.0735669   0.00678345   -0.0582561     0.225702   -0.0282534     0.367037     0.270378     -0.10751     0.132635     0.114265   -0.0402479    -0.152636     0.171836
   -0.258129    -0.191535   -0.0261672     0.111274    -0.227982     0.195032     0.178248    -0.198645      0.10981    -0.216985     0.112348     0.102349     0.139707    -0.115789   -0.0362381    -0.165482     0.120148   -0.0564753    -0.204263   -0.0391733     0.229493    -0.274048     0.134676   -0.0972387    0.0551784     0.200244   -0.0144364     0.078065     0.100274    -0.238951   -0.0832788    -0.317273
  -0.0643323     0.462561     0.115949   -0.0444748     0.465798    0.0733484     0.205732    -0.206581     0.188622    -0.116256   0.00473516    -0.293864   -0.0183824  -0.00402792     0.544512   -0.0192449     0.186949    -0.200213      0.14435   -0.0646322   -0.0428296    0.0914497     0.182804     0.125563    0.0684928   -0.0673322     0.153677    0.0949084   -0.0349944     -0.24568    -0.085026     0.118953
   -0.226654    0.0240959  -0.00783016    0.0313972    -0.047824     0.104769     0.208726     -0.10548     0.128446    0.0695867   -0.0168433    -0.214422    -0.133026   -0.0173125     0.174685   0.00693918     0.327527      0.13186  -0.00786164   -0.0230837    -0.022411   -0.0985182   -0.0100973     0.133237    -0.199548     0.327416   -0.0570265     0.372117   -0.0450317   -0.0374344    0.0990717     0.323225
   -0.312997     0.153076      0.18413     0.151096    0.0451984    0.0578275      0.13878   0.00796335     -0.16994    0.0360063    0.0170423 -0.000617934    -0.130848       -0.249   -0.0945082    -0.109083    0.0682041    -0.106653    -0.271858   -0.0638561   -0.0197486    -0.111522     0.212143     0.169619    0.0449101     0.104797    -0.166119     0.261044    0.0543066  -0.00447955   -0.0179223   0.00635725
    0.312459   -0.0710666    0.0515688     0.126181     0.342094    -0.188843      0.16132  0.000528143    -0.140899     0.213879     0.154315    -0.126674     0.325213     0.192562     0.151104    -0.195921    -0.138517     0.193966    -0.171709    0.0250352     0.153231     0.181819    0.0297236     0.169194    -0.189301     -0.26542     0.173283     0.101917    0.0719336     0.246011    -0.309063     0.111552
  -0.0029587    0.0448152    -0.279503    -0.243512   -0.0615295    0.0435279     0.188652    -0.158581    -0.292563     -0.23999   0.00389803    -0.306317    -0.277343     0.120909   -0.0656018    -0.105847   -0.0196527     0.142739   -0.0271349     -0.16774    -0.258364   -0.0232201    0.0556291    0.0529886    -0.150917    -0.160527     -0.28814    0.0417711    -0.271611      0.38733      0.11999   -0.0623881
    -0.15507 -0.000871499    -0.285096    -0.313998     0.235595    0.0531156     0.373133    0.0385927  -0.00691394   -0.0507451    -0.122942     0.212521    -0.144897     0.267371    -0.328248     0.260088    -0.313088     0.101338    -0.171705     0.098743     0.159039     0.155914     0.188645     0.144507     0.158397     -0.18885    0.0247552     0.182062    0.0124703    -0.352991    0.0698295    -0.016944
    0.384569    -0.274748    -0.261632    0.0556027    -0.103398    0.0726339      0.25425    -0.490514    -0.110473    -0.309208    -0.361386    -0.375001    -0.122135      0.21008     0.428806    -0.267298    -0.319885    -0.225766      0.25479     0.129331   -0.0993377     0.334516    -0.175141    -0.638801     0.124508   -0.0962066    0.0366788    -0.262162    -0.243938     0.261868   -0.0694042     0.312332
    0.078742    0.0995691     0.258703     0.186298    0.0193521     0.105391   -0.0983689  -0.00812426     0.113534     0.172228    -0.301789     0.187257     0.203017   -0.0792335    -0.200446     0.351057     0.337655     0.137736   -0.0563116    0.0419394     0.200702    -0.197917     0.203165     0.010761    -0.212675      0.37332    0.0506269     0.147319    -0.182222    -0.117407    -0.141135     0.245965
   -0.165613    -0.406668     0.189252   -0.0678718    -0.121211     -0.12164    0.0307377     0.369206      0.22188     0.193691   -0.0161065    -0.165973    -0.186748     0.368214    -0.068799   -0.0694705   -0.0735016   -0.0464078    -0.491347    -0.230495    -0.209652   -0.0966079     0.139161    0.0391701   0.00106209   -0.0468605     0.301353     0.137246      0.12869    0.0111253     0.272838    -0.147244
   -0.165089    -0.188465     0.381998   -0.0593141      0.18047   -0.0977755    0.0496635     0.321976    -0.179939    -0.123113    -0.104769    0.0401232   -0.0879301     0.128268   -0.0581255    -0.103675   -0.0529987    -0.274163    -0.172271    -0.227554   -0.0559898    -0.287902    -0.152637     0.127731     0.226606    -0.152643     -0.14034     0.132593     0.189156   -0.0818027    0.0104909      0.10523
    0.249536     0.578226    -0.103333    -0.149277    -0.252923     0.376699    0.0134506   0.00762365    0.0482199   -0.0236786    -0.125926    -0.350176    -0.486716     0.420707     0.449814    -0.301853   0.00423065    -0.141415    0.0332119    0.0535339     0.191865     0.344088   -0.0694411    -0.323977    -0.105856   -0.0485045     0.201459    0.0523454   -0.0623625     0.169549    -0.110998    -0.260327
   -0.139306     0.262379      0.33653   -0.0440323     0.213448    -0.262246   -0.0098126   -0.0896816    -0.357335    -0.165078     0.245145   -0.0312236   -0.0842419    -0.133551    -0.337355     0.127636     0.416493     -0.11807    -0.177186    0.0494083    -0.061157   -0.0429113    -0.227933     0.106879   0.00802381    -0.375728     0.165239  -0.00534822  -0.00449347    0.0633647    -0.264811     0.111947
    -0.11029    -0.081924     0.171066    -0.102449   -0.0592853    0.0656715    -0.111119     0.184566     0.242798    0.0600138    0.0535405    -0.121208      0.20912     -0.14667    -0.342727   -0.0331955    -0.183404    -0.108184    -0.309997     0.234752     0.127636   -0.0336917    0.0171856    0.0423362     0.094275     0.153019    -0.254722     0.143564    -0.295613     0.118081    -0.199461     -0.12266
  -0.0123412    0.0180273    0.0723412   -0.0928779      0.13878    -0.212106    0.0233069     0.164915    0.0550333    -0.291087    -0.328918   -0.0413687    -0.146139    0.0826813   -0.0543564   -0.0280482    -0.134881    0.0657278     0.176597     0.179252     0.025875    -0.166735    0.0521895     0.160334    -0.147572     0.183362    -0.134929    0.0195957     0.311163   0.00316951      0.22205    0.0313283
   -0.154586    0.0875678   -0.0238355   -0.0194909    -0.113524    0.0190085    -0.131198    -0.141042   -0.0852973    -0.187687    -0.189915     0.271448   -0.0892266     -0.29145     -0.26669    0.0157094    -0.309645    -0.131118     0.173353   -0.0598424     0.123085    0.0582625   -0.0637474    -0.122152     0.150448   -0.0450574    -0.338359    0.0389877     0.309769     0.150428    -0.262171     0.358455
    0.178442     0.304077     0.109241   -0.0741334    0.0468359    -0.203523     0.374307    -0.526244     0.514951      0.21849     -0.52661    -0.415339    -0.253513     0.491389    -0.175141    -0.263424    -0.143441   -0.0832823     0.224253    -0.588354     0.411045    -0.332276    0.0344544    -0.188757      0.13227     0.369208    0.0911255     0.434274      0.24799     0.265436     0.190485   -0.0218992
