   0.0876865  -0.00608523     0.154421   -0.0172977    -0.176565     0.121134    -0.129657     0.151567    -0.179215   0.00671446    0.0531515     -0.14021     0.321533    0.0481039     0.159489     0.257113    0.0482127     0.068478      0.10936   -0.0369093     0.309325    -0.141369     0.148401   -0.0708742     -0.41704    -0.119626     0.041138    0.0718487    0.0630346     0.307732    -0.231494   -0.0311088
  -0.0605895     -0.17897     -0.10119     0.171631     0.159146     0.149312    -0.192189   -0.0655469    0.0756721    -0.326109    0.0103113    -0.379122   -0.0998312    0.0915471     0.135994     -0.10934    0.0446058     0.225284    -0.155562   -0.0859381     0.327532    -0.109036   -0.0686087    0.0377172    -0.115904     0.275317    0.0140863     0.219809   -0.0098374   -0.0700068    0.0396679   -0.0714127
    0.222753      0.29945   -0.0294865     0.125552    0.0757008     0.182807    -0.142916    0.0397663   -0.0704398   0.00528569    0.0780099      0.11198    -0.169398   -0.0572848     0.294952     -0.14654    -0.200067    -0.118063    -0.272055    -0.124524     0.232354   -0.0188825    0.0125967    0.0607993    0.0233448    -0.277923   -0.0306927    0.0893846     0.222827    -0.189059     0.627179     0.238185
   -0.288099     0.115144    -0.258559    -0.122492    -0.111272      -0.2817     0.231493   -0.0519093    -0.100637    0.0768425    0.0172786    -0.117669   -0.0937837    -0.126752     0.255528       0.2178   -0.0515197   0.00648198     0.100078    0.0814767    -0.274204   -0.0555929    0.0941253   -0.0853465      -0.1795   -0.0319573     0.162718    -0.124673    0.0375896   -0.0707819     0.239578     -0.14683
   0.0480918     0.468436   -0.0366359   -0.0286231     0.188297     0.318827   -0.0217952    -0.210547     0.134567    -0.316452     0.260066    0.0431777    -0.064473     0.094931     0.041507    -0.162959     0.213702    0.0159056    -0.102613    -0.149302    -0.226021   -0.0201221     0.143095     0.215304     0.232274    -0.200199    0.0671161   -0.0472941     0.108422   -0.0415499   -0.0977075  -0.00569249
    0.156972   -0.0328703   -0.0243289     0.223751   0.00860043     0.173829    -0.143371    -0.100355    0.0954063    0.0678058    -0.182127    0.0256582     0.172818    0.0959753    -0.346543    0.0748503     0.265697    0.0587499  -0.00598197    -0.359365   -0.0572322   -0.0672366    -0.131765     0.251665     0.223998     0.253268    -0.151113   -0.0538802     0.162099    -0.115147     -0.24196    0.0296514
    0.105617     0.469732     0.272066   -0.0570244     0.459131     0.155589    -0.105659    -0.171344    0.0783728    -0.181901    -0.208194     0.316698    -0.146885    -0.112377    -0.159702    -0.162479    -0.196309     0.192781    -0.199537    -0.322119     0.099452    0.0598634     0.181157   -0.0101189    -0.202966     0.129304     0.286484    -0.042213    -0.111743   -0.0841024     0.235297   -0.0961701
   -0.110799     0.156655    0.0797544  -0.00630262    -0.136826     -0.10024    0.0370971    -0.195954     0.192713     0.106916   -0.0383171     -0.18905     0.216796   -0.0130837    -0.238019    0.0258278  -0.00787861     0.305075    -0.164316    -0.360931     0.046697     0.135991      0.11304     0.085462    -0.222965     0.256942    -0.224028    -0.101992     0.108937   -0.0710366     0.171523   -0.0635215
     0.10842     0.278917    -0.255648     0.101255     0.175396    0.0951129    0.0464497    0.0291365   -0.0966633    0.0890571    0.0945124    -0.232253  -0.00377693    -0.216196   -0.0234354     0.255187    -0.017202     0.189517     0.330487      -0.1002    -0.318552     0.167593     0.117817   -0.0564252     -0.13272   -0.0147321    -0.236909   -0.0777758    -0.332104     0.216033   -0.0811371     0.282082
  -0.0309521     0.196585     0.237814     0.208837    0.0845384   -0.0166045    -0.397208     0.198193     0.286852    -0.211533    0.0468777    0.0852061    -0.196982     0.122602    0.0990712     0.209979   -0.0483277   0.00170506    -0.150457    0.0555445     0.106446      0.44903     0.103464     0.295531    0.0742998     0.249268     0.224176      -0.1054    0.0136411    0.0721487    -0.272856    0.0658024
   0.0633294    -0.193638      0.31912    -0.019753     0.151426     0.307707    -0.190485     0.214912   0.00702313    -0.147489    -0.248289    0.0748418    -0.239177     0.108455   -0.0357473    -0.134928    -0.123987     0.328159    0.0770793    -0.259883     0.270968    -0.438666   -0.0416743    -0.382458     -0.16954     0.190896   0.00396087    -0.284033   -0.0437237     0.350011    -0.013276    0.0484944
    0.208499    0.0861192    0.0492102   -0.0586097    0.0647217    0.0744575   -0.0560829     -0.13061    -0.263489    -0.575746   -0.0773069    -0.268643   -0.0616227    -0.358142     0.248624     0.320278  -0.00665216    0.0223217   -0.0690905     0.204363      0.16054  -0.00240114   -0.0733964    -0.427459     0.113355   -0.0424471  -0.00261008   -0.0371978    0.0811709    0.0329147    -0.425113     0.268651
     0.12106    -0.197002    0.0198798     0.124707    -0.113163     0.143429    -0.206135    0.0155828    0.0115387    -0.178918   -0.0452512    -0.118402   -0.0906973     -0.10857    -0.153555   -0.0227637   -0.0289997    -0.150415    0.0724451    0.0536088    0.0978003   -0.0497492    -0.162997    -0.287739    -0.188829   0.00612307    -0.115735  -0.00424081     0.199361    -0.144687    0.0395717    0.0551527
   -0.126326    0.0913025    0.0258337  -0.00355686    0.0448652   0.00229488   -0.0510229    -0.176742   -0.0112684   -0.0436787    -0.140158     0.353577   -0.0393861     0.185703    -0.322058    -0.284542     0.369947  -0.00585576   -0.0685219    -0.137261     0.149893   -0.0438502    0.0817762    -0.251828     0.238675     0.304348   -0.0590049   -0.0340405     0.197321    0.0976961     0.326897     0.247887
  -0.0999729    0.0941595     0.339096     0.120303   -0.0100628    0.0128179    -0.361879     0.214013    -0.183291    -0.426294     0.161771     0.182973    -0.347317    -0.058931    -0.100204    -0.399862   -0.0670744     0.287228    -0.328058    -0.376057     0.194789    0.0629824     0.381066    -0.108431     0.180722   -0.0420724     0.108656     0.270347     0.190923      0.21237     0.321635     0.144814
    0.121894     0.144779    -0.157816    0.0447633  -0.00933607     0.100695    0.0451726    -0.200297     0.229602    -0.502616     0.188653    -0.200151   -0.0103056     0.104353     0.061743     0.190708   -0.0646135     0.241675    -0.212308    -0.197415     0.187359    -0.111495    -0.160207    0.0608731     0.105702     0.140112      0.21385    -0.195527     0.321397    0.0848621   -0.0164335     0.202083
  -0.0190276     0.124629     0.238493    -0.184205     0.237496   -0.0229584     -0.07623    -0.136005     0.146336    -0.215971     -0.17982     0.208235     0.232446    0.0465971   -0.0548027     0.169172     0.134549      0.26619     0.276109    0.0774096     0.160851   -0.0488478    0.0616537    0.0189037    -0.120915   -0.0322284     0.252028    -0.190027   -0.0375841    0.0315558     0.126518   -0.0436771
    0.263459     0.033441   0.00882052     0.139822    0.0967102     0.233729    -0.438813    -0.131829   -0.0673456   -0.0339176     0.248056     0.419045   -0.0384935    -0.246256     -0.30672    0.0796738    0.0289655    -0.111877    -0.180237    -0.282401    -0.117724    0.0939468     0.072282     0.263708     0.190711     0.335759     0.122684  -0.00871547     0.198999    -0.170447   -0.0717941      0.17998
    0.126662     0.228362     0.240705    -0.142902     0.152352    -0.166394    -0.121146    0.0300255   -0.0160944     0.300952     -0.18865    -0.402272    -0.232796     -0.21572   -0.0168912   -0.0955569      0.22111     0.165589     0.270793    0.0499937   -0.0311247    0.0491728     0.057553    0.0452703    -0.184741     0.243185    0.0747221    -0.278849    -0.152435    0.0648385    -0.272376     0.205439
    0.116153    -0.201765    0.0626425     0.223201    0.0110477     0.013385     0.107754    -0.127546   -0.0309404    -0.322255    0.0611886    -0.109834    -0.138878   -0.0098135    0.0337386    0.0799998    -0.048511   -0.0751665    -0.136554    -0.318794   -0.0232561     0.073472     0.132118   0.00709542     0.326748     0.204287    0.0859216    0.0927934    -0.171865    0.0546593  -0.00137853 -0.000937807
    0.174539     0.170982    -0.158298    0.0980001   -0.0663094    -0.165551   -0.0196882    -0.240942   -0.0555854     0.207535   -0.0959221    0.0132745     0.158644    0.0170957    0.0451195    -0.161466      0.32972    -0.137043    0.0529527    -0.266088     0.202923     0.146342    0.0361024     0.335821     -0.11081    0.0428441   -0.0632255    0.0641522    -0.135664    -0.116743     0.109845    -0.159627
     0.24524  -0.00582589     0.015312   -0.0562694    0.0300628     0.154426    -0.176151    0.0504972    -0.107033     -0.34452     0.393937    -0.102947    -0.125934     0.122548   0.00378591     0.105423     0.109047     0.154364    -0.278246    0.0691196     0.158031    0.0939392    0.0579392     0.180347    -0.206502    -0.301132    -0.106695  -0.00533239     0.145645    -0.241816    0.0930388    -0.125324
    0.177071    0.0482095     0.200475     0.162138   -0.0485742   -0.0520456   -0.0972134     0.010751    0.0702949    -0.185366     0.138759    0.0455918    0.0391467    0.0926009    0.0806226    -0.206306   -0.0962186     -0.13213   -0.0758639    -0.124947     0.101408     0.319439     0.260647     0.143938    0.0171325   -0.0392613 -0.000867188   -0.0625156     0.115164    -0.318901     0.137032    0.0769109
   0.0515465    0.0181413    0.0377196   -0.0668656    0.0309663   -0.0780471    0.0253506     0.115525    -0.270244    -0.285457    0.0715477     0.289079    -0.265035    0.0107599    -0.213855    -0.267027     0.274861    -0.256815     0.140131    -0.233917     0.159777     0.325324     0.224919  -0.00804074     0.218213  -0.00579676    -0.246317    0.0383765   -0.0410285    -0.179853    -0.128268     0.199005
    0.149593     0.445585   -0.0365924     0.255166     0.134015    0.0273333    0.0275653    0.0316325     0.112745   0.00459322    0.0446959     -0.20872    -0.390116    0.0963847   -0.0290141     0.198143     0.205732    -0.206005    -0.163997    -0.222374     0.150799    -0.102389    -0.287021    0.0046651     0.119713   -0.0859648    0.0463993     0.050519   -0.0354524   -0.0233426     0.146314    0.0278121
    0.275911   -0.0105698     0.250992  -0.00489497   -0.0627129     0.119059    -0.255696    -0.533994     0.174654    -0.102427   0.00791531      0.01544   -0.0406723     0.261322     0.181427   -0.0987541   -0.0232655    0.0550566   -0.0974779    0.0854744     0.263255     0.410127     0.288679    0.0649445    0.0487253   -0.0961214    -0.101302    -0.164242       0.1716    -0.321436     0.070728    -0.115836
   -0.173266   -0.0264207     0.014335   -0.0673672   -0.0680148     0.477805    -0.187401     0.130458     0.116142     0.166428    0.0446989  -0.00438952    -0.160666    -0.209742   -0.0436046    -0.224133    -0.170797      0.22156    -0.163549    -0.163549    -0.201671     0.295021    0.0631794    -0.292521      0.11458   -0.0586501     0.222657    -0.284715    -0.197546    -0.282517     0.306428    -0.209486
    0.101802    -0.190659     0.312075    -0.139954   -0.0418724     0.186046   -0.0444484    0.0966055     0.267087    -0.247789     -0.22396     0.208295    -0.105706   -0.0340746    0.0606741    -0.196342     0.343759     0.177635    -0.304287    -0.286354  -0.00278987     0.144837     0.233533     0.162028     -0.02042 -0.000164267     0.215257    -0.273534    0.0346357    0.0808041     0.228323    0.0162603
   0.0903086     0.123312     0.207085   -0.0211483     0.141949    0.0944526    -0.102555     0.236962    0.0442042    -0.128904    -0.148563    0.0946697    -0.327053    -0.190046    -0.403463    -0.178236     0.168535     0.305578    0.0808511    -0.169467     0.216568     0.057317    0.0446254     0.243648     0.139788     0.173596  -0.00649832   0.00197932    -0.177521    -0.107573    -0.030644     0.242755
  0.00291565   -0.0368816    0.0761705    0.0724083   -0.0458948     0.116306   -0.0355262    -0.221585    0.0624784    0.0219486    -0.161797    -0.117715   -0.0237682    -0.102607     0.337529    -0.161389    0.0630209    -0.251819    -0.187415   -0.0653198   -0.0592303     0.321443     0.143099    0.0337751     0.313676    -0.161008     0.227325    -0.164809    -0.123688    -0.277168     0.173129   -0.0630235
    0.162673     -0.16017     -0.11913    -0.283359   -0.0957238     0.222582    0.0417914    -0.193652     0.089522    -0.155691     0.252095      -0.1983      0.18091    0.0498293     0.326892     0.158508     0.191089    -0.165101    -0.233402   -0.0319296   -0.0871527   -0.0731384    0.0684877     0.105605   -0.0763176     0.144036    -0.197984    0.0455732     0.184621   -0.0513474    -0.103038    -0.234224
  -0.0550643     0.210503    0.0529164     0.107043     0.184052     0.108303  -0.00838475     0.105947    0.0543827    -0.173497   -0.0128715   -0.0311734    -0.295035    -0.189587    -0.129507    -0.281411     0.113159    -0.199313   -0.0983343     0.174085     0.222383     0.360709     0.270417     0.207868   -0.0280763    -0.134824    0.0752497     0.245859     0.168858    0.0771354   -0.0166812 -0.000581308
    0.172628     0.296757    0.0336322     -0.20288   -0.0940915     0.301369    0.0566563      0.12178     0.112951    -0.317821   -0.0673423  -0.00570122    -0.200514    0.0747933    -0.069537   0.00236463     0.190924     0.220909    -0.249181     0.205819    -0.269612    0.0603242     0.386677     0.150838    -0.201354    0.0294803    0.0584283    0.0962815     0.147476    -0.162278    -0.031977   -0.0610568
    0.101296    -0.243783  -0.00494485    -0.232759    0.0551472     0.121347    -0.121693    -0.349558   -0.0384606    -0.103764     0.145749    -0.264506   0.00854186   -0.0778883   -0.0298845      -0.3558    -0.237009   -0.0381282   -0.0914131    -0.325152      0.19426     0.215649   0.00785503     0.116411    -0.101538   -0.0196804     0.131092   -0.0795905     0.134474    0.0351565     0.341772     0.168519
   -0.270274    0.0148767   -0.0764524     0.442057     0.175449   -0.0930841     0.291191   -0.0917218    0.0894767    0.0426132    0.0778618    -0.112169     0.180732    -0.187673   -0.0508043      0.26624    0.0934828    -0.131524     0.016562     0.112036    0.0809755     0.101693     0.103094   -0.0385707    0.0230901    -0.168923    0.0185955    -0.181519    -0.125901     0.186156    -0.308208    -0.172076
  -0.0929647   -0.0696607     0.131036    0.0129628      0.19229    0.0737809   -0.0425244    -0.153404    0.0448511    0.0860736     -0.20202     0.367797  -0.00904455     0.146878     -0.34428     0.060146    0.0485519     0.118354     0.222939     -0.31765    -0.114789     0.242603    -0.253536   0.00554533    -0.273059     0.192047    -0.108491     0.300091    0.0390521    0.0874448      0.12732   -0.0807496
   0.0899743     0.182739     0.337327    0.0147628   -0.0473258    0.0486574    -0.115389     0.113832    0.0222809    -0.377825     0.201566   -0.0151806   -0.0622535     0.110427    0.0695746     0.135082     0.251461    0.0103253   -0.0576213    -0.266581    0.0944396    -0.247527     0.364725    -0.128342    0.0911653     0.133174     0.272323    0.0361308     0.146316     -0.25566    -0.181009     0.291715
  -0.0646639    0.0511444   -0.0217411   -0.0882637     0.142429     0.301966    -0.142896     0.107253   -0.0855573    -0.252114    -0.204016    0.0378463    0.0060855   -0.0389786     0.220314   -0.0589387    0.0334995    -0.104719    -0.134733    -0.114789    -0.240321    -0.107088    -0.195033   -0.0803221   -0.0631151    0.0132361   -0.0460557     0.143918     0.137608    -0.187896     0.188877    -0.163113
    0.171294     0.112793   -0.0353013     -0.24251    0.0679383    -0.130493   0.00362094    -0.008024     0.193548   -0.0104359    -0.092829     0.158027    -0.412846   -0.0605482    -0.109229   -0.0557716     0.108249    -0.173818    -0.280701     -0.38496     0.295616   -0.0721463     0.491838  0.000571246    -0.616469     0.130901    -0.155137     0.425741     0.202015    -0.391825    -0.227146     0.319645
   -0.037926    -0.378448     0.170341   -0.0150038    0.0293278   -0.0491662   0.00895883    -0.178419     -0.28542     0.208038     -0.21563     0.115263    0.0614589    -0.102137     0.275726     0.168818    0.0553161    -0.180055     0.116227    -0.272857    -0.146723   -0.0540012    0.0315743    -0.108913     0.192156   0.00461824     0.102818     0.265107     0.155597    0.0170028    -0.118538    0.0661854
  -0.0891562    0.0945228   -0.0952515     0.192258    -0.178197    -0.081356   -0.0650366      0.09653    -0.207018  -0.00762587     0.174412    -0.312799    -0.232593    0.0678817    0.0788323   -0.0608834   -0.0896319   -0.0720378    -0.242245   -0.0825579    -0.136154     0.145439   0.00131119     -0.16374    -0.198303    -0.200448   -0.0194694     0.177993    0.0220614     0.353619    -0.157506   -0.0532743
  -0.0798688    0.0579796     0.228392     0.146299     0.229828   0.00329282    -0.148251    -0.117885    0.0197293   -0.0880263     0.168115   -0.0567221   -0.0973344    0.0761794     0.339701    0.0836413    -0.275395    0.0619628   -0.0675159   -0.0491433     0.350548     0.171109     0.149217   -0.0201211    -0.219645   -0.0706653    -0.205669    -0.151881    0.0694197     0.123388   -0.0462298   -0.0260115
   0.0347401    0.0246717     0.158265    0.0687339    0.0250688     0.405062    -0.140673    -0.248792   -0.0898198    -0.542225    0.0707479    -0.335806     0.163456     0.185549     0.245088   -0.0378367    0.0751988     -0.27149     -0.49524   -0.0693875     0.201671  -0.00134405    0.0227653     0.269034   -0.0890238   -0.0686805   0.00367952     0.170141   -0.0236874    0.0252033     0.262738     0.143885
  -0.0328007     0.298499     0.181927      0.19704    -0.118086     0.101046     0.294346    -0.196444    -0.214626   -0.0306046   -0.0980182    -0.144172   -0.0661925     0.122628   -0.0155056     0.241908    0.0455694    0.0292518    0.0723915    -0.315488    -0.105298    -0.152728   -0.0162704   -0.0091199     -0.16446     0.313419   -0.0160812    0.0829771    0.0603131    0.0965815     0.215662    -0.237277
   -0.102952     0.181401    -0.080448    -0.173978     0.113642     0.159335  -0.00585481    -0.235115     0.236072     0.318124    -0.306935    -0.210398    0.0204643    0.0577994    -0.230555    0.0551087    -0.166533    -0.163415    0.0226576   -0.0707794     0.217506  -0.00276959    0.0357132   -0.0749922    -0.214682    -0.221411   -0.0856431      0.18102     0.310057    -0.132784     0.353081    -0.149265
   0.0502455    0.0392971    0.0277985     0.187138    0.0997478    -0.141055     0.198973   -0.0196765     0.335952    -0.103792    -0.154668   -0.0670969     0.243502    0.0428113    -0.175611     0.223316     0.184632  0.000905018   0.00332941      -0.1429  -0.00161998   -0.0224073    -0.184328   -0.0752998   -0.0201219    0.0140362   -0.0607713    -0.209076   -0.0431845     0.121829     0.128826   -0.0171509
    0.309271     0.185429   -0.0326685     0.273905     0.266999      0.13188   -0.0587125  -0.00769072   -0.0371822    -0.699176    -0.307807    0.0900282    -0.302178     0.163111     0.190435    0.0337025   -0.0776464    -0.373631    -0.633116    0.0169973     0.107842     0.395795       0.3277     0.232324     0.174594    -0.179715   -0.0640154     0.237892     0.280635     -0.26427   -0.0345643     0.152232
    0.204791    -0.176807   0.00837251    -0.045629     0.210151   -0.0246272    -0.222114    0.0695798    -0.103173    0.0941581    -0.213625    -0.218453     0.161969     0.126125    -0.129281   -0.0756139    0.0877934   0.00371346    -0.160337    -0.436751     0.209001    0.0786534     0.247493   -0.0681349    -0.168739     0.111396     0.257352   -0.0506262     0.238319      0.20707     0.303572     0.194053
-0.000732042     0.121695     0.171292    0.0384218   -0.0689887    -0.131546   -0.0755988    0.0526164    -0.190105    0.0415301    -0.186976     0.276593      0.20005  -0.00807124    0.0334469   -0.0323845   -0.0510495    -0.206552    0.0925164   -0.0935751     0.139049    -0.258626    0.0038758   -0.0878785     -0.14637    0.0334932    0.0516336   -0.0259765   -0.0938332    -0.189111    -0.135672   -0.0236775
  -0.0817189    -0.253291    -0.150144   -0.0817284     0.075746     0.126743    -0.104259     0.142066    -0.219326    -0.114277    -0.141554      -0.2571  -0.00283917    -0.149063     0.154914     0.142073    -0.157349     0.090728   -0.0545718     0.197575     0.164113    -0.054281   -0.0122536    -0.204128    -0.162174     0.143442    0.0545169     0.187119   -0.0370915      0.19311    0.0891219    0.0201339
  -0.0348482    -0.154722   -0.0786352    -0.142113    0.0336017     0.164515   -0.0716868    -0.179181  -0.00475482     0.199512     0.222507    -0.017147    -0.303908     0.183972    -0.330406   -0.0966148    -0.100975     -0.19854    -0.217692    -0.206283     0.302214   0.00289563    0.0717789     0.334592    -0.125443    -0.183949     0.165112   0.00067386     0.111534     -0.31792    0.0689731     0.242723
   0.0119291     -0.22204      0.17255    -0.277995    -0.127655      0.19027   -0.0514739    0.0459996     0.106299    0.0457062    -0.239744    -0.197266     0.140125    -0.223267     0.133387    -0.168186   -0.0360732  -0.00423889     0.188882   -0.0886644     0.298991    0.0221454     0.113461    0.0130397   -0.0557652   -0.0699986     0.165828   -0.0765886     0.121618    -0.210444     0.274457     0.217825
   0.0390164    -0.119517     0.046978  -0.00547213    0.0613255     -0.21986    -0.116045    0.0496716    0.0906718    -0.194727    -0.269068    -0.146024   -0.0621903    -0.028246     0.205284   -0.0239733     0.270748   -0.0709563    -0.173982   -0.0817094    0.0722356     0.258481    0.0101113     0.179328   -0.0470375    -0.358665     0.112829     -0.28086     0.128559     0.174143    -0.192938    -0.016999
  -0.0924376    -0.307626    -0.303395  -0.00782176     0.237984    0.0834539    -0.130401   -0.0674602     0.142057    0.0840033    -0.379425    -0.122145    -0.148225    0.0633332    0.0468597     0.131019      0.36054   -0.0171987     0.129756     0.294082    -0.109081   -0.0193313    0.0489275   -0.0825795    -0.146501     0.339682     0.174198     0.270599     0.213075    -0.323602    -0.300761    0.0549974
   0.0228996     0.352535    -0.161155    0.0551684     0.337426    0.0796389   -0.0507098    0.0759265    0.0767386      0.14249   -0.0336181    -0.240624    -0.122515    -0.152354    0.0240892     0.193196   -0.0414472    0.0461709     0.060585    -0.109849     0.306069    0.0715323    0.0164107    0.0778129    -0.359945      0.29913     0.139895   -0.0881295     0.148402     0.147951    0.0819206   -0.0860593
   -0.043371    -0.171087     0.180562      0.11813     0.180756   -0.0351666     0.130174    0.0470614   -0.0392595   -0.0886236   -0.0628359   -0.0818048   -0.0409484    0.0807873    -0.135579    -0.064746     0.192102    0.0746364     0.151771    0.0318642     0.118094    0.0160963     0.155194     0.157387    -0.202661   -0.0487566     -0.22408    0.0843836     0.220354     0.160671    0.0355835     0.162556
  0.00717173   -0.0684934   -0.0889186    0.0207193    0.0540896    -0.166306    -0.123315    0.0581272   -0.0671831    -0.366512     0.175173    0.0450451    0.0978433     0.267977    0.0831681    0.0190075    0.0182666     0.233917     0.185959    -0.045503    0.0861474   -0.0788211     0.183722     0.265771    0.0787895   -0.0161877    0.0201311    0.0443154   -0.0807366    -0.107802    0.0208795     0.147018
    0.148774     0.318865     0.204392    -0.181141    -0.105973     0.133771   -0.0627483    -0.105508   -0.0573051    0.0120572    -0.014374    -0.126415    0.0464036    0.0222818   -0.0812106    -0.113343    -0.161894    -0.102959     0.136346     0.070037     0.120459    -0.132582   -0.0601518 -0.000306072     0.170597    0.0144731     0.189896   0.00166105     0.243403     0.158399     0.104063     0.192157
   0.0509395    0.0260392    -0.145119   -0.0266798    0.0502855   0.00949034     0.167772   -0.0173848    -0.128904     0.126496    0.0521446     0.129318      -0.1379    -0.187802     0.030873     0.290757   -0.0227193    -0.116414    -0.125704     0.179528    -0.285992    -0.162645    -0.190648   -0.0981949   -0.0315547     0.271241    -0.172759     0.156058     0.304834    -0.138926    0.0873462     0.154006
  -0.0941366   -0.0207916     0.224528    0.0676719    0.0756639     -0.16592    -0.350497   -0.0459326    0.0506105     -0.40294    0.0326114   -0.0617313    0.0217908   -0.0126088     0.105475    -0.220478   -0.0682611     0.294571    -0.232718    -0.140913    -0.109024     0.369523  -0.00909275   -0.0641932    -0.109091    0.0535011   -0.0944823    -0.153649      0.25674   -0.0416862    -0.189202    0.0128912
    0.215189   -0.0281676    -0.111433    -0.277813   0.00401966 -0.000834122    -0.076664   -0.0432489    -0.364648      0.28746    -0.131786    -0.357808    0.0579784     0.195333     0.303867    0.0229041    -0.253856    -0.254273    -0.173187    0.0527605     0.305624     0.392771     0.164704     0.193795    0.0476788    -0.104618    -0.126786    0.0566098   -0.0506011    -0.092972     0.180353    -0.103312
  -0.0152129     0.424437    0.0401876     0.150483   -0.0643869    -0.208533     0.138313    -0.177306    0.0232929    -0.170526    -0.037769    -0.149729    -0.105233    0.0561621     0.130185     0.145498   -0.0978409    0.0714397    -0.223391     0.224495    0.0650515     0.153674     0.390923     0.279187   -0.0689486     0.120406     0.118331     0.121088     0.338216    -0.123494     -0.22419     0.128495
   -0.112381    0.0533111    -0.111932     0.146393    -0.130773    0.0500226     0.175522     -0.21803     0.010014    0.0243943     0.033606     0.113602    0.0980957   -0.0424157    -0.196798    0.0341668   -0.0679174    -0.142973    -0.111107    0.0806408   -0.0356758    -0.102655    -0.340524      0.19186     -0.19004    0.0864086  -0.00799702   -0.0711585    0.0618132    -0.291392   -0.0496987   -0.0174162
   0.0298542     0.364875      0.16291  -0.00877028      0.15153     0.103468   -0.0218748   -0.0352449     0.285929    0.0413883   -0.0807328    -0.187795    -0.200603     0.145975      0.22487    -0.169072    -0.032482  -0.00225789     0.172302    0.0794458     0.299939     0.227828     0.107871   -0.0636028     0.132993     0.262027    -0.217466     0.162739     0.131769    -0.150545      0.34358   -0.0554192
    0.299403     0.243535   0.00396479     0.138685     0.148397     0.130895   -0.0289427     -0.12465      0.18355    -0.443434    0.0440026    0.0277831   -0.0850602   -0.0785654     -0.33369     0.171709  -0.00797926     0.120994     -0.26401     0.192648     0.126815   -0.0777655    0.0546182     0.284221   -0.0025667     0.127078    -0.227245     0.375956   -0.0708761   -0.0914141    0.0292138     0.130897
    -0.21058    -0.180123     0.174986    0.0579158   -0.0377145     0.229614    -0.127429   -0.0445808     0.045156     0.067404     0.096137   -0.0578841   -0.0476997   -0.0961489   -0.0553898    -0.397298     0.209314     0.213702      0.13013   -0.0757876   -0.0264401     0.164083     0.156466     0.252477    -0.141531    -0.201849     0.249117    0.0992948     0.200796   -0.0498301    0.0955598   -0.0844345
    0.401659    0.0247796     0.101062   -0.0781674      0.32871    0.0871652    -0.232546     0.129629   -0.0961417    -0.149335     0.170391    -0.199511    -0.279041     0.366235     0.121356    -0.191876    -0.167733     0.144587  -0.00273805    -0.396016     0.394116     0.211881    0.0910964     0.266316     0.255949   -0.0064622   0.00609792   -0.0652479  -0.00268576     0.131041     0.484441    0.0985917
   0.0723543     0.371901    -0.261766    -0.146097   -0.0353344    -0.157073    -0.511571    0.0447481    -0.131555    -0.101351     0.143728    -0.120134   -0.0537835   -0.0220663    -0.111387    0.0438176   -0.0159009     0.213383    -0.131745     0.208443   -0.0726785    -0.134157   -0.0195264    -0.129379     0.186673      0.22713     0.195136   -0.0295807     0.228234     0.122167    -0.288658    0.0301219
    0.148868    -0.221652     0.133132    -0.119857    -0.101955   -0.0568798     0.115864    -0.128125      0.24918     -0.43083    -0.311468     0.167626    -0.181475    0.0657925    -0.162665    -0.131442   -0.0458438    -0.173827    -0.260751     0.164619     0.145783    0.0614051    -0.111723    -0.083617    0.0751952      0.10272    -0.148986    0.0581293   -0.0949339   -0.0574151    0.0548697     0.231771
   -0.187594     -0.17848    -0.141227   -0.0577947     0.103673    -0.146105     -0.14047    -0.120622     0.053201  0.000296829    0.0790694    0.0116395   -0.0731443   -0.0279874    -0.327549     0.257951     0.201299     0.022698    0.0401571    -0.043168    -0.141232    -0.177943    -0.111236   -0.0480016    -0.171066    -0.107433   -0.0639388    0.0748404     0.151764     0.142827    -0.234157  -0.00159381
   0.0973174     0.238804     0.340895     0.215344     0.284257     0.189262    -0.270748     0.120638     0.157027      0.18552    -0.168275    0.0693296   -0.0308611     0.239812   -0.0843422    -0.155313     -0.17689     0.018394     -0.14877    -0.235374    0.0974574     0.366698 -0.000122036     0.198308      0.17414    -0.197565    0.0187942   -0.0193194   -0.0653606   -0.0256644     0.276466   -0.0320006
    0.251847   -0.0648441    0.0550827    0.0603044    -0.128192   -0.0969654    0.0343159     0.124815    0.0708336       0.1377    0.0500599     0.181931   -0.0862769   -0.0719528  -0.00844257    0.0690083     0.105515   -0.0350709   -0.0592161    -0.318806   -0.0303354    0.0282432    0.0192045    -0.148106   -0.0245877     0.280787    -0.106923     0.294221   -0.0387712     0.152925    -0.027682     0.175585
    0.096683   -0.0914994     0.154523   0.00318852     0.471913     0.171331    -0.228795   -0.0354148    0.0762095    -0.155173   -0.0650833     0.136126     0.166837   -0.0477671    -0.132699    -0.215502   -0.0703934     0.234501   -0.0375267    0.0425471     0.107004    0.0156214     0.202252    0.0607787    -0.236268     0.124574    -0.226215     0.368404     0.224293    0.0316615    0.0608794     0.107718
     0.31565      0.13181    0.0159312     0.153627    -0.110961    0.0226471    -0.188345    0.0577497    -0.282371     0.429857   -0.0202253    -0.145826    -0.305286    0.0331943    -0.188539    -0.221952    -0.062463   -0.0838056      0.11878   -0.0682174     0.134041    -0.294536     0.070472   -0.0420216    -0.159203    0.0148221    0.0648957     0.190594    0.0921606    -0.137365    0.0708982     0.350936
  -0.0259205     0.348183  -0.00314852   -0.0745192     0.059179   -0.0319753     0.080691    -0.257305    0.0666921   -0.0912606   -0.0999456   -0.0710773    -0.229249     0.160307     0.162696   -0.0877991     0.208899    -0.200667    -0.326501    0.0244273      0.17312     0.365746     0.232244     0.146593   -0.0929908  -0.00424069     0.269337     -0.15515    0.0605445    0.0426479   -0.0740907     0.162586
    0.227971   0.00212592    -0.130799    0.0482984    0.0479118     0.252177     0.075902    -0.288703   -0.0348962    -0.382368    0.0079529     0.315376    0.0172045    -0.116793    -0.090445    -0.141419    0.0402343     -0.16463    -0.304097    0.0662077  0.000527096     0.145632      0.21444     0.109026     0.188967    0.0637146     0.218263    0.0815608   -0.0477065    -0.129774   -0.0251986    0.0833429
  -0.0986981     0.319112     0.208389      0.11214      0.21343     0.177119    -0.306945    -0.102934     0.113138    -0.564184     0.148241    -0.359176    -0.369869     0.371317    0.0217276    -0.359521     0.104565    -0.471359     -0.46256    -0.279398    -0.185546     0.331294     0.332168     0.247213     0.237436    -0.022698    0.0869056     0.246198   -0.0196724   -0.0275138   -0.0257865     0.138998
     0.32955    0.0723948    -0.192572    -0.075498    -0.101578    -0.110568    -0.236318    -0.190681     0.181871   -0.0162259   -0.0988496    -0.102343    -0.124982    -0.229849    0.0141136    0.0444482   0.00146584    -0.117489    0.0889801   -0.0535054   -0.0330307     0.180045   -0.0503766     0.076531     0.208593   -0.0470666      0.39371    -0.293072   -0.0915067    0.0867965     0.198673     0.270397
    0.202008     0.190624    -0.122899  -0.00532405       0.1928     0.245313   -0.0141483    -0.390605     0.429656     0.286464    -0.213985    -0.493076   -0.0561166   -0.0363296     0.153601   -0.0981148      0.24404   -0.0382682   -0.0242472    -0.175402     0.142015     0.177849     0.317423     0.196635    -0.125063    -0.392228     0.127697    -0.292589    0.0723312   -0.0640219     0.260228    0.0164578
     0.25229     0.312877   -0.0416942    -0.191078     0.150089     0.259769    -0.156399    -0.243736   -0.0954694     0.112094    -0.193636    0.0557509     0.043983   -0.0166823    -0.255322   -0.0102394   -0.0774046   -0.0238055    -0.138671    -0.195878     0.215766     0.161855   -0.0591653     0.305894     0.255714   -0.0364679    0.0569575    -0.186638     0.162807     0.121709     0.189881     0.146013
  -0.0921618 -0.000720382   -0.0811438    0.0667604     0.360594    -0.130321   -0.0387245    0.0165874   0.00536101     -0.10542    -0.189185   -0.0156844    -0.310306    0.0962262   -0.0161392   0.00208963    -0.178032    -0.013366   -0.0882557     0.100525   -0.0766208   -0.0581836     0.295512     -0.28104     -0.26679     0.108258  -0.00590583     0.411217     0.194466     0.176184    0.0184074     0.145337
      0.4255   -0.0259332     0.255214    -0.165744     0.246636    0.0551356    -0.132729    0.0271445     0.128084   -0.0958542    0.0571452   -0.0966429    -0.212198     0.191708    -0.153026  -0.00991623    -0.200518     -0.04663    -0.328598    -0.262591     0.173566   -0.0466645      0.36878    -0.175767    0.0518661    -0.271854     0.050453    -0.101493   -0.0164344    -0.163238     0.298368    0.0367961
    0.020433    -0.235116    -0.160061    -0.115565    0.0982003    0.0076867    -0.164757    -0.253179     0.251428    -0.136241   -0.0841143    0.0943858    0.0924648    -0.066686    -0.115382   -0.0147361     0.111806     0.147613   -0.0496232    0.0538859   -0.0105295    -0.250046    0.0924518     -0.08567    -0.212739     0.277108   -0.0719846     0.161174   -0.0886212     0.178751     0.116671    -0.173902
    0.309717   -0.0712965    -0.247593    -0.164182  0.000682654    -0.148468   0.00752678    -0.247821    0.0244637     0.298457    -0.172023    0.0873848   -0.0430943    -0.142601   0.00817446    -0.117752  -0.00494795     0.200289     0.488721    -0.317812   -0.0561498     0.190915   -0.0152061    -0.139104    0.0191017    -0.126497     0.191719    -0.127349    0.0249266    0.0427877   -0.0356434    -0.102958
   0.0926038     0.269171   -0.0217328    0.0917342      0.04349     0.219621    -0.136725     0.012039    0.0791793    -0.288656   -0.0387553     0.179577     0.144102     0.100368    0.0610415    -0.124644     0.267964     0.233372    0.0642897  -0.00189845     -0.04327     0.111107   -0.0560483     0.151572    -0.153724   -0.0879414    -0.121501     0.109452     -0.04414   -0.0178289     0.158576    0.0957572
  -0.0408417     0.170556     0.132109     0.119912     0.181591   0.00580529   -0.0615519    0.0812121   -0.0484555 -0.000800547   -0.0666803     0.135512     -0.25633    0.0401935    0.0948981    -0.294804    -0.182088    -0.246386     0.182931    -0.162774   -0.0694253    0.0668821    0.0588316    0.0335259    0.0293537    -0.065631    -0.105701     0.144606   -0.0350547    -0.157805     0.251841   -0.0639215
  0.00462111    0.0376865    0.0491545   -0.0746666    -0.233012  -0.00570143    0.0889388    -0.215091    0.0613094     0.239328    -0.188338     0.248771    0.0156985    0.0452886     0.172295   -0.0519975   0.00409369   -0.0299866     0.163115    0.0234107     0.252521    0.0984616    0.0926049   -0.0625552      0.14283    -0.179239     0.249887     -0.14877    0.0379618    -0.130258    -0.170225    -0.106732
  -0.0043567    -0.309587   0.00266338    -0.422454    -0.314242     0.376486   -0.0376742   -0.0968201    0.0929514    -0.304651    -0.484707   -0.0312316     0.124477   0.00614853    0.0787717     -0.23644     0.163591     0.147831   -0.0469416    -0.135738   -0.0370465    -0.189156   0.00594657      0.10084   -0.0852631    0.0956694      0.01002      0.41204     0.249182    0.0475704     -0.12857     0.118944
   0.0158977   -0.0064091    0.0527094    -0.149034     0.207383     0.181054    -0.185216    0.0970935    -0.157797   -0.0607676    0.0813084    -0.051558    -0.050893      0.26891    0.0994386    -0.397756     0.199994    -0.171381     0.114272     0.028062   0.00677988     0.367595     0.335944   -0.0131627     0.128472    0.0956314     0.338738     0.153599   -0.0901577    -0.233042    0.0502414   -0.0611567
    0.163958    -0.378227   -0.0776133    -0.170105  -0.00418747    0.0688914    -0.152598   -0.0806621      0.21951    0.0739064     0.158423     0.262362   -0.0246504    -0.174266    -0.287411    -0.278085    -0.150841    -0.129633    -0.080854    -0.025196     0.174759      0.35431     0.127406    0.0750631    -0.104276    0.0470584    -0.110993    -0.112204     0.241206   -0.0366604     0.237226     0.188387
 -0.00965115     0.309608   -0.0582567   -0.0144977    -0.128208     0.115703    0.0291478    -0.145258     0.210572    -0.349168   -0.0249898      0.14402   -0.0727076     0.280626   -0.0261977    -0.158741   -0.0872689    0.0899288    0.0398748    -0.010161   0.00188056    0.0514892    0.0454577 -9.47326e-05   -0.0851022    0.0223129    0.0862204    -0.110934    0.0890989    -0.313088    0.0940093    0.0806812
  -0.0176988     0.234342    0.0758686    0.0849128    0.0915082   -0.0066231   -0.0278192    -0.138293    -0.316995  -0.00492666   0.00881395   -0.0825787   -0.0846837   -0.0387564     0.175148    0.0680371    -0.345585    -0.249268     0.205372    0.0512815     0.159113     0.325892     0.086248   -0.0905016    -0.195572    -0.339627     0.144844   -0.0709515    0.0123263    -0.136945    0.0286825    0.0693557
   -0.052869    0.0765412      0.15166     0.270051     0.180481     0.114404    -0.178142    -0.117466     0.373539   -0.0632703   -0.0705508     0.313321    -0.270157    0.0673145    -0.275187     -0.23816     0.141589    0.0981322    -0.162882    -0.564322    -0.253572    -0.072758     0.118488    -0.414601     -0.09258     0.153952     0.189062     0.221765    -0.166579    0.0933401     0.318059     0.251513
    0.241075   -0.0386947    0.0845033    -0.123473   0.00140269   -0.0529923    -0.060811     0.108714    -0.198052    -0.126445    0.0941732    0.0174636    -0.263957   -0.0437666     0.143581     0.169989    -0.210468    0.0151438    -0.148203     -0.15094   -0.0986741      0.10057   -0.0718147     0.135225    0.0773432    0.0236935     0.185741    -0.296886    0.0885072   -0.0934608     -0.16491     0.242533
   -0.244306   -0.0472273    0.0569659     0.306695     0.434178    -0.203536   -0.0298717   -0.0976595     0.314332    -0.228614    0.0236877     0.348921    -0.301253     0.114875    -0.208223     0.115904     0.349219     0.220996    0.0533853     0.189663    -0.164926    0.0729775    -0.014302     0.104853    -0.191443   -0.0776539  -0.00598621     0.334429     0.101804    0.0378657     0.129229    0.0419183
    -0.11614   -0.0970714    0.0343165     0.179176    -0.250279    0.0112635  -0.00245869   -0.0273587     -0.13629    -0.417697    0.0113107     0.187841    0.0757774     0.248864    0.0482708   -0.0599243      0.25278    0.0927517   0.00720926     0.153987    -0.180248     0.175131    -0.110752     0.128014   -0.0252187     0.114053    0.0350307     0.115949    0.0862352    -0.277623    -0.035047     0.125087
    0.205212     0.215389     0.230971    -0.222792     0.121104     0.304769     -0.09751    -0.205568    0.0667575    -0.361509     0.357523    0.0811698 -0.000261561   0.00643438    0.0139264    0.0206139   -0.0625348    -0.253835    -0.159633     0.186107   0.00969829     0.169744    0.0549258     0.226812     0.379047     -0.11671     0.028367    -0.210257     0.088211   0.00426752   -0.0682961    0.0521669
  -0.0342736    -0.160513     0.135376     0.209979    0.0586836    0.0897031    -0.045864    -0.273752     0.190862    -0.145981    -0.303768   -0.0385369     0.217993     0.125322   -0.0519962    -0.326713    -0.124892     0.190434    -0.281013   -0.0308015    0.0257267     0.464417     0.193055     0.105055    -0.172311     0.112899     0.130704     0.267322    0.0127822    -0.188748     0.417934    0.0459382
  -0.0285198    0.0897081     0.133519     0.101649    -0.224885     0.174662      0.33839    -0.287954    -0.078898    -0.452936    -0.129802     0.181541    -0.160886    0.0656484     0.108099    0.0727527    0.0212947       0.2231    0.0632264     0.153614   -0.0973656    -0.148862     0.158293     0.266101    -0.128129   -0.0254625     0.155472     0.271304   -0.0560827   0.00575087 -0.000264993    -0.285558
    0.088002     0.338473    -0.117763     -0.10058    -0.173928      -0.2187     0.143169   -0.0899942    0.0261526   -0.0855473   0.00949268    0.0439291    -0.130599     0.087587    -0.394609     0.140159    -0.180351    -0.118256     0.161556    0.0352169     0.184809    -0.143733     0.240405    0.0464488     0.190449    -0.154916     0.246651   -0.0159132     0.153259    -0.360364     0.235995    -0.173859
    0.162055     0.227428     0.321523    0.0214604    0.0396044     0.216876    0.0251402     0.157984   -0.0203342    -0.257477     0.133759   -0.0893322    -0.264677   -0.0570619    -0.245677     -0.39061    0.0913325    -0.163639   -0.0101283    -0.373349     0.294608  -0.00847563    0.0558646    0.0748518    -0.162481    0.0592815   -0.0825524     0.271186     0.081409    -0.174483    0.0894162     0.280451
   -0.111481  0.000442492     0.193089     0.192865   -0.0997102     0.249788    -0.168118    -0.175553     0.137737    -0.176158   -0.0629901    -0.272414   -0.0773661     0.261458   -0.0377882   -0.0173417     0.147766    -0.255344   -0.0749512    -0.143674     0.308786   -0.0236026    0.0187095    0.0424818     0.210626   -0.0292136    0.0751315    -0.160633   -0.0631474   -0.0850759    0.0866564    0.0475743
  -0.0593952  -0.00670493     0.131158    0.0084063   0.00174867    -0.179003    -0.141877    0.0699347    -0.240053     0.144286     0.113201    0.0771818    0.0841283     -0.17877    0.0466918   -0.0166928     0.104777    -0.178192    -0.122181     0.277781   -0.0739485     0.181075    -0.229607    0.0165485     0.214706     0.127617     0.103685    -0.242378    -0.273204      0.02052   -0.0843071     0.357067
  -0.0215447     0.222976     0.176167   -0.0299665     0.404695       0.4525     0.185978    -0.366596      0.06625    -0.128122    0.0501419    -0.269039     0.179434     0.037083     0.260927      -0.0691     0.053454    -0.356582   -0.0214098     -0.11006    0.0634476     0.194895    0.0800328     0.109113    -0.163894    -0.233941  -0.00718732    0.0130454   -0.0807395     -0.15669     0.280644     0.131485
  -0.0779169    -0.207216   -0.0280847   -0.0205827     -0.25216     0.144808     0.129927    -0.206356     0.247389    -0.128747     0.020894     0.244288     0.182249    0.0316384    -0.289348   0.00259206     0.249865     0.048121    0.0724848     -0.16411    -0.236481    -0.264838    0.0363641   -0.0184248  0.000870198     0.144365    -0.110014   0.00609355   0.00482235    0.0697055   -0.0708704    -0.258388
    0.212655    0.0139813    0.0578734     0.297642     0.157242    -0.283393    -0.194292     0.190092   0.00524794    -0.203907      0.21027    -0.219428    0.0562974     0.200981    0.0346371     0.343161   -0.0780819     0.253155    -0.238782   0.00603136     0.134509    0.0675585     0.254806   -0.0271477     0.196057     0.262763   -0.0745793     0.123407     0.132837   -0.0428861    -0.129953     0.236304
    0.118591    -0.178673    -0.259061   -0.0569577    0.0458448    0.0583253    0.0927455    -0.129381      0.11528    -0.289332    0.0454196     0.213693     0.055646    -0.177914    0.0169445     0.169012     0.288554  -0.00346893     -0.45556    -0.128197    -0.134015     0.245174  -0.00269625     0.114709    0.0531896    0.0727812     0.241702     0.219181    -0.105344    -0.174204    -0.126308    -0.131942
    0.162863     0.183438      0.27669     0.133536   -0.0442331    -0.166999   0.00161237     0.186926     0.160894     0.108771    -0.165815    -0.006838    -0.175053   -0.0285535    0.0918672    0.0852053    -0.384895    0.0237162   0.00850907    -0.263624    0.0117332    -0.087033     0.121461     0.111254      0.11057    -0.109535    -0.122577     0.124125    0.0512239 -0.000166569   -0.0832461    0.0334187
   0.0177235     0.180301     0.114493     0.185534     0.274977     0.204515   -0.0423497    -0.215288    -0.266836    -0.563711     0.393137    -0.107587     0.257621      0.15408      0.30304    0.0552408    -0.213941    -0.203665    -0.399355    -0.186334    0.0830787   -0.0299066     0.101893     -0.22033     0.382752   -0.0680157    0.0502416    -0.348532    0.0136725    0.0742073     0.300897     0.270336
     0.21601     0.425721    -0.119279    -0.140196    -0.303042     0.409619     0.259577   -0.0938489    -0.152751    -0.387335     0.385114     0.208566   -0.0543249     0.244532   -0.0696965  -0.00153996     0.220016     0.414031    -0.447754    0.0664837    0.0337345   -0.0206125   -0.0617437     0.148614     0.177838    0.0716271  0.000790845    0.0947863    0.0269822   -0.0694596   -0.0352033   -0.0535528
   -0.144394     0.117903    -0.334167      0.28696   -0.0175529     -0.11399   -0.0520738   0.00754803     0.325367    -0.220537    -0.204826   -0.0935936    -0.184564     0.225413     0.171762    0.0278944     0.018117    0.0207406    -0.494571    -0.107332    -0.223601    -0.233846     0.107589    0.0964023   0.00934193     0.167029    0.0170571     0.238493    0.0894059    -0.153032    -0.063892    -0.114016
  -0.0563412   -0.0907066    0.0777997    0.0543043      0.15136    0.0357021    0.0533983     0.384841    -0.201843   -0.0648194    -0.054422     0.155289    0.0512184    0.0507725    -0.254607     0.195264     0.263265    0.0330574    0.0574627     0.100533    -0.145998   -0.0747982    0.0806155   -0.0842427     0.184655    0.0105742    -0.390368   -0.0381551    -0.133646   -0.0820992   -0.0724323   -0.0225615
   -0.084104     0.275316     0.101572    -0.052193     0.285742     0.158575     0.131924    0.0194315   -0.0635929    -0.373536     0.347268   -0.0612939    -0.104243    0.0429571     0.209332    -0.179273   -0.0459441     0.353692    -0.453498     0.355146    0.0683912     0.352949    0.0277294     -0.18418    -0.111178     0.101454     0.200832     0.322141       0.1232     0.292455   -0.0748769   0.00405837
   -0.158916     0.220825   -0.0775942   -0.0216275   -0.0757156    0.0402315   -0.0208431    0.0198753      0.12878    0.0743614     0.127185    -0.128585    -0.189696    -0.186557    -0.126347    0.0422419     0.176197    0.0175009   -0.0659136    -0.287476     0.137921    -0.177436    -0.107918    -0.320131     0.092842    0.0848969    0.0969089   -0.0879184    0.0667585    -0.227121    -0.107666   -0.0629762
   -0.282772    -0.184667    0.0105108    -0.320392    0.0265769    -0.101612     0.249216    0.0728593    0.0692531      0.28521    0.0698211     0.401085    -0.257991   -0.0900416    -0.356838    -0.286375      0.03327    -0.253129     0.301398    0.0371075  -0.00306085     0.129546    -0.300559    -0.333293   -0.0506511     0.222865     0.057706     0.184487   -0.0254198   -0.0259475     0.124577    -0.103187
   -0.115846  -0.00306514     0.167616    -0.083568    -0.193091     0.102226   -0.0527291    -0.326285   -0.0139557    -0.522733     0.252508     -0.10965    0.0966789    -0.120899    0.0254593    0.0329691      0.30362     0.221765   0.00354331    0.0178728    0.0248871    -0.141772     0.122232   -0.0275538     0.104575    0.0546646     0.163315    -0.210826     0.150428    0.0622752   -0.0823176     0.147759
   -0.291783    0.0643743     0.158793     0.154811     0.175524    -0.535104     0.254389     -0.10616    -0.144821     0.146687     0.135311     0.183272     0.214344    -0.137275    -0.075963     0.212471     0.372437    0.0223075     0.225582     0.170943   -0.0352777    -0.524867    -0.248443     0.125367     0.055831    -0.159946    -0.336509    -0.145365   -0.0296312      0.59903    -0.378698    -0.296511
   0.0840136   -0.0413179    -0.118987     0.100263     0.189051  -0.00751937     0.150554   -0.0893763    -0.312523     0.129788    0.0554366    -0.179723     -0.10389    -0.087449     0.265596    0.0114295     -0.50397   -0.0782688    0.0714507     0.107698      0.13543     0.239995    -0.135542    -0.180109    0.0124523     0.201968    0.0231953   -0.0259141    0.0687499     0.101091     0.008667   -0.0269281
   -0.058829     0.291298    -0.180049     0.144234   0.00903534     0.254927    -0.278652   -0.0276173     0.107928    -0.514172     0.472453    -0.157198   -0.0815511     0.426983     0.222104     0.086086   -0.0338664      0.24546    -0.273542    -0.300254   -0.0902391    0.0894126    -0.185335     0.231671     0.160147     0.204739     0.168841    0.0691414     0.207087    0.0499909    0.0980253    -0.108722
   0.0961643    0.0335152    -0.121885    0.0868506     0.211141     0.205593    0.0239589    -0.026213     0.154108    -0.416889   -0.0835598   -0.0896732      0.01406        0.229    0.0997977     0.141908    0.0596611   -0.0595438    -0.284874    -0.141947     0.214848    -0.135679      0.07521    -0.131175    0.0935231    -0.205148     0.235957    0.0174336     0.132846     0.048804   -0.0563929    0.0485631
    0.116981    -0.027729    0.0884708   -0.0296823     0.153276     0.286337    -0.220184    0.0288611    -0.145126   -0.0876879    0.0649298    0.0380292    -0.339225   -0.0596503     0.230144      0.21819    -0.263848     0.256949   -0.0101388    -0.471733     0.188659   -0.0716399  -0.00721007   -0.0275371    -0.181751  -0.00699258    0.0991334    -0.116429   0.00742252     0.081387     0.136863    0.0836576
   0.0377049     0.211178   -0.0509302     0.356183    -0.139732    0.0407836     0.242417    0.0253816    0.0709487    0.0664587    0.0396129     0.161655    -0.185991   0.00168783    -0.326399    -0.171183    0.0170801     0.133513      0.17221   -0.0594285    -0.228024    0.0359749     0.152864     0.233164     0.115026     0.128785   -0.0997116     0.189545     0.330127    0.0293772     0.274609     0.174711
    0.172065   -0.0766479     0.220105     0.138947    0.0963645     0.311114    -0.376252     -0.13253     0.104736     -0.29965     0.102919      0.25319    -0.129359   -0.0584037     0.165455   -0.0794081    0.0959244    -0.210667    -0.438221   -0.0999451     0.181882      0.32801      0.35267     0.248947   -0.0762455   -0.0209533     0.342136   -0.0475098    -0.306607    -0.226095     0.352972   -0.0542492
    0.143059    -0.138772     0.216326   -0.0355372     0.219074     0.106848    -0.280427    0.0141254    0.0375848    -0.117698    -0.131418    -0.120539   -0.0323335    -0.014321     0.222157    -0.256124    -0.264625   0.00249666    -0.333576    -0.294583     0.256114     0.453043    0.0089792     0.173837    -0.108719     0.292806   -0.0816209      0.11807     0.164272    -0.044618     0.187042    -0.116548
   0.0839691   -0.0848592     0.126598    -0.299046     0.155946     0.023337    -0.353459   -0.0176067    -0.158875    -0.388988       0.1842     0.313253    -0.171348   -0.0963909    -0.193658    -0.177317     0.305172   -0.0473549      -0.3208    -0.331293    -0.138332     0.153941    0.0771854    -0.200168    0.0171614      0.13156     0.317819   -0.0743646     0.140577    -0.135912    0.0527849     0.202845
   -0.178884    -0.216097   -0.0315358     -0.11955    -0.289941   -0.0136204   -0.0480812   -0.0395973     -0.13499     0.115501    -0.187423     0.230869   -0.0857679    -0.061065    -0.206738     0.139376    0.0533022    -0.122185     0.275043    -0.183282    -0.147184    -0.110881    -0.171293  -0.00223145    -0.200138    -0.135474    0.0281851   -0.0821907     0.263927    0.0484769    -0.115368    0.0488792
    0.288534     0.187129  0.000759476     0.174705     0.191968   -0.0677097   -0.0186097    0.0217784     0.150974    -0.113825     0.216236    -0.019822    -0.292343    0.0187314    -0.269002     0.152123   -0.0368113     0.185431    -0.186032    -0.227613   -0.0673518   -0.0924739     0.250631   -0.0851979     -0.13913     0.310084   -0.0416574    -0.162002    -0.172138     0.122906   0.00471512      0.28997
  -0.0858145     0.262878   0.00958626     0.128825    0.0680207     -0.18972    -0.072175     0.176431   0.00367476    0.0239872    -0.184888    -0.050033    -0.197936    -0.142682     0.011804    0.0566217     0.109567     0.135543      0.20131     0.285894 -0.000426308    0.0872112    -0.202943      0.20445     0.309689    -0.393003   -0.0858409    -0.126836    0.0344234    -0.099206    -0.239633    -0.135703
