    0.230651    -0.373691     -0.17574    -0.361119    -0.319309    -0.106728   -0.0394937     0.167262    -0.186047   -0.0163633     0.468803       0.1056  -0.00419631   0.00531938    -0.316575     0.142536    0.0628152     0.177751     -0.17259    -0.127809    -0.338287   -0.0828468    -0.421525   -0.0784808    -0.192511    0.0374378    0.0301603    0.0290612   -0.0792117    -0.040708    -0.207134     0.162918
  -0.0455031   -0.0277357    -0.209167  -0.00331815   -0.0852966    0.0927061    0.0606489    -0.141545   -0.0269022   -0.0700145    -0.334413    -0.102369    0.0851354    0.0999928    -0.246296     0.130528    0.0267572   0.00366463    0.0393888     -0.17683    -0.182012     0.190264    0.0252248     0.184873    -0.429297    -0.169382    0.0327015     -0.11941   -0.0610255     0.406842    -0.144996     0.219058
   -0.498576   -0.0153589      0.10769     0.287229    -0.124612  -0.00783949   -0.0403486    -0.194443     0.136666     0.243008   -0.0188127    -0.572259    -0.161449     0.252291   -0.0567584      0.04251   -0.0570017    -0.457828   -0.0639576     0.106493    -0.350772     0.157671     0.462569    -0.406678     0.010698    0.0355085    0.0852332     0.405498    -0.306852   -0.0809972     0.102152     0.323477
   -0.055715    0.0611897     0.101201     0.347782     -0.14852    0.0735252     0.261763    -0.119012    0.0189149   -0.0931151     0.213946     0.169898    0.0528041    -0.192359     0.246649    -0.077213     0.111568     -0.19902  -0.00696065     0.135931    0.0218491   -0.0520255      0.17358    -0.212134     0.157418    -0.289107     0.079113     0.315184     -0.14522    -0.304799    0.0168543    -0.252053
   -0.386479    0.0258147    -0.205744      0.14203    -0.045607    -0.373818   -0.0201385    -0.223529    -0.170805    -0.201283     0.349575   -0.0257233    -0.296319    0.0252212     0.252567     0.338808    -0.072667    0.0182353     0.117899   -0.0419103  -0.00265367    -0.189087    -0.486188     0.103105     0.247884   -0.0937398    -0.301584    0.0108387     0.145631     0.377902    0.0025183     0.345571
    -0.11776    -0.468106    -0.286412    -0.187482    -0.151964    -0.283333   0.00891107     0.105807   -0.0528664    -0.359404     0.158873    -0.110026     0.273344   -0.0866659     0.168997    -0.158625     0.104685    -0.040889    0.0280762     0.320122    -0.144434   -0.0632463     0.178837   -0.0556158    0.0923503     0.166959     -0.23657     0.123396    -0.177014     -0.12459     0.015189     0.245484
   -0.144622    0.0699427     0.172835     0.189695    -0.201172     0.432036     0.226022    -0.396722     0.112171     0.295759    0.0302323    0.0617229     0.455816    -0.122447    -0.193367   -0.0966199     0.138073    -0.074465     0.105403   -0.0268817     0.102175     0.273113   -0.0347353     0.176894    -0.476493    -0.609397    -0.309516    0.0190516   -0.0649794    -0.166127    -0.261342     -0.15452
   0.0256811   -0.0261249    0.0496355     0.156486     0.116515   -0.0364239     0.100346    -0.179206     0.111601    -0.171912     0.230195    -0.163285    -0.114167    0.0332012   -0.0355831     0.132924     0.203373    -0.237432    0.0210989     0.242382    -0.141693     0.299255   -0.0683839   0.00680959     -0.10853     0.145315    -0.138357   -0.0408557    -0.236202    -0.394489  -0.00814537    -0.263063
   -0.202858    0.0552802    -0.122413    0.0833452     0.259102    -0.107313    -0.102693     0.135835   -0.0120902   -0.0185574   -0.0089312     0.130779    -0.215196    -0.153813     0.322786    -0.235202   -0.0799839    -0.104729    -0.197619     0.223806     0.142578    -0.240658    -0.154693    -0.113015     0.354869    -0.215739     0.224315     0.260858     0.291921      0.29574      0.44976    0.0852445
    0.108879     0.483648    -0.343531    -0.201393    -0.149364      0.18825   -0.0997012    -0.482426   -0.0584087    -0.129796   0.00598118     0.210995     0.264752   -0.0367076    -0.193094     0.398439    -0.192176    0.0399521   -0.0586677     0.203069    0.0675534     0.165393    0.0315863    -0.139929    0.0535009    -0.384254     0.106559    -0.283237     0.103401     0.137786    -0.277734   -0.0378427
    0.152698    -0.264512     0.128688     0.277676   -0.0764425    0.0642276   -0.0175334     0.287859    -0.242703    0.0821536     0.115347   -0.0522533    -0.137208       0.2245    -0.149184     0.488784     0.128115    0.0764999    -0.195849     0.169723     0.410669    0.0527638    -0.194635     0.212145    -0.512791     0.491829     0.141077    -0.132844    -0.559297    0.0321412    -0.392482 -0.000122152
   -0.409196    -0.128413     -0.25667    -0.161667    -0.087205     0.568777    0.0923016   -0.0190259   -0.0388271    0.0547764    0.0849801  -0.00898964     0.117732     -0.16865      0.21633    -0.142355    -0.498685     0.163973    -0.194756   -0.0431109     0.249449    -0.215342   -0.0640336    -0.239061    0.0515008    -0.123436     0.371675     0.126091    0.0519867     0.117417    0.0333912     0.248208
   0.0247418    0.0946433    -0.243011  -0.00899141   -0.0733017    0.0314456     0.206512     0.250523   0.00621226    0.0274306      0.19485    -0.221865    0.0326713     0.392906    -0.132518     0.109384    0.0296263     0.175144     0.139556     0.221219     -0.21785    -0.224734    -0.241994    0.0911853    -0.199402     0.121576     0.374291    -0.185169    0.0572619    -0.116058     0.011307     0.189851
   -0.178918   -0.0876595  -0.00644307     0.423779    -0.289954     0.172303      0.04282     0.146633   -0.0774215     0.300446     0.169285    0.0800156     0.242963    -0.308379    -0.149603     0.208237     0.119035   -0.0994993    -0.123146    -0.111766   0.00402488     -0.26051     0.177539    0.0535934    -0.219217    -0.114738    -0.244984    0.0101151   -0.0993139    0.0137669    -0.177882    0.0820276
   -0.169499    -0.231169    -0.604178     0.291861    -0.087739    -0.172327    -0.016905    0.0598561   -0.0555998     0.122512   -0.0828955    -0.158058   -0.0767817     0.155648    -0.509776     0.676374     -0.37991     0.311772   0.00230665     -0.41677      0.17204    -0.665892    -0.288781   0.00200229    -0.554965     0.357062    0.0749784    -0.141624    -0.281112     0.328241   -0.0912689   -0.0116652
  -0.0435887     0.142404     0.127773     0.271669    -0.467151     0.195381    -0.242496    -0.160781   -0.0827674    -0.515231    -0.422148     -0.28708     0.206861    -0.123403     0.281773    0.0217089 -0.000222182     0.103106     -0.20895     -0.10813     0.205713     0.152839   -0.0756773    0.0382258     -0.14549      0.22185    -0.349961   -0.0806295     0.292655     0.114599   -0.0862523     0.195122
   -0.154877    -0.538196     0.182771     0.151354    0.0855152   -0.0316391    -0.100933    0.0181389    0.0240818     -0.27652    -0.120402    -0.111961    -0.432223  -0.00914254   -0.0288202    0.0411663      0.13358     0.146383     -0.11128      0.54253    -0.167784     0.166843    -0.411037    -0.171545     0.159209     0.297349     0.115387   -0.0040891   -0.0411089    -0.203095     0.575494     0.267655
    -0.31709     0.021985     0.135414     0.392111     0.102882     0.101151   -0.0445039    0.0989332    0.0100744    -0.266843     0.130899    -0.256707    -0.170859     0.542002     0.142072     0.515198     0.175718    -0.258408    0.0446927     0.202969     0.223312    0.0482687     -0.28499    -0.169273    0.0229542     0.184394    -0.111131    -0.228239    0.0850995     0.402532     0.303665     0.414768
    0.121867    -0.329133     0.225416    -0.144692   -0.0228504    -0.232298    0.0650143     0.278241     0.102021    -0.137531    0.0636822   -0.0788058      0.12647   -0.0810372   -0.0957595     0.232052    -0.194446  -0.00192954    -0.107253     0.104584     0.118879    -0.197467    -0.204985    0.0202638    -0.013548    -0.278678   -0.0933938    -0.145583    0.0588297    -0.216016     0.128218   -0.0696577
   0.0734552   -0.0578354    -0.109847   -0.0539666    -0.185377   -0.0266262     0.045854   -0.0809501     0.199542     0.288747   0.00975785     0.137771    -0.145416    0.0587718    -0.259212     0.238908   -0.0474251   -0.0420987   -0.0452049    0.0242346    -0.194951     0.160319     -0.20235   -0.0364706   -0.0887683   -0.0339466   -0.0378201     0.296158    -0.256714     0.198435     0.262079     0.128787
   -0.219471    -0.377027    0.0774352    0.0499263      0.18362    0.0753738     0.179574     0.266618     -0.23615     0.288344     0.369566   -0.0544465    0.0744154    -0.404727    -0.113856   -0.0684265     0.218706   -0.0763934    -0.293652     0.194628      0.12408      0.30817    -0.264386     0.131645    -0.240629    -0.275888    0.0904367     0.132055     0.118276     0.148818   -0.0996602    0.0670241
   -0.260889    0.0466036   -0.0958728       0.1835   -0.0885852     0.263273     0.105528     0.160275     0.190334    -0.129556    -0.138607   -0.0708464     0.199002    -0.271272    0.0873685  -0.00911176     0.211136     0.258212     -0.03145    -0.250881    -0.155195   0.00257396    -0.324225   -0.0467497     -0.14829     0.039205     -0.11904   -0.0156978     0.363705    -0.121661     0.299345    -0.109427
   -0.203534    -0.322782    0.0688253    -0.170614     0.205241     0.122644     -0.25321   -0.0300903    -0.283968     0.415151     0.182962    -0.338634     0.296815    0.0154557    0.0226873     0.023871    -0.280607   0.00182365   -0.0331881     0.189664     0.143746     0.365011    -0.143569    -0.016188     0.233129   -0.0590043    -0.128123     0.220913    -0.025251    -0.273348    -0.116911     0.153525
    0.100918   -0.0966477    -0.238132    -0.256456    -0.118417    -0.041829   -0.0298097    0.0291769     0.134241   -0.0197892    0.0139897    -0.208419    0.0695109     0.103425   -0.0566659    -0.102125    0.0178685     0.079439    0.0476881     0.473484  -0.00514134    0.0944155     0.176578    -0.341983    -0.124838     0.188844    -0.118882     0.186088     0.120794    -0.165689    -0.223613     0.210801
    0.283417     0.252001    0.0102744     0.271276   -0.0220105    -0.274794     0.129306    -0.234521    -0.118633    -0.113089   -0.0797405    0.0518858     0.397879    -0.158811    -0.307244     0.328236    -0.049378    -0.265655     0.198214     -0.16855    -0.240922   0.00675441    -0.250237     0.138568   -0.0760218    -0.734601  -0.00589027       0.1258    0.0841273    0.0228578   -0.0104884    -0.349876
   -0.101908   -0.0529513    -0.188398    0.0587431     0.133263    -0.167037  -0.00538525     0.255999    -0.014897    -0.205892    0.0654092    0.0105692     0.121373    -0.195501    0.0425136      0.19775     0.124781   -0.0500864    -0.193148     0.042655     0.247306    -0.311693     0.159167    -0.285962     0.131504   -0.0993693     0.158064   -0.0119147     0.168878   -0.0455257      0.23639  -0.00741768
    0.100876      0.17433    -0.108618    0.0867662    -0.235234    -0.273183    -0.226406     0.138707    -0.100303    -0.375874   0.00364111    -0.163066    -0.164991    -0.173588    0.0330779     0.138503   -0.0669943    -0.215369    0.0367541     0.146869    -0.150574    -0.427843    -0.147604    -0.333271     0.138548    0.0150148    -0.159285    0.0153021    -0.228672     0.144284     0.126614   0.00866568
   0.0635854     0.157457     0.111613     0.030805     0.417273    -0.448103    -0.253189    -0.321454    -0.243712    -0.417083    -0.241385    0.0153366      0.13647    0.0812188    0.0061531     0.336194    -0.235176    0.0669213     0.143231   0.00536387     0.182566    -0.301826    -0.121038     0.171674    -0.143169   0.00803101     0.287128     -0.30729    0.0958791     0.391886   0.00436212     0.117577
    0.216443     0.282738    -0.211532   0.00382457    -0.190982    0.0103022    0.0473685    -0.247182    0.0122451   -0.0939131    -0.120144     -0.21617     0.238472   -0.0489566    0.0305196     0.157672    -0.264417    -0.115837   -0.0610493    -0.116491    -0.251587   -0.0143223    -0.224579     0.146589    -0.192899    -0.310562    -0.152832     0.047414     0.206362   -0.0664523    -0.385548     0.307336
   -0.164579     0.107939     0.116093   -0.0141397     0.526657    0.0994904     0.173015    -0.148289      0.24621    -0.109515   0.00834514    0.0397928    0.0988436    0.0983106     0.176939    -0.105271    -0.243469     0.037697    -0.327436    -0.179522    -0.206935    -0.257978    -0.201991     0.199863     0.036925    -0.161287     0.185888    -0.338543     0.109038     0.197801     0.024802    -0.102556
    -0.34116    -0.233025    -0.152189     0.187079   -0.0263971     0.107523   -0.0287827    0.0581854     0.204785   -0.0838391     0.263689    0.0521532     -0.10772    0.0348542    -0.203503     0.263629     0.178425    0.0162928    -0.257776     0.315503    0.0872991    -0.411527    -0.169065    -0.160375    0.0434198    -0.125959   -0.0735856     0.161582     -0.16091     0.154928     0.398604     -0.12582
   -0.272943    -0.311011    -0.178077   -0.0851038    -0.131825    -0.185645    -0.211687    -0.125448   -0.0567248    -0.311053   -0.0533638    0.0516174    0.0936539    -0.111243    -0.284329     0.154693     -0.23947    -0.233631    -0.205996   -0.0564883   0.00651967    -0.236608    -0.374061      0.25754   -0.0388518     0.281698   -0.0355225    -0.217873    0.0921458     0.313455     -0.22467     0.223409
   0.0187536    -0.523221   -0.0361469     0.348496     0.277797    -0.481233     0.101749     0.199448   -0.0177158    -0.498153     -0.42299     0.100743   -0.0104778     0.197824     0.246759    0.0916818     0.180428     0.148806    -0.171916     0.117424    0.0672952      0.18923     0.179527    -0.413639    0.0249338    -0.322124  -0.00376403    -0.105484     0.386336     0.350243     0.490613     0.121975
   -0.256677    -0.896584    -0.383972    -0.246504    -0.182923      0.19038    -0.341043     0.114798   -0.0482738     0.131007    -0.307224    0.0337054    -0.459118     0.199619    0.0299736    0.0314399    0.0796142      -0.1126     0.266384   -0.0265874  -0.00755048     0.346355    -0.156334     0.118417    0.0956443     0.566149    0.0618619     0.227226    -0.676761     0.453405     0.215358   -0.0518765
    -0.32976     0.166728      0.14403     0.110253     0.364174    -0.198913    0.0888392    -0.306894     0.128489    0.0316347     0.034783     0.022288     0.307492    -0.256742    -0.104256     0.229669    -0.105357    -0.212445    -0.122102     0.302627    0.0849413     0.113876     0.355206    -0.205848     0.179862   -0.0647115     0.128188    -0.117303  -0.00478841    -0.265008    0.0845215    -0.511797
   -0.269081   -0.0414684     0.120564   -0.0862549      0.14538     -0.17797    -0.423221    -0.160814    -0.200198    0.0635924    -0.453185      -0.1689     0.120514   -0.0800023     -0.01561    0.0482449    -0.224357    -0.150874      0.27116     0.162352     0.178944    0.0685881   -0.0397816    -0.236749     0.320641     0.310338     0.172014    -0.207828   -0.0624643    -0.144724     0.261249    0.0148618
   -0.172773    -0.300077   0.00204275     0.111632   0.00608982     0.166209    0.0842823   -0.0511774    -0.139046    -0.044803     0.234265    0.0356673    -0.296682     0.161873    0.0724339     0.328062       0.1638     0.117413      0.04696     0.415251     0.155877    -0.471794    -0.325407    -0.209282   -0.0150169    -0.110092    -0.206165     0.196097    -0.124619      0.20332    0.0555238      0.17744
   0.0525876    0.0647759   -0.0331333    0.0746359    0.0542559    -0.101864    -0.221872    -0.187366     0.129348    0.0458947     0.186812    0.0506802     0.318387    0.0843801     0.139596     0.185131     0.317211    0.0799621     0.227745     0.295325   -0.0363648   -0.0440806     0.204801    -0.272374    -0.182966     0.153526    -0.243328    -0.245855   -0.0164932    -0.301132     0.125092    0.0487341
    0.218131   -0.0843102    -0.208448    0.0239859    -0.234902     0.176058    -0.251599    0.0305255   -0.0211355     0.439086    -0.219232     0.151513     0.542728    -0.503811    -0.346493     0.258036     0.538059     0.337805     0.363262      0.48865    -0.503324     0.557769     0.104863      0.21604    0.0940001    -0.518387    -0.251405     0.370586    -0.198885    0.0657368    -0.129561    -0.727473
   -0.177759   0.00998807    0.0220939    -0.288348     0.207125    -0.184203    -0.222051    -0.349243      0.09262   -0.0872763    -0.105171     0.245297    -0.236215     0.202764     0.133622    -0.122053     0.107075    0.0661608    0.0889092    -0.180992    -0.116706      -0.2703   -0.0808537   -0.0679625    0.0504908     0.337551      0.28774    0.0296907    0.0653862     0.172174     0.163565     0.223364
   -0.336765   -0.0636119     0.177058    0.0444611    0.0583465   -0.0565692     0.140778    -0.258663     0.127625    0.0351909     0.114877     -0.40247     0.176074    0.0713292      0.19108   -0.0210748     0.137703    -0.225919    -0.171594    -0.200805    -0.072917    0.0318836   -0.0940222     0.133929     0.367111    -0.157081   -0.0555918    0.0515419    0.0761983     -0.19433    -0.104832    -0.119761
   -0.135538    -0.270279     0.092035      -0.1039   -0.0243618    0.0701103     0.187017   -0.0788806    -0.183766     0.187601      0.21731    -0.194959   -0.0493651     0.153443    0.0768844     0.252486   -0.0100195     0.215161     0.163793     0.248447     0.091442    -0.368945     -0.23573    -0.072876    -0.220161     0.177631    0.0626373    -0.101663    -0.313812     0.277685     0.122969   -0.0523008
    0.127888   -0.0696461     0.117124    0.0383792    -0.182361    -0.546954    -0.346234    -0.127514    0.0172977   -0.0427804     0.135819     0.131352     0.148678    -0.248689    -0.452655    0.0224586     0.260938    0.0197348    -0.178707    -0.316664   -0.0659971    -0.079131     0.185719      0.24436   -0.0779897    -0.193613    0.0521806    -0.329846       0.1867     0.064588    -0.120443    0.0873354
   -0.272309    -0.831982     0.473289   -0.0807979     0.554875    0.0948571     0.123454     -0.25843      0.40651    -0.114771    0.0582232   -0.0136845    -0.147625     0.286938     0.193539    -0.196457     0.160897    -0.288919    -0.397546    0.0733178   -0.0203069    0.0809441    0.0925432   -0.0238786     0.475775     0.611503    -0.246585    -0.202403    -0.141211    -0.320064     0.303034   -0.0108013
   0.0644539    0.0680155    -0.260893    0.0698444   -0.0516709   -0.0884222     0.106811    -0.300236    0.0433828      0.28277    0.0571394    -0.390288     -0.10971     -0.21979    -0.353016    -0.127206   -0.0425344     -0.18709    -0.315913     0.713006    -0.364321    0.0833982     0.194117    -0.198861     0.016186    -0.153283   -0.0341366   -0.0358583    -0.343202     0.155367    0.0170825   -0.0374137
   -0.318344    0.0133025   -0.0805879    0.0184113     0.192689    -0.117721     0.248839    0.0612719     0.278247   -0.0401144     0.170751     -0.03831   -0.0975577   0.00770767    0.0763102   -0.0566547    -0.218117    0.0103116    -0.175494     0.070368     0.170628     0.330522   -0.0794449    -0.138774     0.118671   -0.0522943    -0.233564     0.264186    -0.208685   0.00294182    0.0473354    0.0250719
   -0.456617    -0.215711     0.083418     0.149637     0.100391    -0.254604      0.11947    -0.116224     0.280894   0.00649814     0.240294    0.0716323   -0.0681027     0.349363    -0.313812     0.147804     0.197521    0.0744087    -0.211919    -0.106335    -0.174063      -0.2068    0.0978666     0.390435    -0.285528    -0.198644     0.309649    -0.272648   0.00933245      0.25511   -0.0651454   -0.0140417
   0.0245883    0.0314916    -0.117371    0.0173054   -0.0550137    0.0866758     0.109422   -0.0727506    0.0206872  -0.00220706     0.146027     0.219592    -0.177526     0.205725    0.0656385     -0.01016     0.441273    0.0397606    -0.271165   -0.0186043    -0.134013     0.248988   -0.0967202     0.317816   -0.0487762     0.153071    0.0329239     0.164758     0.260908   -0.0707319     0.116571    0.0929111
   -0.111082    -0.208244    0.0743087    -0.258907     0.292957   -0.0433338    -0.155697    -0.159207   -0.0769629    -0.298276     -0.11208    0.0768023   -0.0368304    0.0752304    0.0654674     -0.10908     0.203299     0.098233   -0.0539457    -0.115324    0.0200372    -0.169906    -0.124248    0.0906259     0.114953   0.00865451     0.136726     0.177034    -0.105775    -0.181214    0.0332694    -0.145639
 -0.00822648     0.047184   -0.0205168   -0.0133071    -0.172425     -0.45102     0.100886   -0.0100302    -0.120685     0.171142    -0.316524   -0.0957298     0.216439   -0.0556494    0.0602235    -0.011782   -0.0487703    -0.170257     0.128608    -0.255533    -0.137396     0.125042     0.168717     0.129575   -0.0270399    0.0310415     0.292926    0.0658886   -0.0377767    0.0652349     0.168743   -0.0676736
   -0.269581   -0.0563897    -0.257964    0.0500639    0.0349849   -0.0108821    -0.159223      0.16984     -0.23802   -0.0397234   -0.0498662    -0.332921   0.00575489    -0.156337   0.00474957     0.288893   -0.0968769    -0.219639    0.0432715    -0.108259   -0.0138042     0.207286    -0.132018      0.36119    0.0622939    -0.342006    -0.297526     0.240401     0.107748    -0.137558   -0.0169807    -0.220307
   0.0954039     0.190264    0.0909898     0.146655      0.42787    -0.049757     0.383819    0.0561013    0.0317702     -0.36453    -0.645641    -0.212298     0.225994   -0.0428443     0.265471    -0.376979   -0.0869129      0.16914    0.0839293    -0.350335    -0.030638      0.21358   -0.0291476     0.313637  -0.00733091    -0.040286   -0.0425591    -0.020475     0.124483     0.286637     0.313813    -0.224185
   -0.137031    0.0695946    -0.137723     0.099201   -0.0997815    0.0470453   -0.0259181    -0.333125   0.00679256  -0.00304816 -0.000323554   -0.0157638 -0.000161877     0.161483    -0.149182   -0.0326255   -0.0854406  -0.00553266     0.173956    -0.020801  -0.00188791     0.104439     0.011468    -0.188941   -0.0294548     -0.12772   -0.0503524   -0.0783095   -0.0686377     0.126106    0.0173647    -0.307717
   0.0487232     0.276444    -0.134146      0.38361    -0.134326    -0.383749     -0.15696     0.145809     -0.10155     0.114177    -0.254246     0.176512   -0.0530362    -0.420184   -0.0095127     0.255005    -0.102398    -0.032767    0.0409692    -0.115836     0.178721     0.146492    -0.235609    -0.167229   -0.0915265    0.0760466   -0.0181911    0.0899227   -0.0606361   -0.0302706     0.193111    -0.233742
   -0.304079   -0.0570206     0.351647    -0.193235    -0.250057     0.462957  -0.00198551   -0.0339309    0.0881894     0.100058  -0.00327875    0.0301111    0.0333347      -0.1491     0.100128     0.270117   -0.0413072     0.138847   -0.0311254    -0.195971     0.135146   -0.0118427    -0.205669    -0.118654   -0.0828067     0.089468     0.024827    -0.393422      0.19551     0.300919     0.289272   -0.0983393
  -0.0291166    0.0752377     0.052827    -0.136046    -0.332197     0.120563    -0.164135    -0.190084    0.0577763     0.107048   -0.0559083    0.0260449    -0.102745    -0.163386    -0.154731    0.0840546     0.216787    0.0614849    0.0821037    0.0585604    -0.230645    0.0892417     0.157133    -0.199588    -0.180453  -0.00492728     0.294179     0.124828   -0.0836176    -0.109174   -0.0719252    -0.250945
 -0.00142229    -0.175848     -0.31226   -0.0118506    -0.240098  -0.00143056    0.0169071    -0.115237    0.0572753   -0.0264251     0.294197    -0.257877   0.00872273   -0.0749442    -0.124604   0.00603987     0.115254    0.0629506    0.0780204    -0.174627    -0.122302  -0.00337417    0.0314881     0.232901     0.117864     0.249652    0.0465299     0.150559   -0.0594264     0.139174     -0.37561     0.164153
   -0.600869    -0.314356    -0.120797     0.277701     0.124898    0.0316259     0.186483   0.00889351     0.156256     0.125529   -0.0729136    -0.367374    -0.146847     0.200392   -0.0791097   -0.0855477     0.476871    -0.078838    -0.325087     0.241547     0.119272    -0.462564   -0.0269602    -0.246535     0.114719    -0.123286    0.0838402     0.108962     0.132429     0.392292    -0.397095   -0.0020207
   -0.231782    -0.207361     0.117613    -0.147601      0.29843     0.281258     0.132909   -0.0573965    0.0849956    -0.371246    -0.236463    -0.287478     0.185401     0.024603     0.227486     0.121201     0.124804    0.0298706   -0.0496211      0.14622     0.175978   -0.0228297   -0.0828802    -0.047785    0.0192708     0.182024   -0.0180952     0.106006     0.174585    -0.195735   -0.0223995     0.325562
  -0.0868624     -0.16584    -0.154089     0.125961    -0.104705     0.121406     0.209006     -0.26898   -0.0708478    -0.246658    -0.389309    -0.180759    -0.228036     0.374788   -0.0926225   -0.0351243     0.125123    -0.117841    -0.160977     0.162013    -0.202491    -0.277348    0.0834391    -0.280547     0.111386    -0.041304    -0.366604   -0.0837722    0.0275812     0.160385    -0.143037     0.121002
     0.13024    -0.163885     0.117299    0.0327741    -0.258612     0.151106     0.451986    -0.177336   -0.0781599   -0.0530366    -0.179552    -0.264499    -0.138337     0.108787    -0.427028    -0.458537    -0.174306    0.0116507     -0.13185   -0.0894733   -0.0282699   -0.0664279     0.176773    -0.308224   -0.0331213     -0.26587     0.193694     0.107914     0.150776     0.224407    -0.105598     -0.39972
   -0.211976     0.277695    0.0576156     0.210993    -0.124668    0.0629677    -0.448681    0.0473349   -0.0587402     0.481991    0.0945828     0.350955    0.0448404  -0.00866987    0.0760091     0.339685    -0.117018    0.0707754     0.192481     -0.22498     0.480639    -0.611228    -0.183552    -0.144462     0.427371    -0.116227   -0.0604103    0.0426236   -0.0434425     0.446454   -0.0865033    0.0438226
    0.104527    -0.128737    -0.258637      0.03872   -0.0376206    0.0726054     0.171457    -0.189714     0.030423     0.109634    0.0961657    -0.131533    -0.294457    -0.228099     -0.15407    -0.687093     0.231023    -0.510319   -0.0145679    0.0157832    -0.119609     0.287503   -0.0969197       0.1242   -0.0468189     0.118171    0.0809736     0.509494    0.0162914     0.141307   -0.0108774    -0.130877
  0.00920336    -0.137358   -0.0312385   -0.0247953    -0.232351   -0.0770574     0.083288    -0.264011   -0.0995654    0.0758711     0.240052     0.279493     0.288088    -0.246115    -0.206575   -0.0210598    0.0343047    0.0157621   -0.0290898    0.0518318    -0.150806    -0.343744   -0.0715148     0.113464   -0.0934617    -0.326526    -0.232076     0.136232  -0.00747246    0.0604139    -0.174694    -0.120577
    0.178394    0.0740532    -0.159828    -0.207782    -0.132677     0.181329     0.097612    -0.295659    -0.144643    -0.503904     -0.10719     0.257707     0.140707    0.0192021  -0.00748774     0.063511     0.230045     0.312857     0.032282    -0.014641    -0.155566     -0.01184      0.03065    -0.074633 -0.000795468    0.0547582    0.0300289    0.0153272    0.0127688     0.229632    -0.274681   0.00100518
   -0.233691    -0.156425    -0.110494     0.491159     0.611622    -0.286154     0.373297     0.105402     0.371417    -0.112747     0.259272    0.0915975    -0.201239     0.439014     0.418012     0.284356    -0.116452     0.135864     -0.08519    -0.176541    0.0818314    -0.399255    -0.143647    -0.124874      0.16375    -0.264383     0.400789   -0.0454306      0.47661    0.0481472     0.802725   -0.0581618
   -0.268571    0.0699122   -0.0469899    0.0301825      -0.2481     0.211533    -0.103544   -0.0550217    -0.142113     0.134906     0.353549    0.0548442    -0.158314    0.0290472    -0.293034    0.0334715     0.314486    0.0362558    -0.510222    0.0802012    0.0763574    0.0491286    -0.165691    0.0892081     -0.34591    -0.181144    0.0113544    0.0230091    -0.197419     0.118725   -0.0741545     0.193936
   0.0672698   -0.0511821    -0.239834     0.294835    0.0835313   -0.0410726    -0.188752    0.0862693     0.239734    0.0552554    -0.166592    -0.166214   -0.0142204     0.233011    -0.119057     0.149904     0.218316    -0.471671  -0.00861231      0.27759   -0.0311449    0.0929595     0.138375   -0.0719134    -0.288458    -0.279122    -0.219325     0.198591    -0.400137    -0.106339    -0.113843    -0.156254
  -0.0500134     0.259669    -0.130655    0.0802767   -0.0927496   -0.0620853   -0.0776154   -0.0803386 -0.000192615    -0.072752   -0.0703828    0.0629213     -0.20483     0.172535    -0.210391    -0.201023   -0.0984891    -0.146216    0.0430384   -0.0670923     -0.21464    -0.321294     -0.08818  -0.00452351     0.240746     0.027826    -0.234052    0.0204749     0.198185     0.100986      0.27874    0.0569954
  -0.0871219    -0.140127    -0.200573   -0.0880909    0.0277935     0.243847    -0.157283     0.101979   -0.0596825     0.125823    -0.100504    -0.269662     0.133387   -0.0598374    0.0147333  -0.00503764    -0.367065   -0.0257362    -0.153481    0.0799542   -0.0871994  -0.00750767     0.212401     -0.27203   -0.0344041      0.32803     0.181258   -0.0110661   0.00669608   -0.0948196    -0.076275     0.231336
    0.154845     0.166985    -0.256102   -0.0379244    0.0812283    -0.173139    -0.179736    -0.118299     0.118945   -0.0162379    0.0933856     0.238051     0.022207   -0.0332402    -0.099831    0.0881015    -0.342906     0.145514    0.0434117    -0.209175    -0.332952    -0.184735    -0.040729     0.273826     0.215624    0.0942642    0.0309227     0.299052     0.028432   -0.0293518    0.0443838   -0.0561529
   -0.005469    -0.329908   -0.0991144    -0.148643    0.0912989    -0.223369    -0.225789     0.185288    0.0755637     -0.26558    0.0211045   -0.0501309     0.289963     0.359077     -0.25287    0.0365862    -0.262973   -0.0715423     0.090862    -0.238863     0.101906     0.103794   0.00717735    -0.223883   -0.0361747     0.368401    -0.238339     0.149255   -0.0227381   -0.0602128    0.0392427   -0.0456999
   0.0529554     0.332236    -0.123186    -0.057237    0.0304947     0.211087     0.194888  -0.00547148     0.202422     0.317451   -0.0403268    0.0787306     0.174255    -0.167019     -0.33554     0.165764   -0.0871356     0.161641   -0.0405453    0.0864856     0.305928    -0.123979    0.0467452    -0.203573   -0.0688271    0.0997346     0.467615     -0.45198     0.267546   -0.0657878    -0.291258     0.321321
   -0.480958     0.125678    -0.195803    -0.188334   -0.0683392     0.167898    -0.139125     0.374594    0.0807568    -0.127172    -0.206999    -0.180026     0.013285    -0.085392     0.339036     0.372118   -0.0467049   -0.0346337     0.257757     0.231396   -0.0335223     0.544828    0.0802859     -0.17978     0.123163     0.271648    0.0945342   -0.0641555    0.0494007     0.189887    -0.161015    0.0338295
   0.0808582     0.011919     0.157273  -0.00887562    -0.277653  -0.00682847     0.115074    -0.291758   -0.0514499    0.0154956     0.123027    0.0135054     0.294884    -0.177418    -0.465111    -0.147921    -0.170485    -0.224831   -0.0208181    0.0723615    0.0092935     0.243355    -0.375035   -0.0761351   0.00812651    0.0420365    -0.187907     0.195105    0.0454308   -0.0576478    -0.122464    -0.102829
   -0.189248    -0.326011    -0.208127    -0.180593      0.25845     0.212472    -0.212652     0.271834     0.399877     0.402917   -0.0793015  -0.00884409     0.109763    0.0419141    -0.591691     0.517552     0.031204     0.281585     0.170981    -0.342971     0.436421    -0.492949     0.114599   0.00390725    0.0433045     0.273138     0.196549    -0.226534    -0.332723     0.545677     0.342629    0.0789004
    -0.34663    0.0915711    -0.264126    0.0336797     0.265857    -0.164693    -0.301413    0.0574856     0.248287     -0.21277      0.20273     0.126812    0.0198029    -0.150232     0.414288   0.00178877     0.166614    0.0384791     0.406824    0.0923268     0.226892   -0.0635691    0.0369728     0.131961     0.243449    0.0716999     0.116039    0.0144359    -0.136409    -0.380895     0.389566    -0.281676
   -0.157038    -0.180381    -0.589918     0.196905    -0.325907   -0.0486211    -0.093997    0.0449097   -0.0719869    -0.231884     0.192816     0.152212      0.21201    -0.275649    -0.226877     0.167996     0.162405    -0.141386      -0.1166   -0.0928568     0.336723   -0.0917646   -0.0768691    0.0450013    -0.136512    -0.193675     0.202598    0.0246272    -0.403598    0.0972512   -0.0366769    0.0670458
   -0.488329   -0.0567352    -0.164661    0.0404672     0.339445    -0.150025    -0.238713    -0.549888  -0.00392308     0.161212     0.112557     0.216182     0.114373    -0.117819     0.181531    -0.130039     0.157679     0.038567     0.189837  -0.00449964   0.00557491     0.292082    -0.431527     0.403333     0.228234     0.108289    -0.381903    -0.127116    -0.439035   -0.0760937     0.319743   -0.0232384
   0.0408776    -0.490507    -0.261565     0.220622     0.103756    -0.308514     0.103836    0.0320823     0.282672    0.0226229     0.122755    0.0378608     0.203947     0.207338   -0.0278845    0.0019737     0.269813   -0.0903058   -0.0760959     0.219491    -0.141048    -0.168821    -0.124417    -0.230596     0.169136     0.175317     0.166734    -0.181362   -0.0465437    -0.166435   -0.0299383     0.133488
  -0.0501661   -0.0401043    -0.157298   0.00738048    -0.246912       0.1568  -0.00806829   -0.0939334    0.0153888    -0.124973    -0.597305    -0.167654     0.285148    0.0224902     0.162195    0.0106456      0.19146     0.143039     0.289166     -0.26638    0.0168067     0.113851    -0.153764    0.0981816   -0.0654544     0.093376    -0.190593     0.221428     0.262821      0.31352     0.246788   -0.0180827
   -0.270485   -0.0461948     0.151878     0.139584     0.441984   -0.0472157    0.0886471  0.000488363     0.246548   -0.0865026   -0.0591966     -0.17217   -0.0329703    0.0817282     0.298003     0.147008     0.115022     0.026767      0.18861     -0.22775    0.0867667    -0.116747    -0.102352     0.314806   -0.0973473     0.102781    -0.101244     -0.16617     0.144329     0.102921    -0.132578   -0.0111688
    0.243999    -0.343386     0.236666     0.191992    0.0828339    -0.315357    0.0594994     0.121793    0.0639306   -0.0133194   -0.0916098     0.136676     -0.59718     0.154668     0.433238    -0.158306   -0.0606631   -0.0204873    0.0303068    0.0236014     0.141066      0.23088    -0.136722   -0.0512576      0.45944     0.182919    -0.281352    0.0495858    0.0395126     0.151272     0.304482    -0.121907
    0.136319    0.0425147     0.276639     0.162848   -0.0813458    -0.135834     0.252268    0.0265118     0.185408     0.131743     0.211409     -0.25577    -0.238819     0.274583    0.0519786    -0.375376      0.13848     0.182874   -0.0239794    -0.100237    -0.300907    -0.169396   -0.0171086    0.0264326     0.181194     0.082955    -0.192028   -0.0587916     0.291186   -0.0177304   -0.0547188    -0.156142
   -0.139293     0.103038      0.15933   -0.0912198   -0.0841029    -0.216911 -0.000870826 -0.000466698     -0.16649   -0.0409273   -0.0486648    -0.195371    -0.119304   -0.0422364      0.18724     -0.18157   -0.0542703    0.0475419      0.02662    -0.382899    -0.182645     -0.12356   -0.0463891   -0.0989929   0.00903181     0.118941    -0.140863     0.308635    0.0587509    -0.146712     0.181586    0.0242462
   -0.393623     0.138074    0.0945513    0.0427083    0.0202017     0.297735     0.192598    -0.275744    -0.141458    0.0198422    -0.165685    -0.124017     0.310891     0.119535    0.0136991    0.0990944    0.0685937    -0.066652     0.306849    0.0802566    0.0572452    0.0834388   -0.0716098     0.125616    -0.305673    0.0923287    0.0761932    -0.119228    0.0342316     -0.01668    -0.151351    -0.181573
  -0.0816816    -0.231592     0.132696     0.223614    -0.115605   -0.0985907    0.0424381    -0.108264    -0.145934      0.19927    -0.271101     0.113495  -0.00695197   -0.0982279   -0.0191163     0.120288   -0.0515527     0.239899    -0.103714     0.205814     0.144797    -0.271256    -0.352864    -0.164652    0.0587239    -0.232098    -0.230685    -0.175897     0.122456    -0.215897    0.0301169   -0.0658612
     0.16494    0.0311258    -0.061427    0.0285113    -0.104428      0.18273    0.0164008    -0.110864     0.152774    -0.128443     0.206705     -0.23893   -0.0585074     0.269776    0.0244379    0.0431433    0.0142685   -0.0772298    -0.242394  -0.00407549    -0.342057   -0.0640173     -0.39086   -0.0387751    0.0367199    0.0325938    0.0490611      0.10733     0.154645     0.147912      0.15778     0.287776
   -0.320519    -0.317607    -0.461362      0.21036    -0.493732    0.0437898    -0.142614   -0.0927878    0.0700094     0.336955     0.393581     0.197284    -0.210931    -0.135855    -0.478583     -0.31466     0.253151    0.0428113    -0.424907    -0.163309     0.133399   0.00229759    -0.269855    -0.393542    0.0948516    -0.266389    -0.236171     0.173134     0.201682     0.176612    -0.320757     0.315002
    0.139136     0.356397    -0.223882     0.257456    -0.110343    -0.085998    -0.050913    0.0492986    -0.148806   -0.0420128   -0.0762659    0.0310877    0.0621153    -0.120774     0.156573     0.206617  -0.00510223    -0.047782      0.22472   -0.0172942    -0.132131    -0.411421   -0.0666128    0.0141767     0.113649    0.0494456  -0.00923174    0.0225647    -0.150354    -0.108673     0.275212    0.0927272
    0.263427    -0.397207    -0.238368     0.148167   -0.0617185   -0.0621021   -0.0269588   -0.0911758    -0.167649   0.00846768     0.126433     0.189498   -0.0684123     0.159199    -0.422496     0.270633      0.41172    0.0571657     0.075952    -0.279967   -0.0134846    0.0778871     0.141653    0.0571883   -0.0959323    -0.139764    -0.389142    0.0635939     0.158127    -0.149574    -0.134998     -0.20308
  -0.0181558     -0.16789    0.0228638     0.418651     0.231463   -0.0722817    -0.120579      0.15516     0.455128     0.591575     0.556548     0.460234    -0.194674      0.20971    0.0812928       -0.127    -0.116543     0.110706    0.0116191    -0.182041     0.118215    -0.677679     0.167006     -0.44266     0.140951   -0.0799945     0.057635     0.310563     0.208811    0.0802856     0.505486     0.146988
   -0.089353    -0.443863    -0.611674     0.294547    -0.228618    -0.420268   -0.0809073     -0.03953     0.482559   -0.0677585    -0.598645    -0.255508      -0.1909   -0.0337822    -0.307589      0.43041     -0.11309    -0.185164    -0.353127    0.0208369    -0.113221       0.1764     0.250453    -0.230859     0.290609    0.0444812    -0.197256   -0.0325422     0.056795      0.16813     0.261737     0.395501
   0.0660476    -0.430204     0.160233     0.120933    0.0051644    -0.143231     0.180653     0.438964     0.182278    -0.165969    -0.051643    -0.224281    -0.168778     0.269983     0.361387     0.150826     0.324601    -0.257466     0.254611    0.0986332    -0.204802   -0.0537746     0.151061   -0.0978988      0.16982     0.169492     -0.23626     0.290087    0.0202117  -0.00203173   -0.0198133     0.136159
    0.108523     -0.58057    0.0465502     0.280097     -0.47043    -0.184022    0.0599648      0.51241     0.423536    -0.305976    0.0486358    -0.521254    -0.158195     0.397258     0.176877    0.0289054     0.385216    -0.204511    -0.246315    0.0484256    -0.252441     0.875463    0.0171016    -0.043192   -0.0595764     0.431704    -0.316447     0.373038    -0.248513    -0.267559    -0.187277     0.017384
   -0.155677     0.145193    -0.154742     0.321925    -0.064325     0.320394   -0.0444616  -0.00592753     0.110748    -0.135287   -0.0892635    0.0202419    -0.197228     0.186732   -0.0576871      0.25092    0.0435595    -0.144281    0.0391186    0.0806052   -0.0353396    -0.162029    -0.297702    -0.210731    -0.207954    -0.191253    -0.126436     -0.22222     0.126175     0.117729    -0.262473      0.43711
   -0.146216    -0.130726     0.351449     0.256457    -0.138669   0.00167712    -0.086928    -0.202013    -0.105849   -0.0343776     0.266059    -0.176269   0.00389695    0.0887844    -0.175541     0.354689    -0.101604   0.00652685    -0.171505     0.101519     0.108953     0.113405    -0.104371    -0.253062   -0.0389555    -0.193014    -0.210498    -0.146961    0.0333709    -0.264651    0.0653766    0.0224636
   -0.443939    -0.232477   -0.0281337     0.152384   -0.0276589   -0.0900052     0.185321    0.0751877       0.1477     0.121944     0.146724     0.100298    -0.400352    -0.319376   0.00901259   -0.0440911    -0.019889    -0.171046    -0.418663     0.618077     0.223143    -0.103511   -0.0911391    -0.252175     0.162255    -0.197405   0.00142961    -0.171611    0.0644415     0.331406     0.228606     0.461034
    0.136819   -0.0302874   -0.0126536     0.137692    0.0900354     0.101198    -0.216109   -0.0737318   -0.0592684   -0.0663873    -0.222249   -0.0757923   -0.0654655    0.0538307   -0.0619206    -0.358626     0.269216    0.0522942    -0.171314    -0.216293     0.214954    0.0283297     0.182194     0.315385     0.186743     0.292351    0.0713158    0.0564343    0.0160548    -0.225639    0.0806114    -0.165647
   -0.194828    -0.215101    -0.134111     0.150476    0.0861407     0.121692   -0.0461008    0.0969608     0.130636    0.0208075     0.113591     0.112411     0.159477    -0.120287    -0.107499    -0.264551    -0.125071     0.244627     0.252638   -0.0935471   -0.0586336   -0.0381734     0.155689     0.127067    -0.241904    -0.202031    -0.360939   -0.0232573     0.263298    -0.125934    0.0591535    -0.319822
   -0.153317   -0.0665477    0.0562586     0.364383    -0.313467     0.277232   -0.0134828     0.035281     0.195525     0.310321    0.0325217   -0.0105384    0.0820133    -0.262674   0.00385489     0.208084     0.182604     0.107026   -0.0353813  -0.00108095   -0.0255249     0.210898     0.188442   0.00688829    -0.217054   -0.0415412    -0.223109    0.0262396    0.0187751     0.167089    0.0787532     0.283451
  -0.0725375    0.0548002    0.0341415    -0.141901   -0.0106848     0.159373   -0.0186948     0.153944     0.087797     0.225079   -0.0963305   -0.0136617   -0.0214552    -0.077397    0.0450015     0.364539    -0.213628   -0.0828512    -0.135683     0.343895     0.055345     0.277554    -0.093313   -0.0281066    0.0658159 -0.000689267   -0.0553188    -0.114441    -0.172194   -0.0199217  -0.00787229    -0.189548
    0.042177     0.183949    -0.191592    -0.165401   -0.0806051      0.12691    -0.160172    0.0510566   -0.0566506     0.207317   -0.0559439    -0.006024    0.0626468    -0.184473     -0.13996     0.144883    -0.134297    -0.147417   -0.0489535     0.131312     -0.13501     0.280875    -0.116542    0.0551195    0.0997442     0.100406   -0.0558458    0.0678143     0.322988    -0.249651     0.201935    -0.217066
   -0.218802    -0.555242    -0.138527    -0.314352     0.151635     0.188943    -0.174562     0.268234     0.125558    -0.210083     0.311037   -0.0549251    -0.279447     0.358964     0.506013   -0.0947545     0.112101    0.0900451     0.418005   -0.0222063     0.101322    -0.169444     0.334497   -0.0878782    -0.316751      0.15051     0.200119     -0.17386   -0.0086293   -0.0284814     0.124497   -0.0157329
   -0.111254    -0.124228     0.132094    -0.106741     0.013168     0.233925   -0.0203387     0.219332     0.146596     0.279711     0.309885   -0.0574079     0.294993   -0.0650445    -0.300943     0.419362    -0.436169    -0.243658    -0.379498     0.702175     0.255363    0.0507402  0.000153103    -0.226882    -0.199087    -0.192851     0.325052    0.0240468    -0.432447     0.133781     0.121455     0.148876
   -0.310519    -0.226669     0.118033      0.10378    -0.317594   -0.0365293      0.10334    0.0167085   -0.0284282   -0.0251578    -0.230784    -0.105482    -0.146165    -0.181458  -0.00841409     0.197191     0.213144    -0.123564    -0.130252    -0.126104    -0.120491     0.267879   -0.0799919    -0.130028    -0.147782    -0.142921     0.159746      0.23454     0.399469   -0.0933721    -0.148247    0.0474482
   0.0952542    -0.248819    0.0882475   -0.0738854     0.151518    -0.055765   -0.0391387  -0.00979456    0.0484809    0.0269552     0.282638      0.12764    0.0443253     0.203609     0.189797    -0.283951     0.568777    0.0295466    0.0688593    0.0253667     0.194428     0.578499     0.120317  -0.00836863    -0.138872     0.246819    -0.112246    0.0419713   -0.0977054     0.140988   0.00597203      0.18754
   -0.291381     0.318937    -0.100563     0.184366     0.449979   -0.0793045    0.0629477    -0.140108    -0.113962   -0.0881683    -0.104539     -0.23461    -0.183712   -0.0440236    -0.232355     0.116444   -0.0454512     0.274359   -0.0386788    0.0770645    0.0205067   -0.0732642   -0.0315191      0.22379    -0.246402     0.161387      0.17674    -0.389895     0.135495     0.117246    -0.382604     0.179346
    0.265505    -0.282833     0.387718    -0.187099    0.0520409     0.206537    -0.156442    -0.199522     0.211084  -0.00718907    -0.421958   -0.0184844    -0.461826    -0.211634     0.632888    -0.383253     0.356093     0.209106     0.390603   -0.0837609    -0.128165     0.548786    -0.201849     0.485438     0.103839     0.401867     0.121395   -0.0827775   -0.0686569    0.0368074    -0.341799    -0.126646
   -0.513292     -0.54487   -0.0455374    0.0215858     0.125551   -0.0445029    -0.251413      0.70486   -0.0963124     0.272779      0.41314    -0.664573     0.135429    -0.395062     0.219334   -0.0131745      0.39027    -0.116078    -0.576852     0.448223    -0.154156    -0.164436     0.272921   -0.0531692    -0.256962     0.299285    -0.184079    -0.119284    -0.107781    -0.155766     0.384197      0.36252
   -0.257497     0.193237    -0.203901   -0.0239704   -0.0153587      0.20979     0.137792    -0.120805    0.0276499    -0.124234   -0.0330262    -0.307875     0.371305     0.122192     0.370504    0.0112774     0.118706     0.274168    -0.336315    0.0667796   -0.0975252     0.445074     0.191532   -0.0509767     0.199487   -0.0614534    0.0867616     0.163479     0.140599    -0.018187    -0.092679    -0.212975
   -0.348189    -0.190314   -0.0831521     0.330278    -0.251016     0.066063    0.0252482     0.452357     0.623687    0.0963426    -0.214699   -0.0551471     0.229874    -0.212112     0.354854     0.123462    -0.104852     0.187131    -0.371272   0.00351688    0.0875921     0.399356     0.217046    -0.550522    -0.034992      0.55669    -0.156932     0.364644   -0.0140389 -0.000915715    -0.154943    0.0712555
    0.401577     -0.20492    -0.261249     -0.20865   -0.0586425    -0.116823    -0.325915     0.042434   -0.0859576    -0.449476   -0.0862661    0.0394351     0.122691    -0.183338   -0.0147441     0.175903    0.0957464   -0.0299601   -0.0422514    0.0240794    -0.155708      0.13967     0.201214    0.0320148     0.125282     0.189724    -0.383845     0.129935    -0.176854     0.389561   -0.0330742    0.0972995
   0.0256384  -0.00154744  -0.00165953     0.100965     0.264091   -0.0221762   -0.0251706     0.110655    0.0114906    0.0294181     0.153252    0.0126119   -0.0384364   -0.0491959     0.230294     0.122597    -0.181831    -0.140857     0.135469     0.122661     0.132868  -0.00307829    0.0415533    0.0480652     0.194495     0.116898    0.0244972   -0.0922085   -0.0439149    -0.218193   -0.0459521    -0.203062
    -0.28166    -0.023076    -0.391527  -0.00883652     0.193199   -0.0204899     0.028051   -0.0864903    0.0396425    0.0204504     0.329491   -0.0776674     0.129961    0.0855132    -0.347456    -0.123375    0.0112569     0.105983  -0.00497367    -0.171214    0.0185337    0.0920032    -0.118003     0.145555     0.162598     0.262376      0.31307     0.115873    0.0801376     0.180243     0.261626    0.0840589
   -0.662638    -0.552497    -0.401384     0.108933     -0.30794    0.0547396  -0.00807711     0.177014     0.192844    0.0975885     0.357355    0.0459707    -0.134771    0.0621619    -0.419968     0.565885   -0.0218383    0.0744258   -0.0930651    0.0302096     0.195229    -0.968402    -0.212716    -0.322344   -0.0841376     0.543601     0.312279    -0.238101     0.103544     0.317839     0.782701     0.525452
   0.0175374     0.156168     0.181058      0.27066     0.474351     -0.14396     0.232007    -0.343339     0.183845   -0.0388603     0.061089    -0.256025     0.544646    -0.289854   -0.0167953     0.042145    -0.011587    -0.234791     0.241267     0.428733     0.184144   -0.0132921    -0.121951    -0.159491    -0.033162    -0.196385    -0.361021    -0.105306     -0.18023    -0.389132    0.0861318    -0.118955
 -0.00927582     0.227681     0.270971     0.117408    -0.170892     -0.16361    -0.161614    0.0754149    -0.225494   -0.0253254     0.320557     0.120848     0.257472    -0.217118    -0.199972    0.0475155   -0.0697648   -0.0831199   -0.0455291    -0.208359     0.203894   -0.0725658     0.208183    0.0117697    -0.076847    -0.225705     0.175563   -0.0564098    0.0499549  -0.00810693    -0.325833    -0.149923
  -0.0941678    -0.329785    -0.149694    0.0701926   -0.0117729   -0.0915621     0.432593    -0.178033     0.286225   -0.0693296    -0.248042    -0.254309   -0.0346131    -0.146752    -0.245278     0.179394     0.430799    -0.116091    -0.207483    -0.050929   -0.0977833    -0.166638    -0.240514    -0.194316     0.173615    -0.142958   -0.0164947   -0.0160011     0.186416     0.218086    -0.209685     0.181453
    0.191135    -0.104623     0.225779    0.0273808    -0.134645     0.274846    0.0084334   0.00640927   -0.0939283    -0.188933   -0.0733618   -0.0168095   -0.0558677   -0.0501177     0.274493   -0.0212052    -0.232734   -0.0580438    -0.111559     0.193871    -0.159189     0.257759     0.053739    -0.130115      0.16411   -0.0395086   -0.0393989     -0.15706     -0.12884    -0.124752   0.00275073    -0.302725
     0.24762    -0.246811    -0.200911     0.174437    0.0388714   0.00257253    0.0156495   -0.0406276    0.0247177  -0.00307145     0.138274   -0.0852149     0.079364     0.105562    -0.334684   0.00601912     0.110425     0.266521   -0.0430904     0.192742     -0.24978    -0.139899     -0.15447   -0.0699885   -0.0126121    -0.186893  -0.00390257     0.314256     0.168004     0.243118   -0.0876295     0.272937
   -0.310406    -0.522778   -0.0054642      0.45134     0.106644    -0.320783    -0.188407     0.232566    -0.180919     0.166979     0.173397   -0.0827852     0.231417     0.108412    0.0182815     0.338295    0.0708833  -0.00382166    -0.221765   -0.0478609    0.0312816     0.374916    0.0677977    -0.268626    0.0050822   -0.0900065    -0.355544     0.419077   -0.0250148    0.0779312    0.0588534     0.328103
   0.0230549   -0.0129767     -0.13349     0.311066   -0.0773793     0.366704     0.387427    0.0254555    -0.321363     0.504389     0.235228     -0.32096    -0.261732    -0.213844    -0.218711   -0.0885589     0.310809     0.383379    -0.304345     0.394327  -0.00780772    -0.246967    -0.183016    -0.752526    0.0702863   -0.0759918      -0.2585    -0.175779    -0.434035    -0.253735    0.0615435     0.394672
    0.100819   -0.0181748     0.133695    0.0862538     0.142512     0.281292    -0.271649   -0.0227147     0.249183     -0.15243   -0.0708445    -0.209297   -0.0688066    -0.154526    0.0540233    0.0375853  3.54426e-05    -0.183957    0.0670912    0.0968091    -0.358233     0.127065    -0.175163   -0.0487677     0.357103    0.0409546   -0.0881168    -0.179982     0.171933    -0.233681   -0.0382492    -0.061272
 -0.00640622   -0.0333566   -0.0857699     0.195304     -0.24303     0.010007   -0.0219944    0.0945847     0.296018    0.0887937    -0.361558    -0.114436     0.176994    0.0128543    -0.522876     0.200778    -0.137119     0.442474     0.339127    -0.363948   -0.0252142     0.603494   -0.0555543     0.176606    -0.126258    0.0564379     0.179254     0.315826   -0.0443216     0.308749   -0.0371913     0.180427
   -0.624575    -0.052351     -0.21576     0.433377    0.0781791    0.0500762     0.293763    -0.196438      0.12062    -0.183642     0.306053    -0.108879    0.0504089   -0.0510693     0.050304    0.0178799    -0.319412    -0.404902    -0.242533    -0.213631     0.357719     -0.13485    -0.296144    -0.226753   -0.0717633   -0.0380086     0.123051     0.049446    -0.501647   -0.0202906  0.000743341      -0.2434
  -0.0831821   -0.0941232    0.0490501     0.120011    -0.102913    -0.248256    -0.193801    0.0538861    -0.478372    -0.237532     0.159694   -0.0384071    0.0457064     0.239513      0.19924    -0.128398      0.35237    -0.099742    -0.106103     0.162055    -0.161368  -0.00651422   -0.0216456    0.0042816  -0.00538222   -0.0890754   -0.0829794     0.139347    -0.416711     0.216415     0.250798    -0.248699
   -0.193461   -0.0322723     0.206329     0.122623   0.00292628     0.167657   -0.0143438     0.152977     0.644905    -0.120375    -0.313491    -0.235083     -0.40854    -0.120112     0.529111    -0.564882     0.178274  -0.00398615    0.0569744     0.251461    0.0027588    -0.138835     0.103292   -0.0271531     0.113521     0.715078    -0.218752   -0.0205837     0.459819     0.275149     0.252844     0.317137
