   -0.218395    -0.381284     0.311846     0.266187    -0.134799     0.503866      0.23734    0.0999316      0.36601    0.0652247   -0.0192139    -0.269039    -0.148311   -0.0391704   -0.0506025    -0.138872   -0.0269022     0.114686    -0.192955   -0.0473681    -0.331243   -0.0605999   -0.0694218    0.0577895     0.135062    0.0371517    0.0931389     0.337887     0.148436     0.103973    -0.127829     0.201623
    0.151822    0.0667421   -0.0559617   -0.0166309    0.0278827     0.124751     0.120993    -0.216596    0.0241834    -0.515566     -0.10523   -0.0869544   -0.0246871    -0.389549     0.193953     0.135884    -0.121432    0.0196888   -0.0500502      0.28803     0.173705     0.226626   0.00207627    0.0394356     0.284439    -0.078883    0.0749551   -0.0481268    -0.179442   -0.0220812    -0.417042    -0.076344
   0.0794191     0.517504     0.170671       0.1316     0.036247      0.11294    0.0425585   -0.0179081     0.208025   -0.0374781   -0.0481805    -0.303983    -0.225316   -0.0810396     0.183639    -0.290187      -0.1518     0.261406   -0.0347671    -0.327411    0.0728949   -0.0743137     0.113945    -0.124345     -0.26184    -0.105215     0.012027     0.208657    -0.097784    -0.182046   -0.0138022    -0.248881
   0.0979391   -0.0598638    0.0554248   0.00596311    0.0182795    -0.236818     0.153758      0.10668    -0.280154   -0.0403038    -0.174272   -0.0284483     0.301491    -0.245908     0.208518    0.0509223    -0.236109     0.215747    -0.231158     0.472543     0.085129   -0.0127173    -0.266537   -0.0230972    -0.172898     0.122253     0.124736    0.0810389    -0.141233    -0.133348    0.0813136    -0.035096
    0.374819     0.134014     0.147673     0.277828   -0.0743395   -0.0780939    -0.292881    0.0399268   0.00408413    0.0405025   -0.0987541     0.171501     0.128441     0.299658  -0.00935325     0.120272   -0.0307785    -0.255072     0.227797   0.00161019     0.121499   -0.0787156    -0.416183    -0.104962     0.191297     0.107217   -0.0953511   -0.0337839     0.277328   -0.0481096    0.0112547     0.110855
    0.117246    -0.199109    0.0614027     0.195302   -0.0921296    0.0493015   -0.0363962   0.00977242     0.415283    0.0290135      -0.0533    -0.306145   -0.0292394   -0.0224724     0.168593    -0.129154    -0.303417     0.263706     0.172061     0.167647     0.087241      0.10021   -0.0973072   0.00492911   -0.0549249      0.10688     0.029211    -0.223688      0.15643     0.220428   -0.0874337    0.0142591
  -0.0593073    0.0110643    0.0460623    0.0608747   -0.0524896      0.10708    0.0513879    -0.326231   -0.0649934   -0.0523354    0.0450571    -0.215417   -0.0316803   -0.0794238     0.113919     0.286711   0.00324732    -0.129966     0.148623     0.145238    -0.056965    0.0563018   -0.0872061    0.0983241     0.222288    -0.238093     0.126785    0.0282938     -0.19067    -0.036116    -0.141461      0.22092
    0.253634     0.157298   -0.0701681     0.220927     0.101516 -0.000481499     0.191403    -0.164264    0.0751128     0.240906     0.162454   -0.0996329    -0.163002   -0.0213342     0.103649   -0.0912925     0.175894    -0.134141    -0.024577     0.234498    -0.106722    0.0326587    -0.253241    0.0578891   -0.0380603     0.129895   -0.0105554     0.158819   0.00602254   -0.0355591     0.164591     0.026011
   0.0596604     0.248065      0.09156   -0.0305395   -0.0460017   -0.0270305    -0.206908    -0.172738    0.0100507   -0.0416658    -0.361181    0.0543701     0.163727  -0.00737932   -0.0919681    -0.235357    0.0752546   -0.0828837     0.232904    -0.135859    -0.104083    0.0156326    0.0687034   -0.0956813   -0.0271043    -0.272789    -0.270234    -0.184019    -0.122765    -0.245066    0.0416671   -0.0741646
   -0.101006   0.00795659     0.297141    -0.218267      0.17456   -0.0740731   -0.0796472    -0.142631     0.209202    -0.146454    -0.172658   -0.0603193     0.341941     0.317265     0.236749    0.0174194   -0.0365346    -0.147571      0.03964     0.109524      0.29501     0.202943    0.0401576    -0.303692    0.0649537     0.219227     0.111184   -0.0821259     0.178159   -0.0236503   -0.0966076     0.392599
    0.117497     0.263114   -0.0836254    -0.289952    -0.303171     0.474793    -0.319643    -0.230729   -0.0869318    -0.209552   0.00692787    -0.495125   -0.0681071    0.0334334     0.394957    -0.410259     0.113679    -0.184468     0.143239     0.109013     -0.18988   -0.0238398     0.125157     -0.21357    -0.018357    -0.240509     -0.18306    0.0324386    -0.341006    -0.316053    -0.110763    -0.211725
   -0.117995    0.0332302   -0.0453363    0.0472092    -0.275806    0.0585554    -0.131633    -0.110845  -0.00757783    -0.152456   -0.0292332     0.110517    0.0571551    -0.229107    -0.154223   -0.0897042    -0.037512    -0.158804   -0.0786825     0.131788    0.0683619    0.0918967     0.115606    -0.183734   -0.0728984   0.00948727   -0.0431033      -0.3456     0.253533     0.145901     -0.39539    0.0184942
  -0.0136908   -0.0309046   0.00394836    0.0585486    -0.219426     0.110897    -0.151164     0.220945    -0.159536    0.0667916     -0.09027     0.129997    -0.287098    0.0921395    -0.165564    0.0531615  -0.00774671     0.259266     0.238728    0.0119655     0.192554     0.120417   -0.0429226    -0.211272    -0.169829    -0.426959    0.0807285    -0.186916    -0.231671    -0.127881   -0.0590497    0.0989393
    0.114745      0.20699   -0.0456238     0.216939     0.128255     0.131329     0.257399    -0.226603   -0.0482896    -0.248624     0.074768   -0.0983933     0.213475    -0.160778     0.502213    0.0690941     -0.21111   -0.0261516   -0.0514989     0.195742    -0.112876    -0.227054    -0.272725   -0.0798506     0.160443    -0.273937    -0.216761  0.000480106   -0.0792676   -0.0866254    0.0739123      0.25446
     0.42687     0.166229     0.089621    -0.187115     0.289623    -0.247923      0.13856    0.0289662    -0.189172     -0.35566  -0.00128221    -0.264484     0.254801     -0.12976     0.403549    -0.116325     0.191876     0.146076    -0.142164    -0.233975   -0.0443829    -0.247479      0.11579   -0.0489116    -0.389811     -0.45932    -0.111836    0.0303363    -0.426196    -0.165342     0.167669    -0.219062
  -0.0365606     0.101477    -0.263945     0.337391    0.0423865    -0.250404   -0.0392191    0.0380732    -0.237614    -0.506273     0.130169     0.204453    -0.107923    0.0714505   -0.0252233      0.15838   -0.0216228    0.0998105     0.265052    -0.131119    -0.203401     0.156021    -0.136282    -0.143189     0.159338    -0.191754    -0.125823   -0.0994697   -0.0567834     0.193019    -0.328124   -0.0691737
   0.0679717     0.240406    -0.278407    -0.160333    -0.308569     0.074899    -0.138609    -0.166537     0.169585    -0.300038     0.409237   -0.0508184    -0.262689    0.0729476      0.41549   -0.0251995    -0.267834   -0.0727439  -0.00585395     0.330323   -0.0177496     0.292095    -0.156619    -0.113405       0.2756   -0.0865423     0.181547   -0.0383018    -0.198899     0.124917    -0.260349     0.243626
    0.094211    0.0023743     0.296437     0.100053  -0.00550008   -0.0438715     0.214422    -0.297623    0.0212979     -0.16092   -0.0749586    0.0366723     0.355572   -0.0541236     0.112678    -0.237846     0.104838    0.0192795    -0.182481    -0.125683   -0.0423228   -0.0973442     -0.24666   -0.0782188     0.301801    -0.542591   -0.0857603     0.198645  -0.00960856   -0.0856361    0.0968121    0.0287648
   -0.100464   -0.0328071    0.0840475      0.27347    -0.143859    -0.019398   -0.0091061     0.328783    -0.274022    -0.140138     0.170127    -0.325525     0.181475   -0.0390943     0.018483    -0.207167  6.81775e-05    -0.114368     0.191223   -0.0396303     0.222694     0.129984      0.21724    -0.169019     0.235578     0.417134   -0.0724895    0.0966923     0.113748     0.109074   -0.0356172    -0.366612
    0.265197    0.0443377    -0.361627    0.0678759    -0.121188   -0.0704361     0.170979    -0.122103    -0.100353   -0.0659668     0.195117    -0.285141     0.268429    -0.129604     0.254524    -0.104322    -0.165251   -0.0720681   -0.0744831     0.221705    0.0503317     0.217404  -0.00353995    0.0671941   -0.0746208    -0.229415    -0.205081    -0.227166    -0.319471    0.0509744     0.163928    0.0560934
  -0.0889417     0.101545    0.0883786     0.146668   -0.0219265    0.0466752     0.240888     -0.17876    0.0582771    -0.207918  -0.00855774    -0.255019     0.283537   -0.0713712     0.113967     0.156897    -0.113281    -0.032223    0.0297156   -0.0232432   -0.0900898   -0.0714887     0.177548     0.108599     0.160812     0.101677   -0.0662623   -0.0306001    0.0366777    -0.220372     0.106839    -0.204058
    0.406279    0.0645352    -0.197813     0.170085    0.0944774    0.0751281    -0.265001   0.00293441     0.114405     -0.33018    0.0573576    0.0473611      0.13231    0.0399265    -0.306429     -0.11352    -0.264228    -0.160636   -0.0854621    -0.280717   -0.0397131    -0.132556   -0.0550917   -0.0651805    0.0864835    0.0592431      0.12716    0.0174635   0.00950863      0.33394     0.308816   -0.0373631
     0.25068    0.0251961      0.19132    -0.204714     0.430937    0.0663846    0.0795906     0.175106    0.0875314  -0.00341988    -0.219045     0.135256    0.0560215     0.272762    -0.127017     0.283491     -0.17292   -0.0885347     0.383936    0.0969979     0.039503    0.0378817    -0.136635    -0.297616    -0.060531    -0.642003    -0.141426    -0.239479   -0.0242766    -0.186072     0.021206     0.188298
   -0.156418     0.406284    0.0271445    0.0798545   -0.0678951    -0.181302    -0.129302    -0.152731     0.120831     0.147207     0.129631    0.0503617    -0.115397     0.257244     0.204202    -0.255667    0.0946952     0.246033     0.306272    -0.134287     0.373347     0.038973    0.0460293     0.181428     0.271844     0.033157    -0.108382    0.0875753    0.0388311     0.165775   -0.0182802   -0.0988586
   -0.122832   -0.0276484      0.15631     0.162443  -0.00653935   -0.0293324    -0.115311    -0.199249     0.136863    -0.120859     0.118785   -0.0975238     0.171286    0.0452516    0.0912459   -0.0389822   -0.0233664     -0.06504  -0.00430304    -0.195377    0.0354106    -0.147933     0.130775   -0.0321203     0.238425     0.207213    -0.131883    0.0608843    0.0578372     0.280556    -0.312645     0.142311
    0.206887    -0.101533  0.000234366     0.208253     0.262106    0.0476646     0.199301    -0.317032    -0.155046    -0.042071  -0.00850461    -0.126183    -0.303335     0.110259     0.171268     0.134253    -0.242773   -0.0919407    0.0341631      0.14997    -0.300149    0.0981162    -0.168062    -0.152953    0.0627936    -0.068831   -0.0342089   -0.0508788    -0.160615   -0.0328442    0.0539156    0.0107519
  -0.0147416    0.0539378    0.0554581    0.0177132     0.198207     -0.11371     0.239935    0.0380752     -0.23529   -0.0338453    0.0498813    -0.123242    0.0927121    0.0866359   -0.0915736   -0.0355884     0.178506     0.120683   -0.0186522    -0.100628  -0.00639504   -0.0184373    -0.108695    -0.130139     0.058763   -0.0110434    -0.117465   -0.0266496    -0.319804     0.112624     0.248986     0.386458
    0.153082    0.0568163     0.102518    -0.133283   -0.0520798   -0.0448973   -0.0836391     0.254223    -0.148895    -0.153485    -0.218212     0.213155    0.0694457     0.004179      0.29826     -0.26513   -0.0339176    0.0058012    0.0651561    -0.289018    0.0664898     0.111915     0.260137    0.0587712      0.29229    0.0801722   -0.0254505     0.265078    -0.182783     0.155789     0.136353    0.0265171
    0.510914   -0.0169079    -0.121108    0.0204572    -0.134022   -0.0211303   -0.0375178    -0.134652   -0.0759349   -0.0408504     0.135567    0.0145214     0.278455     0.169084     0.162172   -0.0142175     0.156805    -0.331039    0.0145981    0.0928927   -0.0626987     0.150557    0.0619849    -0.385032    0.0458893    0.0808713    -0.417443    -0.205033   -0.0744229     0.147686    0.0584858     0.190808
   0.0370745     0.243576    0.0479572   -0.0429436     0.217061   -0.0425315     0.038192       0.1729    -0.224854    -0.390883     0.411262    0.0460571    -0.110241     0.167563     0.102027    0.0457926   -0.0508195    -0.421167    0.0251407    -0.129637     0.268047     0.218733    -0.229312    -0.115643     0.118869   -0.0419426   -0.0727076    -0.189097   -0.0355495     0.175149     0.190219     0.259298
    0.348221   -0.0639467    -0.261493    -0.151635     -0.21838     0.113839      0.13467    0.0702055     0.122404    -0.286579   -0.0573151     0.136607      0.16796    0.0458235      0.32937    -0.162957    -0.150836   -0.0199956    -0.203209    0.0512907     -0.25708     0.184646   -0.0241629    -0.313859    0.0410881    0.0552916    -0.216428   -0.0467064    -0.145779    0.0021966     0.278223    0.0338066
    0.330988   -0.0448422    0.0239141    -0.123328     0.213369    -0.421779     0.497863    -0.129143    -0.448512   -0.0590899    0.0781302    -0.122853    0.0886341     0.300628   -0.0755076    -0.447227    -0.333269   -0.0775181     0.167173     0.124354   -0.0731896  -0.00183236   -0.0390532    -0.109882   -0.0927846    -0.235966     0.123027     0.186225   -0.0912227     0.229061     0.137454    0.0903026
   0.0226817     0.253628    -0.136523     0.265692    0.0195876   -0.0609042      0.35594    0.0393276    -0.353634    0.0887526    0.0923929   -0.0746594    0.0116858   -0.0877637     -0.18759    -0.335646    -0.384359     0.152258    0.0309328   -0.0213324     -0.24147   -0.0263689    0.0808318     0.293498   -0.0758726    0.0843391     0.321913     0.197851    -0.150733     -0.10259    0.0126623    -0.311186
    0.243708      0.43955     0.267914     0.155019     0.564014   -0.0441406    -0.141132   -0.0374384     0.045451      0.22931     0.230904    -0.371164   -0.0703858     0.160957      0.59394  -0.00542984   -0.0836539   -0.0787665    -0.304814    -0.171367    0.0883682     0.193394    -0.281165    0.0796123    -0.436477    -0.114145     0.386253     0.266685    -0.140713    0.0297679      0.14704    -0.124045
   -0.279336     0.409929    -0.107934    0.0218988   -0.0890192     0.159444    -0.242805    0.0771821    0.0894714    0.0842262    -0.143321   -0.0417327     0.170984   -0.0641299     0.170582   -0.0187126   -0.0644044    -0.147668   0.00392743    0.0722573     -0.02994     0.225561    0.0973544    -0.122839   -0.0631565     0.150066   -0.0210279    -0.110643    -0.285538   -0.0011857    0.0730946    -0.188684
  -0.0225766    -0.056901      0.12582   -0.0261318     0.126961   -0.0560721     -0.14802    -0.577598    -0.141948     0.143537    -0.377216    0.0195766    -0.374541    0.0196152    -0.122117     0.461068  -0.00223555   -0.0379352   -0.0937502    0.0904851    0.0609017     0.437173     0.298524     0.156967     0.152097     0.137451     0.258735     0.381779    -0.159122   -0.0546662    -0.148969   -0.0719143
    0.261033    -0.163204   -0.0965651   -0.0802409    -0.176698    -0.188211   -0.0500406   0.00248035   -0.0582947    -0.256117    -0.271033   -0.0677304    -0.275179     0.188092   -0.0117379    -0.192309   0.00496563    -0.061698     -0.11337    -0.484035    0.0867969    0.0757466     0.147678   -0.0226599   0.00407534   -0.0258334    -0.125178   -0.0464334     0.148085  -0.00123966    -0.185658     0.312931
  0.00895467  -0.00493145    -0.112668    -0.155799    -0.230862   -0.0887707   0.00169247     0.226255   -0.0314282    -0.175608    -0.054704    -0.155508    0.0462837    -0.155172    0.0757157   -0.0493924   -0.0784404     0.337191    -0.442194     0.147885    0.0724901     0.084715    -0.165217  -0.00549885   -0.0301235    -0.186609    0.0124308   -0.0261878    0.0311716    0.0674207     0.155167   -0.0989499
  -0.0388434    -0.246707     0.156849    -0.409143    -0.460068    0.0457018     0.367653     -0.29228     0.387952   0.00505814    -0.527008    -0.201405    -0.112982    0.0350375   0.00316419    -0.604093   -0.0505301    0.0308808     0.247001    0.0859286     0.154952    0.0174863    -0.128269   -0.0857167    -0.270277     0.236535   -0.0316127     0.647782    0.0722915     0.404503    -0.128851    0.0643201
   0.0425619    0.0649465     0.150834   -0.0699798    -0.135532     0.420358    0.0509108      0.43348   -0.0715894    0.0677566   0.00868752    -0.149703    0.0446689    -0.199962   0.00944672      0.19334    0.0546882    -0.198635   -0.0736786     0.214424    -0.286298    0.0505405   -0.0409699    -0.153055     0.327367   -0.0276158     0.082184   -0.0078192    -0.135399     0.173797      0.14782    0.0639979
    0.120448    0.0552759    -0.164921    -0.130915     0.316899     0.161506     -0.25271     0.179154    0.0505808    0.0938855    -0.178128     0.157453      0.20003     0.180681     0.245748   -0.0804895    -0.242615   -0.0588582   -0.0974978     0.141489     0.153004   -0.0291221    0.0404585    -0.133163    0.0688438    -0.276896   -0.0750818     0.181378   -0.0327899     0.205364     0.184022     0.252069
   0.0270693    0.0201234    0.0164038   -0.0652042    -0.128523    -0.127994   -0.0662046   -0.0165168    0.0595719   -0.0682872      0.16948     0.311488     0.301624     0.156592   -0.0348712   -0.0747788    -0.312498    -0.213252     0.353557     0.203224    -0.297007     0.119108     0.144503    -0.232553    0.0344391    -0.193429     0.113318      0.18722    -0.225091    -0.227347     -0.31236     0.233205
    0.200683   -0.0878788     0.136087    -0.102597     0.200386    0.0370344       0.3173     0.102486    -0.229661     0.294844     0.232906    0.0901277     0.139058   -0.0620501    0.0258078   -0.0148025    -0.165343    -0.148805     0.119074    -0.185574    -0.468578     0.157088  -0.00321675   -0.0113451   -0.0355283    -0.352414     0.127562     0.190619    0.0542989     0.289513   -0.0606023    -0.166085
    0.163142    0.0699322   -0.0641874     0.123949    0.0263848     0.235994     -0.26866   0.00532698       0.1039    -0.114605     0.199486     -0.29689     0.310205     0.196451     0.337595   0.00338263    -0.148726   -0.0671799    -0.134806    -0.235029    0.0894919   -0.0830645    -0.449529   -0.0514839     0.222883     0.440106    -0.108615   -0.0657038    0.0579553     0.450641      0.15821   -0.0490139
    0.158945     0.237374     0.276588    -0.495773   -0.0223614   -0.0539121      0.28524   -0.0170237 -0.000774829    0.0681471    -0.152029    -0.489151    -0.165269    -0.030026    0.0333416    -0.249893    -0.136145    0.0529012     -0.05968    -0.014608   0.00389776     0.358906    -0.336103    -0.260446     0.095035     0.268442    -0.216849    0.0439458     0.156126     0.329371    0.0691733   -0.0600099
    0.168431     0.166503    -0.107562     0.237396     0.075384    0.0809835    0.0833527    -0.102855    0.0827968     0.115001     0.188438    -0.127267     0.113479     0.223824    -0.020837   0.00507616    -0.175105    -0.289858    -0.156499     0.207948    -0.256396   -0.0375008   -0.0671428    0.0265465      0.35743    -0.231919    -0.223998    0.0692055  -0.00161166    0.0775193    -0.285461     0.155317
  -0.0952654    -0.123959     0.260735    -0.136381     0.501339     0.124104    -0.155003     0.190999     0.276771    0.0379479   -0.0467647   -0.0300692     -0.33127    0.0290445    -0.113916    -0.134783     0.239344    -0.196894    -0.190517    -0.200118    0.0723362    -0.292003   -0.0232389     0.212746     0.107028     0.133883     -0.37184     0.273676     0.170628     0.119543    0.0540822     0.143102
    0.303064     0.490365   -0.0741442     0.108915    -0.270874     0.331792    0.0394689    -0.145252    -0.248902    -0.122436     0.148099   -0.0863383    0.0443865    0.0770522   -0.0672939     0.224137     -0.11425    -0.156552     -0.13771     0.111527     0.179524    0.0541199    -0.211013     0.262259     0.123669    -0.312752   -0.0594639    -0.100671   -0.0546095     -0.12029    -0.406838     0.124062
   -0.229144    -0.100046    -0.232266    0.0319184   -0.0939948    -0.093278    -0.120602     -0.24923    -0.117813    0.0528239    -0.129446     -0.04086     0.284347    -0.157505    -0.112812     0.176534    0.0398232     0.143766   -0.0696823    -0.177271    -0.207222    0.0990262    0.0118195     0.119935    0.0642452    -0.313206    0.0612146   -0.0277812    -0.219422     0.125755     -0.21771    0.0529796
  -0.0641179     0.241278     0.183035     -0.23888    0.0285442     0.118754    -0.031135     0.185771    -0.112175     0.198553      0.17723    -0.268061   0.00385812    -0.248189   -0.0731604     0.233057    0.0696012     0.080763       0.2436    0.0977715    -0.185277    0.0353386   -0.0227439   -0.0403005   -0.0527551   -0.0791437    0.0210691   -0.0672974    -0.316572     0.107915   -0.0800556    -0.179041
    0.126299    -0.102039    -0.163796    -0.142587    -0.167493  -0.00483539    0.0716787    -0.166841    -0.108978     0.254404    -0.166271    0.0174546     0.236811     0.172296     0.225452     0.143714      -0.1683     0.203869    0.0797019    0.0713911    0.0318555   -0.0512636    -0.170248    -0.138867    -0.203461    -0.176841     0.143396    -0.147186    -0.209131    0.0343528    -0.192337     0.562308
   0.0955544     0.321624    0.0574376  -0.00916947     0.592355    -0.273486    -0.574005   -0.0315061    -0.370861    0.0603066    -0.222014    -0.173394     0.250702     0.146097     0.296916   -0.0723401     0.139146     0.170026     0.662137     0.115284    -0.328372    0.0137073   -0.0275611     -0.16236     0.124657    -0.539993    -0.100081   -0.0421684    -0.188204    0.0708427     0.262369      0.29478
 -0.00457171     0.245736    -0.372352    -0.303315   -0.0242582    -0.116999    -0.032552     -0.34155    0.0135636      0.18338    -0.023234    0.0825755    -0.123217    -0.134833    0.0264952    -0.244318    0.0973182    0.0442732     0.377569     0.213187     0.225469     0.113821     0.317834    -0.155682   -0.0306996   -0.0735056    0.0349823   -0.0445876    0.0266347    -0.183537    -0.209737    0.0306795
   -0.396399     0.306888     0.252934     0.186991    0.0314759    -0.122298    -0.512724    0.0786421   -0.0232736    -0.131867   -0.0333479      0.11727    -0.226579     0.276769     0.191099     0.173341     -0.11254      0.15543    -0.114433     0.510089    -0.179382     0.092394    0.0469513     0.298642     0.250507     0.225983     0.367511    0.0169818     0.103252      0.11763    0.0170609     0.172832
    0.199108    -0.109651   -0.0455484     0.197039    -0.110287   -0.0978869    0.0961994    -0.343883    -0.147475    -0.129338   -0.0514932    -0.493415     0.238903     0.213759    -0.130925    0.0744441    -0.259333    0.0102464   -0.0910327    -0.382909     0.189871     0.174873     0.402344     0.145646     0.226621    -0.358999     0.270848    0.0562041    -0.266555     -0.05525    0.0759019     0.271453
   0.0776018     0.245347      0.10375     0.180385    -0.230521    0.0488504     0.132393    -0.204838     0.122727    -0.166876    0.0055066     0.272129    -0.104016    -0.142025    0.0409838    -0.304425    0.0112265    0.0676133    0.0293241    -0.147709    0.0146656      0.11066     0.291093    0.0374171     0.114482    -0.128668     0.256307     0.244908     0.218477   -0.0614687    -0.139121    0.0983225
    0.140097    -0.583417     0.277852     0.254939  -0.00944373    -0.199875    0.0821935    0.0126661    0.0523013   -0.0560173     0.175939     0.279959     0.145975    -0.266512   -0.0687516     0.242879     0.118812     0.158984    -0.061076     0.222513    0.0959272    -0.204967    0.0859173    0.0166021   -0.0196574     0.256935     0.210524    -0.152254     0.167903    -0.169923    -0.118799    0.0888975
    0.162735   -0.0908096    -0.184914     -0.11449    0.0198148     0.145867     0.236681     0.159099     0.172341    0.0818183   -0.0539587   0.00772186    -0.262479    0.0174086    0.0943537    -0.218567     0.133254    -0.224365     0.084483    -0.375236     0.196093    -0.076523    -0.119366    -0.207443     0.120983    -0.124283   0.00793961    -0.261288     0.257532     0.075612     0.416636    0.0658575
   0.0244207    -0.389524     0.244724     0.171073    0.0569172    0.0294402    0.0896031     0.247491   -0.0125206   -0.0871906     0.230645    0.0359926    0.0021543    0.0324439    -0.216607     0.167534    0.0826412    -0.218678    0.0345223    -0.136291      0.09115    -0.274967    -0.322618    -0.145603     0.254755     0.199859   0.00418171     0.210205     0.146751     0.100485    0.0282203    -0.149951
    0.128758    -0.140921    -0.200621     0.105622     0.214539    0.0641443    -0.250077     0.117909     0.261001   -0.0604667      0.11096   -0.0462359    0.0245977    0.0378733  -0.00199676   0.00311463    0.0699933    -0.107987     0.200212     0.097292     0.214147     0.247048     0.099138    0.0726885    -0.152776     0.067468   -0.0539318     0.108859     0.185662  0.000120791    0.0308591      0.11623
    0.141458      0.03959    0.0103812    0.0940096   -0.0799605    0.0413669    -0.159254    0.0785981     -0.43507     0.210859     0.311104   -0.0092988     0.474819     -0.28445    0.0307965     0.170015    0.0115931     0.132854    0.0670585     0.209449    -0.015795    0.0165459   -0.0175009    -0.376615     0.324733     0.185625     0.123486    -0.271016    -0.136553   -0.0867896    -0.194632    -0.232543
   0.0990668   -0.0400454     0.161626    -0.377493    0.0667566   -0.0300935     0.106321    -0.366919   -0.0573218    -0.302926     -0.15436     0.132478   0.00353691   -0.0463669     0.124346     -0.21091   -0.0424445    0.0181873     0.314409     0.157384      -0.3671    0.0302284   0.00902367    -0.643962    -0.309575    -0.330908    0.0488346     0.468902   -0.0493944      0.38629     0.273584    -0.258782
   -0.222117    0.0364519     0.301913   -0.0798243     -0.13183   -0.0400879    -0.150534    0.0456118     0.235511   -0.0107326   -0.0814013     0.186351    -0.361657   -0.0691005     0.068501   -0.0917204    0.0674502     0.344986   -0.0946469    -0.127479    0.0865974    -0.184658     0.198141    0.0298258     0.273737     0.237419     0.117066     0.127167     0.289233    -0.209806   -0.0363696    -0.174187
    0.161277    -0.178177    -0.113622     -0.28724     -0.04235    -0.268602    0.0837293    -0.119949      0.36751   -0.0272114    -0.118216    -0.314376    -0.266638    0.0274795     0.050188     0.065996   -0.0865852    -0.126173    -0.152466    -0.233763   0.00215798    -0.234076    -0.095231     -0.20478     0.051161      0.30797     0.112704     0.149868    -0.249869    0.0636415     0.321589    -0.101929
    0.352146     0.205674    0.0244253    0.0881979   -0.0809016     0.320242   -0.0657473    -0.128642     0.478861   -0.0809351    -0.124759     -0.10233   -0.0243523   -0.0649426    -0.321724     0.216807     0.114735    -0.125682   -0.0320063    -0.257423    0.0645014    -0.191852    -0.234091    -0.370327   -0.0977048     0.242982  -0.00891376     0.296792     0.159609   -0.0810526   -0.0163638     0.155044
    0.222238     0.247053    -0.304768     -0.18183    0.0175218    0.0180841    -0.247896    -0.164956     0.321137   -0.0441419       0.1112    -0.185917   -0.0219062     -0.15584    0.0457664    0.0133392    -0.149965     -0.22369     0.069676     0.152352  0.000406148     0.204925     -0.30823    -0.354441   -0.0643545    -0.206192     0.119656    -0.230997     -0.30628     0.102807     0.225615     0.215033
   0.0148454    -0.127729     0.104114    0.0269654     0.232274      -0.3427    0.0227916    -0.219314     0.156118    -0.172234    0.0190698     -0.13867     0.015532      0.13639   -0.0596001    0.0778365    -0.140777   -0.0990216   -0.0282477    0.0298163     0.145725    -0.306545    0.0366944   -0.0888032    -0.042059    -0.218757    -0.292978      0.11641     0.116166    0.0380763    -0.308585   -0.0398941
    0.260083    -0.187072    -0.260233    0.0604647    0.0294276    0.0671278    -0.138214    -0.228334     0.110462    0.0772417    0.0661979    -0.112209     0.449223    0.0064366    0.0846727    -0.164787    -0.239294     0.135063     0.185682    0.0179384    -0.216237    -0.251745     0.402605  -0.00198016      0.21057    0.0274126   0.00737238   -0.0670783   -0.0403828    0.0677511    -0.120347   -0.0463059
   0.0105337    0.0216154      0.20464    0.0995768    0.0615068    -0.190656    -0.044733     -0.44504     -0.14711   -0.0871675     0.341364   -0.0834699    0.0126971     0.167803    0.0620139    0.0895628     0.202204  -0.00542747    0.0754165    0.0272968   0.00133657    -0.119559    -0.102549  -0.00961424    0.0669913      -0.2894    -0.173758    -0.418457     0.149519     0.100766    -0.221454     0.117508
    0.173526     0.275378    -0.261009    0.0560626    -0.136144     0.245871   -0.0518698    -0.185565   -0.0305565     0.113815   -0.0231949    -0.003242    0.0027635     0.204707      0.12207    0.0975452    -0.269619    0.0107774   -0.0954521     0.148346     0.017092     0.143027    -0.158632   -0.0618996    -0.122025    0.0986953     0.139868   -0.0371086   -0.0257865     0.047359    0.0574959     0.106489
    0.149042    0.0296348    0.0102966   -0.0330783   -0.0121821    -0.174957    -0.232879   -0.0075238    -0.205091    0.0182021      0.11787   -0.0562927     0.200317  -0.00072122     0.182144     0.360614    -0.178266   -0.0161747    0.0660884    -0.160295    0.0582392     0.151052    -0.056719   0.00626806   -0.0732913    -0.148935      -0.0541    0.0455071    -0.123968  -0.00733018    -0.286295    -0.265767
  -0.0145026    0.0979119     0.294973   -0.0618132    -0.118994    0.0922638    -0.074497    -0.143168     0.303863    -0.326221     0.221944      0.30037     0.107215    0.0699634    -0.113601    0.0583995     0.185088    0.0394556    -0.207906    -0.117421   -0.0404669     0.196736    -0.190223  -0.00683723    -0.018054   -0.0414743    -0.108115    0.0902129     0.145395    0.0014795   -0.0467943     0.307705
  -0.0331072   0.00138369     0.277328    -0.119788    -0.173751    -0.081745    -0.411542   -0.0787203     0.321702    -0.241172    0.0136608    -0.059145    0.0220763    0.0286145    -0.017449    0.0997712   -0.0715664    0.0878622     -0.09671       0.5232     0.515672      0.10041    -0.145883   -0.0469474    -0.010822   -0.0865258    0.0653789    0.0582438   -0.0377445    -0.108634    -0.317457  -0.00750703
   0.0598573     0.533319    -0.038941    -0.143666     0.101846    -0.059687   -0.0880425    -0.168628    0.0559119     0.108266      0.20448   -0.0915477    0.0443124     0.157215    -0.231112    0.0225124    -0.169552   -0.0252666     0.378948   -0.0605304     0.213074     0.183766      0.10909     -0.04772     0.140692   -0.0201258     0.167331    0.0517478    -0.147343     0.203683    0.0816987    0.0898597
   -0.241145    0.0525154   0.00320518    -0.150534     0.022767    -0.129339     0.032938      0.12298    -0.051198     0.253947   -0.0565025    -0.158919   -0.0522014    -0.032459     0.194115    -0.157022    -0.188904    -0.322878   -0.0201245     0.118903    0.0964049     0.178684    -0.212857    0.0323101    -0.134082    -0.275227    0.0139985     0.136523    0.0769953     0.296657    0.0382722    0.0664365
    0.199283      0.34045     0.506353   -0.0701651     0.462303     0.113008    0.0807335    -0.232849     0.460938    -0.252389     0.239057    -0.276584    -0.191196    0.0388341    -0.159762   -0.0907795      0.10536    -0.248321   0.00708211     0.118319    -0.323442     0.236972    -0.354262   -0.0366646   -0.0207688  -0.00228657     0.282383     0.130267    -0.412287    -0.170254     0.163857    0.0997976
    0.298448     0.181537      0.31876    -0.119313     0.299513    -0.412063     0.124447     0.521613    0.0397919    -0.157836     0.280527    -0.181175   -0.0734401     0.040239     0.142304   -0.0461563    -0.121181     0.228634    0.0267859     0.210291     0.109599     0.678563   -0.0494528     0.117641     0.165388 -0.000294479     0.392403   -0.0593038     0.048262     0.181356   0.00350337     0.682319
    0.259909   -0.0309235     0.325529      0.04747   -0.0512978   -0.0282783     0.398623     -0.15805    0.0507955    -0.153222     0.138063    -0.208717    -0.241778    0.0582754      0.10305    -0.134501     0.259112    -0.294206   -0.0297489    -0.333219    0.0422847    0.0498031   -0.0622865   -0.0678568      0.19098     0.194859     0.400568    -0.167607   -0.0958819     0.245103     0.231794     0.370374
    0.285271   -0.0358172    -0.151685    0.0718343     0.305739   -0.0789459      0.18907    -0.271169   0.00316423     0.125496   -0.0272526    -0.218661     0.073859     0.195608     0.287759    -0.211104    0.0441313  -0.00237898    -0.186778    0.0920778    0.0172544     0.492942    -0.015748    -0.258606     0.357523   -0.0451786    -0.130783    -0.158672     0.140763     0.125176    -0.102233     0.257409
 -0.00970675     0.127794     0.125287      0.26491    -0.228178     0.138743     -0.18667   -0.0473141    -0.126074     0.149805     0.271052   -0.0877056     0.146772     0.109415  -0.00975401   -0.0444327    -0.244761     0.107765     -0.19069     0.135505     0.104969     0.162122    -0.149577   -0.0298753  -0.00494681     0.121513    0.0865565 -0.000702376    -0.186909     0.148343     0.104524     0.240846
   -0.161211     -0.17359   -0.0988034    0.0709099   -0.0297859    -0.280132    -0.168495    -0.135783     0.145583   -0.0762828   -0.0911828    0.0260218    0.0582679     0.303993     0.145176    0.0503384    0.0190487   -0.0972974     0.170331   -0.0264959     0.134109    -0.128442     0.252163      0.15145      0.13796     0.185664    -0.428871    0.0515279    0.0242441  -0.00265991   -0.0475974     0.229774
  -0.0307462   -0.0516485     0.280591    0.0696383   -0.0905122    -0.473036    -0.130478    0.0150841    -0.819563    -0.264749    0.0561282    0.0940688    0.0579662    -0.204511   -0.0157954    -0.304409   -0.0229313    -0.163973   -0.0073526   -0.0041918    0.0147672     0.243305    0.0668386   -0.0500245     0.313362    0.0353105    -0.027476    0.0222896    -0.343303   -0.0565968    -0.275897     0.339626
    0.194421      0.12667    -0.196216    -0.117067    0.0861431    0.0535593    -0.114214  -0.00559705     0.272392    -0.143743     0.106925    0.0517341    -0.160023   0.00421312   -0.0615551     0.107963     0.204171     0.126967    0.0959422     0.176003     0.175434     0.263221   -0.0153686    -0.249066     0.255913      0.12582     0.197235     0.209544  -0.00210508    0.0627347    -0.113449     0.152866
    0.107321    0.0949296    -0.194663     0.269906     -0.25741    -0.234775    -0.130861    -0.282244     0.199074     -0.37511    -0.118228     -0.24566    -0.531756   0.00682415    0.0354086   -0.0459357   -0.0514641     0.168454   -0.0483601    -0.115519    -0.197475     0.200098     0.299512     0.239163     0.124961     0.357081     0.138996    -0.111589    -0.128392     0.199572     0.113901  -0.00109377
    0.366654     0.196788   -0.0612128    -0.320772     0.363462    0.0984676     -0.26535    0.0437423   -0.0728112    0.0352515   -0.0927495   -0.0325134  -0.00124977     0.453897     0.308932   -0.0365106    0.0499694    -0.171136   -0.0835463    0.0445292    -0.133189     0.309827      0.14585   -0.0676029    -0.390427     -0.17576     0.190588   -0.0443184     0.130205   -0.0659881    0.0130233   -0.0368921
  -0.0923346    -0.227748    0.0891983     -0.20769      0.32751     -0.26188     0.274646     0.155691    -0.147221   -0.0760299    0.0436761     0.126295     0.129436     0.280103    -0.256739   -0.0554806    -0.136999    -0.103363   -0.0987491   -0.0943248    0.0255724    -0.137427    0.0655769    0.0612484    0.0539545    -0.288121    -0.142012    -0.103373     -0.24488     0.131072    0.0227527     0.234406
   -0.129656     0.238891   -0.0370947    0.0810389    0.0407878     0.388809   -0.0997389     -0.04054    -0.115455     0.163417     0.187141     -0.19977     0.259378     0.164537     0.061147     0.140336    0.0216019   0.00987168     0.164156   -0.0387248   -0.0583587     0.117155   -0.0824633   -0.0649345     0.176045    -0.119681   0.00894399    -0.220485    -0.160479     0.101471   -0.0609432     0.143848
    0.265674   -0.0652848     0.176132    -0.119591   -0.0698312    0.0749826     0.352716   -0.0821623     0.185911     0.155822   -0.0544697    -0.106343    -0.100014     0.283791     0.118155    -0.289047  0.000246271    -0.121171     0.124025  -0.00416052   -0.0945939     0.282456    -0.113872    -0.506244     0.236585     0.204681     0.234482     0.269985     -0.17949      0.46196     0.378412     0.198645
   -0.247063   -0.0606471     0.495734     0.081816    0.0135911    -0.127445     0.264607     0.286672     0.172851     -0.54309    -0.132866    0.0119111    -0.114684   -0.0059768  -0.00644413    -0.377999    0.0958524   0.00873683    0.0260928    -0.518007   -0.0532371    -0.212624     0.139583    -0.244916     0.274625    -0.281033    -0.347536     0.142183   -0.0119402   0.00873455    -0.167304     0.160753
    0.168681     0.120063     0.223772    -0.106605  -0.00770877    -0.324196     0.182016    -0.476154   0.00869927     0.150109   0.00808117    -0.115286    0.0945332    -0.137098        0.104   -0.0574514     0.155112     0.076069    -0.128907    0.0895562   -0.0448975   -0.0853539   0.00946378    -0.101626     0.025275    -0.187408     0.251122     0.204697    -0.382893    -0.253349    -0.262095   -0.0118039
   -0.057498      0.37322   0.00748436     0.129752    -0.178465      0.32892     0.325344   -0.0168995     0.196278    0.0748613     0.129629     0.238748    -0.105503    0.0191907     0.122499    0.0348927     0.274201     0.155362     0.033814    -0.181178     0.611349    0.0689983    -0.273372     0.163875     0.290934     0.346492    0.0241812     0.263526     0.206527     0.141884   -0.0539181     0.249082
    0.178243     0.181284   -0.0786407    -0.373667    -0.196226     0.161006     0.217944   -0.0483168    -0.028895    -0.103938     0.331693    -0.551504    -0.260936   -0.0753781    0.0221955    -0.747055    0.0510268    -0.161471     0.231958    -0.184322   -0.0134133      0.12114    -0.054452   -0.0319818     0.137723      -0.3866   -0.0690541    0.0811741    -0.258393    0.0523532   -0.0738623     0.257282
  -0.0618608     0.354129     0.291334    -0.129929    -0.331402     0.103959    -0.349869   -0.0542851     0.111799    -0.321786   -0.0379723    -0.437342     -0.18523    0.0994767    0.0355341    -0.284735    -0.363685    0.0449542   -0.0984814   -0.0662874     0.146342    0.0420132    -0.194367    -0.235924    0.0213412   -0.0929548     0.326885     0.204447    -0.303494      0.10832     0.307896    -0.133071
    0.359067   -0.0261475     0.183015     0.306314    0.0974063    -0.062151     0.376518   -0.0628541     0.121888    0.0416666     0.160775    0.0101874   -0.0684191    -0.157132    -0.270292   -0.0410028    0.0714636     0.198103  -0.00356505   -0.0722628     0.117593     0.188391    -0.224754    0.0848403     0.110787    0.0988809   -0.0865861     0.127292   -0.0925305     0.124648     0.232722     -0.25241
   -0.188797     0.156948    0.0754533   0.00346052    -0.264537     0.307677    -0.104824   -0.0258431   -0.0378695      -0.4325    -0.190316    0.0435008    0.0663525    -0.245179    -0.273394   -0.0801813    -0.225362     -0.10612    -0.179806   -0.0875608    0.0498776   -0.0627519    0.0477366    0.0663198   -0.0909078     -0.24393     -0.11532   -0.0323771     0.173332     0.103052     0.142178   -0.0186461
    0.136775    -0.244663    0.0283962      -0.1246    -0.144001    -0.111158    -0.076952    0.0392828    0.0347753    -0.183757    -0.106855    -0.134554    -0.287335  -0.00603306    -0.118268    -0.126447     0.150465     0.067509    -0.220061    0.0244144    -0.138495   -0.0698324   -0.0173401     -0.17518     0.191922      0.25566   0.00594993    0.0774689     0.218795    -0.196439     0.231401     0.160351
  -0.0816414     -0.42063   -0.0171039     -0.22529    0.0233009    -0.218401      0.19178     0.436277     0.147779    0.0764731    -0.318147     0.246008      0.30705     0.281571     0.103047    0.0922648    0.0782577    -0.357138     0.193068     0.082475    0.0487932    -0.122815  -0.00779177  -0.00254165     0.186468     0.455277    0.0491405    -0.132277     0.064767       0.2812     0.386303     0.438943
    0.272575     0.184953  -0.00399545    -0.105242    0.0787674    -0.133437     0.045757   -0.0109296   -0.0867201  -0.00988302   0.00934801    -0.507709     0.119749    0.0683967     0.244811     -0.11172    -0.137394     0.110962 -0.000110634    -0.209222     0.103172     0.063772     0.159524    -0.264825     0.091608  0.000749483      0.17239    0.0422148     0.136908    -0.157407   -0.0215712     -0.20977
    0.185341     0.414989    0.0409951     0.165545   -0.0171179     0.250074    0.0850371    -0.143262     0.491043    0.0304266    0.0557438    -0.642834    0.0232205    0.0340292    0.0213008  -0.00365152   0.00786524    -0.103332     -0.25955   -0.0521372    0.0642229    0.0907101    -0.330034     0.216452    -0.104146    0.0890234   -0.0697503    0.0676222    -0.199923    0.0608646    -0.187357    0.0255682
    0.264131    0.0884427  -0.00767028    -0.295728      0.32501    -0.295469    -0.187041    -0.238726     0.069993    -0.215904     0.182736  -0.00834596   -0.0490992    -0.147313     0.189414     0.051373    -0.016483     -0.11966     0.378882    -0.125576   -0.0242969     0.243946     0.103406    -0.147259   -0.0177909    0.0317256   -0.0134432     -0.41223    -0.137766     0.331986   -0.0497757     0.154797
   0.0748319   -0.0577617    -0.241019     0.175937    -0.181156    -0.139264   -0.0964958   -0.0995038    0.0150917    -0.401639   -0.0783328   -0.0519365   0.00137777     0.101721     0.408585    -0.199211    -0.117456     0.163408   -0.0298037     -0.18945     0.275388    0.0822404    0.0433109    0.0707446     0.072395   -0.0306789     0.234208   -0.0377903   -0.0652207        0.482   -0.0769582    -0.232193
    0.051524    0.0934291   -0.0208573     0.157428     0.133321    -0.439129     0.184628   -0.0568556     0.163938     0.127634     0.212283     -0.01361     -0.18978     0.326367    -0.243714   -0.0644129    -0.400519   -0.0404983   -0.0285564    -0.253046    -0.123508   -0.0219928     0.127327   -0.0298202     0.151938     0.109468     0.156363   -0.0520811      0.23207    -0.111387   -0.0217515    -0.010374
   -0.188511   -0.0670227     0.128518       -0.122    0.0748012   -0.0479485    0.0266715     -0.22517      0.20663    0.0145067    -0.223139   -0.0358951      0.06007    -0.199204   0.00294658   -0.0497614    -0.191148     -0.18149     0.210845   -0.0902272  2.88811e-05     -0.12061   -0.0593767   -0.0471695    -0.159956    -0.102375    -0.149128    0.0580688     0.118458   -0.0126766   -0.0566405    0.0377679
    0.307455     -0.16286     0.320978    -0.239196     0.241435     0.116368     0.125604     0.282054    -0.215193     0.422974   0.00993709     0.100115    -0.186489   -0.0761753    -0.217843   -0.0185404    -0.337716    -0.107341    -0.126319   0.00673205    0.0448322     0.115869     0.224823     0.190123   -0.0672962    -0.211337    0.0594702     0.077649     0.147014     0.189007     0.288579   -0.0499508
   -0.189315      0.20653    0.0696606    -0.271758    -0.226477     0.289008    0.0700331   -0.0409358   -0.0416318     0.184096    -0.502236   -0.0822949    0.0185019     0.141035     0.212958     -0.26967   0.00796477   -0.0675916  -0.00911254    -0.187319     0.382088    0.0648169     0.284708    -0.221369     0.290309     0.204135      0.11769     0.187216    0.0209304    0.0795886     0.161738    0.0899168
   -0.121034     0.198692     0.335451    0.0390747     -0.26518     0.496244    -0.434351    -0.198027     0.250221    -0.305406   0.00843067      0.29181     0.190403    0.0300854    0.0741155    -0.236649    0.0960566    -0.201574    -0.127329    -0.171296    -0.048913    0.0159936   -0.0239385   -0.0666844     0.129037    -0.201265    -0.231627    -0.150419    -0.217605   -0.0932605    -0.175136    0.0941001
   0.0461824    -0.127933    0.0915645     0.254629    -0.199426     0.207121     0.113402    -0.133441     -0.10068   -0.0463093      0.11331      0.14045    -0.102443     0.198274    -0.137039    -0.561985     0.199864     0.288495   -0.0910795    -0.107713    -0.114301      0.35994   -0.0402393   -0.0113512    0.0591751    -0.134263     0.336593     0.186167    0.0786121     0.235623    -0.306661     0.209946
   -0.125536   -0.0432376    -0.304532     0.125717    0.0726316    -0.291487     0.120224     0.129798    -0.135872     0.119205   -0.0223216   -0.0609345   -0.0576298    -0.181538   -0.0774123     0.165704      0.11614      0.23468     0.418582    0.0891234 -0.000165051     0.252801    -0.278349     -0.22219    -0.121318    -0.343292   -0.0900844    -0.236008    0.0460475     0.157004     0.198381     0.190409
   0.0411576     0.094429    -0.136205    0.0536834     0.108955     0.163613    -0.103462     0.309361    -0.119474    -0.123597     0.437875    -0.222608    -0.157665     0.184252     0.488558     0.134638  -0.00233055    -0.390968    -0.243525    -0.314462   -0.0389061    -0.056815    0.0585104    0.0132017     0.234665     0.130678    -0.358025    -0.146663     0.188829     0.256524     -0.14104     0.113838
    0.446082     0.218856     -0.01139    -0.282742    -0.172448    -0.239035    -0.341311    0.0850662   -0.0123041   -0.0895385     0.206815    -0.191164   -0.0372511    0.0906496    0.0159369   -0.0606647    -0.128639    0.0315027     0.163999    -0.495095     0.140411    -0.269232    -0.222174    -0.226283    -0.204039    -0.456482     -0.06656   -0.0303837      0.12431     0.162271     0.400571    -0.285712
  -0.0606499    0.0922352     0.344022    0.0281845    -0.274899     0.205925     -0.39976     0.116515     0.102654    -0.288086   -0.0471927     0.304577    0.0878336   -0.0875409     0.253983     0.132547    0.0568597   0.00426252    -0.608756     0.105238    -0.254019   -0.0627313     0.245802   -0.0260211     0.094058    0.0202456    -0.121412     -0.31686    0.0622859   -0.0584586    -0.181698    0.0602148
    0.153204    0.0196414     0.201988    0.0689153     0.115367   -0.0667963    -0.104992    -0.332751   -0.0135074   -0.0592773    -0.206841     0.091335     -0.24463     0.196116     0.193134    -0.156941   -0.0202724    -0.118723     0.509653    -0.127575   -0.0446035   -0.0229685   -0.0136295     0.466122    -0.223341    0.0237581    -0.297594     0.205978    0.0245404    -0.332118   -0.0705481  -0.00978564
     0.26629      0.24904     0.025118    -0.272489   0.00185295    0.0925405    -0.194872     -0.68221      0.31305    -0.326326     0.335782      0.21085     0.142901     0.120893     0.112948   -0.0591485     0.156571    -0.174788     0.137045    -0.395862   -0.0290999     0.105064     0.164457    -0.109227     0.100555    -0.357684    -0.121628     -0.46757    -0.260835     0.467261    0.0674539     0.240584
    0.150956    0.0849998    -0.236113  -0.00896695   0.00850189   -0.0859708    -0.217384    -0.110699    0.0616613    -0.133555    -0.158418    0.0695304    0.0941839    -0.273099     0.140544     0.180219    0.0669149   -0.0685624    0.0903928   -0.0984744     0.126208    -0.127145   -0.0674343   -0.0486742    0.0452111     0.134498   -0.0675443    -0.244673    0.0204659    0.0345169   -0.0913986   -0.0395822
  -0.0679038    0.0736382    0.0913334    -0.123616    -0.187935      0.24339   -0.0320784   -0.0270837   -0.0932815    -0.335888     0.231855    -0.343507    0.0876585   -0.0405131     0.104301   -0.0793296     0.155366   -0.0472275   -0.0197384  -0.00675602    -0.263964   -0.0367156   0.00756164    0.0580858     0.170246    0.0430594     0.232004     0.397183    -0.263655    -0.344932    -0.286655     0.171621
    0.229374     0.303699     0.324615    -0.135794     0.103428    -0.086253     0.173268    0.0453495     0.172538    -0.124129     0.205003   -0.0887775    -0.112476     0.392588     0.256614    -0.756178     0.222203      -0.1074    0.0705361    -0.583909    -0.341054    -0.270665   -0.0335048    -0.253602   -0.0028573    -0.118716    -0.418241    -0.346124    -0.234011     0.106905     0.245291   0.00690342
   -0.196462     0.257506    -0.197421   -0.0663672    -0.145317     0.282683     -0.13077    -0.204532     0.337448    0.0141913      -0.2184     0.147277     0.176974       0.2098      0.43083   -0.0140656     0.173095    0.0718877    0.0874398       0.0399    -0.312699   -0.0429896     0.177502     0.279728    -0.150975     0.204139    0.0159453   -0.0308484    0.0641488    -0.456336    -0.287453     -0.14883
   0.0972522    -0.151248    -0.052017     0.246168    0.0101043     0.249324   -0.0784345     0.429882     0.265848    0.0962806   -0.0471845    0.0171762    0.0905151    -0.200902     0.224943   -0.0633019    0.0603689    0.0936748     0.144232     -0.36277    -0.163329     -0.21679   -0.0590988     0.266347     0.240035     0.183733    -0.174161    0.0504049    0.0349151     0.300609     0.154153     -0.19277
    0.146227    0.0494048    -0.104759   -0.0311854      0.31789   0.00690912    -0.135834    -0.339531    -0.107603    -0.223703    -0.139381     0.167533   -0.0308433    0.0528081    -0.109845    -0.228269   -0.0107651      0.11347   -0.0851647     -0.34184   -0.0687115    0.0653045    0.0492266      -0.1479     0.191841     0.110315     0.309204     0.153695    -0.134127      0.24403    0.0552275    0.0988224
    0.348089    0.0258639    0.0194855      0.04211   -0.0607756   -0.0371437   -0.0660753   -0.0272899    0.0449099   -0.0872114    -0.149074    -0.104631   -0.0999161     0.105552   -0.0583578   0.00939079    0.0812946    -0.176141    -0.100535   -0.0249638     0.144964     0.403568    0.0689691    -0.217008     0.191344     0.203148      0.13023   -0.0106267    0.0170344     0.179738 -0.000508408     0.233704
    0.254337    0.0551156   -0.0935736    0.0748963   -0.0561793    -0.260076    -0.100595     0.081298     0.122576   -0.0870978     0.160248     0.225549   -0.0614546     0.172183      0.13447    -0.214719    -0.143228    -0.159044    0.0950151    -0.297695     0.130723     0.198428   -0.0163399    -0.272598    -0.233613   -0.0966034   -0.0387691    0.0340885    -0.248576     0.105447     0.138463     0.113654
    0.289015   -0.0941171    0.0203814    -0.109408     -0.28692     0.313658     0.164861    0.0833898   -0.0111235    -0.220639     0.255409      0.17637     0.259514   -0.0847647     0.198167    0.0220681    -0.372855   -0.0220807   -0.0599982    0.0657567    -0.221195    0.0142057    -0.211073    0.0912345     -0.16713     0.165943     0.138405     0.162329     0.064544    -0.123319   -0.0756529   -0.0316553
   0.0686365   -0.0754821    -0.287741    0.0241308     0.113016    -0.185126     0.072896   -0.0380569     0.235389    -0.247924    -0.195834    -0.185652    -0.168433    -0.102366     0.153823  -0.00253876   -0.0199852   -0.0997271     0.153486   -0.0342467     0.186593     0.170643    -0.285219   -0.0212939 -0.000221299   -0.0574813   -0.0676597   -0.0826883    -0.288885     0.116258     0.145525   -0.0545896
  -0.0259244    -0.245047   -0.0815367    -0.144194      0.37876     -0.43517     0.310951    -0.156726     0.311174  -0.00232757   -0.0899791   -0.0222167    -0.188229    0.0776873    -0.303536   -0.0897477    -0.024914     0.112378    0.0145383    0.0490342   -0.0298795    -0.248989     0.208064    -0.291826    0.0825915     0.124045   -0.0948629    0.0636901   -0.0136134     0.189542     0.102503     0.428893
   0.0142433    -0.323151    0.0953536     0.115099   -0.0570614     0.206077     0.295281     -0.10512   -0.0293137     0.111281    0.0174949     0.284053    -0.035613     0.138758      0.19876    -0.307425    -0.317658   -0.0210513   -0.0198933    -0.091418    -0.104209     0.019776      0.28226     -0.23266    -0.181267     -0.22106     0.208196     0.106872     0.212929     0.337455   -0.0850354    -0.215399
   -0.113498    -0.222628    -0.261266    -0.213463    -0.107987     0.326642     0.249421    -0.181166    -0.394414     0.199959    -0.175887    -0.131553    0.0205393     0.112171     0.161822    -0.102586    0.0202108   -0.0634725     0.388108    -0.179909    -0.222134    0.0502676     0.161877    -0.101123    -0.169152    0.0155814     0.152636     0.125496    -0.145231   -0.0103625    0.0482931     0.116588
   -0.134158      0.14372     0.158731     0.193671    0.0586591    0.0465238     -0.52518     0.281889    -0.153608    -0.349231     0.117184    -0.132963    -0.278233    -0.235202    0.0648021     -0.12514    -0.176822    -0.129873   -0.0118686   -0.0495097     0.174105     0.136851    0.0380424    -0.290811     0.342333    -0.108893     0.233165   -0.0886257    0.0524491     0.332764     0.199426  -0.00995829
    0.390401   -0.0670577    -0.102719    0.0191406    0.0425508    -0.278173     0.395294   -0.0793724    -0.278372    -0.175069    -0.068898   -0.0496247      -0.2687     0.285076    0.0266783    0.0809888    -0.184175    -0.364753   -0.0851901    -0.288015    0.0927913     0.187093  -0.00862049     0.440153   -0.0159362   -0.0277559     0.176966    -0.142458     0.325754     0.244923    -0.126975     0.123264
