   0.0233437
    0.463946
   -0.015505
     0.20151
    0.386665
   0.0728615
  -0.0978116
      0.1983
    0.108032
   -0.172864
   -0.206222
 -0.00178338
   -0.208193
  -0.0460062
   -0.221063
    0.127139
   -0.215084
   -0.280933
    0.410917
   -0.160467
   -0.129759
  -0.0112158
   -0.202307
    -0.03902
    0.123542
    0.414992
    0.330984
 -0.00898164
   0.0682235
    0.263219
   0.0293559
    0.179678
    0.157912
    0.262888
     -0.1204
    0.262028
  -0.0611558
   0.0597659
    0.178155
   0.0694823
  0.00967246
  -0.0966163
    0.169842
    0.039066
   0.0614648
   0.0510984
    0.292572
   0.0774063
     0.16064
    0.197961
  -0.0567553
   0.0480911
   0.0780599
    0.218186
   -0.168799
    0.191147
  -0.0819709
   -0.177029
    0.251109
   -0.215992
    0.223855
    -0.16966
    0.173086
   -0.150832
  -0.0832917
   0.0241608
   0.0166074
  -0.0883333
   0.0119536
  -0.0932727
   0.0522124
  -0.0385899
    0.205011
  -0.0993004
    0.263758
    0.123043
    0.242349
    0.128009
   0.0477086
  -0.0306658
   0.0583162
    0.275784
    0.187466
    0.152253
    0.103538
    0.336672
     0.16885
    0.148726
    0.110662
   0.0694979
    0.136328
   -0.262373
   0.0339086
  0.00435875
  -0.0285584
   0.0749435
   -0.103492
  -0.0182488
-0.000153771
    0.153699
   -0.377924
  -0.0579536
 -0.00646366
   0.0300254
   -0.190351
   -0.168484
    -0.11327
  -0.0543866
   -0.128456
    0.260297
  -0.0826316
   -0.282382
   -0.274231
    0.223972
    0.312144
    -0.10504
    0.039777
  -0.0335092
   -0.071729
   -0.165047
    0.130127
   0.0350683
   0.0418586
    0.405894
   -0.317305
    0.083497
   0.0391125
   -0.177391
