   0.604031   -0.138462    0.596456    0.211006    -0.28658   -0.141395    0.111565    0.521278   -0.354859   -0.090694    0.172654   0.0642487  -0.0523181   -0.271635  -0.0659646   -0.300277   -0.908712   -0.264681    -0.40214   -0.109907    -0.83588    0.593464     0.67178  -0.0744005   -0.588596   -0.234001    0.187262   -0.970607    0.317745    0.202083   -0.202667  -0.0708692
   0.119093  -0.0770486    0.331863    0.012471   -0.570067   -0.395656  -0.0943041   -0.972747     0.40111    0.133778    0.485937    0.455849    0.194101   0.0533095    0.756725    0.177893    0.845658    0.157732  -0.0504759  -0.0582464   -0.268561   -0.413453   -0.134738    -1.06709   -0.296001    0.422096   0.0784815    0.691604   -0.369431   -0.566354   0.0691517    0.634178
  -0.228218  -0.0557305   -0.685751    0.427197   -0.302741   -0.681189   -0.330792   -0.061356    0.775408    0.090795    0.500474     0.84389   -0.137989     0.43419   -0.468012    -0.11963   -0.400681    0.416992    0.823157   0.0649159    0.207984    -1.04176    0.270846   -0.509075     0.19502    0.476237   -0.482142   -0.958132     0.37579    0.202807   0.0394791   0.0965716
  -0.563741   -0.656949    -0.29699    0.438201  -0.0748606    0.130685    0.488501    0.738034   -0.275135   -0.777679   -0.406871   -0.322878   -0.387221    0.131264  -0.0275402    0.541088   -0.133368   -0.427117     0.33065   -0.630846    0.126424   -0.322964   -0.362886   -0.220062    0.561493  -0.0380386    0.642945    0.258904   -0.449191  -0.0320587   -0.521463    0.382149
  0.0374088 -0.00895488   0.0949988    0.125613    0.295296     0.33707     1.06562   -0.801877   0.0411443   -0.939971  -0.0580885   -0.713159   -0.373644    0.282662   -0.116545    0.495201   -0.106196   -0.119638    0.273842    -0.58479   -0.282813   -0.302077   -0.123899   -0.384076    0.202168    0.376397    0.437922    0.835704    0.236746   0.0652629    -0.20663    0.623766
  -0.306257    -0.26307   -0.297074   -0.416045   -0.308458    0.734462    0.215159 -0.00776513    0.333425  -0.0189461    0.396515    0.383163    -0.25621    0.216187    0.113332   -0.144164   -0.189348   -0.648081   -0.364374  -0.0495057    0.209887   -0.311332   -0.904277   -0.145891   -0.173856   0.0174308   0.0585837   -0.467793   -0.110809    0.256955    0.395801    0.624379
   0.169302   -0.147665   0.0428492   -0.114144    0.566794    0.308525    -0.14707     -0.5114   -0.347876    0.152238    0.338601   -0.608682   -0.118606  -0.0457149   -0.385659     0.27881    0.389936   0.0529759   -0.324542  -0.0957303   -0.177071   -0.262713    -0.54445   0.0389996     0.15123   -0.370988   -0.130065   0.0981124   0.0429377   -0.234965   -0.251213   -0.437654
   0.280943    0.794074   -0.413585   -0.259077   -0.303493   -0.401583   -0.775335     1.00072   -0.642569    0.483151  0.00316135   -0.517398   -0.351653    -0.67109   -0.457533   -0.436441   -0.243144   -0.210548    0.307358   -0.297536   0.0820665     1.43425   -0.316742     1.22781    -1.02389    0.195466    0.121344   -0.320371   -0.441261 -0.00224446 -0.00220452   -0.370005
    -0.4023   -0.212897   0.0918284    -0.11828   -0.263389    0.215693    0.223771    0.143953    0.338631    -0.22796  0.00654444    0.205167   0.0137397   -0.376962    0.209933    0.183084    0.333235    0.612194   -0.280765    0.398189   -0.266083   -0.488834    0.261067   -0.619589    0.438961    0.269068   -0.207981    -0.48108    0.133082    0.433964   0.0868006    -0.17463
  -0.293832    0.325564    -0.26097   -0.596847    0.119362  -0.0771991    0.731941   0.0850625   -0.554098  -0.0519967   -0.746611    -1.81431    0.823946   -0.887576  -0.0677819    0.245826   -0.272881    0.061994    0.351988    0.421314    -1.60468   0.0972172    0.840684   -0.186082   -0.204665 6.82632e-05    0.322893      0.7946   -0.640747    0.324442    0.926304    -0.35676
  -0.419702   -0.248881   -0.122599    0.282693    0.504788  -0.0727312    0.179398    0.702132   0.0903887    0.186746   -0.481099   -0.672255   -0.304568   -0.791901   -0.593571   0.0854098    -1.03486    0.626601   -0.272242   -0.359865    0.248547    0.348136     0.11175    0.653049   -0.164239  -0.0226483    0.731101   -0.518424   -0.433087  -0.0246885    0.470463   -0.366588
   0.782893   -0.474519     0.27368    0.927559    0.664301     1.10546   -0.226752   -0.493313    0.344088    -0.14268     1.12871   -0.665511   -0.695655   0.0892004    0.574345  -0.0546531    0.187456    0.263964    0.280828   0.0758711    -1.08553    -0.15319   -0.303165   -0.211643    0.199748    0.718597   -0.281826    0.495132    0.565155   0.0160482    -0.97891    0.328979
  -0.225741   -0.916968     1.10926   -0.105175   -0.460513   -0.630025   0.0991688   -0.156723    0.271557  -0.0319662    0.805662     0.19374    0.823873   0.0244529    0.402049    0.790176    0.382177    0.306217   -0.421702   -0.234531   -0.240912    0.215135   -0.620452    -0.64493    -0.93357      0.2611  -0.0463429   -0.233614     0.85666    0.270867    0.140141    0.259108
   0.300085     0.28374    0.363131    0.432667   0.0262289    0.104259    0.804803    0.172894    0.165465   -0.442265    0.271685    0.232616   -0.288711  -0.0188697    0.138322   -0.513227   -0.142999     0.04044    0.236988    0.593035   0.0366808   -0.198651    -0.15692   -0.425809    0.290003   -0.247363   -0.188474    0.403126    0.281357   0.0275654  0.00101851   0.0792845
 -0.0603107   -0.615109   -0.327632  -0.0609845   0.0715401   -0.297402   0.0123821   -0.157338   0.0467855   -0.571742   -0.134602    0.259826   -0.317671    0.462278    0.383517    0.292296    0.779462   -0.243076    0.602516   -0.179846     -0.1503    0.517092      0.1235    -0.15318    -0.46055  -0.0758345     0.49458    0.239333    0.365364    0.956353   -0.444282    0.182293
    0.39772    0.295445    0.608924      0.2311     1.07738 0.000861286    0.148077   -0.370307    -0.19934   -0.143318     1.17244   -0.860583   0.0647271   -0.510894    0.771124  -0.0852833  -0.0293435   -0.158399    0.204586   -0.258245    -1.49789   -0.314622  -0.0183944   -0.405108    0.303225    0.201241    0.090435    0.351807    0.250972    0.358227    0.652311    0.187024
  -0.512451   -0.383542    0.077656    0.477743    0.620813 -0.00359733    0.623327   0.0379475   -0.188175   -0.439041   0.0544484   -0.302847   -0.466128   -0.454203    0.272149     1.09435    0.784711    0.443365   0.0230796    -0.32895   -0.159765    0.881471   -0.499817    0.124055   -0.135396  -0.0566524    0.379943   -0.516945   -0.171823    0.160691   -0.567062    0.489942
  -0.327459   -0.332887     1.07466    0.248424     0.78763    0.776785   -0.168706    0.170588    0.105025   -0.665479     0.82896   0.0596154   -0.473967   -0.770166    0.398663     1.25992    -1.23401    0.696894    -0.34961    0.301595   -0.923941    -1.29769     -1.2331    -1.23593    0.210463   -0.545955     -1.2767   -0.383264    0.335219   -0.963303    -1.31599   -0.010462
 -0.0357444   -0.310127   0.0779446   -0.474942   -0.742165    0.608796  0.00503724     -0.1169   -0.124932    0.184156   -0.280829    0.429292    0.176481   0.0789645    0.183563  -0.0642721    0.295934   -0.541656    0.235408   -0.195948    0.092437   -0.587653    0.277737    0.255532   -0.318547    0.239897   -0.915444   -0.281488   -0.872934    0.356653    0.276716    0.147393
  -0.465576    0.523119    0.115522   -0.132974   -0.470686   -0.358393   0.0112778  -0.0425572   -0.219529   -0.299938    0.135126    0.374289  -0.0924036   -0.117806  -0.0913233    0.292273   -0.526798   -0.114978  -0.0643989  -0.0971205   -0.265568  -0.0378679   -0.879329  -0.0485743  -0.0540763    0.132853    0.167676  -0.0634769   -0.145028    0.309098   0.0428144    0.453315
  -0.334604   -0.859483     -0.2223    0.794662    -1.35185    0.244652   -0.124926     1.12922    0.506099    0.194254   -0.752133   0.0836373   -0.221778  -0.0735171   -0.424328    0.215796   -0.402193   -0.135568   -0.238642   -0.578871     1.17668    0.398016   -0.361032    0.576144   -0.843462   -0.166998   -0.108387    -1.11747    0.337092   -0.857154   -0.315472    0.959218
   0.564688     0.72583   -0.610392   -0.507722   0.0687305   -0.214902    0.217062    0.174412    0.449207   -0.609417    0.261427   -0.568844   -0.261048   -0.575949   -0.473858   -0.377566    0.131245    0.189359     0.16753    0.178072   -0.699813   -0.298908     0.78717   -0.262414    0.850106     0.55549    0.890448    0.501206  -0.0589434     1.04867    0.317233    0.222662
   0.188733  -0.0831549   -0.261197   -0.700355    0.201136    0.880515   0.0304843   0.0121075    0.233002   -0.343527  0.00820042    0.127878    0.675713   0.0133782     0.30316    0.593251  -0.0799298   -0.218522   -0.400284    0.680329    -0.19097   -0.535935    0.526129   -0.322521  -0.0341492   -0.152827   -0.675072     0.42236    -0.27268   -0.219129    0.684356   -0.148743
  -0.361696    0.560332    -0.10281   -0.352444     0.44123    0.515363    0.369475    0.554513    0.136203   -0.210561   -0.775774  -0.0927764    0.491647    -1.14415   -0.975333     0.36197    0.270684   -0.367731    0.424839    0.859616     0.37818  -0.0631812    0.132701    0.507421  -0.0491691  -0.0542823    0.526854    0.743573   -0.932831    0.956995    0.361356    0.540468
    0.39726   -0.450698    0.595912    -0.89616     0.50005    0.136075   -0.100476   -0.720262   0.0697213     -0.4754    0.470306    0.718641    0.623911   -0.351188   -0.224998    0.778844    0.230266   -0.130051    0.267469   -0.167958    0.215333   -0.103772    0.389753   -0.298469   -0.252458   -0.423038    0.625124      0.2898     0.30052    0.491658   0.0628161    0.183995
   0.348777   -0.174413    0.225961   -0.209234   -0.411496     1.26619    0.460139   -0.585076      1.0274   -0.601191    0.865634  -0.0391235   -0.128284   -0.676793     0.75631    0.168014   0.0854989    0.634276     0.23801   -0.295329   -0.777732 -0.00647083   -0.258413    -1.26313     0.10926    0.727594   -0.637156    0.609773    0.860274  -0.0831309    -1.27882    0.439818
  -0.684641   0.0488463   -0.108847    0.859323    -1.09502   -0.174161   -0.589874   -0.901925    0.193958   -0.220999    0.317702    0.104776   -0.219039   -0.239133    0.982969    0.811446  -0.0798647  -0.0674037    0.274809     0.23497   -0.370702   -0.205573   -0.699173    0.372048   0.0200238   -0.429673    0.489601   -0.108438     1.05184   -0.646849   0.0876225 -0.00883083
  -0.354511   -0.819878   -0.106573    0.334375   -0.265048    0.398596    0.472986   -0.585651    0.688018     0.77601    0.283681   0.0501843   -0.426877   -0.149281    0.592628    0.050804  -0.0188365    0.728769  -0.0840039   -0.615941   -0.124148    0.979752   -0.180297    0.166074   -0.969315    0.301798    0.451987    0.165421   -0.319455   -0.273235   -0.604222   0.0671288
   0.017557    0.129048    0.139373   -0.237962   -0.720651    0.920214   -0.202074    0.568259   -0.260182   0.0941347   -0.449033    0.404889    0.407999  -0.0458104   -0.354816   0.0220313    0.118616   -0.192886   -0.494831    0.933106    0.334525   -0.292922   -0.394748    0.335027   -0.208878   -0.146754   -0.994012    -0.37164    -0.88976   -0.213822    0.472325   -0.392912
  -0.181427   -0.671104   -0.628055   -0.306627   -0.188168    0.432325    0.565432   -0.416904    0.017645   -0.673979  -0.0631521    0.122084    0.309715   -0.541664    0.491953    0.182661     0.36165    0.110154    0.592066    0.716336    0.206085   -0.144747    0.267471   -0.747454   -0.391227   -0.117951   0.0552365    0.667542    0.115915    0.261563   -0.242219      0.2857
  -0.801121    0.123515   -0.474524    0.507119    0.572972   0.0237574     0.52011    0.696151   -0.516956    0.107879   -0.416472   -0.827159    0.170533   -0.299128    0.187977    0.739522   -0.539696     0.83943   -0.534325   -0.309597     -1.0657   -0.148955    -1.15328    0.181397    -1.11017    -0.88404   -0.188107   -0.443003    -0.70823   -0.130408   -0.387463   0.0173498
  -0.721689   -0.063701    0.453899    0.718648   -0.545328    0.302932   -0.175835   -0.795473    0.602529   -0.196346    0.517984    0.222228     -0.3183   -0.358276    0.182792    0.479936    0.709205   -0.116622  -0.0947322    0.477123   -0.659672   -0.466835   0.0125026   -0.321017  -0.0239299    0.609413   -0.560795   0.0943642    0.924076    0.420821    -1.26584    0.739305
