  -0.465781  0.00719183    0.766626   -0.499571   -0.150144    0.215943     0.25861   0.0579414   -0.285101   -0.303316    -0.19412   -0.677125     0.32083   -0.189474  0.00455269   -0.275818    0.604602    0.148063    0.274266   -0.453408   -0.195025    0.384965   -0.258545   -0.179787   -0.127445   -0.338119   -0.206507     0.71186    0.169611   -0.181459   -0.408407   0.0336275
   -0.45114  -0.0694273  -0.0913492   -0.449049   -0.211306   -0.694322  -0.0876928   -0.652066    0.697639   0.0452797   -0.571253   -0.928079   -0.431229   -0.282918   -0.363489    0.436327    0.173002   0.0910918   -0.814716    0.218129   -0.155852     0.28622   -0.114187    0.117935  -0.0494126   -0.344773    0.390481   -0.640606   -0.214968  -0.0281407   -0.316605   -0.395044
    0.39517    0.177315    0.730519  -0.0285584  -0.0784366    0.205086   0.0825978   -0.463217 0.000528297    0.125443    0.226079    -0.45597   -0.493153   -0.236224   -0.314778   0.0957299   0.0549136  -0.0905808   -0.338862   -0.323615    0.099874    0.146321   -0.998392   -0.562986    0.101932   -0.030139    0.154543     0.44166   -0.273414   -0.111856    0.376646   -0.437202
  -0.232926    0.479378    0.354357   -0.585153    0.297208   -0.645677  -0.0240021   -0.225386  -0.0401519   -0.532283   -0.235957  -0.0979875   -0.438962    0.332084   -0.248592     0.42022   -0.279292   -0.322442   0.0961804  -0.0386793   0.0664961   0.0849412   -0.155559    0.230121    0.208362   -0.121007   -0.874571   -0.407156    0.206533    0.174322    0.523079   0.0907987
    0.24147   -0.665761     0.26571    0.168327   -0.104494    0.134743    0.196132   0.0293632    0.640222   0.0349855   -0.481918    -1.11865    0.262135   -0.515412   0.0484923   -0.300857    0.206278    0.858477  -0.0597881    0.140241    0.446948   -0.198769    -1.20563    0.270265  -0.0421622   -0.283445   -0.817084    0.572566   -0.168152   -0.649797   -0.297454   -0.628945
  0.0994435   -0.342955    0.182217   -0.103327    -0.33121    0.316692   0.0938892  -0.0997111   -0.171946    0.422089   -0.317623    -0.88633    0.293795    -0.44396   -0.111063    0.298826   -0.155612    0.316734    0.490894   -0.155128 -0.00847758    0.446489   -0.330939  -0.0265482   -0.558054   -0.296466    0.093058  -0.0270857    0.218763    0.295684    0.133098   -0.490531
  -0.280395   0.0554782   -0.296247   0.0512904    0.266659    0.395455   -0.101955   0.0552131   -0.674159   0.0332699    0.468629    0.791793    0.600963    0.191751     0.41161   -0.781879    -0.63792    0.501223    0.475533    0.500322   -0.214464   0.0907809    0.227454    0.059304    0.094052    0.627536   -0.401422   -0.130269    0.223366    0.494329     0.69672    0.230593
   0.316663   -0.853658   -0.702073  -0.0438609   0.0158653   -0.287895    0.119094     -1.1657   -0.188654    0.523722    -0.83761    -1.29844   0.0943745    -0.25896   -0.270558    -0.21649   -0.307664     1.31337   0.0718141    0.402227    0.402197  -0.0401464   -0.365487  -0.0548566  -0.0189709   -0.120127    0.170598    0.175773    0.445255   -0.378301    0.545079   -0.152237
   -0.81123    0.274119    0.150716    -0.30168   0.0591133   -0.939785   -0.957112   -0.138333    0.219101   -0.347376  -0.0241044    0.293392  -0.0689852    0.409853   0.0363038   -0.344309   -0.377467    0.823618   -0.319745    0.192791   -0.108878   -0.344279    0.647215    0.896796   -0.107879   0.0606152    0.118807   -0.216016  0.00601734   -0.608605    0.550158    0.716222
   0.245645    -0.30797     0.22767   -0.537733    0.113119   -0.143848    0.309528    0.273856   0.0589214   -0.156936  -0.0833707   -0.351499   -0.168342    -0.10508    0.299292    0.549083   -0.233019    0.616444  -0.0954574   -0.108292    0.605701   0.0154559   -0.119165  0.00721817   -0.947037    0.359696   -0.101966  -0.0179661  -0.0222681    -0.16867   0.0611256    -1.24377
   0.441513   -0.116156   0.0794774   -0.290436    0.114205    0.143703    0.322144   -0.387759   -0.526721    0.426692    0.597638    0.007707    0.406319   -0.103704    0.209609    -0.85635    0.469719    0.323014  -0.0743504    0.115782    0.249443     0.63021   -0.507358   -0.830091   -0.263543    0.526759    0.607732    0.803068   -0.262354   -0.604178    0.454969    0.134416
   0.250771    0.503071    0.214863    0.497591    0.148868   -0.318194   0.0580593   -0.687537   -0.560951    0.529691    -0.30393   0.0223978    0.123399   -0.828848   -0.115761    0.208635  -0.0136657   0.0065547    0.395453    0.457557  -0.0981148    0.379187   -0.210982    -0.26933  -0.0843802   0.0983219   0.0601778    0.402996     1.20302   -0.235273    0.581541   -0.552037
   -0.62689   -0.102678    0.381464     0.59103    0.444696    0.234343   -0.208118      -0.142    0.220117  -0.0297206   -0.249056    0.533754   -0.238699  -0.0547413     0.20962    0.806631    0.210342  -0.0811438    0.193517   -0.160275    0.128318    0.509077   -0.155675    0.298028    -1.02141   0.0817837    0.185823  -0.0496011    0.477151   -0.545859    0.631055   -0.548667
  -0.493258     1.04553    0.602404  -0.0853821   -0.405071     0.23882   -0.174179   -0.122945   -0.452747   -0.466044   -0.733445    0.345149   -0.558194    0.303674   -0.305999   -0.569158   -0.203142   -0.554921    0.104237   0.0371636    -0.29947    0.312422    0.482147    0.334407    0.128454   -0.987508  -0.0916492   -0.150427    0.522071    0.114401   -0.615621    0.554009
  -0.734121    0.287653   -0.368864   -0.459081   -0.428624    0.253957     -1.2541   -0.466885    0.120912   -0.649886   -0.795857    0.208178    0.115052     0.92146     0.73536    0.646529   -0.690151 -0.00733731   -0.211007    0.334621    0.288858    0.280633    0.849373    0.590632    0.146682   -0.783812    0.130969   -0.765868    0.261662    -1.65988    0.041341    0.432406
   0.819715  -0.0144977   -0.972429    -0.49682    -1.11948    0.305267    0.590343   -0.012292    0.156096     1.33102   -0.131778   -0.599448   -0.251045   -0.183848    0.412354    0.275563    0.812593   -0.350404   -0.456605   -0.142655   -0.186504    0.320193   -0.804245   -0.800104   -0.150794   -0.183825    0.924365     0.18013   -0.231977   -0.246626    -0.40927   -0.602876
  -0.102512   -0.110501    -0.22754   -0.491707     0.35852   -0.170643   -0.430408   -0.583392   -0.617708     0.39111    0.225554    0.339631   -0.590988   0.0212721   0.0393897    0.109174     0.33929   -0.314743   -0.203345   0.0859023    0.560526    0.186912   -0.127883   -0.556215   -0.382794    0.286944    0.393312    0.114534    -0.58566   -0.713403    0.399284   -0.516303
  -0.613628    0.169458    0.624327   0.0830673   -0.253804   -0.250827    0.352594   -0.596943   -0.421554    0.111104   -0.682256   -0.344085    0.318026    -0.90008   0.0335191   -0.131532    0.116985     0.90054   -0.269814    0.131003    0.140646    0.432692   0.0200467    0.704031   -0.494118    0.156136    0.592921    0.230424     1.32884    0.486271  -0.0602146   -0.403355
  0.0345042     0.12383   -0.274188   -0.474773    0.109544    0.529078    0.355095  -0.0200305     -0.4355     0.31707   -0.359861   0.0837608    -0.56498    0.633158   -0.310771   -0.109784  -0.0235865   -0.393395    0.164265    0.172527   -0.237889    0.396291    0.865947   -0.178007   -0.225222   -0.636063    0.231829   -0.451023    0.255534    0.286039   -0.336638   0.0976505
  -0.192627    0.253015   0.0518557   0.0251838    0.135411    0.423625    0.364512   -0.624998   -0.344405    0.693165    -0.19758   -0.293768    0.188466   -0.569306  0.00120447    -0.47507    0.797214   0.0404638     0.30616     0.67094   -0.240867    0.668193    -0.50349   -0.467583  -0.0955503    0.337141   -0.119846    0.301777   0.0196996   -0.864878    0.643791    -0.21838
  -0.292645    0.276066   -0.492255   -0.291038   0.0363561  -0.0771281   -0.121183    0.325039   -0.249825   -0.133321    0.168184     0.84475 -0.00211426    0.513591   -0.241398   -0.319908    0.379385   -0.788027    0.107475   0.0252259   -0.294488  -0.0604579    0.103167  -0.0371672  -0.0351838   -0.359021   -0.027482 -0.00483438   -0.202307   -0.578847   -0.547752    -0.15497
  -0.167471   -0.101571     0.22669     0.51306   -0.257973    0.886291   -0.142672    0.340686   -0.188042   0.0223282    0.181342   -0.349697    0.467814   -0.941061    0.333595    0.134075   -0.282225   -0.195483    0.550787   -0.223942    0.220422    0.245987    0.288399    0.316971    0.571396   -0.711235   -0.141107   -0.220153    0.294919    0.229593  0.00644335    0.298813
  -0.160642    0.324163   -0.289859    0.204281     0.26934    0.351657    0.388249    0.228072  -0.0383505     0.66559    0.313113    0.761469   0.0880006    0.602002   -0.149721   -0.198158    -0.18107    -0.16841   0.0336197    0.144013   -0.579188    0.176235    0.127188  -0.0145368  -0.0202655    0.391881   -0.380882    -0.15276    0.170982    0.172733     0.29112   0.0103263
  -0.393466    0.090521   0.0800326   -0.715482  -0.0255832   -0.140964    0.435659   -0.363605    0.184106   -0.130914   -0.205363   -0.141012    0.319419    0.387973 0.000953534   -0.727183    0.416115    0.272463   -0.104912   -0.297624    0.898906   -0.111156    0.557558     0.41332   0.0693448    0.351608   0.0325746  -0.0675043     0.16458   -0.633807  -0.0926678    0.284058
  -0.286528   -0.369953   -0.835838    0.529957    0.477683    0.966434    0.707299    0.288415   -0.686956    0.482656    0.171544    0.410854   -0.975259    0.174734   -0.682707    0.310758     0.94406   -0.814795    0.259111   -0.693245    0.679135    0.401625   -0.415124   -0.916821   -0.170798   -0.504444   -0.103323   0.0934078  -0.0203308   -0.647532    0.350205    -1.08973
   0.199876  -0.0262664    -0.25395   -0.395678   -0.123322   -0.216534   -0.222871    -0.15854   -0.111263   -0.348825    -0.33906   -0.739267    0.405359   0.0551962    0.493555   -0.446409   -0.410344    0.113608   -0.134067  -0.0600604    0.465203   -0.421217    0.808626    0.747323    0.387658   -0.288033     0.58206   -0.354917    0.524506   0.0819556   -0.840946     1.24566
  -0.184783   -0.746214    -1.21306   -0.242451    0.322074   -0.530759    0.136641  -0.0961129      0.2822    0.188082    0.115564   -0.198448  0.00680618     0.05173   -0.178363   -0.143555   0.0112538    0.652204    0.337415  -0.0995087    0.627226  -0.0623237   -0.223497    0.247404   -0.191385   0.0773663   -0.337996   -0.460496   -0.209427   -0.601268    0.781865   -0.213484
  -0.499455    0.365506    0.395365     0.29882   -0.047589   -0.520199  -0.0641571   0.0408915    0.124074   0.0383396   -0.217734   -0.682146    0.290807   -0.221937    0.103887    0.664439   0.0103836   -0.319371 -0.00742047   -0.393142 -0.00560466    0.258558    0.314479    0.312403  -0.0562965   0.0396829 -0.00620839   -0.376459     0.57975   -0.076651  0.00986366   -0.709074
   0.266892   -0.290562  -0.0087111   -0.248857   -0.127874   -0.542818  -0.0926857   -0.181661   0.0793116    0.147668   -0.101777    0.265861    0.109767   -0.313986    0.103721    0.340938    0.697876   -0.275058    0.436945    0.306121    0.272974    0.130135    0.185272   -0.559981   -0.675307    0.192407    0.598187  -0.0186799   -0.188615  -0.0800975   0.0662439   -0.530826
   0.241535   -0.114283  -0.0845228   -0.217843    0.520509   -0.226688    0.386771     0.25958   -0.244937   -0.110454    0.523129  -0.0834379    0.161078   -0.244205   -0.164518    0.392989    0.612082   -0.208006   -0.361341   -0.560932    0.172545   -0.113259   -0.767033   -0.249955   -0.647959    0.388206    0.455736    0.573202   -0.366019   -0.338967    0.265799    -0.80142
   0.409402    -0.61829   0.0128651   -0.210798   -0.116069    0.155169   0.0821536    0.194519    0.062936    0.126388    0.142345    0.195244     1.12708   0.0751345  0.00909814   -0.719744    0.136332     0.51527    0.374214    0.346907   -0.104152  -0.0764886   0.0316257   -0.155344   0.0312723    0.239429   -0.208181    0.315603     0.11939   -0.114721   -0.369059   -0.320539
  -0.613391    0.331755    0.698526   -0.150042     0.33558   0.0433091   -0.348733   -0.265092  -0.0877535    0.360229     0.30203    0.181273   -0.817155   0.0934351  0.00952475    0.177945    0.200524   0.0936981  -0.0611306   -0.317132    0.397037    0.686156    0.228537   -0.115075   -0.466205    0.344113   0.0123846  -0.0748685    0.308752   -0.421143     0.46034    -0.54299
