    0.201302      1.07818    -0.332537    0.0486644      1.06205     0.569775    -0.261864    -0.393561     0.218154     0.204543     0.550489     0.133746     0.024886     0.129146     0.454967     -0.54604     0.183054     0.357144    -0.220405     0.532513    -0.122894     0.106166   -0.0651999   -0.0176532     0.238293    -0.135311     0.161893    -0.163282    -0.225613     0.757991     0.482988     0.111059
    0.618438     0.487238     -0.76812    -0.410681      1.47384     0.967367    0.0137044      1.26571    -0.495179     0.218384      0.40612     0.137627     0.391627    -0.101995    -0.653305    -0.725159    -0.960975   -0.0982452    -0.424176     0.773927   -0.0450818      1.47923     0.987927      1.32073    -0.228525    0.0987698   -0.0971826    -0.111553     -1.03187     0.769835      1.27361    -0.243584
    0.169023     -1.31293   -0.0295921    -0.289169     -1.36659    -0.532138  -0.00221641     -2.49604    -0.158781   -0.0264151    -0.463514    -0.460936    -0.730967    -0.360111      1.18345     0.306634       1.5471    -0.748188    -0.327409    -0.125514   -0.0424124    -0.396359     0.442115     -1.91561    -0.395287     0.749221     0.349216     0.990861     0.876479     -1.00755    -0.197352     0.384273
  -0.0420257   -0.0220529    -0.613116    -0.142963   -0.0652154     0.057287   0.00747472    -0.157281    -0.297144    0.0789744    0.0971311    0.0701062    0.0814566     0.125602    -0.249752     0.227902    -0.142711     0.528015    -0.418883     0.121899   -0.0847713     0.355709    -0.285618   0.00836528    -0.162166     0.166365    0.0582841     0.583742      -0.2347    -0.381542    -0.119477    -0.439587
    0.393129    -0.168631    -0.360785    -0.073164    0.0976489    0.0795427     0.263429     0.260029    -0.150337     0.452164    -0.216891     0.344597     0.078322    -0.294037    0.0307259     0.336704    0.0310335    -0.251706     0.260887   -0.0164791     0.132257  0.000797646   -0.0446232     0.152268   -0.0168716     0.230414     0.178221    -0.211052    0.0214164     0.130626    0.0615403    -0.101793
    0.379127     -0.51998    -0.489522     0.380186    -0.164036     -1.25716       -1.089     0.138756   -0.0452081     0.941187    0.0386002     0.406144     -1.20564    -0.538674     0.223044  -0.00868863    -0.427424    -0.221683   -0.0335758     -1.26695     0.334459      1.20674    0.0929417     0.135382    -0.681467     0.335933    -0.262331        0.434    -0.385482     0.125231    -0.300617     0.361117
   -0.304281     0.875478    0.0100044     0.164698     0.567194     0.673831       0.5266     -0.20907     0.341767     -1.39219    -0.090276    -0.393246     0.601589     -1.03067    -0.385694    -0.104392     0.813309      1.06038     0.627988     0.154871       -1.167      0.75014     0.692959    -0.597081     -1.19074    -0.202218     0.148203     0.940754    -0.508352     0.627678     -1.40537     0.556848
   -0.725653     -1.19871    -0.495079     0.290921     -1.73911   -0.0975798     0.539348     0.295846     0.510681     0.131348    -0.096556      0.25926    -0.174008     0.331202    0.0965259     0.137875    -0.232464     -0.42635    -0.622995     0.624969      1.45578     0.458036    -0.275073     0.809514     -0.69913     0.036364    -0.369955     -1.01664    -0.290753    -0.621455     0.921415    -0.654935
    0.213735        1.168    -0.802935     0.573168     0.771505   -0.0555412     0.312062     -0.55176    -0.549461   -0.0355658     0.739127     0.366724     0.618169    -0.192276    0.0825698     0.172544      1.27988      1.46673     0.068371     0.459109    -0.411398       0.4272     -1.59688    -0.421346     0.194751    -0.226465     -0.32452     0.581722    -0.649417     -0.19019     -0.98607    -0.724599
   -0.362361    -0.133407   -0.0279615     0.948847    -0.764426     0.454126    -0.881714     0.761441  -0.00657276      1.68444     -1.37289    -0.112636      1.05854   -0.0348724     0.128936    -0.831896     0.346954    -0.443277     0.192925    -0.564238     0.255605    -0.459427    -0.357134     0.481091     0.523898     0.430557    -0.350054     -1.33671    -0.127037     -1.20984      1.89908    -0.236978
     0.27081     0.198136     -0.15487    0.0176689     0.240485    -0.120066    -0.168556    0.0797261     0.620857   -0.0320073    -0.265881     0.144915    -0.434097    -0.155746     0.398337     0.109065  -0.00961324     0.789343     0.194652     0.501774    -0.436692     0.209841   -0.0689947    -0.587266     0.187848      0.50306    0.0151535   0.00423807   -0.0596424      0.19635    -0.242133     0.623553
   0.0489356     0.214503    -0.204663     0.205649     0.807344   -0.0241694    0.0753105    -0.396242    0.0787534    -0.454068     0.480739     0.383897     -1.27017     0.172264     0.586873    -0.438223     0.682521   -0.0518065    0.0473325   -0.0625351    -0.270755     0.682898     0.177809    -0.992195   -0.0877806     0.704884   -0.0742439    -0.376552    0.0348132     0.736346    -0.529589     0.493833
    0.390539     0.815365    -0.144826    -0.540977      0.68413     0.102094    -0.178502     0.883021    -0.261658    -0.206971     0.412636    -0.711538   0.00347571     -1.26425    -0.694884    -0.946644     -1.20245     0.608757    -0.141062     0.520464    -0.516951      1.40399      1.31048      1.40931     -0.59221     0.960914    -0.257832    -0.260156     -1.14196      0.16336     0.275582     0.474488
    -0.22409    0.0114431    -0.182292     0.403814    -0.208495     0.532737    -0.248284    -0.359281 -0.000550769     0.230532    -0.284877    0.0297838    -0.365457     0.178394    -0.470243     0.233441    -0.110232    -0.411186    -0.475646     0.871822     0.251677    -0.260801    -0.218597     -0.17516     0.568299      0.32765    0.0377722    -0.128861     -0.30016    -0.298014     -1.00664    -0.103754
    0.132699     0.488292    -0.538364    -0.703139       1.6738    -0.629446      1.11389    -0.828586    -0.873923     -1.22866     0.359984     -1.63089    -0.357706    -0.022788    -0.547634    -0.188194    -0.565726   -0.0157865      1.16838    -0.126711     -1.01397    -0.288538     -0.45205     -0.13397   -0.0928792    -0.451814        1.508       1.2584    -0.713867     0.603736      1.05515    -0.237878
 -0.00246589    -0.905767     0.202536   -0.0201185    -0.510416    -0.514036     0.638163    -0.230288     0.374011      -1.3195    -0.537632    -0.260911    -0.170892     0.374736      0.70478      1.39658     0.692563      0.12387     0.526048    -0.456243     0.357212    -0.713573    -0.151498     -1.27227     0.469807     -0.19079     0.161434      1.15609      1.03138     0.444203     -1.04127      1.15807
    0.893067     0.937435     0.123546    -0.135392       1.6042     0.219677   -0.0764031    -0.191977    -0.371418     -1.58566    -0.819559    -0.227984     0.164815    -0.841745     0.656658     0.287613    -0.478632     0.905514      1.33702     0.741501     -1.02997    -0.243477      1.17713    -0.851698     0.638044     0.928674     0.592557      1.37813    -0.372465     0.455605    -0.346992    -0.123388
    0.113182     0.922575     -1.35099     -1.04414     0.392043    -0.277513     0.133526      1.00311    0.0830622    -0.640483     -0.47072     0.453166     0.733838    -0.105752    -0.229387     0.109214     0.244282     0.229743    -0.525478     0.875924     0.231187     0.677991     0.302679     0.834787     -0.46363      0.15538     0.313282    -0.166604     -1.23742     0.365667      0.47587    0.0390361
   -0.737761      1.50408   -0.0580388     -0.35069     0.507591    -0.126683    0.0937673     0.777355    -0.372984    -0.228136    0.0967325    -0.105942      1.39169    -0.194998     0.190311    -0.741168    -0.712507    -0.317966      2.27702    -0.508995     -1.29007    0.0788432     0.459649      1.40208    -0.920071     -1.09832     0.279083    -0.802039      -1.2113      1.21395      0.64705    -0.104887
   -0.691454     -0.35449     0.119006     0.440369   -0.0991256   -0.0370286     0.135669     0.418497     -0.74099     0.486109     0.348541     0.277972    -0.491536    -0.765876     0.541228    -0.670112     0.162245     -1.00824    -0.244458      -0.1107     0.176162     0.131277   -0.0152125     0.146385    -0.389476     0.810462    -0.292087    -0.783556     0.489111    -0.743207    -0.615896     0.594448
   -0.449457    -0.403989    -0.169177    0.0649944    -0.957246     0.421222     0.125162   -0.0464235     0.274719     0.163897   -0.0855934      0.67293    -0.107411     0.118221     0.296933     0.476684     0.033994     0.374555    -0.184858   -0.0248571     0.685156    -0.179251    -0.162825     0.304383   -0.0955511    -0.101547     -0.63491    -0.451902    0.0516614    -0.440558  -0.00518086    -0.457699
    0.367089     0.343405    -0.188308    0.0242351   -0.0522009     0.757475    -0.330177     0.907745    -0.093043     0.952526    -0.106157      0.57468     0.739956    -0.189421    -0.748531     -1.46666    -0.365379     0.566689    -0.757015     0.605926     0.423249     0.736083     0.111595       1.0411    -0.626684    -0.606782    -0.947559     -1.08486     -1.29277    0.0499481     0.386901    -0.566265
       0.176     0.271203     0.259251     0.554993    -0.198666   -0.0306625     0.182296    0.0146313    0.0227944    -0.174972   0.00356105     0.367569    -0.118199    -0.445417     0.645262    -0.499862   -0.0331417    -0.247754    0.0559134   -0.0791845    -0.443753     0.474741    -0.136471  -0.00707774    -0.239706     0.737811    -0.366934    -0.112682    -0.385548    -0.235287    -0.196143     0.306149
   -0.496872      -1.6485     0.347592     -0.11887     -1.30888     0.111465    -0.480986      1.12202      1.01263      1.12261    -0.275627     0.895221  -0.00569365    -0.124817    -0.307112     0.192166    -0.507805    -0.719161    -0.609162    -0.473742      1.57426     0.690588    0.0632273     0.169821    -0.682079      0.66686   -0.0714999     -1.50657    -0.544901   -0.0763943     0.581633     0.576617
    0.540591      1.02126    -0.233892    -0.514893      1.29559    -0.203466      0.60372    -0.584173     -0.45309       0.1883     0.191157    -0.658714    -0.416195   0.00791465    -0.212165     0.403081     0.659316    -0.342646     0.448877     0.595053    -0.636133     -0.11374     0.339613    -0.705684     0.544734     0.483452     0.135099     0.773334     -0.36669     0.544836    -0.574997     0.153744
    0.634699     0.193372    -0.251198     0.685377     0.359399     0.281285    -0.195459    -0.181079      1.21361    -0.734151     0.505781     0.390651    -0.125127    -0.127765     0.484096     0.972172     0.250383     0.918585    -0.315977    -0.559856    -0.201953     -0.23739  -0.00671922    0.0137294     0.855852    -0.386912     -1.11249     0.210202     0.449362      1.43666      0.12077     0.340874
    0.187707    -0.171731     0.116402     0.100403     0.232404   -0.0311034     -0.34296    -0.116222   -0.0660722    -0.217909    -0.266021     0.321302    0.0810748     0.353392    -0.808796    0.0567187    0.0430291    -0.515456     0.111577    -0.406347     0.419276    -0.350518     0.127491     0.292857     -0.19187    -0.746361    -0.157293    -0.112659    0.0350973     0.562689     0.361895    -0.109282
   0.0837835     0.749129     0.179934    -0.219177     0.508347   -0.0162302      0.12221      1.00215    -0.325549    -0.259083    -0.236193    -0.505428    -0.247846    -0.599526   -0.0740618    -0.391584    -0.763571    -0.413062     0.478242     0.674402    -0.191649     0.827004     0.772574     0.638191    -0.227106     0.106248     0.487942    -0.072458    -0.567266      1.01193     -0.44879      0.69253
    0.853585     0.675526    -0.114767    -0.733664     0.384849    -0.582571      1.17514     -1.37587     0.588926    -0.895058   -0.0921871    0.0530362     0.244652     0.436286     0.333628      1.02078     0.990031     0.206713     0.476907    -0.398285     -1.09381     -1.01314      0.49199     -1.89471     0.815121     0.659561     0.564671       2.1347     -0.40497      0.16981    -0.495469      0.35763
     1.95732     0.441146    -0.261138    -0.368605     0.602549    -0.173123    -0.230726  -0.00805948    -0.271437    -0.231955     0.581684    -0.218034    -0.429528    -0.190114    -0.328425    -0.106754     0.103307    0.0545034     0.576433    -0.321635    -0.518694      1.16006      1.05728    -0.181363    -0.727136      2.00645     0.810204     0.245003     0.266543     0.429096    -0.607436     0.342992
   -0.913137    -0.787291    -0.832321      1.03614    -0.367199    -0.135879    0.0385557      1.05491     0.250664     0.474568    -0.487388    -0.317547    -0.142344   -0.0903849   -0.0980642   -0.0607726     -1.04744    -0.260304     0.230767    -0.704786      1.02345     0.194359    -0.352333      1.21573    -0.169875    -0.354852     -0.74373    -0.999116    -0.105802    -0.054328     0.377444     0.525252
   -0.259777     0.684153    -0.161641    -0.452804      1.13743    -0.529456    -0.696717    -0.422343     0.150152     -0.36527     0.125909      1.53874     0.258132     0.481328     0.647117     0.436837     0.408216     0.805872     0.623416    -0.148607    -0.235027    -0.122129    -0.319304    -0.383595     0.565955    -0.230087     0.362236    -0.371627    -0.973795    -0.168684    -0.948851     -0.39986
