   2.81678
  0.598041
   2.67599
   2.99792
  0.641367
   2.73951
   1.41155
   1.14352
   2.33152
  0.535711
  0.482531
  -1.47713
  0.119309
    1.0771
-0.0733447
 -0.518743
  0.602368
 -0.683493
 -0.395438
 -0.571556
 -0.523306
  -0.33225
 -0.396677
   0.60614
 -0.537412
-0.0563735
-0.0515988
  0.157439
     0.998
  0.311038
 -0.654404
 -0.237028
 -0.682695
 -0.531174
 -0.194612
-0.0654648
 -0.431277
 -0.316966
 -0.137643
  0.122033
 -0.575669
   -0.1003
 -0.317896
 -0.309317
 -0.487166
    -0.187
 -0.354597
 -0.436141
  0.207487
 -0.451909
 -0.174087
  -0.46076
 -0.339046
 -0.194565
 -0.458181
 -0.261952
 -0.163785
 -0.299032
 -0.296928
 -0.506132
 -0.502921
  -0.32485
 -0.454529
 -0.647145
 -0.170694
  -0.41867
 -0.579037
 -0.533217
 -0.572709
 -0.466132
  -0.18761
 -0.554037
 -0.517301
 -0.442402
 -0.469247
 -0.576916
 -0.537729
 -0.526082
 -0.374971
  -0.53585
 -0.612654
 -0.495705
 -0.608232
 -0.504683
 -0.554988
  -0.60047
 -0.521284
 -0.518783
 -0.536789
 -0.647291
  -0.69975
 -0.622624
 -0.359655
