 0.0994087
  -0.92978
   -1.3804
  -1.00974
  -1.21471
  0.885071
  -1.24431
   3.61202
 -0.746568
  -1.27729
 -0.595642
 -0.882946
 -0.301552
 -0.217363
  -1.23687
 0.0520255
 -0.777224
 -0.345516
   -1.0269
   0.98934
   4.37028
  -0.85771
  -2.40116
 -0.106313
 -0.585449
 -0.818075
 -0.312404
  -1.49569
  -2.00399
 -0.414573
  -0.80378
 -0.956015
 -0.885892
  -0.72532
 -0.290858
  -1.25704
  -1.09481
  0.609275
 -0.375178
 -0.516479
 -0.105427
  -1.36042
 -0.105525
   2.54351
 -0.744364
 -0.316928
   0.88766
 -0.683348
 -0.639327
   2.51545
 -0.896494
 -0.952242
 -0.110303
 -0.933988
  0.345824
 -0.706301
  -1.37394
 -0.809308
  -1.25683
 -0.758837
-0.0439256
  -1.32875
  -1.65124
 -0.836286
  -1.07502
   1.56663
  -0.40824
 0.0417989
 -0.167345
 -0.808859
  -0.94721
  -1.17541
 -0.660764
   -1.8973
  -1.41733
 -0.492007
   0.61223
    1.1585
 -0.773198
 -0.605982
   1.79897
  -1.15727
-0.0320976
  0.306973
   2.56738
 -0.829354
  0.409155
  -1.01178
 0.0766568
  0.288788
 -0.630157
-0.0574334
  0.826086
  -1.40013
   1.50621
  -0.61414
  -1.39306
 -0.775676
 -0.716576
  -0.55961
   0.18004
 -0.782571
  0.422641
  -1.00346
   2.09759
  0.199474
-0.0153659
 -0.709452
 -0.730502
  -1.24751
 -0.702828
 -0.554451
  -0.72105
   2.99263
  -1.89728
  -1.22872
  -0.18251
  0.351697
 -0.805207
 -0.765581
0.00741404
   -1.9601
 -0.697262
    0.4899
 -0.988239
  -1.25108
 -0.648075
   1.19326
