    0.474552    -0.372447     0.094564     0.217803    0.0435502     0.291868    0.0809034     0.487777     0.337381     0.489474    -0.341999      0.12049     -0.32764     0.128181    0.0664602     0.753361     0.418085   -0.0135902    0.0322457     0.029412     0.551265    -0.366596    0.0105034     0.111911     -0.24498     0.227231    0.0777773    -0.192538    -0.216972    0.0586336    -0.670052     0.454742
   -0.424396    -0.127513     0.245101     0.168483    -0.382966     0.265304      0.11853     -0.50896     0.241063    -0.020656    -0.122555    0.0512867      0.36999    -0.411629    0.0173217     -0.31049     0.914161   -0.0987517     0.548761     0.242692     0.290859    -0.112939   -0.0184611    -0.262462     0.127829     0.238147    -0.143621    0.0201611     0.402309     0.239441    -0.340244     0.781815
    0.338536     0.533299   -0.0577472    -0.284206     0.629379     0.591906     0.149868    -0.347394    -0.445414     0.207146    -0.124492  -0.00138613    -0.167192    -0.268897    -0.538649    -0.336997    0.0134125   -0.0241904    -0.227557    -0.494746    -0.701992     0.163345     0.398043     0.928553     0.148291    0.0838974     0.643054    -0.163813   -0.0858714   0.00535273     0.253512   -0.0513742
    0.244601     0.155197   -0.0441828    -0.237037     0.249497     0.234157  -0.00931783    -0.299924    -0.483284     0.261855     0.333901     0.473576    -0.171424     0.102241     0.125397    -0.496409    -0.554281    0.0218792    -0.270275   -0.0686917     -1.00815     0.442778     0.207062     0.534373    -0.429802   -0.0845464   -0.0849015     0.298274    -0.427014     0.496359     0.198882    -0.502486
    0.338356    0.0894349   -0.0900831    -0.478398    0.0902359    -0.097684     -0.18242    -0.824479    -0.169359    -0.517108    -0.181234   -0.0163345    -0.446728     0.408589     0.350017    -0.314379    0.0686221    -0.152762     0.256197    0.0459929    -0.806402    0.0214584     0.700653    -0.563167     0.118202     0.367134     0.277443     0.446107   -0.0334709     0.168368    -0.269222     0.287919
    0.114166    -0.202759    0.0393909    -0.279299    -0.238847     0.401031    -0.375595   0.00762684     0.297819     0.036277     0.106002   -0.0238527   -0.0133363    -0.557936    -0.233713   -0.0361304    -0.604836     0.271506    -0.318452    0.0679676    -0.692666     0.462625     0.404856     0.372702    -0.783427     -0.19318    -0.251822   -0.0233178    -0.473231    -0.205558    0.0544405     0.058746
    0.222527     0.467723    -0.107453    0.0911657     0.275913      0.43929   -0.0362803     0.185761    -0.381951     0.600195    0.0019005     0.202653    -0.217991     0.280713     0.131546   -0.0113712     0.418891   -0.0937426    -0.361974    -0.644415    0.0566498     0.557219    -0.569683     0.230084    -0.268697    0.0616232    0.0561293   -0.0572953   -0.0466859    -0.321715     0.257468      0.01854
   -0.510832    0.0903019     0.183497     0.821196   -0.0383576    -0.171225    0.0529886    -0.202273     0.100747    -0.135055    -0.401723     0.047029     0.280031     0.292872     0.485169     0.304891      0.14656    -0.408193     0.115362    -0.199015     0.902246    -0.445024     0.255465    -0.181349    -0.506804 -0.000742035    -0.453231    0.0910829    0.0369347     0.367568    -0.558556     0.449087
   -0.500257    -0.304405     0.124814    0.0474415  -0.00196914   -0.0693664    -0.184528      0.10707    -0.149067    0.0163161    -0.197781     0.373324      -0.2986     0.216976   -0.0675464     0.253561    -0.293147    -0.233908    -0.387867    -0.067123    -0.186991     0.161166    -0.112366    -0.325855    -0.244864    -0.507298    -0.065258    -0.182371     0.274306     0.263421     0.115941    -0.136171
  -0.0109681    0.0917519    -0.080595     0.150422    -0.681404    -0.131272   0.00566144    -0.512634     0.241735     0.365525   -0.0710945    -0.200868     -0.35753     0.236519    -0.359761    -0.128044     0.071077    0.0671309     0.130606     0.226775    -0.369313     0.536303     0.337161    -0.824564    -0.648252       0.6726   0.00523378     0.531324    -0.239014    -0.313115    -0.272464     0.904785
    -0.05127     0.224179    0.0181852     0.172308    -0.295696    -0.642618     0.044964     0.338353     0.108467    -0.348618    -0.648422      0.25138     0.258619     0.122468     0.195388     0.438967  -0.00632053     0.235799    -0.270903    0.0513155     0.721408    -0.543706    0.0482697    0.0544068     0.296143    0.0112441     0.218005    -0.326921    0.0151898     0.159325   -0.0246132     0.105722
   -0.196767   -0.0785063    -0.355498  -0.00607248     0.149805    -0.150718     0.275996    -0.112306      0.20947     0.616984    0.0707411    -0.313922     0.129347     0.486848       0.2107     0.379184     0.137227     0.139861     -0.25379     0.095946    0.0595913    -0.191585    0.0647944    0.0789997     0.146089     -0.27718     0.272804     0.283398    0.0458065    -0.113288    -0.130959    0.0288407
   -0.216146   -0.0829819   -0.0211794     0.171157    -0.210601    -0.197137    -0.285992     0.225332     0.134723     0.106058     -0.48902    -0.793259     0.208682     0.451535    -0.518343      0.37666     -0.35347    0.0766015   -0.0413563     0.508945     0.392572    -0.245261    -0.146437     0.369142    -0.055695    -0.181424   -0.0527252    -0.219385    -0.324266     0.181398     0.280123   -0.0820182
   -0.330465   0.00512212    -0.369414     0.223421   -0.0402252    -0.379226     0.592768     0.526948     0.263498     0.228494    -0.508961      0.14496   -0.0250178    -0.123459     0.217239     0.250073     0.583941     0.357174   -0.0330407    -0.110672      1.01169    0.0383156    -0.426245   -0.0642967     0.163523     0.213026     -0.13786    -0.102954    -0.293578    -0.193247    -0.110691     0.559726
    0.352802     0.387876    -0.028075    -0.357994      0.71368    -0.409961      -0.1933    -0.438016    -0.488642    -0.414495    -0.328216    -0.149769   -0.0664746    -0.290112     0.527821     0.430269    -0.183214    -0.348498     0.543005     0.218027    -0.630607     -0.68284     0.530955      -0.3387     0.735733    0.0977495     0.341226     0.810368   0.00511749     0.384738     0.753542    -0.374629
   -0.188013    -0.190759    -0.340417     0.530385    -0.164134     0.173356    -0.365164     0.211995    -0.605529    0.0330028     -0.01824     0.258147    0.0677974     0.381959     0.367641   -0.0710603    -0.187089     0.120357   -0.0460963    -0.588163    -0.103315     -0.20756    -0.411396     0.209457     0.095631     -0.75453      0.66242    -0.156235      0.24233     0.498902   -0.0346848    -0.251991
   0.0393418     0.275706     0.124466     0.171935    -0.095489     0.360418    -0.117954     0.117372     -0.14311    -0.205685    -0.523297     0.135564    0.0361318     0.164482      0.60403     0.744637     0.457853    -0.524201     0.187574     0.429425     0.194582     -1.00761     0.406316    -0.671738     0.231718   -0.0338837     0.456651     0.193874     0.260657      0.68601    -0.138487     0.739633
    0.401451     0.451884     0.482809   -0.0817784     0.550267   -0.0883451    0.0881952    -0.563506     0.128854    -0.210739    -0.130214    -0.177921    -0.461093     0.166568     0.012283    -0.188084     0.486637    -0.313461    0.0212494 -0.000597688     -0.36387    -0.203328     0.741656    -0.210525     0.136562     0.291106     0.309929    0.0234679     0.202693    -0.326259     -0.16055    -0.103051
 -0.00154602    -0.137649    -0.112324     -0.23189     0.544287    -0.321607     0.182387     -0.19826   -0.0125874     0.656623     0.199545    -0.036396   -0.0854938     0.453391    0.0826469   -0.0287207     0.609266     0.170263   -0.0658665    -0.358015    -0.412087     0.629691    -0.416945    -0.167694      0.26949   -0.0515638     0.204966    -0.113539     0.217247   -0.0658082     0.348623     0.334432
   -0.362899    -0.234092    0.0304117     0.242943     0.211459    0.0845497    -0.169232    0.0332747    -0.345012   -0.0351113     -0.36862    -0.133318     0.360275   -0.0427267    -0.402659    0.0518849    0.0340189   0.00384837     0.260644    -0.267184     0.297111    -0.014259    -0.158166    -0.276891    -0.119566     -0.21471    -0.193539    0.0858564   -0.0512808     0.029837   -0.0893502     0.409243
   0.0171404   -0.0382808     0.207395  -0.00127429     0.125362     0.281312    0.0956788     0.310666      0.22977   -0.0406817    -0.146361     0.204196   0.00228174     0.178897     0.307527    0.0068157     0.190283     0.172131    -0.136969     -0.21241    -0.114686     0.203021     0.133012     0.394593    -0.331283    -0.155445   -0.0786679   -0.0943483     0.313294    -0.159538     0.253236     -0.24312
    0.477931    -0.428054   -0.0861556    0.0278085    0.0874459    -0.628744   -0.0239166    -0.698225    -0.540446    -0.113325     0.126414    0.0972147    -0.576367     0.206084     0.135874   -0.0676743    -0.061339    -0.435798   -0.0112502    -0.133047     -0.42117     0.236799     0.682001    -0.739685     0.269759    -0.211532     0.159237    -0.481684     0.459697     0.378372   -0.0381485    0.0426183
   -0.247542     0.237809     0.318816    -0.475051    -0.265463    -0.430795     0.471752    -0.267047     0.364663     0.222926    0.0186189     0.325033     0.832414   -0.0828129    -0.373072     -1.06134      0.60671    -0.182868     0.175151    0.0321548    -0.353823     0.120753      1.04293    -0.256676    -0.106869     0.454327     0.260149    0.0402037     0.235465    -0.308849    -0.135053    -0.695234
   -0.337672    0.0920862     0.436114     0.515974    0.0850572     0.164724    -0.082198     0.287257     0.655992    -0.511045    -0.468419     -0.47845     0.522548    -0.458982     0.161521     0.246615    -0.139585    -0.732215    -0.155779     0.423535       1.0905    -0.281725    0.0589109     0.587377     0.131512    -0.480199    -0.674212    -0.282618     -0.14937    -0.180372     0.120355     0.243304
    0.472011   -0.0689766    -0.227126    -0.597021     0.257884     -0.20328    -0.150523    -0.107805     0.172201      0.24525      0.39009    0.0397473    0.0288962     0.131633   0.00766563    -0.315958    -0.337904    -0.127981     0.258995    -0.120458     -1.18931     0.233415      0.16107     0.647598    -0.481696  -0.00259896    0.0769198     0.641864    -0.181418   -0.0303765     0.214785     0.031815
    -0.50789    -0.109017   -0.0448373     0.719111    -0.442363     0.016185    0.0198055     0.138344   0.00979811     0.138518    -0.407366     -0.13702     0.415748    0.0984582     0.308535    -0.158869     0.240417   -0.0810091    -0.322795     0.476231     0.777111     0.344731     0.093513     0.406178    -0.729442     0.152225     0.378063    -0.387823    -0.326509    -0.431155     0.107372      0.65195
    0.100094    0.0483687     0.506314     -0.37044   -0.0536764    -0.610551     0.138534   -0.0753127      -0.1466    -0.221146     0.152321   0.00123362   -0.0479203    0.0202492     0.274378     0.203169    -0.160146     0.299457     -0.16354     0.332158     -0.39978     0.396836     0.404172    0.0935836    0.0984454     0.265296    -0.109508     0.190036     -0.28983     0.360052     0.269652   -0.0728086
   -0.491673    -0.440843     0.104993     0.632159     -0.64843     0.128038    -0.490784    0.0858188    0.0443525    -0.019991   -0.0726663     -0.10754    -0.240011   -0.0758118     0.105021    0.0119858     0.161496     0.010049    -0.213459    -0.335835     0.650468     0.249213    -0.184739    -0.189213    -0.280231    -0.255431   -0.0715421     -0.51858     0.892742      0.23941    -0.115217     0.218154
  -0.0281187    -0.441872   -0.0326101     0.475293     0.116578    -0.207055    -0.322791    -0.235838      0.10026     0.641564     0.203573     0.463386     0.159788     0.544607     0.467451      0.15294    -0.247768    -0.589827     0.067505    -0.727629      1.04877     0.192026     -0.87949    -0.157568     0.670986   -0.0621177    -0.222362    -0.245573   -0.0675885     0.730445    -0.305924     0.127643
    -1.03668    -0.232521    -0.222007     0.284729   -0.0432945   -0.0196323   -0.0132439   -0.0805259      0.37999     0.472252    -0.227977   -0.0236622   -0.0478088     0.188308    0.0418753     0.244784     0.280705     0.279025   -0.0707479      0.36182     0.367118   -0.0950227     0.195036     0.649028    -0.104118    0.0954002    0.0759564  -0.00942023     0.179733     -0.20133    -0.344663     0.364665
   -0.344041   -0.0271095     0.315008     0.542136     0.237786     0.144681     0.575314    -0.172922     0.326222    -0.327925 -0.000493517    -0.111314    -0.205148    -0.445998     0.188843    0.0385572     0.330636    -0.332255     0.287611    -0.569702     0.193893    -0.248954    -0.459976     0.107527     0.202367   -0.0197435    -0.116344     0.256006     0.770992    -0.250301    -0.282119   -0.0965599
   -0.262679    -0.222146     0.335002     0.547169    -0.118707    -0.488871     0.746451     0.119383    -0.209757    -0.316952    -0.393394    -0.368617    -0.140294    -0.184511    -0.625745     0.516231     0.109846     0.185283    -0.128673     0.394654     -0.75353    -0.474366    -0.296865     0.237876     0.243371     0.503915     0.143046     0.379196    -0.302479   -0.0798661   -0.0231806     0.266993
    0.280474     0.331141  -0.00660064     0.578275   -0.0504875    -0.558905     0.203757   -0.0854785   -0.0807371    -0.143158     0.316171   -0.0961036     0.362817    -0.139848    0.0773352   -0.0870289     0.360179     0.122281    0.0757216    -0.647498    -0.261098     0.366049     0.143613     0.228461     0.431307    -0.477812    -0.228418     0.142297   -0.0578232     0.420553     0.110893     0.194723
    -0.34797    -0.135981    -0.309146    -0.298836        0.506     0.280064     0.128351    -0.297287   -0.0592369    -0.310685     0.142762     0.319661      0.21795   -0.0769643     0.237795     -0.30638    0.0877974    0.0399923    0.0324816     0.510782    -0.137747     0.316732        0.589    -0.190761     0.155564     0.102239   -0.0942935    -0.386763   -0.0729526     0.321809    -0.664572    -0.277595
    0.299734    -0.196967   0.00899826     0.208523    -0.460242     0.271519     0.329587    0.0396499     0.252904    -0.484556    -0.625236    0.0420123    -0.147384    -0.336842    0.0656679    -0.158607     0.588378   -0.0760584     0.124778   -0.0516943    0.0298139     0.333075     0.210064    0.0536286     -0.32417     0.191848     -0.34181     0.173147    -0.197626    -0.193718     0.093172    0.0380781
   -0.167575   -0.0725635     0.104054     0.113248    -0.223376    -0.775977    -0.311505     0.667113    -0.112308    -0.213015     0.052676     0.166936     0.148162    0.0806731     0.348847    -0.143096   -0.0777541    -0.168168     0.288877    -0.245252     0.269634    -0.107054    0.0602442     0.402162    0.0936587    -0.158184    -0.062411    -0.527348    0.0646879     0.134028     0.265826   -0.0961511
  -0.0549749    -0.173536    0.0241873    0.0669318    -0.350142    -0.658746    -0.368018    -0.286762   -0.0187232    -0.488617     0.348898     0.207571     0.664408     0.127692     0.461883      0.40368    -0.481644    -0.393042     0.224725    -0.190823   -0.0194708     -0.48166     0.114516      -0.3145     0.261886    -0.694757    -0.547444     0.257733     0.148199   -0.0749661     0.212274     0.333902
   -0.102931   -0.0695846      0.58049      0.17291    -0.104727    0.0903455     0.167119    0.0859636    -0.613243    0.0296249     0.233165     0.410667     0.142699    -0.303394    -0.152347    -0.162182     0.499777     0.118328     0.200982     0.279555    -0.214692    -0.417784     -0.21658     0.129089   -0.0857155    -0.523893    -0.184036     0.314028     0.238813     0.250084   -0.0786395    0.0225822
    0.137149     0.190053     0.127798    -0.025714     0.260684     0.020323     0.217477    -0.268895    -0.152967     -0.32864     0.109126    0.0104753     0.067853     0.200432    -0.194967    -0.112595     -0.18162    -0.185484    -0.220983     0.729394    -0.243947    -0.124227     0.314774     0.136301    -0.186546    -0.332867   -0.0925888    0.0657554     0.180654    0.0389569    -0.669609    -0.156477
  -0.0903527     0.460236    0.0496443    -0.332597     0.329451      0.38967     0.220787    -0.389232    -0.143789    0.0949632    -0.100817    -0.438826     0.478384   -0.0455652    -0.456197    -0.231643     0.253916   -0.0277747     0.360058     0.516032    -0.130215     0.635648    -0.287299     0.156792     0.619428   -0.0520444     0.224102     0.463988    -0.116468     0.204636    0.0240117      0.09625
   -0.220236    -0.188081     0.128136   -0.0638816     0.219222     0.439214     0.931847     0.334785     0.460678    -0.251957    -0.454712     0.227478     0.089435    -0.056096     0.190256   -0.0955127     0.501243    -0.241828    0.0838768     0.154988     0.851313    -0.344762    -0.134568      0.16758   -0.0878022    -0.438404   -0.0403549    -0.182059    -0.249717     0.163252      -0.2166     0.161403
   -0.107368    -0.521849    -0.162009   -0.0396716   -0.0919998 -0.000122622    -0.307287    -0.039793     0.526165     0.462503     0.225604     0.329324     -0.17655     0.219582    -0.100993    -0.465649   -0.0417402    -0.537664     -0.31099    -0.346523    -0.396059     0.306316    0.0993911     0.143167    -0.631886     0.668917     0.199603   -0.0142733    0.0498159    -0.457382    -0.144843     0.205922
   0.0183127    -0.721463     0.241598    0.0482827     -0.37683  -0.00377036    -0.145521     0.249976     0.259745     0.108917    -0.548624     0.851159     0.446717    -0.223239     0.325559   -0.0732499  -0.00246795    -0.618143     0.201261    -0.207812     0.502846    -0.332057  -0.00346973    -0.559699   0.00280109    -0.667208       0.1549     0.204379       0.4657     0.149902   -0.0866787    0.0495797
    0.242942    -0.404958    0.0714256     0.130699    -0.245694     0.122349    -0.408616   -0.0317403    -0.232819     0.314711     0.161797    -0.320396    0.0516568     0.106681    0.0992773    0.0281231    -0.152485   -0.0121527    0.0539224    0.0857197     0.105652    0.0993067    0.0780744    0.0403234   0.00462442     0.096748     0.238349      0.32536    -0.145114    -0.318443  0.000467287     0.214022
    0.274303     -0.05063     0.354552    -0.488818    0.0972711     0.615009     0.901587    -0.529161    0.0709121    0.0544393     0.696417    -0.345393    0.0740884    -0.543004     0.385983    -0.110082     0.396827    -0.399995     0.339295   -0.0468466    -0.267889    -0.226508   -0.0195458    -0.125349   -0.0745137    -0.267043    -0.134174     0.225071   -0.0267881     0.017351   -0.0238619     -0.31224
    0.124838    -0.293377     0.141418     0.245661    -0.068385     0.216352   -0.0370027   -0.0539035   -0.0178789    -0.137186    -0.514893      0.52616     0.358402    0.0572288     0.095176   -0.0468676     0.076265  -0.00869798    -0.053516    -0.263487     0.255628     0.176618    -0.438321     0.244438    0.0324101     0.421617    -0.316924    -0.288343    0.0691542   -0.0217739     0.110634     0.634679
   -0.362181  -0.00743333     0.259591     0.458155    -0.194319    0.0667348    0.0297169     0.737454    0.0711933      -0.3138     -0.18741     0.097416    0.0202161     -0.35949    -0.452911   -0.0201572      1.04922     0.184737     0.157783   -0.0219786     0.873022     0.120239    -0.406771     0.212435   -0.0132257    -0.347152    -0.166738   -0.0516555    -0.197661     0.159273    0.0298804     0.137825
    0.329117     0.228087   -0.0319351   -0.0597478    0.0945309    -0.182125    -0.242059   0.00943077   -0.0504536      0.50004   -0.0248914     0.290018     0.397865     0.433502    -0.183631     0.177471    0.0312396    -0.330328     0.408508    -0.637777     0.299771    -0.290407     -0.19512     0.498262     0.243452    -0.147307    -0.244296    0.0807417    -0.310198     0.569414     0.450775    -0.149262
    -0.37825   -0.0870447    -0.119274     0.174639    -0.434964     0.467494     0.182435     0.465691     0.152618     0.128598    0.0889518     0.274041    -0.035537     0.435547     0.373741     0.239849   0.00810102     0.267568    -0.238545    -0.189667     0.239578    -0.305796    -0.205707     0.254073   -0.0418778    -0.344536    -0.268247     0.232015    0.0861997     0.307336     0.303266    -0.164115
   -0.355705    0.0890245     0.108955      0.20447    -0.185471     0.374952    0.0912934     0.465302    0.0886148    -0.375592    -0.124838    0.0262769   -0.0179905    -0.131366     0.436164  -0.00274481    -0.456398   -0.0500485 -0.000414031     0.112824   -0.0153057    -0.200347     0.172822    -0.394424    0.0210323    -0.460733    -0.904244     0.154544     0.110921     0.263968     0.381922      0.33176
   -0.363258    -0.556785    -0.146088   0.00708247     -0.49587    -0.924557    -0.427887    -0.223981    -0.207974 -0.000441733     0.155521    -0.131549   -0.0568817     0.320998     0.297615     0.423935    -0.477663   -0.0716973     0.244302    0.0197388     -0.12104     -0.45168    -0.244807    0.0561682     0.437502    -0.209417      0.61199   0.00101733     0.471416   -0.0590599     0.125195    0.0196652
    -0.52852    -0.360123     0.124267     0.436864      0.20055   -0.0293253    -0.103185    -0.144637    0.0424706    -0.319375    -0.416496     0.150887    -0.357349     0.194047     0.493767    0.0886996     0.144315    -0.382017    -0.198811    -0.207841     0.134442     -0.59284   -0.0688769     0.168935    0.0973289    -0.133227    0.0540975     -0.17573     0.334601     0.148197    -0.306362    0.0903379
   0.0784483    -0.272916     0.175026     0.748764    -0.512264      0.72731     -0.14054    0.0497732     0.271576   -0.0547861   -0.0225015    0.0788352    0.0869401   -0.0364404     0.187348     0.116976     0.153189    -0.818236   -0.0647313    0.0955992     0.869328    -0.321811    -0.335194    -0.295948     0.152234   -0.0172937     0.118863   -0.0348723   -0.0236084     0.193463    -0.592081      0.70722
   -0.324908    -0.629593     0.364168     0.103867    -0.412783     0.760885    -0.252508     0.267331    0.0303756     0.373568    0.0467539    -0.159563   -0.0862584    -0.205384     0.431186    0.0596778     0.374816    -0.183307     0.220627    0.0574817     0.443028  -0.00533371    -0.247972    0.0687179    -0.333385    -0.459362    -0.500263    -0.191356    0.0437213      0.29026     0.308049     0.186374
   -0.290917    -0.146082     0.557269    0.0870406     0.145803   -0.0876215    -0.353153   -0.0669992     0.443244     0.102535     0.267021    -0.120525    -0.327733   0.00639852    -0.444468     0.302345     0.500397    0.0322472   -0.0603584    -0.128923    -0.330137     0.620156     0.273256    -0.219387   -0.0836428     0.674975     0.246419    -0.163466     0.119768    -0.837433   -0.0890583     0.649525
   -0.142007    -0.285121    0.0878363     0.195216   -0.0223054     0.266144     0.471892     0.523544    -0.157538     0.085351    -0.487501    -0.193478    -0.288312    -0.248146   -0.0248997     0.199688     0.308753    0.0637239    -0.317364    -0.242212     0.736504   -0.0580802    -0.273389    -0.211052    -0.278764   -0.0252562     0.338281    -0.174128   -0.0325918    -0.293518     0.116127     0.392758
   -0.282021     -0.47221   -0.0788068     0.135896    0.0733749    -0.321639    -0.565279     0.167732     0.264808    -0.261096     0.115079     0.213015    -0.686175     -0.42488    -0.569114    -0.015925    -0.143915    0.0159288    -0.248341     -0.66239     0.167546    0.0889827      0.15873    -0.594494    0.0264308     0.362696    -0.572991     0.258379    0.0515374   -0.0624381    -0.323681     0.251621
  -0.0932861     0.283299     0.485284    0.0132271    -0.168837    -0.395508    -0.356177    -0.365961    -0.307811     0.648112     0.601141     0.318901     0.355422      0.23143    -0.282891   -0.0761943    0.0333889     0.407762     -0.12557    0.0792277     -1.08997     0.134065     0.276312     0.894284    -0.154448   -0.0602362    0.0883693   -0.0355976   -0.0597444     -0.39038  -0.00143955    -0.403379
   -0.441605   -0.0632131    -0.197189   -0.0441605    -0.676062    -0.412946     0.222517     0.327017   -0.0838074   -0.0522409      -0.5272     0.318048     0.262096   -0.0905727      0.15608     0.261249     0.361954     0.322447     0.060256    -0.382952       0.5728    -0.482158    -0.188399   -0.0705231     0.077438    -0.140913    0.0261025    -0.145071     0.295597    -0.415685   -0.0749424    0.0648611
   -0.173299     0.667886   0.00730446    0.0143889    -0.310191     0.385991   -0.0735235    -0.543796    -0.322674     0.899138  -0.00709336    -0.300239   -0.0743471     -0.24622     0.280837    -0.727238     0.307582    0.0568114     0.578012     0.245413   -0.0778193     0.450112   -0.0126727    -0.168874    0.0955705     0.132208    -0.426707     0.562037      0.30046    0.0288593   -0.0897754     0.554507
   -0.135816    -0.267761    -0.215141    0.0513895   -0.0290783      0.41633     0.122321    -0.506589   -0.0216266    0.0387285    -0.258001    -0.035408     0.693068   -0.0442987     0.217319     0.309592    -0.114755     0.224782     0.102874    -0.344279    -0.140038     -0.01581    -0.283973    -0.311526    -0.174032    -0.333429    0.0510328     0.337983     0.228121     0.260991     0.474559     0.206827
    0.227566      0.51074     0.690689   -0.0590125     -0.10861    -0.362924    -0.767404    -0.129349    -0.170989     0.119258      0.38536    -0.160457    -0.133947    -0.428971    -0.291245   -0.0317035    -0.238466   0.00236008    0.0158359     -0.67249    -0.613125    -0.613711     0.116911     0.427065    -0.139365     0.284541     0.291342      0.57177     0.296785    -0.673548     0.133806    -0.506367
  -0.0743461     -1.06342     0.563402   -0.0470651    -0.324413     0.260988    -0.620291     0.112753    0.0426074    -0.533709    0.0354844   -0.0529505    0.0123994    -0.712153     0.324229    -0.255137    -0.319496    -0.558819   -0.0123135    -0.441696     0.480352    -0.784011     0.356683    -0.518424    0.0484242    -0.295837   -0.0424384     -0.21857     0.507422      0.17801     0.174087    -0.423106
    -0.54982    -0.420584     0.166092   -0.0318548    -0.262069     0.100978     0.500639    -0.348967     0.198566    -0.185286    0.0854907    -0.733921     -0.14451   -0.0219796      0.47451    -0.109691     0.168946     0.148256   -0.0769287      1.69701      0.15719    -0.611087     0.122054    -0.637354     0.447618    -0.244366    -0.328791     0.258765     0.105539     0.331334    -0.396849     0.824642
   -0.364021    -0.335785    -0.430927     0.275633    -0.175377     0.145306     0.253679     0.169381     0.230508    -0.163555     0.121981    -0.151055    -0.230494      0.01061  -0.00939374    0.0664462    -0.607654    0.0845384    -0.181045     0.664353     0.355312     0.261965     0.203203     0.215703    -0.210829     0.240519    -0.248996     0.109932    -0.261268    -0.400872    0.0156937      0.13891
   -0.149045    -0.195996    -0.478917      0.59972    -0.344954    0.0785811     0.104257     0.149165    -0.155018     0.319644    -0.844335    0.0147385     0.169279     0.100735     0.185483     0.218133     0.661957   -0.0428306     0.452717     0.367124     0.594226   -0.0567562    -0.226644    -0.133659    0.0941996    -0.377311    -0.377909    0.0658724    0.0146961     0.354163    0.0882598     0.176711
   -0.272204    -0.201808     0.100725     0.375003    -0.539853   -0.0760847     0.357327   -0.0674965    0.0550574    -0.265624     0.196881    -0.073975    -0.116811    -0.229298     0.255745   -0.0421046     0.299788    -0.126846   -0.0886476   0.00117629     0.189891   -0.0194909     0.234458    -0.462344    -0.148756    0.0744251   -0.0613392     0.143494     0.105173   -0.0179788    -0.185979     0.423571
   -0.161152     0.182593     0.665207    -0.133135    -0.251529     0.291488     0.264103    -0.260412     0.188218     0.226864    -0.230783    -0.172806     0.139507     0.159403     0.152185     0.131329   -0.0358737    -0.200044     0.173632    -0.228815   -0.0913744   -0.0327229     0.050298    -0.240472    0.0760699     0.647702  -0.00611366      0.19128    -0.166074    0.0581029    -0.233631     0.164672
   -0.458242    -0.340777    0.0895014     0.966122    -0.343627     0.389304    -0.319122     0.683832    -0.289796    -0.800853    -0.126583     0.417485   -0.0216928     0.461663     0.016151     0.200218    -0.130413    -0.264353    -0.245664    -0.531927      1.09355    -0.344489    -0.606087     0.327145    0.0429256    -0.507439    -0.825684     -0.27614    -0.237692    -0.411234   -0.0569275   -0.0492448
   -0.266545    -0.467952    -0.240317    -0.245793    -0.867425   -0.0472061    -0.370599     0.275999     0.317399    -0.101394    -0.333766   0.00755988    0.0819956     0.311489   -0.0606347     0.691162   -0.0481464    -0.221425     0.160297   -0.0376658     0.125851    -0.416223    -0.600992    -0.515993   -0.0078745  -0.00657179    -0.750338     0.456135      0.40434    -0.522611     0.263822    -0.733012
      0.2064    -0.156326    -0.179285    -0.384595    0.0221101   -0.0233285     0.285836    -0.477739     0.280309    -0.523661     0.156532     0.234895     0.321452     0.104594    -0.116148     0.459866     0.228191    -0.881909     0.304868    -0.183827    -0.578116    -0.217841 -0.000298062   -0.0722687     0.316353    0.0438695     0.269837     0.379042     0.170184    0.0768134    -0.204944    -0.237007
   -0.381284    0.0529968     0.543926     0.239617     -0.11471     0.371016       0.4779    -0.358779     0.252815       0.1017     0.527267   -0.0876976     0.161831    -0.396913    -0.442896     0.124592     0.415909    0.0306806    -0.130559    -0.212368    -0.253158   -0.0630144      0.52593     0.391492    -0.743478     0.267895     0.299625      1.38028    -0.303079    -0.281074     0.136956    -0.201988
     0.25683    -0.141891   -0.0319149    -0.205147     0.622575    -0.336373     0.141917     0.108425    -0.207935    -0.237255     0.679975    0.0733263     0.215139    -0.357332    -0.265005     -0.17426    -0.565155    0.0146575    -0.297125     0.240642      -0.2699     0.218384     0.453456     0.508953    0.0257148    0.0547246    -0.384709     0.290768   -0.0869162     0.156894     0.184034    -0.145813
   -0.455586     0.207828     0.435663     -0.59494    -0.335286     -0.32375    -0.708397    0.0954925     -0.67927     0.580254    0.0297971   -0.0911821     0.393416   -0.0607626     -0.28463    -0.269643    -0.325994     0.310535    0.0469141     0.341523    -0.598806     -0.05765     0.680659     0.127989    -0.714881    -0.199566     0.361745    -0.239279    -0.361847    -0.390209     0.860584    -0.865591
    0.119404    -0.156345     0.108404     0.115686    -0.384764    0.0053569   -0.0287982     0.216142   -0.0489315    -0.214159    -0.230817     0.392553     0.361577    -0.317516     0.145559     0.379889    0.0570843    -0.134473  -0.00129415     0.200308     0.832727    -0.028059    0.0163954    -0.413344     0.562034   -0.0372844    -0.325707     0.303678     0.171069     0.451458     0.396303     0.412195
     0.21612      0.22504    -0.389791    -0.112738     0.523257     0.560077    -0.793515     0.211622    0.0912926     0.276665      -0.2985   -0.0576818    -0.297996     0.441508    0.0173416     0.423319    -0.511473    -0.562802     -0.37562     0.147422     0.356334   -0.0566247    -0.358583      0.17766    -0.110569   -0.0513045    -0.232554    -0.610847     0.118545    -0.233733     0.287566    -0.119319
  -0.0984859     0.301688  -0.00893237     0.665323   -0.0842487     0.118483     0.224673    -0.386973     0.178645    -0.497635    -0.693505    -0.158609   -0.0155098    0.0702464     0.292207     0.138644    0.0145481    -0.337472    -0.136157    -0.171908     0.602469    -0.229889    -0.651573    -0.263517     0.279075   -0.0575867     0.365921     0.364151     0.299039    0.0155889    0.0837064    0.0830482
   -0.195212    0.0367255   0.00108822     -0.36532     -0.58732  -0.00314565    -0.243286     0.163792   -0.0354667   -0.0705449    -0.118311     0.191683    0.0752988    -0.193144    -0.150072     0.300422     0.251505    -0.370513     0.439295   -0.0816085    -0.175856    -0.279696    -0.589209 -0.000610902     0.185242   -0.0767794     0.240532      0.29494    -0.189244    0.0303915     0.297717    -0.032204
   -0.324908     0.460139     0.200591     0.388234     -0.39928     0.277515    -0.418193    -0.203757   -0.0588138       0.8784     0.136493    -0.220379     0.632532   -0.0340895     0.531268    -0.404827    -0.217849     0.463964     0.173995    -0.104115     0.365098     0.504544   -0.0301919     0.254606    -0.306771    -0.739164    -0.511213    0.0853356    -0.335513   -0.0569287     0.848163    -0.374428
    -0.22343   -0.0367829     0.158878    -0.235523    -0.207452     0.647781    -0.310403    -0.430574    -0.165547     0.154004     0.548385    -0.394361     0.828679    -0.384698     -0.59293    -0.748432    -0.513195     0.109216     -0.11208     0.826853    -0.426621     0.331779     0.861956     0.419769    -0.362906     0.315174    -0.021805     0.687784    -0.472693     0.102563    0.0414636     0.227466
   -0.368322    0.0107768     0.341834     0.477369   -0.0491218     0.282645    0.0604151     0.287767     0.288523   -0.0759045   -0.0765795     0.299667    -0.112392     0.266776     0.231636     0.220809    0.0804746    -0.160763   0.00696868     -0.14724     0.541775      0.24145     -0.22266    0.0267683     0.122047     0.143726    -0.412657     -0.21752     0.286959    0.0655423    0.0342548     0.558582
   0.0538731   -0.0523176    0.0667025    0.0371404    0.0564908     0.595122    0.0902109   -0.0237996     0.220688    -0.198746     0.244763      0.27146    -0.523309   -0.0724343    0.0754627    -0.505513     0.972039    -0.132791     0.348123     -0.58037    -0.520729      0.52393     0.290259    0.0319249    -0.200357     0.386373   -0.0540137    -0.472827    0.0829777   -0.0837633    -0.369853    -0.579892
    0.208191    -0.154031     0.112028    -0.177552    0.0287662     0.219612     0.333294    0.0921968    -0.189205    -0.261375     0.121153     0.139117     0.579908    0.0412318     0.612753    -0.269788    -0.181593    -0.109384    -0.307749    -0.182307   -0.0433453     0.233787    -0.171743    -0.340779    -0.141186     0.182087     0.123266  -0.00273566       0.1139     0.262539    -0.234119    -0.248705
    0.052463    -0.143264     0.344496     0.256677     0.657896     0.643543    0.0995523     0.111061     0.821668  -0.00486194     0.178517    -0.175211     0.287497    -0.406192     -0.85799    0.0344336     0.465555     0.268363   -0.0375429    -0.287779    0.0632208     0.175795    -0.332608     0.183483      0.14273     -0.12036    -0.494955    -0.463912    0.0351836    -0.070718   -0.0995065   -0.0242039
   0.0270129    -0.392078     0.418112     0.192041      0.41041   -0.0366649     0.196676    0.0257717     0.301691   -0.0041396     0.146631   -0.0721457    0.0662953    0.0990311    -0.224787     0.307994     0.392458     0.144376   -0.0666786    -0.175507     0.303421    -0.224195   0.00644932    -0.230011    -0.417983    -0.014285    -0.103713    -0.121322   -0.0952953    0.0761673   -0.0161123   -0.0161932
  -0.0435789     0.662834     -0.53951    -0.121729    0.0200958   -0.0817373      0.33775     0.560572     0.122937    0.0592824     0.210513     0.446792     0.418683     0.275561   -0.0641037    -0.589555    -0.522921     0.183905     -0.16434     0.286899     0.109463     0.935668     0.204346     0.674704    -0.320677    -0.333876      0.32965     0.220691    -0.337845    -0.141745      0.31786     0.148063
   -0.316525     0.554684    -0.150501   -0.0326292     0.441893    -0.289429    0.0449032    -0.145436    -0.122119    -0.173417    0.0722518    -0.448145    -0.252746    0.0106122    -0.260387     0.197564    -0.167709   -0.0975371    -0.111514   0.00676008    -0.215802    -0.504912     0.212438     0.493041    -0.158019   -0.0118873     0.056946   -0.0316966    -0.207437    -0.371612     0.323967     0.112559
   -0.144992     0.502533       0.2236     -0.75242      0.31156     0.194429     0.623644   -0.0922811    -0.511436   -0.0714929     0.260171     0.359383  -0.00367997    -0.151136      0.11444    0.0743199    -0.221993    -0.455115     -0.28729      0.13825    -0.150446    -0.143081     0.195943      0.15426    -0.433868    0.0337729    0.0499524     0.884287    -0.172106    -0.363944    -0.059718    0.0158915
    0.246474     0.141614     0.010921     0.369706      0.65996    -0.236748    -0.290238    0.0666498    0.0159009    -0.495317     0.136425    -0.148744     0.155462      0.18153     0.400421    -0.181635     0.204045     0.178676     0.371619    -0.049064      0.23235     0.170562    -0.105137    -0.121153     0.240112    -0.102739     0.321974     0.458556      0.68516  -0.00673692     -0.41627     0.308132
    0.186217    -0.093766     0.244164    0.0704094   -0.0674138    -0.301427    -0.134114     0.142191   -0.0755036    -0.487362    -0.284065    -0.197061   -0.0275639     0.190421     -0.29355     0.155852  -0.00685716    -0.306022    -0.393791    -0.329455     0.304329    -0.179765      0.20403     0.121606      -0.3056    -0.388718   -0.0218348   -0.0175813    -0.176574   0.00865495    -0.131841    0.0376977
   -0.453736   -0.0953987    -0.513898    -0.337891     0.113838     0.263455      0.10762  0.000537574     0.109962      0.66176    0.0690043    -0.561852   -0.0442727     0.205301    -0.214781     0.353448    0.0494077     0.232801     0.251376    0.0918242    -0.713093    0.0653805     0.318291     0.387898     -1.01296     0.459794    -0.213961     0.111259    -0.160363   -0.0323609     0.318283     0.296616
   -0.096061     0.401486    -0.228185     0.199114     0.676298     0.177731    -0.127393     0.414184    -0.413693     0.801874    0.0432277    -0.374303    -0.192432     0.181958    -0.285322    -0.152824    -0.369419    -0.204129    -0.116797     0.683892      0.33843     0.516599    -0.175573     0.343352     -0.72946      0.11186   -0.0872223   -0.0188788    -0.523477    -0.511257    -0.355159    0.0208448
   -0.469833     0.363359    -0.265116    0.0719534    -0.118337    0.0726081     0.207218     0.146933    -0.206021   -0.0387808    -0.098852    -0.170498     0.163407   -0.0260285    -0.394913    -0.333104    -0.354289     0.112283     0.231335    -0.250388    0.0202448    0.0495312      0.17828     0.330639     -0.14149    -0.088846    -0.392384     0.646617    0.0181311    -0.372391     0.124966     0.397964
   -0.151542    -0.340353    -0.125091     -0.38048    -0.238318    -0.307235    -0.163502     0.188449    -0.324382    -0.178368   -0.0410793     0.491287    0.0763337   -0.0958124    -0.204573     0.482538     0.286996    -0.452776     0.214539    -0.309106    -0.130309     -0.18178   -0.0937642   -0.0972249     0.244838     -0.59629     0.139952     0.306257     0.142305     0.298542    0.0548058   0.00213645
   0.0858844  0.000667934     0.289912     0.342077    0.0479698    0.0770202    -0.287221     0.196324    0.0550815  -0.00222261    0.0432051    -0.299054     0.147634    -0.198518  -0.00147161     0.369446 -0.000774572    -0.219887    -0.178588   -0.0206244   -0.0197469    -0.188147     0.389025     -0.13932    -0.244933     0.407933   -0.0748549     0.274658    -0.100377    -0.375097     -0.44454     0.140292
   -0.118354    -0.559485    -0.340498     0.860034   -0.0192133     0.101503    -0.292854     0.219367     0.136896    -0.186216   -0.0790905   0.00360046   -0.0290558    -0.212397      0.21564     0.184211     0.727916      0.16175    0.0185374     -1.00254     0.112834     0.171249    -0.166012    -0.196215   -0.0068408     0.132672    -0.375218    -0.045715     0.597052   -0.0889172    -0.253596     0.613962
  -0.0580065   -0.0617157    0.0536916    -0.400475    -0.370435    -0.177987    -0.582729    -0.324183    0.0369668    -0.576456     0.228911    -0.646196    -0.565897   -0.0236408    -0.257947     0.631335    -0.190993    0.0795138    -0.554445    -0.244771     0.101194     -0.19996     0.477878    0.0458416     0.164443      1.15989     0.418657     0.143207     0.192794    -0.769448   -0.0587051   -0.0390738
  -0.0640382      1.08281      -0.9956     0.391901     0.521462     -0.31107   -0.0917232    0.0947599   -0.0496274    -0.115165     0.204885    -0.377551      0.20496     0.119779   0.00156798     0.105934     0.302209     0.442264     0.214475   -0.0859731    -0.107646    -0.364753     -0.95426     0.528114      0.47414    0.0709632     0.292395     0.374533     0.401681    0.0748257     0.180499   -0.0280098
    0.102883    -0.326166     0.276657     0.225183     0.184899     0.187354     0.388865    -0.157854      0.30721    -0.218664    -0.571439     0.333068     0.526114    -0.151516    0.0291606    -0.121703     0.605421    -0.130098     0.227133   -0.0946994     0.238882     0.301327    -0.125347    -0.229435    -0.250349     0.554036    -0.187934     0.455207     0.442191    0.0763731    0.0323286     0.320243
    -0.36919   -0.0997042     0.282761    -0.484851    -0.101064     -0.27532     -0.30595     0.120581   -0.0296859     0.440483     0.247288     0.315773    0.0576506   -0.0338505   0.00339381    -0.341205     0.147366     0.153849  -0.00786812   -0.0760029    -0.103617     0.166059    -0.429389      -0.5081   -0.0664884    -0.099198      0.16591    -0.254961     -0.16112   0.00378992    -0.176453     0.137083
   -0.164234    0.0580212     0.392947     0.168387    -0.117051     0.184992     -0.74645     0.290897     -0.31076     0.531301      0.20599    -0.271215    -0.258967     0.175732    -0.523871    0.0103551    -0.549325    -0.465155    -0.523178    -0.127129    -0.303674     0.113948      0.30508     0.420379   -0.0809077    -0.292761    -0.233254    -0.275134     0.150162    -0.142797     0.186098    -0.509802
    0.553437     0.351956    -0.100217     0.140412     0.175012    -0.260269      -0.1241   -0.0756407     0.261979    -0.239284    -0.206854    -0.270303   -0.0540282     0.448507     0.582273   -0.0337179    0.0377212    -0.613009    0.0922764      0.31478     0.206119    -0.295943    -0.146827     0.175833     0.170915     0.590429     0.395662     0.510073    -0.138177     0.245361   -0.0684572     0.492946
   0.0255582      0.28341     0.244253   -0.0953122     0.173149    -0.131849      0.13399     0.341627 -6.03219e-06     0.035073    -0.113784    0.0129322     0.560047    -0.430984    -0.430461     0.163903     0.517092     0.464573  -0.00588898     0.541554     0.391818    -0.240063    0.0736125    -0.161853     0.252622     0.220688     0.535107     -0.35943     0.297222     0.459133     0.221971   -0.0261703
   -0.368504    -0.196461     0.529608     0.202959    -0.456892     0.218765    -0.479069     0.743317    0.0164758     0.192857    -0.508386    -0.158008     0.547719     0.231931    -0.221474     0.728764  -0.00898677     0.285381    -0.437571     0.263443      1.36252    -0.282964    -0.203463    -0.313227    0.0330459    -0.535051    -0.528013    -0.576972    0.0202906    0.0590048    -0.134684    -0.178729
    0.320357    -0.178837      0.03349   -0.0581857     0.170969    0.0118711   -0.0983481      0.10005   -0.0721467   0.00997378    -0.248202   -0.0317191      0.28298    -0.422148    0.0242316     0.183337     0.131563   -0.0996429    0.0108539    -0.153015  -0.00796577   -0.0934878    -0.143311     0.318869   -0.0940026     0.031198     0.242828     0.427829  -0.00731511    -0.018102    -0.158529     0.185851
   -0.436979      0.62655     0.138205     0.504038     0.384116     0.116636      0.24759     0.424798    -0.358638      0.17447    -0.562402    -0.174969   -0.0228626    0.0351356    -0.199314    -0.207601     0.940655     0.167979     0.662728    -0.157942     0.455185    -0.105797    -0.511381    -0.323066      0.39902     0.203766    -0.265305    -0.167765      0.30643     0.579679    0.0382185   -0.0740582
    0.167995    -0.044481     0.245265        0.462     -0.45442    -0.173923     0.316685    -0.032162     0.769645     0.130098    -0.191432    0.0698066    -0.116552    -0.700792      0.29699    -0.103856     0.438077     -0.08856     0.501624    -0.511258    -0.316597      0.55319     0.339337    -0.611845    -0.310952      0.91574     0.234523     0.531869     0.535752     0.169445    -0.391155     0.625658
  -0.0231793    -0.183887    -0.231779     0.442797    -0.217407   -0.0743888    -0.804092     0.777418     0.347466    0.0526451    -0.130624   -0.0818648     0.195404   -0.0712572    0.0346334    -0.105138     0.425928     0.356584     0.227265    -0.379032     0.277573    0.0881436     -0.20668      0.47876    -0.109993    -0.255283    -0.449971    -0.486629     -0.33226     0.232948     0.130677    -0.073396
  -0.0104164    -0.435562   -0.0791456     0.120992     0.356302    -0.256679    -0.253015     0.473358     0.334216    0.0314831   -0.0603932    -0.176739   0.00754122     0.205601    -0.102742     0.452004    0.0431202     0.459448    -0.189999     0.530712     0.353202    -0.071973    0.0299481    -0.207413     0.137102    -0.529851     -0.39089    0.0467224    -0.476174    -0.467828    -0.180169     0.326978
   -0.336492     0.060673     0.138507    -0.158439    0.0475379     0.812218    -0.337193  -0.00636475    -0.089207     0.124015    -0.195321     0.539532     0.243673     -0.26655     0.135241     0.175069    -0.210031    -0.259287    -0.072072    -0.645468    -0.127176    0.0292598   -0.0434264     0.224208    0.0991071    -0.251441    -0.751828    -0.354906     0.330022      1.35171     0.274434     0.348954
    -0.48983    -0.269109    0.0227796  -0.00377534     0.140994    0.0382144    -0.726472   -0.0690989    0.0311225  -0.00145768    -0.318224     -0.74707   -0.0697968    0.0229959    0.0618832     0.178545    -0.122767    -0.290225     0.233755    -0.228415    -0.489813     0.347971    0.0502557    0.0116093    -0.359986    0.0572572       0.2046     0.178932   -0.0739825    -0.472566     0.453429    -0.336825
   0.0440179    -0.427362     0.420805     0.054649    -0.578841    -0.246382    -0.252251     0.298857  -0.00473792    -0.158974    -0.145259     0.235276     0.194552    0.0742187     0.441393     0.213878   -0.0677985    -0.238515    -0.252287     0.279039     0.364554   -0.0702222    -0.160453    0.0928012    -0.150095    -0.287059    -0.217614     0.117786    0.0911711    -0.179874     0.257366    -0.245492
   -0.307965    0.0701359   -0.0641023     0.223681    -0.252216    -0.522084      0.60293   -0.0353756    0.0149803    0.0843571    -0.375482  -0.00539565    -0.414064    -0.401998    -0.269668     0.209434     0.548829    -0.243108     0.213387   0.00557952     0.215725    0.0450524    0.0124938    -0.416433     0.336117      0.38056     0.353391   -0.0475846     0.285131     0.311702     0.023997   0.00378513
    -0.45822    -0.265856    -0.181264     0.116362     0.397538     0.290105     0.124899   -0.0246736     0.141215   -0.0826722    -0.398311    -0.330994     0.010308     0.121624     0.191026     0.274657   0.00456852    -0.234409     0.248267   -0.0568732     0.224192    -0.156825     0.298696    -0.207927   -0.0613621     0.379439   -0.0805952    -0.173621   -0.0155976   0.00301722    -0.231375       0.2872
     -0.7556     0.238805    -0.280472     0.441407    -0.645272     0.103031     0.382917      0.43356     0.229183     0.621966    -0.220103     -0.28077   -0.0322358     0.123002    -0.661461     0.131654     0.367784    -0.221423   -0.0962206     0.468433     0.670451     0.452852    -0.237267     0.294164   -0.0932522     0.112275   0.00864972     0.194366    -0.280794     0.369189     0.159172     0.642157
   -0.928123    -0.511264    -0.471547     0.568139    -0.607459   -0.0373132   -0.0740473     0.691502    -0.200575     0.438424    -0.393536     0.421088     0.801518    0.0762395    -0.278722    0.0807722    -0.295125     0.462442    0.0968424    -0.308249     0.702168     0.243802    -0.381756     0.386525    -0.213023   -0.0885107    -0.105111    0.0773106    -0.335033    -0.446123     0.224334     0.251499
    0.100833     0.353265     0.414453   -0.0675984    0.0279587    -0.262825    -0.608706      -0.5033    0.0984408     0.288351    0.0797111    -0.476803   -0.0438955    -0.267949    -0.115639    -0.104433    -0.254397     0.123311  -0.00918412    -0.360932    -0.701028     0.332825    -0.118418    -0.172622    -0.322913    0.0822216    0.0131754     0.426242   -0.0564114    -0.476732     -0.17494    -0.427835
    0.491078    0.0212872    -0.196429    -0.418628      0.53505      0.35053     0.353234     0.249704    -0.249724    -0.641696    -0.353232     0.207303    -0.268746    -0.119502     0.097015    -0.466639     0.163831    0.0957536    -0.104042     0.364454    -0.214631     0.410653     0.245189     0.159542    -0.234778     0.241246     0.284255    -0.126643    -0.232123     0.590564    -0.128819    -0.110316
  -0.0435375   0.00365892    -0.108116     0.261883    -0.506237     -1.04207     0.133133    0.0829265     0.250095   -0.0801954   -0.0226695    -0.234231    0.0257786    -0.190054     0.125785     -0.08138    -0.203229    0.0995427    0.0753663    -0.362415    0.0541566     0.429298     -0.33916    -0.599298      0.24518    -0.278329    -0.036256    -0.292301    0.0771454    -0.368198   -0.0945553    -0.269228
   -0.059257    -0.820854    0.0738477    -0.404483     0.247836    0.0141775    -0.252768    -0.133689    -0.162839    -0.936996     0.326355      0.26889    -0.435108     0.339606    -0.488098     0.503965    -0.100022    -0.715551    -0.929498     0.402799    -0.908703      -0.5423     0.319998    -0.242015    -0.979388     0.709686    -0.178349     -0.24807    -0.704698     0.168152    -0.501637     0.196304
    0.267418   -0.0630087     0.547288     0.267012     0.156484   -0.0108712    -0.179362     0.210565    -0.312183    -0.225557      -0.4043     0.109952    -0.404715      0.24481     0.249923     0.225573     0.124845    -0.079725    -0.100963     -0.20479     0.013985    -0.674534    -0.222289    -0.212585     0.511739    -0.516008    -0.244769      0.22557     0.216389     0.221188    -0.423868     0.186915
   0.0876256    -0.378693  -0.00923805    -0.168297     0.247567      0.53267    -0.858515    -0.146719    -0.584538     0.669827      1.02614   -0.0786829    -0.276652     0.125292   -0.0407403    0.0862843    -0.196383     0.646089    -0.379715     0.515295     -1.35284     0.595153     0.030892     0.149334    -0.311747    -0.284148     0.387506   -0.0269099    -0.478172     -0.52196     0.309914     0.154381
   0.0399266   0.00772214     0.313508    -0.547889     0.237165    -0.275699    0.0187698    -0.655372    -0.221152    0.0464585     0.121934   -0.0269444   -0.0846389    0.0569472    -0.115843   -0.0409874    0.0960515    -0.340978      0.10144    -0.539463     -1.19256    -0.151101   -0.0571634    -0.371754     0.380764     0.158983     0.649284     0.257347     0.619772    -0.423414    0.0883651    -0.566497
    0.255587     0.343286     0.079114    -0.217763    -0.125475     0.132305      1.10781     -0.34652   -0.0828063    -0.548433    -0.585569    -0.301711     0.233461    -0.381263     0.378298      0.10517    0.0379217    -0.605269     0.115914     0.431882     0.402915    -0.556726    0.0358831    -0.431814     0.169816     -0.16902   -0.0242596     0.257572     0.069041  -0.00881679    -0.340424     0.497196
   -0.385569    -0.157905     0.339073     0.454288     0.502675     0.385572     0.280232     0.120454     0.209337      0.63942     0.466021   -0.0528132    -0.190713     0.197707      0.31573      0.30578     0.430277    -0.249143     0.182041    -0.390421     0.421506     -0.03885    -0.331157    -0.212777     0.103923     0.395182    0.0230326    0.0211683   -0.0942082     0.628518     0.285914     0.347248
   0.0177933    -0.582168     0.186357      1.13943  -0.00385753     -0.28994    -0.635954      1.16757      0.27366    -0.339624    -0.300757     0.750438   -0.0314732     0.379659    -0.128276     0.589062     0.333359     -0.23358     0.435101    -0.552287      1.37496    0.0319498    -0.996185      0.30037     0.252283    -0.349712    -0.431628    -0.906451   -0.0143742     0.601595    -0.469077     0.423919
   -0.217702    -0.407189     0.162491     0.164123     0.227134    -0.345787     0.284377    -0.561035     0.291903     0.164997    0.0402631    -0.434869    -0.630314    0.0393632    -0.396191   -0.0223591     0.766214   -0.0579384     0.483577   -0.0261417     -0.81186     0.112765     0.468479    -0.264511    -0.489199     0.515404     0.351094     0.128782     0.309816    -0.647335    -0.342928     0.391894
  -0.0969306     0.264539    -0.509504     0.562611     0.179204     0.196733   -0.0434096    0.0604497    0.0327362    -0.319543    -0.102354   -0.0775445    -0.271476    -0.409276    -0.562344    0.0707334     0.504465     0.103031     0.479809    -0.215067     0.447008    -0.463279    -0.179899   -0.0296483    0.0740546     0.487554     0.269179     0.233353     0.253313    0.0609657   -0.0663124     0.483017
