   0.0984071    -0.486483      0.22533   -0.0614704    -0.524905     0.083135    -0.432939    0.0928001    -0.339015     0.146622    -0.352824   -0.0513245     0.101379   -0.0957251     0.593737     0.471944    0.0599849     0.147711   -0.0188522     0.650965    -0.102844    -0.136091   -0.0301047     0.295391     0.495173  -0.00412698   -0.0118691   -0.0621445    0.0987061     0.304548     0.241741     0.210859
    0.111908    -0.268879    0.0800728    0.0701948     0.171909    -0.150849    -0.329639    -0.132892   0.00299518   -0.0756251    0.0327594   -0.0632391   -0.0488969    -0.312225    -0.165499    -0.190585     0.237746     0.042652    0.0453459     0.189306     0.248154   -0.0682007     0.283869 -0.000617329    -0.131065    -0.153561    -0.529859    -0.133842     0.049903  -0.00507421   -0.0619962   -0.0531706
    0.489688     0.172337    -0.314385     0.174591     0.197448     0.380326   -0.0999887     0.252648    -0.127624    -0.279749       0.2474   0.00533004    -0.443058     0.183941    -0.349122     0.107636    -0.561143    0.0151377    -0.359657     0.562008    -0.396151    -0.216682    -0.582287     0.842157     0.165516   -0.0475364     0.247307    0.0175325   -0.0619853  -0.00213227     0.202035    -0.534398
   0.0924064   -0.0164895    -0.369221    -0.157722    -0.320806   -0.0160165    -0.625102    0.0821791     0.348378    -0.115817     0.324899     0.268312    -0.702728      0.19788  -0.00444926    0.0730907    -0.269491    -0.392518    -0.231662     0.180009    -0.898245     0.382067    0.0356137     0.102495     -0.40869     0.660974     0.172818     0.137417   -0.0703859    -0.343311     0.147757    0.0230052
    0.654851     0.472265    -0.295175    -0.058136    -0.197126     0.109116     0.493789    -0.264414    -0.242102    -0.304666     0.204211   -0.0322198     0.235182    0.0389736     0.392825    -0.362621   -0.0517668    -0.227197     0.437446     0.903248     0.193178   -0.0109425    -0.282987    0.0727932     0.258773   -0.0848765     0.288647     0.191993     0.283179     0.915649    0.0559172     0.159729
    0.648223     0.192643    -0.183379    -0.255252     0.493254      -0.3436     0.367125    -0.634422    -0.383625    -0.444272     0.388071    -0.162833    -0.221948    -0.257242    0.0948088    -0.266399   -0.0587291    0.0597292     0.073701     0.211249    -0.453666    0.0914315     0.330639    -0.308011    0.0805025     0.407561     0.577863     0.353822     -0.17707    -0.103639   -0.0276166    -0.828773
   -0.209786    0.0966536    -0.597376    -0.403558     0.424614     0.213648   -0.0522663     0.047146    -0.618923     0.248433     0.601333    -0.254988    -0.215784     0.176453    -0.193763    -0.433722     -0.96513   -0.0307129    -0.226739   -0.0914898    -0.922738     0.384667     0.318826     0.352976    -0.501155     0.251109     0.072395  -0.00127751      -0.1054     0.107524    -0.137573    -0.588991
   -0.393111    -0.115317     0.322833     0.485173     0.673432    -0.189042    -0.316865    -0.192024   -0.0277093     0.412141     0.675139     -0.31645     0.584502     -0.15916    -0.143318      -0.1321    -0.697635     0.206458    -0.736422     0.591797    -0.258797     0.795843     0.169211     0.663447    -0.910659     0.274633    -0.400788   -0.0367557    -0.797558     0.176959     0.329247     -0.26558
   -0.371628    -0.539122    -0.193004      0.16196   0.00325903    -0.038972     0.144179     0.684152     -0.25774    -0.218657    -0.314807     0.189115     0.118659     0.177693    -0.111482    0.0108199     0.169677     0.414594    -0.315963     0.369872      0.25082     0.227907     0.353611  -0.00844939    -0.105148   -0.0426087     0.156362    -0.559637   -0.0704551   -0.0842779     0.181682    -0.128705
    0.189645    -0.123782     0.119281    -0.203336     -0.46874    -0.254711    -0.072255    -0.507377     0.437352     0.413009    -0.383328    -0.161349    -0.420769   -0.0356904     0.137821     0.141976      0.32782     -0.46452     0.129549     0.127945    -0.195426   -0.0179316     0.263398    -0.391212   -0.0794627      1.03411      0.59033     0.549445     0.218103    0.0268529     0.101398     0.143964
   -0.211119     0.369224    -0.316101    0.0107178     0.152139    -0.497594    -0.260426    -0.393804     0.209288    -0.131538     0.551257    0.0535556    -0.339392     0.479288     0.168896     0.143588     0.086742     0.239113     0.425255    -0.255097    -0.650869   -0.0559587    -0.208933    -0.213916    0.0395215     0.275285     0.364706     0.546223   -0.0894424    -0.393739     0.206444    -0.566512
    0.102815    -0.433702     0.135618    -0.314081    -0.384674     0.153777    -0.200876    -0.250604     0.177123     0.783715     0.316692    -0.212901    -0.283234     0.557448    -0.438505    -0.116306    -0.465962      0.16697    -0.757176     0.257746    -0.569847     0.353618     0.354569     0.281131    -0.634154    -0.198713     0.421674   -0.0826895    -0.169419    -0.436055     0.552503     0.125701
  -0.0319339    -0.170935     0.467062     -1.08718     0.424831      0.49126     -0.33277    -0.950002     0.301834     0.360774     0.771441    -0.136942    -0.278971    -0.314505    -0.760067    -0.426519    -0.168774     0.621593   -0.0346641       0.6175     -1.94595     0.448822      0.67495     0.151845    -0.264834      1.16033    0.0462085     0.630739      0.23244    -0.516063     0.126935    -0.536302
    0.056957     0.322902   0.00722589    -0.367145     0.405655    -0.376471    -0.213543    -0.176268    -0.418118     0.489036     0.537982     0.312812    -0.111754    -0.118815     0.197569    -0.512736    -0.142317    -0.250687     0.306148    -0.109334     -1.03776     0.313168    0.0251187     0.375896    0.0831039     -0.47101    -0.152336     0.220905     0.132377    -0.229023     0.253963    -0.391793
   -0.198966     0.119407    0.0431935    0.0933807     0.305981    -0.941677    0.0709904    -0.524673     0.219205    -0.633177    -0.176862    -0.108052    0.0454476     0.156859     -0.11429      0.27754     -0.35806   -0.0161533   -0.0503069    0.0252757     0.336082    -0.915888    -0.345702    -0.199917     0.489503     0.270079     0.439457      0.44818     0.547285    -0.680157     0.518538    -0.403455
   -0.331937    -0.301453   -0.0961435   0.00901339      0.17926     0.144329     -0.07808    -0.381452     -0.05523     0.150548     0.206923     0.176466      0.20109    0.0841684      0.26912     0.584354     0.414078    -0.452498     0.151892      -0.1974   0.00398617    -0.699087     -0.54808   -0.0328933     0.245631   -0.0850046     0.115198  -0.00368398     0.191169     0.257583    -0.156499      0.52151
    0.046028    -0.275577     0.201332     -0.17519   -0.0268445    -0.256849    -0.536675    -0.370523    -0.193078      0.44583     0.486694      0.11002     0.336493      0.68584    0.0952692    0.0710244   -0.0459028   -0.0296304     -0.51679   -0.0307951    -0.224757   -0.0654328     0.349659   -0.0864358    -0.524781    0.0973663     0.389968 -0.000339629     0.117875     0.146889     0.226908    0.0477825
    0.124165     0.381719     0.062425    -0.421558     0.378082    -0.449759    -0.453648    0.0186505 -0.000249031     0.389739     0.406218    0.0737586     0.384998    0.0276473   -0.0902283    -0.452541    0.0721471     0.180056     0.684826     -0.29935     0.179588     0.763977     0.107629     0.354682     0.212398     0.213049     0.715833  -0.00293929    -0.125186     -0.26779     0.134597    -0.374059
    0.576784    0.0564843    0.0309907     0.139105     0.634342   -0.0399097      0.17383     0.209364     0.146518     0.451609    -0.446515    0.0409274    -0.299508    -0.137712     0.237932    -0.280721     0.366645    -0.678663     0.190022     0.149492     0.443031     0.249478    -0.411402    -0.274265     0.146142    -0.269123     0.145716    -0.205539     0.450755    -0.283701      0.12732     0.334969
  -0.0541747     0.330688   -0.0850285    0.0609245     0.240932    -0.013354    0.0110173   -0.0575565    -0.117517    -0.436197    0.0198272    -0.305318     0.490012     0.134847     0.207556    0.0682706    0.0343767    0.0753085     0.379423    -0.447169    0.0436341    -0.251871    -0.255868   -0.0874911     0.226874    0.0233561   -0.0714875     0.460861     0.186369     0.149877     0.169775     -0.59957
   -0.296567    -0.302511     0.556093     0.256647    -0.931822   -0.0342922    -0.508588     0.382918     0.237396     0.224585      -0.8218    0.0521415     0.562059   -0.0104009   -0.0992219    -0.256692    -0.328345    -0.015594    -0.369657    0.0606858      1.14114     0.155336    -0.466182    0.0296633     -0.46541    -0.640277    -0.241422    -0.461854   -0.0408392    -0.232967  0.000851141   -0.0168719
    0.169806     -0.72885    -0.148451   -0.0547807      0.40197     0.630544      0.09272   -0.0949309   -0.0608258    -0.515488    -0.389951     0.709678    -0.274297    0.0325529     0.365214     0.137282     0.306175    -0.122149   -0.0391706     0.191732     0.556748    -0.012487    0.0675003      0.15863     0.206907     0.150853   -0.0162095     0.315938     0.477475     0.937954    -0.171865     0.403146
   -0.388326    -0.141037     0.303382     0.616719    -0.885275    -0.129826     -0.34697    0.0080926     0.355284     0.508637    -0.317407     0.346079     0.163995    -0.102926    -0.644863     0.231845     0.312353    -0.655336   -0.0748691    -0.414398     0.887452      0.12077    -0.356215    -0.247306    -0.259019   0.00653288    -0.493822    -0.404665     0.128056     0.146558    -0.324297    -0.227938
    0.254059    -0.134131      0.24855    -0.435519    -0.122393      0.41247    -0.298889    0.0275172    -0.425145   -0.0396517      0.37197    -0.076928     0.425147    0.0277511    -0.861986    0.0711718    -0.144741    -0.304033    0.0550343   -0.0140997    -0.570742     0.593875    0.0732885    0.0563776     -0.58092    -0.185846    0.0379761    -0.161282   -0.0111909     -0.92276      0.37881     -0.75973
 -0.00131195     0.364351    -0.319199      0.10479    -0.417217    0.0452119     0.615973    -0.265475    -0.329109    -0.297525     0.184074     0.145256    -0.353948    -0.200027     0.276408    -0.213046    -0.488239   -0.0656066      0.47873     0.181136    -0.295139   -0.0314683    -0.284858    -0.145605   0.00494215    -0.200016    0.0924598     0.498014     0.079801     -0.17401    -0.153448   -0.0939941
     0.44459    -0.399264     0.318282     0.450814     -0.12141    -0.228572   -0.0188543     0.451287    0.0150389     0.475216    -0.145269     -0.54959      0.33151     0.316965    -0.140376   -0.0159555    -0.241794    -0.181875    0.0629404     0.907467      1.29955    0.0648925    -0.196109     0.287678    -0.182217     0.154296     -0.30308    -0.669773    -0.173279     0.108848   -0.0137265     0.803948
    0.339873    0.0947021     0.110829    -0.172236      0.27931    -0.649384   -0.0138778    -0.447521    0.0677421     0.506515     0.234932    -0.484171    0.0966811    -0.233082    -0.528982    -0.183456   -0.0458813     0.128495     0.146529     0.464654      -1.0416     0.604653     0.589619      0.13983   -0.0416265     0.665685      0.17542      0.37471     0.017216      0.03133    -0.144904    -0.153541
    -0.36253    -0.192049     0.152232     0.206378    0.0583922    -0.640631    -0.644181     0.617941    -0.175022    -0.209544    -0.783969     0.362419    -0.359839   -0.0680238    -0.684611     0.277758    -0.418349    0.0725595    0.0545662    -0.900255     0.179777   0.00994255    0.0642998    -0.133344    -0.357186    -0.507232   -0.0152873    -0.681338     0.156707    -0.246987    -0.275878   -0.0956767
   0.0102083     0.248342    -0.191138     0.059474    0.0483844    -0.167579    0.0596593      0.21536    -0.216883     0.427338    -0.915006     0.178703    -0.803655    -0.678112    -0.219494     0.114786    -0.111396    -0.766994      0.10524      -0.1622     0.907468     -0.35349    -0.698277   -0.0551225     0.183575    -0.154811    -0.441723    -0.397132     0.244145     0.613521    -0.347654     -0.40479
   -0.176225    0.0817515    -0.091765  -0.00434532    -0.110043    -0.280699   -0.0513903    0.0414872    -0.567546   -0.0785599     0.145351     0.178988    -0.118922    -0.145047    -0.316207    -0.166931    0.0177249   -0.0760369    -0.233717   -0.0981938    0.0182108    -0.218131   -0.0410098     0.467692    -0.127614    -0.326234    -0.145994     0.263508     -0.42176     0.209293   -0.0380745     0.200032
   -0.479743     0.273413    -0.277471     0.486776    -0.325276     0.453766     0.328572     0.374662     0.273805     0.699734   -0.0774352    -0.111971    -0.108575     0.240276    -0.302392   -0.0272714     0.264931    -0.300868    -0.155315    -0.431003     0.450844     0.197948    -0.563855     0.593485     0.276003   -0.0382195     -0.60605    -0.161186      -0.2304      0.27716    -0.600148     0.051618
    0.274835    -0.577475  -0.00319114    -0.589631    0.0936486     0.148991      0.14905    0.0222464    -0.224046     0.350585      0.08453     0.487852    -0.270233     0.369801    -0.605306     0.170847    -0.478599    -0.172065     0.425316    0.0664018     -1.63035   -0.0856479     0.299854     0.376071    -0.394027    -0.259731     0.449634     0.499476    -0.607418    -0.344845    0.0667618    -0.891261
  -0.0282255    -0.638524     0.164238    -0.162088     0.201515    -0.218986    -0.151631     0.220822    0.0565442    -0.698435   -0.0082993   -0.0518909    -0.545874   -0.0525854    -0.499066     0.469692    -0.645259    -0.735585    -0.574993     0.437101    -0.390241     -0.76155    -0.208755     0.791305   -0.0620468    -0.304209     -0.18551    0.0746711     -0.15615    -0.230015     -0.68373    -0.739462
   -0.305103    0.0344947     0.261317      0.24814   -0.0014596    -0.187418    -0.238089    -0.128357    -0.299586   -0.0927655    -0.263375     0.106566     0.521813     0.112626     0.776259     0.100564     0.125035      0.12811   -0.0253431    -0.482032     0.177701   -0.0633176    -0.192891     -0.27909    -0.292302    -0.490467    0.0488983    -0.415002   -0.0210229     0.134694   -0.0814564    -0.280074
    0.244365    -0.280502    0.0219531    -0.220746    -0.414593    -0.084011    -0.209167    -0.336235     0.495031   -0.0891924    -0.137736     0.106277   -0.0219962    0.0246999    -0.207251     0.343417     0.404439   -0.0835657     0.215377    -0.269815    -0.181875    -0.108991    -0.187712   -0.0581784    0.0942837     0.504038    -0.230738    -0.126809    -0.221889     0.137085  -0.00510446     -0.27314
   0.0387851     0.461386   -0.0553225     0.178471     0.196024    -0.209587     0.116414     0.241687    -0.823328   -0.0905762     0.289639    0.0967457    0.0635895      0.40098    0.0120489     0.192172     0.161636      0.34793   -0.0945367    -0.527487     -1.05299     0.189031    -0.240855     0.509553   -0.0230979    -0.227473    -0.106396     0.120431    -0.665933   -0.0267297     0.150763    -0.349325
    0.299257    -0.364972    -0.124895    -0.174735    -0.253725     0.180781     0.168464     0.177396      0.26697     0.055199    -0.190982   -0.0408124    -0.401174     0.313809    -0.687581     0.307646     -0.22284    -0.529845    -0.258926    -0.104586     0.277528    0.0530926    -0.351866    -0.113758    -0.429099      0.61959    -0.223677   -0.0155001     0.618319      0.40279    -0.230379    -0.215252
  -0.0605382    0.0346657     0.228203     0.294657   -0.0696105   -0.0383817   -0.0664175     0.435105    -0.274599    -0.151235    -0.154002     0.264343    0.0162428   -0.0826142    -0.101441    -0.269238     0.128056     0.417958   -0.0389043     0.581066    -0.269098     0.110414     0.632466      0.32017    -0.310918     0.189851     0.207925    -0.521878    -0.590003     0.239524     0.390524     0.251828
    0.301516     0.047566     0.103574   0.00243524     0.160993     0.375512     0.166629    -0.190363     -0.22381    -0.594976   0.00882331    -0.442158   -0.0444694    0.0481284    -0.117559   -0.0241879     -0.34259     0.320954     0.141936     0.125643    -0.274567    0.0763681      0.55455     0.218275    0.0861925     -0.39959    -0.361371  -0.00614709     0.220682     0.463949    0.0368876    -0.299046
   -0.187765     0.648414     0.120248    -0.149736    -0.347236   0.00711473     -0.59329     0.264991    -0.594247    -0.171553     0.056951    0.0237184     0.349225     -0.21397     0.351296    -0.187898   -0.0695219    0.0640176     0.447074   -0.0760227   -0.0705666     -0.29236     0.145614    0.0753965     0.305338     -0.11766     0.172376    -0.139738     0.312736     0.207097     0.165618      0.15792
    0.588889     0.156208   -0.0359149     0.244487     0.328077     0.225455     0.227758     0.193174    -0.375981     0.140603    -0.213907   -0.0352609    0.0980937    -0.272831   -0.0443204   -0.0442549     0.166727     0.109058     0.249469     0.241452    -0.102394    -0.130598      0.04859    0.0415622     0.445465     0.147322   -0.0212333     0.206194     0.113296      0.34389     0.372174    -0.164652
   -0.388024    -0.173642     0.708088      0.15368    -0.452491    0.0297186     -1.04587   -0.0004748     0.163298     0.143542    -0.100756    0.0605941     0.159121    0.0294192     0.038302     0.290752    -0.442624    -0.441267    -0.235419    0.0295415     0.459467    -0.416066    -0.524034   0.00254844     0.144513     0.120202     0.129058    -0.157172    0.0589563    -0.383918   -0.0457719    -0.358034
     0.31567    -0.476172   -0.0493048     0.216983    -0.414372  -0.00577289   -0.0270673     0.101991     0.375279     0.283259    -0.360232      0.77289     0.115566    -0.218477   -0.0437187    -0.286378      0.37025     0.276115     0.302892    -0.205519    -0.260903     0.273506     0.230574    -0.353623   -0.0802628   -0.0539799   -0.0613055     0.174056    0.0501936   -0.0443921     0.154671     0.338584
   -0.392462    -0.161063    0.0796354      0.50981   -0.0862241   -0.0529089   -0.0370933     0.615155    -0.132782    -0.271238   -0.0150768    -0.164012     0.953968   -0.0957976     0.541143     0.133577   -0.0680538     0.317191     0.535408     0.380761     0.657103    -0.262658    -0.180028     0.570868    0.0883074     -1.09314    -0.342338    -0.358196    0.0524889   -0.0263292     0.421254     0.312995
    0.243649     0.179438     0.205741    0.0183531    -0.537614     0.442924     0.112285    -0.391416    -0.342583     0.148763    -0.489316    0.0187493     0.254246    -0.368756      0.39038    0.0315308     0.550293     0.235973     0.282789     0.412543     0.363148     0.130442    0.0943967    -0.424216   -0.0843443   -0.0645036     0.142991     0.141143     0.130428     0.383748    -0.199475      0.39777
   0.0954579     0.317229    -0.146776     0.084151    -0.265874    -0.573429   -0.0508834    -0.381597    -0.315127     0.171538     0.388617     0.337332     0.227455     0.192914     0.202249    -0.289095     0.125897     0.393215    -0.147207    -0.744017    -0.440982     0.268058    -0.539196    0.0502085     0.121941    -0.561379    -0.146706     0.526248     0.194247     0.135925   -0.0244286     0.140513
   -0.203249      0.10856    -0.016224     0.655456     -0.12285     0.281029    0.0462406     0.817613    -0.184317   0.00937392    -0.261122     0.242805     0.395012     0.190165     0.109355     -0.49332    -0.216403     0.278227    -0.667602    -0.264768       1.2761     0.635568    -0.791845     0.607059    0.0720964    -0.841087    -0.890031    -0.212137     -0.14615     0.266351    -0.154512    0.0621561
   0.0883515     0.367373   -0.0939845    -0.291243     0.427979    -0.432202    0.0915268    0.0912677  -0.00854952    -0.103363     0.229559    0.0322201    -0.439193   -0.0832146    -0.166003    -0.368141    -0.437938     0.159058     0.230943     0.036295    -0.392582   0.00687343     0.545354     0.121037     0.218849    -0.317594     0.122532   -0.0950591    0.0473462  -0.00568645     0.484563      -0.4281
   0.0424607     0.497936    -0.170683    -0.125717    0.0345576     0.535695    0.0938107     0.103695    -0.609298     0.174422      0.10067    -0.227711     0.314868    -0.346639     0.277333    0.0280934    -0.193792    0.0332981    -0.630519    0.0173718    -0.257369    0.0979971     0.270154     0.218626     0.212378    -0.523244    -0.231347     0.546973    -0.641531      0.17885     0.705365    -0.573514
   -0.413487    -0.438488    -0.206981    0.0367114    -0.173685     0.194168    -0.551944     0.472407    -0.192001     0.395876    -0.017238  -0.00323546    0.0319216   -0.0686651    -0.189086  -0.00542858    -0.104876    -0.126587     0.206005     0.375214     0.254979    0.0951612     0.187014     0.396744    -0.571953    -0.580291      0.29005    -0.411427    -0.106517    0.0559163     0.687065   -0.0289415
    0.205386     0.264419    0.0209783    -0.133712   -0.0049177     -1.01231    -0.166845    -0.414103    -0.168993    -0.567848    0.0765099    0.0919556    -0.104371   -0.0538554     0.649853     0.189702     0.325254     0.209647     0.316005     -0.47001    -0.712627     0.167456    -0.516273     -0.29867     0.469724    0.0140765     0.318931     0.986223    0.0271924    -0.114876   -0.0446701    -0.837604
  -0.0502549     -0.63354    -0.285291   -0.0575395    -0.182515    -0.749011     -0.57896     0.753674     0.190759    -0.326199    -0.475357   -0.0142346   -0.0492505     0.151417     -0.25119      0.84244    -0.596334    -0.611012    -0.671394    -0.498091     0.666863    -0.244068    -0.378635    -0.201477     0.153443    -0.358979     0.124727    -0.504093     0.224343    -0.176187     0.375095     0.373646
    0.135457     0.310169    -0.311522     0.450149    -0.189428     0.257512     0.523264   -0.0792072    -0.305404    -0.302342    -0.459575    0.0774344   -0.0143781     0.159172       0.2291    0.0507931     0.648398    -0.516971     0.220092    -0.468199     0.192218   -0.0341862    -0.275542    -0.519483    0.0370512     0.307865     0.356376   -0.0609004     0.453815     0.647416    -0.159773     0.334941
  -0.0694097    -0.101381   -0.0321087    0.0131401    -0.232756    0.0466914     0.203253     0.713625     -0.34059     0.148838     -1.02774    -0.327725     0.409824     0.223365     0.507284   -0.0134194    -0.598929    -0.224533    -0.440255     0.567606      0.94955   -0.0490275    -0.591988    -0.168258    -0.553629    -0.267036   -0.0121529   -0.0227421    -0.291945   -0.0909433     0.259563     0.588895
   0.0339494   -0.0892975     0.119543    -0.391937     0.305533    0.0856155   -0.0220718    -0.350957    0.0744174      0.93027     0.483508    -0.246995    -0.073733    -0.129641    -0.129141    -0.631233    -0.326443     0.301622    -0.217661     0.337784      -1.7221     0.702186      0.71181     0.394545    -0.385867     0.737022     0.271764     0.586987    -0.148837    -0.387032     0.097547    -0.204178
   -0.301108    -0.310603     0.380046    -0.168602     0.329964     0.612493    -0.277368       0.3973    -0.147577    0.0427811    -0.438184     0.139052     0.225738    -0.357646     0.504501     0.051173      -0.5053     0.370983    -0.147087  -0.00432573     0.706366    -0.331778     0.169289    0.0606617      0.53624    -0.858168    0.0902526    -0.362322    -0.188243    0.0450417     0.227773     0.319638
  -0.0731696    -0.505907     0.229375     0.156232    -0.229462     0.102693    -0.360244     0.748966     -0.13926     -0.30491    -0.305469     0.258073   -0.0221449   -0.0752973    -0.708545      0.24061    -0.211587    -0.396428    -0.326525    -0.491808     0.699372    -0.464358    0.0863926    -0.167718   -0.0775663     -0.12526   -0.0191675    -0.129586     0.306379     0.131961    0.0012917    -0.332616
   -0.548579    -0.332564     0.532776     -0.35718    -0.276328     0.266834    -0.395287    -0.361096     0.300037     0.361301   0.00636511     0.157626    -0.171633    0.0254094    -0.263969    -0.191364    -0.147413    -0.610741    -0.100092     0.432124   -0.0907835    -0.427459    0.0325355     0.103692    -0.273879    -0.186735    -0.272675   -0.0879865     0.348044    -0.412813    -0.315435    -0.198117
   -0.623584    -0.508369     0.260901     0.456945   -0.0783254     0.331326    0.0358365    -0.288356    -0.165766     0.242156     0.422737     0.418033     0.302099    0.0521513     0.618138    -0.489109    -0.302368    -0.334449    -0.181838      0.26658    -0.145593    -0.107076   -0.0909279    -0.082386     0.283683      -0.4554     -0.34621   -0.0474692    0.0917201   -0.0685106    -0.101897    -0.675257
    0.351407     0.155551     0.450919    0.0394757     0.702089    0.0977377    -0.121997    -0.899858    0.0977601     0.138066     0.265596   -0.0387093    -0.493324      0.02733  -0.00427096    -0.326893   -0.0639896     -0.99514     0.130667      0.19989     -1.26703      0.88862     0.914855    -0.320162    0.0410409     0.528309   -0.0336333     0.302897     0.217616     -0.10027     -0.13993     0.485081
   -0.206218     0.324144    0.0271636    0.0496437     0.345564     0.698383   0.00688204   -0.0861007     -0.15915    -0.117214    -0.440794    -0.084476    0.0265191    0.0336635     0.136455   -0.0630278    -0.349161    -0.169991    0.0879632     0.481893     0.866739   -0.0209941    -0.174771      0.31473   -0.0113555    -0.289214     0.391567     0.249848    -0.158241     0.473011     0.117563    0.0423576
    0.321181    -0.297431     0.489987     0.258949    -0.441814     0.473433     0.287769    0.0269268     0.135548    -0.153572    -0.431349    0.0301789     0.182535    -0.327778    -0.310665     0.390622     0.784144    -0.635452     0.559932     0.583776     0.639178    -0.660295     0.270792     -0.35959    -0.176395     0.380607    -0.424803     0.409692     0.368911    -0.067603    -0.606935     0.806595
   -0.194662    -0.580976     0.287798  -0.00235857    -0.190301     0.422846    -0.283575    -0.330656     0.069861    -0.413458     0.340277   -0.0038064    -0.243262    -0.226732     0.696796    0.0500887     0.122076    -0.418222   -0.0174982      -0.4217      1.01872    -0.213891     0.137164    -0.232999     0.435604     0.295439     0.132934    -0.599109     0.526357      0.11115    -0.145435     0.103129
   -0.551906    -0.535305    0.0324174     0.221221    -0.641991     0.604991     0.272187    -0.249871   -0.0640453    -0.196485    -0.467035    -0.369516    -0.331779   -0.0406828     0.427269     0.409384    -0.228706    -0.557108    0.0126317     0.992784      1.24337    -0.320131    -0.466713    -0.579983   -0.0327622     0.104687    0.0433304     0.358933     0.353261     0.074371    -0.189688     0.367241
   -0.102842    -0.303351    0.0214835   -0.0426751     0.138245     0.237102    0.0280217     0.159203     0.266176   -0.0947786     0.439649    -0.118517    -0.138653   -0.0788158    -0.187669     0.275447    -0.413579    -0.213691    -0.202598     0.558876    -0.128079     0.443075     0.165243    0.0451413    -0.208322        0.323     0.248718     0.200126    -0.303204     0.228869    -0.186277   -0.0991982
   -0.440283     0.155602     0.297197     0.812057    -0.582781    -0.185932    -0.264101     0.198933    0.0959427     -0.20582    -0.238742    0.0823614     0.747875   -0.0404039     0.319886      0.31629    -0.261911     0.303571     0.082621    0.0496677      0.67144      0.31863    -0.426348     0.221603   -0.0515412    -0.906723    -0.625941    -0.291153   -0.0610849     0.159525    0.0152002    -0.159903
   -0.536463     0.242138    0.0973851    -0.253794    -0.241789     0.330975     0.296372   0.00380147   -0.0236988      0.38513    0.0405286     0.219484    -0.183465     0.363163    -0.257548      0.23946    0.0578029    -0.288999    0.0893529     -0.19904     0.323523    -0.127763    -0.176637     0.155639     0.319191     0.217484     0.117013    -0.177555     0.195786   -0.0316187    0.0783604    -0.003014
   -0.163823     0.304269    -0.181865    -0.141534    -0.326808     0.150485    -0.293017    -0.337906    -0.175621     0.444976    0.0144726    -0.432249     0.362462    -0.108308     0.118937     -0.56057    -0.566037     0.113675      0.62754    -0.112354    -0.398694     0.158777     0.212161     0.138234     0.367377    -0.152447    0.0815963    -0.271399    -0.327478    0.0584643     0.266736   -0.0478405
   -0.254447     0.170608    -0.654314   -0.0250277     0.339732    -0.408618     0.306138     0.551197    -0.763444    -0.119141    -0.363759    0.0576459   0.00421127    0.0139899    -0.334197    0.0508055    -0.223985     0.335451    -0.129721    0.0770544     0.290651     0.182333    -0.593123    0.0754915    -0.428129     0.410222     0.335342    -0.264192    -0.382204    -0.597085    0.0319078    0.0102206
   -0.492447    -0.359759    -0.309303     0.052493    -0.446781    -0.219219     0.162836     0.251713     0.345514   -0.0486919    0.0731937    0.0739925    -0.205079     0.110422      0.13678   -0.0946699     0.339927    -0.537008      0.51754    -0.139545    -0.384931      0.10727    -0.115163    -0.127098    -0.209467   -0.0137071    -0.223543     0.410811     0.369864    -0.588092    -0.308919    -0.044491
   -0.043013    -0.189822    -0.161467    -0.362107    -0.194846    0.0558415   0.00109828     0.639382     0.263929    0.0811761    -0.148106    0.0849574     0.533201   -0.0894265    -0.479711     0.279689     0.542012     0.279405  -0.00927957     -0.79543     0.597155     0.323702    -0.321106     0.486852    -0.122862   -0.0441807      0.24797    -0.696666    -0.289145     0.198533   -0.0883993     0.421576
   -0.279907    -0.670021     0.196699    -0.231686    -0.597011     0.320968    -0.431647   -0.0644295    -0.116408    -0.134765    -0.130403     0.740081     0.233344   -0.0605865     0.171122     -0.28884    0.0491126      0.26508     0.172008     -0.65753    0.0303985    -0.262759     0.216421    -0.434654    -0.174436   -0.0473104    -0.223139     0.267743    -0.023656      0.17041     0.265049    0.0788217
    0.150152    -0.234551    0.0757277    -0.464292     0.371195    -0.130947      0.13162    -0.568135   -0.0555288    0.0646691      1.08029     0.290789    -0.344563     -0.19795     0.105123    -0.391089    -0.258986    -0.218715    0.0925824    -0.409767     -1.03994      0.23834     0.196158   -0.0221388    -0.279566     0.656649   -0.0652342     0.837193     0.188288    0.0810381    -0.313079    -0.288397
    -0.92448    -0.568707     0.579754   -0.0563674    -0.852621    -0.882923    -0.571016     0.759584    0.0825262     0.759401    -0.304619    -0.184111     0.747478    -0.272187    -0.159846     0.573635     0.327684      1.38532    -0.529791      0.64644    -0.156564    0.0366759   -0.0118722     0.283645     0.349712   -0.0815891      0.36464    -0.731471    0.0358527    -0.323792     0.936354    -0.805584
    0.209006    -0.215625     -0.35014   -0.0574124   -0.0881366    -0.174338    -0.058991   -0.0651847     0.260229     0.222751     0.202612    -0.258002     0.197952     0.279885     0.191801     0.435952    -0.719436    -0.109324   -0.0262651      -0.1119     0.233558    -0.102377    -0.364155    -0.012279     0.192071    -0.347406    -0.200044     0.422553    -0.201706     0.318915     0.339868     0.555464
     0.42825     0.174812   0.00822972   -0.0970379     0.507923    -0.104797     0.568999    -0.189362   -0.0473253    -0.153264     0.166987    -0.240676    -0.387092     0.320388     0.358423    0.0992031    -0.261257    -0.289644     0.392658   -0.0762801    -0.648516   -0.0451178   -0.0584596    -0.485121     0.145065     0.420696     -0.13735     0.304399    0.0222618    0.0903095     0.162367    -0.438913
   -0.430083    -0.295236    -0.365105    -0.510144     0.244346    0.0444512    -0.299534   0.00799019    -0.200938    0.0899157    0.0174459   -0.0989162    -0.721808     0.392812    -0.228441    -0.641389    -0.437685    -0.207322    -0.146618    -0.430069    -0.420626     0.766036     0.528087    -0.177569    -0.191908     0.637429     0.463477    -0.109131     0.150814     0.401455    -0.501204      0.26055
  -0.0808247     0.173754     0.653279    -0.476286    -0.746489    -0.545173   -0.0959921    0.0608398   -0.0115588    0.0151648     0.350371     0.621576     0.241003    -0.195095    -0.491058    -0.156404     0.211949    -0.193083    -0.152821   -0.0968985    -0.703446    -0.135003     0.117936    -0.130467    -0.406875    0.0977118     0.133618    -0.401179      0.23959     0.436313    -0.137152    -0.834379
   -0.548798   -0.0143054     0.199575     -0.24118    -0.209783   -0.0571749    -0.596295     0.169026   0.00165588     0.202815    -0.231293    -0.677219     0.792782    0.0403886     0.566325    0.0213183     0.188771    -0.348791     0.166739     0.501202     0.493054     0.240334     0.109066     0.574711    -0.481255     0.144953    -0.402189    -0.393694     0.110258    -0.279849    -0.120578   0.00935675
   -0.272628    -0.132985    -0.139652    -0.375181     0.263382     -0.21923    -0.338739    -0.278823    -0.695943    -0.109498     0.321793    -0.310453    -0.019134    -0.197612   -0.0957799     0.147114     0.139891    -0.492032    0.0823579    -0.553023     -1.76659    -0.776326     0.285118    -0.108639     0.396541    -0.114431    0.0718382     0.625481   -0.0900065    0.0411038     0.403387    -0.673586
   -0.359154   -0.0117779     0.079987     0.108641      0.72043    -0.296919    0.0662935     0.300978     0.165118     0.588078     0.206492    -0.186626     0.325774   0.00274457   -0.0193085    0.0895684   -0.0167439     0.404904     0.413957    -0.136278     0.526823     0.332367     0.155923     0.258913     0.033582    -0.338833   -0.0803121    -0.057323    -0.559087    -0.104917     0.304974     0.146482
    0.408646   -0.0128364     0.405912     0.452007     0.467851     0.597572      0.51387    0.0951542     0.184446     -0.57359   -0.0623376    -0.133426    0.0189389    -0.689492    0.0808678      0.38666     0.633555     0.241115   -0.0995323     0.311289   -0.0457278     0.289454      0.19598    -0.569129 -0.000591024     0.442371    -0.360288    -0.185155     0.410932    -0.112522    -0.438571   -0.0426145
     0.29959    -0.156591   -0.0770091    -0.109077      0.26342     0.157824     0.388876 -0.000391999    -0.370493    -0.133166     0.539937     0.355214     0.561403     0.103616     0.442155    -0.237234   -0.0309076  -2.0393e-05    -0.233586     0.249986    -0.112046     0.195707    -0.500521    -0.219373     0.399193    -0.437252    0.0184489     0.142659     0.608988     0.307325   -0.0482226    -0.178311
    0.517159     0.398763    -0.559754   0.00947701     0.660483     0.274701     0.160435    -0.184541   -0.0632456    -0.386944    -0.121501    0.0529256    -0.407079     0.321929    -0.329653   -0.0710239    0.0828636     0.269886     0.403846     -0.31041    -0.348321     0.606568    0.0786308    0.0924124   -0.0844203      0.81952     0.703927     0.296688    -0.464149    -0.158418    -0.452621     0.100128
   -0.292371       0.1105    -0.303239    -0.383705     0.345457    -0.521427    -0.333211    -0.578352    -0.405358    -0.181984     0.167877    -0.333692     -0.28949     0.317894    -0.129155   -0.0576123    -0.626866   -0.0175233     0.157621    -0.616122  -0.00461608     0.344741    -0.371886   -0.0508242    0.0491963     0.353228     0.313039   -0.0489915     0.139049     0.113754    0.0246204   -0.0366756
   -0.324309    -0.773868    -0.384046  -0.00810172    -0.415145     0.444699    -0.381345     0.743834   -0.0478761     0.477714    -0.115382     0.292662    -0.636951    0.0798447    -0.127119   -0.0423943     -1.09746   0.00784094   0.00127378    0.0825309     0.800571     0.146011     0.126516     0.536218    -0.387544    -0.515876    -0.370544     -0.61473   -0.0533181    0.0193531     0.142812     0.156095
    0.187487     0.046592    0.0219956    -0.745093  -0.00452112    -0.315486     0.247486    -0.626356    -0.325752     0.189454     0.605725    -0.471666   -0.0490706   -0.0243831    -0.625996    -0.687601    -0.702343  -0.00576147   -0.0947755     -0.02523      -1.6166     0.592615     0.589254     0.273539    0.0546551   -0.0765523    -0.128485     0.958274    -0.389613  -0.00977916    -0.211125    -0.443681
    0.275775     0.133489     0.431908    -0.480029     0.809409    -0.267109   -0.0191259    -0.264815     0.225167     0.125274     0.766109     0.593868     0.101165    0.0598565     0.173955     0.323653     -0.35352    0.0140309   -0.0929948     -0.30804     -0.23528   -0.0455831     0.467925     0.574982     -0.68074     0.127417    0.0162119     0.309316     0.240927     0.168838   0.00659975    -0.539589
    0.629399    -0.222306     0.376523    -0.805369     0.735595    -0.492517     0.151986     -1.12703    -0.273897      0.27935      0.74638    -0.185309    -0.949103  -0.00447347   -0.0930657    -0.331418    0.0274348    -0.533957   -0.0388004     -0.64308      -1.6497     0.425157     0.797804    -0.428653   -0.0949769     0.967064      0.45401     0.464883     0.491749     0.198033   -0.0303789   -0.0421245
    0.463867     0.180424    -0.492507    -0.557247       0.2691    -0.167178    0.0103829    0.0211438    -0.363426    -0.195451     0.813728   -0.0372446    -0.397162    -0.244408  -0.00805344    -0.219603    -0.420518     0.418632    -0.580355    -0.226759    -0.924253    0.0708147     0.547487     0.621341    0.0451823      0.24423    0.0499972   -0.0617049   -0.0596969    0.0143785     0.274227    -0.509924
   -0.326284     0.239179    -0.494027     0.100971    -0.385357    -0.177267    -0.241231     0.638151   0.00819489      0.12506    -0.017519    -0.121064     0.667121     0.240441     0.216548    0.0712873    -0.584369     0.254364       -0.337     0.287966     0.269245    -0.164443    -0.635451     0.346376    -0.202864    -0.755303     0.149951   -0.0618028   -0.0277166   -0.0536423     0.566831    -0.483871
   0.0830377    -0.416124     0.137005   -0.0649868     0.258118   -0.0949337   -0.0448851    -0.412459     0.101356    0.0141112    -0.168071   -0.0117766     -0.28968     0.364207     0.146752    -0.044452     0.140356    -0.687984   -0.0570114     0.646731    -0.140757    0.0339501    -0.150176    -0.146224    -0.289169     0.308795     0.172836     0.246954     0.065251     -0.12605    -0.352528    0.0149415
  -0.0662139    -0.155169   0.00634793  0.000733709    -0.350798     0.370167    -0.383519     0.625085   -0.0992553     0.203926    -0.493974    -0.207421    0.0122775    0.0975103    0.0994275   -0.0268295     0.115862     0.179497     -0.24441      0.26265      0.41021      0.12265     0.464919      0.37162      0.16261    -0.297856    -0.611878    0.0417629    -0.218546     0.102972      0.33577       0.3553
    0.511925     0.152191   -0.0215928    -0.183761     0.167452    -0.591414  -0.00459812     0.496701     0.472533     0.344405    -0.434629    -0.127621   -0.0540843    -0.469667    -0.633906      0.33255     0.740703    -0.152988   -0.0714674     -0.32676     0.605972     0.291618    -0.072682    -0.260583     0.428708     0.191999     0.759469    0.0983083   -0.0682404     0.410934     -0.58857    -0.566774
     0.14528     0.168864    -0.237739    -0.494346   -0.0811643    -0.192513    0.0379821    -0.808317    -0.401391    -0.158925     0.597053    -0.359579      0.13726    0.0463759    -0.328434    -0.443366    -0.362124     0.221675     0.133185    -0.122626      -1.0392    0.0678801      0.51117    -0.196089    0.0260648     0.358941    0.0620508     0.220926    0.0998572    -0.180877     0.286793   -0.0128392
    -0.24389  0.000469669    -0.482391     0.145466     0.133277    -0.403585    -0.234273    0.0969239     0.182936    -0.299135     -0.26614   -0.0636877     0.692919   -0.0875155     0.276697    0.0651635     0.626944     0.110322     0.553286    -0.627458    -0.379731   -0.0919595     -0.49017    -0.290646     0.773952   -0.0842647     0.233532     0.269722    0.0851325     0.171383     0.102512  -0.00904797
    -0.58421    -0.329323     0.546382    0.0682826    -0.789067     0.162658     -0.27028    -0.125116    -0.412023     0.472044     0.268827    -0.445781     -0.19347    0.0478919   -0.0585057   -0.0896683     -0.42415    -0.152442    -0.579837   -0.0818239     0.251807     0.124032   0.00322855   -0.0407751    -0.651595     0.326503     -0.09767    -0.530084      0.14428    -0.966517    -0.211922   0.00620457
    0.150779    0.0997519    -0.335864   -0.0249806     0.636605     0.485746    -0.367858     0.255552    -0.150034   -0.0138572     0.357813    -0.603586     -0.26996      0.30064     0.244328     0.254108     -0.56871    0.0530055     0.206549     0.147924     0.118876    -0.329741    -0.740359     0.035602     0.494203    -0.446837    -0.263931     0.124175     0.564597    -0.445897   -0.0806457    0.0249546
     0.34289     0.161522     0.420893    -0.479085     0.270089   -0.0507678    -0.050266    -0.358143    0.0676142    -0.272059     0.288451     0.439699     0.629897    -0.327094    -0.236984    -0.305004    -0.352862    0.0487366    -0.126708   -0.0357365    -0.657851     0.419159     0.581848     0.219269     0.158251     0.155337   -0.0182442     0.290659   -0.0166388    0.0359758     0.247389    -0.592379
   -0.331136    -0.232551      0.77081     0.234377    -0.161419     0.314679    -0.368454      1.01581    0.0755834    -0.658372     -0.38396    0.0585516     0.342881     0.211554    -0.796821   -0.0746012    -0.762857    -0.345064    -0.897496     0.313251     0.760097    -0.440584     -0.31765     0.497835     -0.21174     -1.20423    -0.673741    -0.876956    -0.252024    -0.478743    -0.284477    -0.266186
    0.283788     0.422866      0.52052     0.084628    0.0736297    -0.176224    -0.111485    0.0855335   -0.0150083    0.0939428   -0.0482251    -0.183879     0.513356    -0.567145     0.015273   0.00804699     0.385454     0.109114    0.0532857     0.180271     0.459423     0.124681    -0.220287     0.278196    -0.273715      -0.1737     0.364874   -0.0873647     0.118231     0.295915     0.187017      0.38773
    0.180984     0.186972     0.268635   -0.0802184    -0.210467    -0.338891    0.0470785   0.00171861     0.480164     0.493427    0.0374391    0.0297819     0.158505    0.0553064   0.00355183    -0.350749    -0.153443    0.0424145     0.286836      0.18665   -0.0374759    0.0761806     0.284243     0.184116    -0.278406     0.567414     0.633467     0.106621     0.027584    -0.175956     0.301596     0.264725
    0.208929     0.254631     0.226648     0.264716       0.3938      -0.2754   -0.0545732     0.235681    -0.175097    -0.488542   -0.0719578     0.246348     0.397853  -0.00311673     0.213803    -0.217584     0.447932     0.336438     0.234341    -0.320698     0.708229    0.0417608    -0.242006     0.420614     0.113183    -0.288529    -0.172473    -0.282878      0.18247     0.731134    -0.233805    0.0389176
   -0.227609    -0.190445     0.487167    -0.435769    -0.563094    0.0731262    -0.426978     0.127706    -0.897707     0.547024      0.31929    -0.207728    -0.179809       0.1183    -0.248235    0.0096893    -0.303232    0.0230432    -0.627528     0.514098    -0.836488   -0.0513351    0.0134525     0.421076    -0.465348    -0.347576     0.396874    -0.243006    -0.570547    -0.232866     0.169356     -0.49713
   -0.691206    -0.294708     0.106968     0.332536   -0.0388499    -0.124586     -0.70087     0.199641     0.103931     0.525043    0.0890745    -0.290992     0.582442      0.32219  0.000306254    0.0186746     0.415899    -0.141582    0.0634762    -0.316083     0.603063    0.0789861    -0.521093     0.142543    -0.310758    -0.451436     0.103002    -0.353482    -0.113542    -0.493055    0.0151228      0.14653
   -0.123516    -0.265744  -0.00549276     -0.20995   -0.0923508   -0.0579905    -0.586092     0.468697    -0.312269     0.133154   -0.0495382     0.526851      0.01742    0.0630363     0.146242   -0.0224046    -0.337968   -0.0260008   -0.0387075    -0.115473    0.0396122     0.285221    -0.234361     0.413434   -0.0404843    -0.442676     0.551699    -0.260359   -0.0708471    -0.221323   0.00811768    -0.346885
    0.169895    -0.188986    0.0588334     0.379356     0.314022     0.195308   -0.0327897     0.234591  -0.00451746   0.00801978    -0.243502    -0.234784     0.134894    -0.460942   -0.0379101    0.0780497      0.30954     0.135827     0.148392    -0.195219     0.533925     -0.34276     0.052463    0.0627085    0.0146333    -0.110683   -0.0953507    -0.499826     0.210369   -0.0106761    -0.129446     0.261439
    0.319743    -0.132356    -0.206761     0.604081   -0.0874499    -0.312042    -0.722893    0.0315567     0.142084     0.569518     0.451633    -0.106865    -0.145569     0.480968  -0.00409887     -0.45122     0.513663   -0.0768767     0.364767     0.207901    -0.367036     0.151719     -0.57854     0.123102    -0.201138    -0.101251 -0.000661295    -0.251358     0.194803   -0.0308225      0.29373    0.0309361
    0.262367    -0.197341     0.142315    -0.106847     0.449749     0.393445    -0.450305     0.328214     -0.10183    -0.495576      0.13392     0.117154    -0.168303     0.112632     0.342082     0.526858   -0.0653124    -0.208864    0.0543348     0.149299     0.345088    -0.609725    -0.219416    -0.172081     0.105857    -0.858464   -0.0973894     0.180722   -0.0492061    -0.172318   -0.0463717    -0.459073
    0.160777   0.00499893     0.226208     0.402334     0.123923     0.310844     0.119766     0.363587     0.412189    -0.221846    -0.422181     0.277864      0.20644    -0.103777     0.428742     0.676361     0.357372    0.0368123     0.268099    -0.359521     0.766635    -0.701108     -0.36264   -0.0394782     0.969108    -0.226887    -0.312853   -0.0077084     0.539944         1.61      0.10471     -0.18849
  -0.0777642     0.263041     0.225769    -0.354314   -0.0104015    -0.150599     0.307307    -0.113899     -0.53904    -0.765209     0.411571    -0.745053    -0.539091    -0.190534   -0.0290046     0.027485   -0.0226812   -0.0696316  0.000294633     0.111893     -0.54409    -0.332375       0.6828    0.0696527    -0.501741   -0.0866646     0.400757     0.270057    -0.359585   -0.0365292    0.0479387    -0.316893
  -0.0138599    -0.562306    -0.112663    -0.221789   -0.0226874   -0.0712353    -0.462976     0.400526    -0.230594    -0.160383    0.0422236    0.0409814     -0.19111     0.103769     0.319609    -0.135323    -0.537924    -0.265905    0.0704763     0.316314    -0.353294     0.468173     0.289739    0.0193448    -0.151613    -0.022999    -0.293423    0.0693507    -0.390583   -0.0350523    0.0884655   -0.0552879
  -0.0577581    -0.430465   -0.0281361     0.272033    -0.133423     0.153177    -0.312806      0.29731     0.604447     0.414419   -0.0772229     0.591258    0.0945789    -0.485172   -0.0742019   -0.0856363    -0.179561     0.229091    -0.234329   -0.0329458     0.106978     0.139362    0.0958866    -0.370524    0.0880292    -0.363583    -0.360231    0.0587321    0.0316222    -0.208349    -0.046963     0.113041
   -0.749982    -0.332086     0.775041     0.104038    -0.096633    -0.022293   -0.0793315     0.213646    0.0801446     0.318648     0.197795    -0.141479     0.346826     0.307515    -0.415527     0.275042    -0.318886    0.0462119    -0.584726     0.288739     0.549304    -0.112158    -0.204891     0.288835     0.313191    -0.620008     -0.60306    -0.222512    -0.342455    -0.433365   -0.0337034    -0.253194
   -0.163197    -0.279121     0.148303     0.275452    -0.264726     0.237565     0.691676    -0.339478    -0.186921     0.150342     0.495171    -0.532813     0.246623   -0.0801986    -0.533375   -0.0162395    -0.315907    0.0212251    -0.358576   -0.0259952    -0.588002     0.487519     0.537562     0.252407    -0.131721     0.108896    0.0287748     0.186897    -0.222769     0.234291     0.147867     0.204153
      0.0713     0.634397    -0.442674    -0.517398      0.13443    -0.938446    -0.144155    -0.427209    -0.339003     0.670373     0.026979     0.155887     0.709641    0.0861446    -0.376235     0.238263    -0.239365     0.485861    0.0254383    -0.372457     -1.18841    0.0370634    0.0683254     0.234956     0.118804     0.100631     0.590845     0.687728     0.143175    -0.277339      1.08323   -0.0205954
    0.346704    0.0671293     0.418255    0.0117067    0.0480533      0.49126   -0.0671298    -0.333747   -0.0428588    -0.307357     0.490667     0.330896    -0.104905    -0.451566    0.0478188    -0.336073   -0.0233153    0.0170318    -0.287039    -0.126099    -0.889641    0.0813236     0.126739     0.152259    -0.522862    0.0598729   -0.0895089     0.499842    0.0556688      0.23631     0.177838     0.171705
   -0.189065    -0.239015     0.249588   -0.0884353    0.0113226     0.523958    -0.107512     0.422672     0.369726     0.159743    -0.509114    -0.060192     0.685349    -0.195523    -0.198043   -0.0394189   0.00762905    0.0972396     0.117129    -0.273131      1.22457    0.0660432     -0.20724    0.0153677     0.226508    -0.339016   -0.0514491    -0.153827    0.0860303      0.22467     -0.10343     0.111214
    0.317648    0.0930716     -0.39758    0.0365355    -0.454589    -0.181098    0.0337108    -0.518043    -0.490742   -0.0120677     0.480871     0.139595     0.276718      0.37688     0.704598    -0.172494    -0.365022     0.199342    -0.434181     -0.27563    -0.503266     0.212213   -0.0967363    -0.118843     0.210807    -0.230843    0.0298456     0.103325     0.262412    -0.435764   -0.0773823    -0.149584
    0.494066    0.0515284    0.0816916     -0.54243     0.319521    -0.235395     0.247063     -1.13629    -0.387579    -0.121849     0.754365    0.0453513    -0.376123     0.106515    -0.411349   0.00695192    -0.444301    -0.145022    -0.477065    -0.841934     -1.79173  -0.00209517     0.228943     -0.05855    -0.883235     0.311842     0.243659     0.475311    -0.444508    -0.557424    -0.115479    -0.391269
  -0.0584767     0.032643     0.407607    -0.269703    0.0402005     0.622891     0.172726     0.192703    -0.149731    -0.664802    -0.021918    -0.124817     0.170908     -0.65803    0.0235545    -0.415994    0.0271884     0.433972    -0.313188     0.198638     0.193539  -0.00411766     0.236594     0.249044    -0.225159    -0.762806    0.0384741    -0.188698   -0.0967009   -0.0919806   -0.0170611    -0.279301
   -0.226701    -0.812531     0.174886     0.719321     0.341973    0.0467402    -0.577359     0.325231    -0.227938     0.219716     0.294185    -0.802323     0.447569    -0.102884   -0.0775312     0.633183    -0.377121     0.612748    -0.277975      0.43043    -0.154942      0.26215    -0.154806     0.391195     0.500072     0.389286     0.118679     0.235714    -0.422605    0.0250831     0.941898      0.73629
    0.105437    -0.141429    -0.181697    -0.439378    0.0466785    -0.505289    0.0885279     0.165222      0.24935     0.197921     0.302773    -0.425491    -0.677239      0.13797    -0.153317    0.0493587    -0.485573    -0.166342    0.0139969    -0.135274    -0.472731    -0.214576    -0.328687     0.313276     0.443851    -0.182769     0.363873     0.104685     0.480635    -0.255144     0.479256     -0.24192
   0.0307186    -0.550485    0.0573586    -0.773355    0.0161146     0.618481    -0.106926     0.316764   -0.0339991     0.399607     0.198953   -0.0809686    0.0769248    -0.121161    -0.357205   -0.0314751    0.0135669   -0.0416934    0.0739151     -0.34227    -0.179532     0.328974    -0.243757    -0.161166    -0.511439    -0.183514     0.516964    -0.160919  -0.00767449    -0.294491    0.0150301     -0.18596
    0.160493     -0.22899    0.0508242     0.291713    -0.124415    -0.354235    -0.120425   -0.0735821     0.193351    0.0152052     0.222562     0.135634   0.00520584    0.0339653     0.437234     0.349924    0.0205989    -0.544933     0.287077    -0.299272      0.46338    -0.323849    -0.426914    -0.174685    0.0358776     0.227467     0.242703      0.57793     0.260051     0.249169    0.0755324    0.0105528
   0.0660514    -0.701438    0.0491632     0.056712    -0.320067     -0.38974    -0.205906    0.0856679    -0.182313     0.219096   -0.0384339     0.250329     0.173514     0.408996    -0.130764    0.0214764    -0.101235     0.533974    -0.416448     0.277009    -0.173831     0.289404     0.123481     0.560981    -0.327322    -0.259276    -0.423981    -0.459824    -0.453098    -0.340296    -0.199136    -0.126363
   0.0233679    -0.168599      0.22187     0.171097     0.221003     0.162694     0.246088      0.22446     0.138931     0.214003    -0.038798    0.0991992   -0.0673893    -0.111051    -0.149561     0.176872     0.840159     0.549662    0.0671046     0.337991       0.4646   -0.0514598     -0.63975      0.22641   -0.0462173     0.222764     0.344845    -0.321792     0.399023   -0.0511016    -0.165419     0.304656
   0.0353396     0.351029    -0.242072     -0.28388    -0.459024    -0.184236    -0.108902     0.488876    -0.360108    0.0141336    0.0610952    -0.224725   -0.0834934    -0.350587    -0.428481    -0.478563    -0.103732   -0.0933048    -0.393137     0.147807    -0.157868    0.0535735     0.168889     0.378184    -0.350415   -0.0214001    -0.220111   -0.0933168     0.115984     0.182977     0.148922    0.0566112
