 -1.08124
-0.710691
-0.496941
-0.722869
  -1.1525
-0.902828
-0.901127
-0.826305
 -0.64413
 -1.04682
 -1.05194
-0.440079
-0.891658
-0.702879
-0.758712
-0.733407
-0.792144
-0.793067
 -0.47573
 -1.07024
-0.511167
 -0.52144
-0.516991
-0.752745
 -1.11697
-0.716965
-0.735371
 -3.32196
-0.634038
-0.924605
 -1.29665
-0.763421
-0.734408
 -0.72598
-0.401743
-0.666909
-0.571706
-0.919335
 -1.41148
-0.950717
-0.886719
-0.804419
 -0.80993
-0.922484
 -1.52721
-0.950395
 -1.10211
 -1.03091
 -0.75292
-0.991828
 -1.45731
 -1.85296
 -1.12997
-0.532676
-0.859749
-0.964293
 -1.06552
 -1.17492
-0.898251
 -1.23332
 -0.71066
 -1.28566
-0.884167
-0.888934
 -1.05235
-0.842249
-0.718753
-0.913957
 -1.12569
-0.808777
 -3.06774
-0.890672
 -1.32489
-0.708927
 -1.43385
 -1.12395
-0.609858
-0.726318
-0.695622
-0.417919
-0.632659
-0.551228
-0.381699
-0.825083
-0.642093
 -2.71627
 -0.63178
-0.566999
 -1.00835
-0.985483
-0.933339
-0.835132
 -1.01929
-0.887959
-0.680713
 0.102005
 -1.02486
 -2.22428
-0.758889
-0.813709
  -1.0577
 -2.47871
 -1.26109
 -0.76817
 -1.69345
  -0.6516
-0.416706
-0.505176
 -1.40898
-0.940055
 -1.29915
 -1.37388
 -1.43149
-0.820537
-0.774065
-0.930547
 -1.17562
 -1.03972
-0.407152
 -2.04412
 -1.10744
-0.743947
-0.958884
 -0.77668
-0.841188
-0.997537
 -1.00264
-0.772593
