    -0.50821    -0.290206    -0.190906     0.543278   -0.0464059     0.552749      0.17857    0.0705197    -0.443562    -0.244796    0.0123804      0.39111     0.691559     0.133102     -1.03393     0.675948     0.262124     0.245373    -0.546719     0.717933     0.719107    -0.280426    -0.116547    -0.680772     0.574815    -0.453247     0.604258     0.154894     0.784456      1.16605      0.11659    -0.350834
    -0.35842     0.409013    -0.818842      1.00254      -0.2469     0.459097    -0.855729    -0.353104    -0.169474     0.128956    -0.169549     0.499385    -0.388466    -0.125971    -0.501915     0.334731   -0.0860098     0.675551   -0.0601601     0.337003    -0.318229     0.228734    -0.204954    -0.160327     0.366799       0.0513     0.015357    -0.299662   -0.0263794     0.110331     0.434801     0.748377
     1.15305    0.0853586    -0.507789     0.748505    -0.323479    0.0449964      0.15687     0.104587       1.2227    -0.926244     0.586939    -0.898999     -1.84966    -0.692035    -0.401479    -0.525401    -0.270595    -0.239888     0.219408    0.0986532      1.11689     0.981255    -0.441629    -0.994745    -0.609101     -1.43649    -0.321765      1.03072     -1.13606     0.575871      1.97966     0.661308
   -0.951245     0.329084    -0.192093    -0.602454     0.972169    -0.513341     0.609219      1.32683    -0.940412     0.664775    -0.267837      1.13645     0.554372      2.11743   -0.0831714    -0.376723      1.22129     -1.10257    0.0669648    -0.162164     -1.15352     0.119171     0.709863     0.705501   -0.0674884     0.580062     0.779677    -0.841767   -0.0498637     -1.43132    -0.357173    0.0158971
   -0.535097    -0.602033      1.26346    0.0795267     0.293081     0.493518     0.104862    -0.174315    -0.623085     0.735875    -0.634773     0.982834   -0.0684757    -0.535464     -0.73855    -0.077368    0.0101503    -0.357777     0.606757     0.593838      0.96892     0.561385    -0.595291     0.249737     -0.27013     0.715626     -1.02134    -0.201703    -0.318076     0.645176     0.434913     0.055519
    0.434958     -0.17576     -0.31389   -0.0790985    -0.112998    -0.940143    -0.693307     0.706811    -0.133234     -1.17246     0.504516       1.1021    -0.203308     -0.32781     -1.00115      0.17174    0.0222552     0.430132     -0.81307     -0.51556     0.413853     0.162148      1.23329    -0.222725     0.447713      0.54279     0.599835    -0.635671    0.0919719    -0.137458    -0.177068    -0.296469
   -0.151388     0.176628     0.480677    -0.729037     0.605334   0.00450162    -0.119226    -0.460267      0.92765     -0.29865     0.236379     -1.10374       -0.328    -0.062308    -0.354838    -0.270987    -0.666746     0.253685    -0.110416      0.28784     0.444604    -0.226857    -0.775357    -0.802335        0.262    -0.230978     0.375706     0.193529  -0.00329189      1.33025     0.196371      1.87657
    0.260488     -0.40461     0.546238     -1.24765      0.43974     -0.70376      1.50406    -0.054045    -0.822407    -0.109156    -0.099767    -0.179356     0.492337     0.659042      0.64598    -0.659288     0.555596     -1.21029    -0.465285   -0.0197925   -0.0058636    0.0796815     0.129522     -1.37944    0.0334657     0.585098     0.743709    -0.551318     0.153287     0.757253      1.30578     0.300291
    0.412375    0.0676303    -0.534375     0.751917    -0.394766     0.784406    -0.565198    -0.716648     0.170275      1.06411    -0.060342     0.117336    0.0632712    -0.687997     0.727961     0.706126    -0.706194      1.06118    -0.407065    0.0645934     -1.33058     -0.24166     -1.14965      1.59855     0.153604     0.324261     -1.03259    -0.630966    -0.280699     -1.08998     -1.16051    -0.290107
   -0.301372    0.0542575    -0.143856     0.680174     -0.66802     0.970323    -0.579308   -0.0719755    -0.924717    -0.223122     -1.16049    -0.322706     -0.77517     -1.42131    -0.505375    -0.101172    -0.856544     -0.34599    -0.657034     0.815807     0.882504     0.505882     -0.99919      1.07456    -0.366477     0.103703     -1.11449     -1.24433    -0.399838 -0.000153153     0.367866    -0.471267
     1.08424      0.85088     0.466015    -0.309761      0.29384    -0.493015      0.73356     0.485657     0.666003    -0.184498    0.0717657   0.00566145   -0.0221942     0.479997    -0.121048     0.244892     0.348853     0.268708     0.365609    -0.944865   -0.0144719     0.206611     0.660096    -0.928762    0.0100023    -0.383243    -0.777049      1.34385   -0.0251948   0.00442121     0.522394    0.0907831
   -0.348129     0.249681        1.005    -0.784347     0.172202     0.466503      0.67507    -0.235818   -0.0216754   -0.0630212    -0.177003    -0.540434      0.97953    -0.575035    -0.350223      -0.4982      0.31419    -0.722585      0.15562     0.855547     0.722145     0.118695    -0.832031     0.247299      1.08985     0.712395     0.589285     0.432507     0.455497   -0.0850112    0.0246597     0.567031
    0.239269    -0.413757     0.142883    -0.425692   -0.0640105     -0.49691    0.0822998    -0.425014       1.0105     0.388738     -0.16062    -0.640613    -0.706599    -0.395637    -0.248125     0.117569    -0.301726     0.185752     0.839923     -0.25666     0.131518     0.187072     0.520233     -0.93418     -1.17377    -0.163025     -0.37164    -0.353131    -0.289818      1.00276     0.105341     0.204306
    0.873009    -0.666592   -0.0286057     0.488284    -0.458594     0.665921     0.367361    -0.361408    0.0261991    -0.375065   -0.0164358     0.968969    -0.564071     -0.96643    -0.285789     0.928426    -0.386481     0.301633    -0.966893   -0.0342571     0.122558     0.478597    -0.691866     0.278284   -0.0357638    0.0961428   -0.0234619       0.6932    -0.193314    -0.124142     0.127317     0.137326
    0.823026    -0.309101    0.0604742     0.024882     -0.18295    -0.496946     0.490064     0.630908    -0.261565    -0.806834      1.02047    -0.177834    -0.117715     0.190753    -0.239611     0.466844    0.0336142     0.592818    -0.169805    -0.862972    -0.249586     0.271235     0.570274    -0.625216    -0.978928   -0.0358454     0.551908     0.261866     0.994198    0.0342864     0.231868     0.518039
    -1.18605    -0.028416    -0.167479    -0.728121    -0.243894     -1.18202     -1.15884     0.114169     0.638467     0.137092    -0.244211     0.250328     0.569009     0.201948    -0.108136    -0.642888     0.878172    0.0766506     0.461179    0.0494132     0.331628   -0.0294154     0.588355   -0.0185275     0.147715   -0.0311744    -0.308235    -0.481208     0.303742     0.042707    -0.845553    -0.511735
    0.136061     0.181654     -0.23353   -0.0207506     0.306176    -0.820225   -0.0118644     0.234715    0.0438716    -0.214243     0.243651     0.470133     0.616237     0.567852    0.0787611     0.196615     0.164576    -0.151334     0.115126     0.341337     0.128389    -0.320011   -0.0316658    -0.121004     0.215033    -0.280434     0.819367   -0.0213473    0.0312431      0.31299    -0.496569    -0.201767
     1.24292    -0.578367     0.771049     0.159672     0.385251     0.245071     0.318378     0.621067    -0.299029    -0.357333    -0.121987   -0.0600883    0.0495263     0.277315   -0.0397436    -0.722834     0.362779    -0.621377    -0.574364     0.251737    -0.161187     0.185004     0.774349     0.305017    -0.114974     0.491148     0.326359     0.599528     0.391524     -0.10625   -0.0259574     -0.35996
     1.15525   -0.0580272     0.820608     0.380387    -0.166727     0.868439    -0.132748    -0.211703    -0.061714    -0.352098    0.0111974     -1.07036     -1.18139     -1.43482     0.164648    -0.600021     -1.09912     0.346131    -0.133314    -0.290993     0.173835     0.582992    -0.311207    -0.313163     -0.45448     0.120618    -0.389728     0.261422    -0.521958    -0.091395     0.208477    -0.498004
    -1.03271     0.421915    -0.143233     -0.26237    -0.404371    -0.356963    -0.201515     0.371857 -0.000182778     0.295661   -0.0317084       -1.018     0.458403    -0.374882  -0.00464725    -0.614653     0.111211    -0.261997     0.737344    -0.343887     0.115009    -0.105549     0.397711    0.0767414     0.267047   -0.0574395     0.215645    0.0796026     0.792019    -0.752851    -0.410645    -0.165482
   -0.722715     0.557475     0.147871     0.751415    -0.146766    -0.180782    -0.288489    0.0269091    -0.382985    0.0695386      0.22075     0.737448     0.139723    -0.302328    -0.196677   -0.0618965     0.797222     0.137296    -0.673693    -0.118815    -0.421953    -0.162459    -0.269187      0.11275     0.491923    -0.105321     0.965257    -0.307324    0.0688929     0.651529     0.140906     0.746432
    -1.30758    -0.757883     0.810443     0.100442     0.156633     0.140508    -0.150734     0.439252    -0.335602    -0.406004    0.0824348    -0.293707     0.265748      1.12397    -0.217736     0.201961    -0.319834     0.577812    -0.633787   -0.0573966    0.0158769    -0.405299     0.458379    -0.774938      1.03737   -0.0320065      0.88013    -0.025514      1.04955     0.736327    -0.387572      0.37078
     1.01797  0.000133608    -0.564164     0.544913     0.811849    0.0864597     0.159874    -0.339633     0.588688     0.196884    -0.111365    -0.145267     0.261597    -0.242734     0.647149    -0.214181   -0.0824655    -0.413408    -0.223291    -0.155188     0.225735     -0.30103     0.448548    -0.330109       -0.257    -0.342646    -0.677925      1.35397   0.00548436    0.0715241     0.307255    -0.319625
    0.264391    -0.162782   -0.0699622     0.447294     0.247038    -0.151889    -0.305375    -0.195817   -0.0362433     0.114509     0.351438     0.249051    0.0878259     0.285249    -0.239386    -0.124039     0.447262     0.678714    -0.235422    -0.460253     0.786348   -0.0621606     0.511411    -0.437339    -0.171142     0.735971      -0.5379   -0.0554029     -0.37568     0.423141    -0.114421     0.088934
   -0.303854     0.740434     0.250653    -0.296871     0.681999    -0.197954   -0.0278151     -0.64868     0.560577     0.699181    -0.241938    -0.864273    0.0997279  -0.00592473    -0.153306    -0.789198   -0.0873519     -0.29038     0.538563    -0.213014     0.131257    -0.539302      0.89909    -0.420604      -1.1182     0.332344    -0.162543    -0.705301     0.816402    -0.074181    -0.212554    0.0432118
    0.360242     -1.14534     0.243773    0.0406623     -1.24592     0.367754    0.0750943     0.710433    -0.762536    -0.688415   -0.0315746    -0.848367    -0.760684     -1.55999    -0.883154     -0.94212     0.410662    -0.192722    0.0212065     0.897249      1.88012     0.628354    -0.360537    -0.183712     -1.04285    -0.576577     0.352063    -0.739246     -0.56298     0.988747     0.802169     0.203089
    0.374556     0.855787    -0.205837    -0.801685     0.191679  5.43096e-05      1.18384    -0.231551       1.0131     0.387992      0.64444    -0.708085     0.367965     0.489734     0.447097    -0.590197      0.58012     -1.19544     0.725501    0.0257435     0.206031    -0.143756     0.357197    -0.922604    -0.347948    -0.434563     0.139387      1.23858    -0.531285      0.19353     0.441852     0.315659
     1.63832     -1.00347    -0.282376     0.589648     0.551415     0.301713     -1.31831     0.354028     0.365661    -0.261047     0.501477     0.590529    -0.201033    -0.863744    -0.505598   -0.0928047     -0.34236     0.795086     0.585867    -0.753496    -0.573366     0.384823     0.284791      1.33448    -0.494616    -0.545627    -0.136131    -0.947611      1.06286   -0.0184137    -0.590152    -0.445391
     1.21356     0.329179    -0.102328     -1.15439     0.357107     -1.00029       1.1138   0.00509596     0.695244    -0.497835      0.45934     0.103455     0.679546     0.708328    0.0799937  -0.00731844     0.257436     0.428963     0.849208    -0.286594     0.587302     0.581662      0.41072     -1.21019    -0.304304    -0.729764    -0.142854     0.412971    -0.284116     0.280328    -0.137117    -0.443358
    0.452139   -0.0937404    -0.024532    -0.168568    0.0492411     0.376617    -0.355342     0.765276    -0.287205    -0.526744     0.584376     0.601039     0.257425     0.379789     0.184829     0.870499     0.296567    0.0130668    -0.708085    -0.494816   -0.0528454    -0.075405     0.214459    -0.372343     0.263142     0.383715     0.327152    -0.344358     0.536142     0.230003    -0.322755    0.0552697
   -0.932859    -0.110496    -0.880615    -0.610991   -0.0425816    -0.442293    -0.980997    0.0687266     0.210707     0.600444    -0.204835    0.0688772    -0.450034    0.0666685    0.0511182     0.271024    -0.664553   -0.0136326    -0.297743     -0.12415     -0.37975    -0.410574    -0.158717     -0.69339    -0.216232     0.619892   -0.0774246    -0.682176   -0.0190607     0.845273     0.317204    0.0636891
     0.30427     0.874276    -0.307883    -0.377771   -0.0693374     0.800608    -0.586164  0.000168383     0.329081     0.129735     0.146505      0.34096       0.4557    -0.106376     0.367397     0.221464    -0.309978    -0.166151     0.809467    -0.178232    -0.367344     0.198618     -0.94104     0.200855    0.0731073    -0.324435    -0.471128     0.150954     0.714246     -1.40632    -0.955815     -1.09905
