  -0.542507    0.352812    0.255218   0.0809964   -0.246502   -0.315184   0.0325593    0.164752    0.106902  -0.0229073   -0.400336   -0.247134   -0.422973    0.262394  0.00193975   -0.234541   -0.166944    -0.33679   -0.216558   -0.182905    0.256687   0.0336522     1.04365    -0.41602    0.103848    0.435441   -0.254088    0.368852    0.565011   -0.146822    0.312212    0.461684
  -0.496731    0.793392   0.0907193   -0.357243    0.159316   -0.311114    0.145052    0.392994   -0.399469    0.608153   -0.127322   -0.303457    0.619112     0.49342    0.108818   -0.352163    0.206645    0.534125  -0.0337436  -0.0234551     0.06631    0.162207    0.288896   -0.222752    0.028443     0.17229   0.0516594    0.112064    0.187041    0.381211   0.0119815    0.148587
  0.0636137 -0.00612005   -0.135168   -0.534497    0.132076    0.159344   -0.304753   -0.182368   -0.195677    0.108332   -0.224733    0.225654   -0.229515     1.08243  -0.0684638   0.0693269    0.144934   0.0417639    0.484024    0.955528   -0.301151  -0.0168559   -0.156586    0.205818    0.749655    0.224281   0.0252966   -0.464883   0.0656085   -0.454785   -0.148406    0.607293
  -0.209597   -0.957084  -0.0807623   -0.403003   -0.444846   -0.415057   0.0385582    0.474367   -0.498013    -0.51309   -0.376122    0.247089   -0.269548   0.0452658   -0.472788   0.0826288   0.0647711   -0.374003    0.176776    0.196067    0.282535   -0.104678    0.511838  -0.0424305    0.159551     0.13281 -0.00407552   -0.299822    0.291281   -0.530363   -0.322308    0.426158
  -0.106066   0.0943495    0.202183   -0.356917    0.435983    0.200681   -0.731791  -0.0864843    0.265344   -0.517135     0.10514   -0.438362    0.142076   -0.571943    -0.38782    0.263606   -0.622444    0.196182    -0.17519   -0.205942   0.0490313   -0.252754   -0.113172   -0.173765   -0.575641   -0.834941   -0.358416    0.781399   0.0922428    0.352115   -0.322765   0.0520404
  -0.191941   -0.566868  -0.0287118   -0.280021   -0.344275 -0.00105544   -0.107662    0.192156    0.152721   -0.047089  -0.0700398  -0.0355152   0.0124686   -0.281399   0.0572034  -0.0478082   0.0809623    0.201333  8.5798e-05    0.187436    0.293129   -0.118003   -0.671497   -0.430917      -0.131  -0.0344439   -0.203375   -0.433828   -0.219322    0.440291    0.333901  -0.0922096
   0.471875   -0.308579    0.436883    -1.03206   -0.073645   -0.246157   0.0859154    0.611231   -0.251151   0.0274343   -0.400264    0.302578    -0.26212   -0.134903    0.177481   -0.182562    -0.17334   -0.244466     0.38686    0.155114   0.0795748   0.0879183   -0.223817    0.128464    0.220882   0.0503444  -0.0629838  -0.0512083   -0.172492     0.24874    0.761936   0.0151937
   0.248531   -0.191845    0.362461   -0.380493   -0.446734    0.206663    0.740119    0.888281   -0.748492    -0.75701    -0.37542   0.0890083   -0.338531   -0.574852   -0.493487   -0.361645  -0.0527801   -0.366821    0.246325    0.306854    0.177339    0.476633   -0.302801    -0.67122   -0.281966    0.649872    0.183433   -0.158358    0.322488    0.693448    0.679246   -0.105186
   0.395341  -0.0106273   -0.137386   -0.489155   -0.401197    0.346967    0.198241   -0.225389    0.164026    0.391395   -0.395417    0.601375   -0.191827   0.0585361  -0.0716814   -0.102612     -0.3876    0.234077   -0.118928  -0.0689944   -0.303792   -0.373982   -0.378395   -0.318856    0.141858    0.134191   0.0883866    0.488448    -0.50776    0.155289  -0.0037728    0.374412
  -0.628014   -0.339625    0.192882    0.145353   -0.173881    0.675086   -0.551641    0.273794   -0.245426   -0.270054    0.614618  -0.0901453    0.469655   -0.303177    0.370369  -0.0237142    0.339907 -0.00131135      0.1189    0.457967    0.228566  -0.0668774   -0.606923   -0.113536    0.265399   -0.372584    0.371221   -0.500837    0.539357  0.00725379   -0.112062   0.0253497
   0.229408   -0.683958   -0.101499   0.0685381   0.0372694  -0.0119831   -0.546929    0.594286  -0.0306247   -0.450735   0.0850253    -0.13742  -0.0913516    0.229679   0.0064476 -0.00548773  -0.0179613    0.146613    0.256799 -0.00722353    0.213214    0.274342    0.234526  -0.0702534  -0.0350526  -0.0745059   -0.337484   0.0707146    0.125171    0.271678   -0.115208    -0.05714
  -0.141788    0.650196   -0.716357   -0.318406   -0.121985   -0.853169   -0.258339   -0.122228   0.0500562    0.141494    0.331588     1.08306   -0.140022    0.205252    0.502208    0.682559    -0.10238   0.0232336   -0.241208  -0.0954287    0.177489  -0.0644858   0.0621046  0.00542595    0.472686    -1.01776   0.0694162   -0.597066   0.0985437   -0.505636    0.243767    -0.32938
  -0.100374    0.314582    0.245747    0.605338    -0.31928    0.200129    0.327172   0.0730416   -0.333429   -0.355953    0.243944     0.43925    0.247267    0.272347    0.135419    0.438176  -0.0389504   0.0449493   -0.156055    0.187422    0.073312     0.27438    0.688849   0.0112534    0.298513   0.0443537   -0.228983    -0.15841    0.146107  -0.0666284  -0.0143785    0.174451
  -0.480717   -0.557921     0.82322   0.0176197    0.346055   -0.134647   -0.516814    0.510339   -0.171871   -0.870769    0.337025    0.479904  -0.0193791     1.02773   -0.525105      0.2926  -0.0683787     1.14244    0.146348    0.569821   -0.262805    0.430559    0.320279   -0.952791    0.269845   -0.115378    0.092337  -0.0404186    0.641529    0.291611     0.10586  -0.0525114
  -0.161892   -0.198248   -0.222598   -0.223569    0.405554   -0.149749    0.173002   -0.352398   0.0699628    0.115739   0.0661736    0.241756   0.0635503    0.218096    -0.32968   0.0181208   -0.157622   -0.307505  -0.0299332   -0.100099   -0.179532   -0.360678    0.531773    0.380946   0.0126388   -0.143774   -0.274309    0.298824   -0.189458     0.28778    0.420955   -0.360259
  -0.171215    0.266491    0.165658   -0.168217    0.184531  -0.0846919  -0.0212993    0.171098   0.0248578  -0.0297908    0.377671    0.354505     0.60387    0.268194    0.113003   -0.329852    -0.41147     0.38378   0.0311556   -0.196819     0.29892  0.00787382    0.173234   -0.262622   0.0294781   -0.353905     0.68213   -0.117142    0.570312   0.0235029   -0.358126   -0.273015
   0.549763    0.649091    0.221671   -0.456727    0.239914  -0.0456989   -0.425663    0.156561   -0.215136    0.436454   0.0516236   0.0651329    0.408639    0.151473   -0.156827   -0.112018   -0.184676   -0.614886    0.232187  -0.0772737    0.165756   0.0148449   0.0534667    0.115041   0.0686757     0.29127    0.437394    0.246978  -0.0717407   -0.279311    0.465199    0.367911
  -0.251691  -0.0595479   0.0208092    0.199232   -0.312124  -0.0673053   -0.168861     0.28697    0.100223    -0.27706    0.151282   0.0796202  -0.0375948    0.150574   -0.305169   -0.259184  -0.0180141   -0.120909   -0.260802   -0.075434   -0.243622   -0.147143   0.0904731  -0.0307109   0.0533044    0.404432   0.0746332   -0.455104   0.0399172   -0.181068  -0.0405701   -0.283756
 -0.0921776    -0.44178   -0.327549   -0.136854    0.120581   -0.683632  0.00218637   0.0796405   0.0155064   0.0429307      0.1713  -0.0720933    0.318273   -0.648336  -0.0738104   0.0344178     0.67063   -0.279985    0.390417    0.144984    0.372116   -0.346183    0.360622   0.0959665    0.219595     0.17175    0.323319   0.0941645  -0.0558875   0.0325237   -0.150302   -0.111856
  -0.187809   0.0996291    0.266033   -0.123205    -0.13753   -0.182759    0.204825     -0.1187   -0.353055  -0.0183408    0.111072 -0.00346774  -0.0857919   -0.186782   0.0246419   -0.124832   -0.101011   -0.101757   -0.113513    0.308425   0.0166187    0.171703  -0.0763617   -0.215083   0.0478266   0.0301914    0.285244   -0.135132    0.451358   -0.329951  -0.0483252   -0.134272
   0.413603    0.163371   -0.212504    0.187733   -0.128432   0.0954038   -0.101106    0.560311   -0.362119   -0.352298   -0.011002  -0.0513653   -0.127286    0.218029   -0.470054    0.219657    0.481587    0.695017  -0.0518542  -0.0988745  0.00804168    0.130047    0.431313   -0.527276    0.353826   -0.414133     0.19954  -0.0696378    0.691989   0.0242181   -0.157573    0.199908
  -0.403259    0.675371    0.388081  -0.0800213    0.185617   -0.731425  -0.0445908    0.177644    0.134237   0.0818418    0.455001    0.410418    0.318631   0.0934092    -0.23818   -0.184731   0.0484686   0.0387224    0.068177   -0.027075    0.197806 -0.00277462    0.533946   -0.208395   -0.148264    0.335728    -0.20416   -0.307439    0.300257    0.276645  0.00875458   0.0865687
  0.0871409   -0.181972    0.118938    0.243232   -0.305323     0.26884    0.170319    0.370291   -0.430432  -0.0699878   -0.266788    0.181179  -0.0693712    0.100176   0.0307777    0.321213   -0.114326    0.174203   -0.200971   0.0846087   -0.030154    0.152333    0.147266    0.157522   -0.330501    0.343793    0.114437   -0.171203   -0.250823   -0.367148    0.268024  -0.0928899
   0.382799   -0.371517    -0.44046    0.473207    0.556503    -0.36562    0.368994   -0.216735   -0.204647   -0.266164   -0.463826   -0.206163   -0.492234    0.224458   -0.304636   -0.385505   -0.458662    0.263913    0.772885   -0.354886    0.510426  -0.0103774    0.388438   -0.818214  -0.0924274   -0.390019   -0.109053   -0.392509   -0.218939   -0.133831    -0.33833  -0.0554779
   0.205864   -0.439176   -0.141456   -0.534059   -0.598035    0.566505     0.46873  -0.0591333   -0.105789    0.482936    0.170428    0.112786    0.133225     0.21904   -0.192891    0.672881    0.607832     0.39012   -0.103939    0.315829    0.454621    0.121256   -0.407804  0.00264148   -0.148707    0.180506   -0.288354   0.0909147   0.0467442     1.00091  -0.0107596  -0.0258578
  -0.190494   -0.122463  -0.0285007    0.295956    0.616451   -0.218305  -0.0984538    0.256137    0.250218   0.0628034    0.251406   -0.595721    0.173104    0.914109   0.0415871   -0.164257   -0.152759   -0.232456    0.374727   0.0929467  -0.0543451  0.00650346   0.0932665    0.120083   -0.429995   -0.384078   -0.160477   -0.658271  -0.0855642   -0.237111   -0.140998  -0.0334106
 -0.0275321    0.125344    0.162769   -0.125803   0.0375304   -0.030145   0.0916391 -0.00899589   -0.187231   -0.154628  -0.0946664  -0.0253162  -0.0760209    0.450339  -0.0456175    -0.23707   -0.110191    0.380393   -0.109133    0.133521     0.30484    0.267922    -0.44655    0.181319  -0.0888749    0.143192   -0.160196   -0.620265     0.13479    0.370259    -0.65639   -0.341564
   -0.44961    0.171523   -0.530885   -0.397407    0.789174   -0.652675   -0.438455    0.649078    0.374458     1.16491   -0.715546    -0.20914    0.216933   0.0499057    0.321549   -0.380394   -0.342396    0.867093    0.216422    0.159604   -0.774973   -0.201867   0.0824729    0.187414   -0.464406   -0.366089  -0.0954243   -0.729005   -0.407942    0.317095   -0.870063    0.105495
 -0.0169344  -0.0421321  -0.0095079   0.0958694   0.0337349   -0.264374   -0.314775  -0.0595389   0.0657228    0.420317    -0.36927   -0.413223    -0.20602    0.372783   -0.331578  -0.0665676   -0.140301   -0.409717  -0.0173813   -0.167028   -0.118692   -0.339354    -0.11748  -0.0851248  -0.0275988    0.424843    0.147166   -0.209339   -0.346113   -0.308114  -0.0181026    0.276975
   0.477593   0.0456327    0.355074   -0.410175   -0.068332   -0.322529    0.256668    0.356543    0.321897   -0.356566   -0.062915   -0.222323  -0.0116208     0.23231    0.225574   -0.270721   -0.538688    0.204784    0.473984    0.322974    0.329714    0.271115    0.116201   -0.251192   -0.151084   -0.335676   0.0911878   -0.183716  -0.0260234    -0.29483   0.0353618    0.150599
   0.642112    0.454218   -0.108403   -0.472838   0.0427678   -0.232915   -0.314031    0.201333    0.613567    0.179213    0.350269     0.51993  -0.0885551   -0.506033   0.0407223   -0.378088   -0.101226    0.169943   -0.361426   0.0747257   0.0202354  0.00829672    0.302959   -0.409984    0.581916   -0.160978   -0.365193   -0.205059   -0.156798   -0.318254  -0.0156077   -0.493531
  -0.644824    0.323312    0.337565   -0.733216    -0.10663   -0.384185    -0.29226   -0.283587    -1.03704    0.175919   -0.114905   -0.545793    0.437172   -0.309877   -0.405889    -0.49154   -0.354233   -0.029129    0.933077    -0.12685     0.74044   -0.110443   -0.157577   0.0732724   -0.079521    0.610332     0.11037   -0.265541   0.0356203    0.266295    0.568773    0.455574
