    0.204361     0.212378     0.235208      0.69029     0.359581    -0.620999     0.119331    0.0370294     -1.01613    -0.704872    -0.201392     0.449422     0.270805     0.743599     0.373194    -0.543816   -0.0522144    0.0248606    -0.488514   -0.0793591    0.0283188     0.506614   -0.0286185    -0.379118    -0.272927    -0.316699    -0.795187     0.228424    -0.414427     0.196547     -0.55085    -0.554744
    0.278932      0.31355    -0.218307     0.143604     0.138906    0.0453674    -0.623656     0.519363    -0.112217     0.402968   0.00421985    -0.120022   -0.0640486     -0.12233   -0.0178791    -0.380676    -0.699692      0.18793    -0.700113    -0.826815    -0.551216     0.344576       0.2622     0.189825      -1.0255    -0.586784     0.142743    0.0274541    -0.682677     0.427164    -0.611469     0.236386
    0.370715     0.237293     -0.46954    -0.272181    -0.363473    -0.360253     0.469592     0.359285     0.225397     0.177692    -0.401469    0.0911313    -0.291923     0.179607   -0.0738679      1.10613     0.314948     0.201462     0.701952     0.321169    -0.692999    -0.118832    -0.903607     0.637554      -0.1789    -0.565447     0.345601     0.447566      0.26675   0.00878453    0.0495218    -0.530757
   -0.134816     0.383355    0.0596975    0.0723019    0.0515712     0.083063     0.227138    -0.148144     0.094328    -0.159936     0.188082     -0.21812    0.0760859    0.0923027     0.539646     0.125999      0.19382    -0.239072   0.00867814   -0.0351331    -0.398202   -0.0663664    -0.128738     0.345575    -0.140435    -0.493773   -0.0322333     0.337685   -0.0418427      0.31788    -0.183789    -0.292752
    0.525334    -0.106839    -0.115315    0.0945855     0.518879    0.0758142     0.686998     0.122793     0.286758    -0.344344    -0.162098    0.0254483      0.56004    -0.444878    0.0467373    -0.123758    -0.260651     0.725175      -1.0511    -0.352868      0.25254  -0.00298485    -0.130984     0.107727    -0.224235     0.503184    -0.409801     0.226513   -0.0215654     0.871889     0.559714     0.636638
    0.549528     -0.20721     0.456262     0.325501     -0.51827    -0.282903     0.113802    -0.253114     -0.23584      0.31573    -0.484173     0.711391     0.249968     0.331031    -0.152321     0.807774    -0.153196     0.353006     0.447862      0.75922   -0.0254371    -0.126247    -0.444388     0.119878     -0.21338     0.253014    -0.870846    -0.162592     0.364703     -0.39198      0.23413    -0.715395
   -0.676108     0.167618    -0.152808    -0.137265     0.087608    -0.549403     0.483989    -0.823759     0.381831    -0.285498     0.144324     0.324636    -0.453747    -0.149781     0.420978     0.678781     0.459943   -0.0984792     0.151144     -0.22408    0.0121117     0.135518     0.104933    -0.183869     0.324482      0.52631    -0.038089     0.257762    -0.865705     0.224221    -0.446133     0.438062
  -0.0319238  -0.00274439    -0.133577   -0.0958275     0.170209    -0.744631      0.27533   0.00857872     0.527422    0.0453203     0.414089     0.294246    -0.279335    -0.147027      0.31823    0.0734268    -0.128756     0.204026     0.131531     0.395394     0.492981     0.288114   -0.0944662  -0.00417772    -0.832023     0.482742   -0.0131745     0.403884    -0.509229     0.191272    -0.113064     -0.60311
     0.17156     0.429645     0.154007     0.239712    -0.296497    -0.570475     0.128699   -0.0496599    -0.259495    -0.366557     0.168875      0.68167    -0.660366    -0.177061     0.154077    0.0866921     0.225649    -0.756777     0.288858    -0.352213     0.444857     0.461569   0.00435397     0.358734     0.206151    -0.173089    -0.397861     0.604563    -0.552384    0.0603844    -0.201945    -0.390415
   -0.416219    -0.520693   -0.0893372     0.392955     -0.42286    -0.346631     0.371468     0.379372    0.0694442     0.480906    -0.343596     0.470829    0.0567082    -0.306839   -0.0423786    -0.186732     0.383083    -0.366555    -0.179337    -0.223643     0.426051    0.0555676     0.336437      1.06653     0.056346     0.453737      0.17139     0.679172    -0.241362     0.658613    -0.364038    -0.222224
    0.410355   -0.0676405      0.33922     0.397949    -0.083777     0.253734    -0.339059   -0.0410074   -0.0463742     0.119106    -0.100896     0.413163     0.309274     0.274522    -0.054888    -0.381258     0.056355    -0.100108    -0.497489    -0.210348   -0.0451744      0.29239      0.29839    -0.219783    -0.149683    -0.125076    -0.239922    -0.283253    -0.714459     0.414705     0.143616    -0.466374
   -0.128847     0.215539     0.312478     0.236354    -0.317228   -0.0372669    -0.186774   -0.0602656   -0.0183957   -0.0763374     0.295955     -0.72314   -0.0650413    -0.162105     0.342031    -0.472029   0.00247966     0.119994     0.137255    -0.704334    -0.158854      0.19633   -0.0882267    -0.466853     0.225419    -0.513509    -0.369398    -0.192941   -0.0670694     0.298177    -0.502748    -0.130042
    0.578014     -0.24603     0.108061     0.243256      0.44704     0.115039    -0.496683     0.614596    -0.306554    -0.144048    -0.479709      0.38773     0.447424    0.0993816    -0.413087     -0.66966    0.0900685    -0.103685     -0.71532    -0.545239   -0.0868317     0.337709    -0.314288     0.236598    -0.928747    -0.448332    -0.132744    -0.275187    -0.103729     0.022739     0.473743    0.0314777
  -0.0188521    -0.183605   0.00848769    -0.268915     0.137004    -0.126667      0.18028     0.373606    0.0150444    -0.142658    -0.071723    -0.463511     0.433376    0.0358458     0.391095     0.467195     0.444713     0.418557     0.395361    -0.394364    -0.659646    -0.209906    -0.269776   -0.0478415     0.194672    -0.338968    -0.126755      0.58556    -0.161535     0.311335    -0.340981     0.152563
    -0.55098     0.142554    -0.350904    -0.417332    0.0839217    -0.138691     0.115204   -0.0945235     0.157777     0.237152    -0.187954     -0.93451    -0.340176    -0.285899     0.180292     0.105662     0.123154    -0.240875    -0.582204    0.0355775   -0.0284183   -0.0878894    0.0515754    -0.283951   -0.0106759     0.184026     0.178812     0.345736     0.184633     0.208182     -0.47701      0.59116
   -0.331164     0.219154     0.252632     0.665369     0.189396 -0.000595315     0.274767    -0.609802     0.161356    -0.367575     0.243327    -0.137696    0.0433354    0.0219349     0.155417    -0.504374     -0.20368    -0.395824    -0.136165    -0.376077    0.0987229     0.551312   -0.0335361    -0.560792     0.238085     0.174832     0.414335    -0.589805    -0.221875     0.710549    -0.284161    -0.523998
   -0.122115     0.157102      0.10001    -0.495772    -0.288622     0.130955    -0.747668     0.492231   -0.0961185   -0.0110069    -0.174997    -0.570659     0.435026    0.0185514    -0.410079     0.230756    -0.273496    -0.193168     0.265453    -0.662301    -0.372453    -0.135289     0.751975    -0.324883    0.0853467    -0.356569    -0.357545     0.233312     0.122661    -0.364114     0.236974     0.468485
   -0.377697     0.341256   -0.0362824      0.58393     0.208412    -0.101748      -0.2925     0.106281    -0.114119     -0.11472   -0.0121216     0.540013   -0.0437619  -0.00289204    -0.254072    -0.503586  -0.00383999    -0.160414    -0.274123    -0.594334     0.073238     0.352972     0.242712     0.155294    -0.175639    -0.130941     0.271811   -0.0697193     0.213627    0.0108531  -0.00425935    -0.210183
   -0.237589     0.257628     0.182207     0.132985      0.57761    -0.199493    -0.693341    -0.399934     0.320673     0.163232       0.2907      -0.7329    -0.970703    -0.153359     0.214097      -0.5797     -0.27296     0.399003    -0.129271    -0.574126    0.0591925   -0.0058685   0.00651209     0.170843    -0.319375    0.0826177    -0.270501     0.901147    -0.370918     0.528051    -0.903218     0.537554
  -0.0874626     0.104812     0.243664     0.456717   0.00224785      0.25086    -0.160532    -0.364006     0.616065     0.265323     0.368232  -0.00265714   -0.0724564    -0.355531   -0.0983035     0.135064   -0.0828609    -0.161109      0.29654     0.314726    0.0857867     0.155613     0.161684     0.530281      0.34353    -0.495535    -0.196413     0.470245   -0.0160183     0.325039   -0.0924257    -0.625252
   -0.494257     0.135398     0.466011    0.0039834    0.0128383    -0.578569    -0.110601     0.118615     -0.22241    -0.368287     0.142636    -0.289938    0.0758995   -0.0544481    -0.353096     -0.65103    -0.241784    -0.724092    -0.253136    -0.276098     0.392852    0.0754935     0.488649    0.0197156   0.00310899     0.350177     0.201178     0.546599   -0.0967372   -0.0426262    0.0267209     0.614579
    0.263431   -0.0427172     -0.12139     0.273356     0.230028   -0.0090626     0.111667     0.187923     0.113111   -0.0699285    -0.375085    0.0837239     0.380845     0.157196    -0.108125      0.12045   -0.0805492    -0.302271    -0.502127    -0.386867    -0.160192    -0.100315     0.339777     0.180452    -0.394335       0.1864     0.161591     0.512342    -0.507877     0.726812    0.0660121    0.0963289
   -0.491964      0.29196     0.185208    0.0788243    -0.233854     -0.15775    -0.242511    -0.370665    -0.195906    -0.183107   -0.0773125      0.57863    -0.294325    -0.239276    -0.185284    0.0389832    -0.159464     0.192143    -0.204718    -0.110876     0.101395     0.145971    0.0276771   -0.0506232    -0.324588     0.362431     -0.29582    -0.404119    -0.346753    0.0980551  -0.00696434     0.132309
   0.0146048   -0.0424284    -0.462144   -0.0631084     0.013667    -0.751739    -0.249776     0.170796     -0.25918   -0.0348232    -0.108085     0.382045    -0.452651    -0.378766    0.0950319    -0.290031     -0.17213     0.122064    0.0924111   -0.0730827    -0.625375     0.246741    0.0751537     0.262111     0.252607    -0.185143    -0.659147     0.661739    -0.443247   -0.0479795    -0.645164    -0.150687
   -0.421983   -0.0738301     0.341252    0.0377058     0.376428      0.36513     0.392843    -0.248713    -0.663433    -0.115068     0.398705     0.138299    -0.161407    -0.164686    -0.209521    -0.153397    -0.567818     0.698049    -0.437984   -0.0342702     0.291451     0.141173    -0.808283    -0.597453    -0.181448    -0.493826    -0.604302    -0.779886     0.160548    -0.152991      0.17629     0.383193
  -0.0975197     0.112717   0.00264284   -0.0901191     0.207563       0.5205    0.0498166   -0.0886988    0.0146944    -0.109754    -0.146576    -0.154198    -0.144302     0.368688     0.233103   -0.0787861  -0.00472657    -0.224197     0.297164    -0.290383     0.144378     0.444591     0.123998    -0.172124    -0.135157     0.191938    -0.315944   -0.0866705    -0.149244    -0.144626    -0.203012    -0.125142
    0.257503    -0.132414   -0.0102322     0.350071    -0.447401  -0.00105634     0.362572     0.166079    -0.421043     0.475802    -0.105759    -0.138917   -0.0558309    -0.474506    -0.104936    -0.109832    0.0162235     0.300786    -0.169878    -0.161367   -0.0139738    -0.249888    -0.145638     0.480454      0.14569    -0.207997    -0.448885    -0.192152    0.0648514     0.192063     0.238032    0.0812333
   -0.344001   0.00694566    -0.568646    -0.376173     0.189135    -0.210665    -0.129141   0.00965323     0.294265     0.208836     0.496925    -0.407126    -0.697464    -0.791344   -0.0397626     0.279939    -0.252712     0.638514     0.410104    -0.396223    -0.347125    -0.187842      0.40407     0.551924     0.668322    -0.168223   -0.0435746   -0.0977699     0.334028  -0.00708831    -0.355641    -0.209291
    0.406417     -0.24001    -0.208339    -0.371572    -0.592345     0.583287     0.427689     -0.21622     0.178645     0.199881   -0.0122247    -0.248635     0.595637    -0.300102     0.160644     0.533509   -0.0432721   -0.0173527   -0.0334344    -0.484772    -0.168118     0.202127     0.293002    -0.339281     0.280733     0.305002     0.512573    -0.745145    0.0322636    -0.125912     0.365084    0.0887174
   -0.451257     0.194967     0.362377     0.368671    -0.309225     0.324716   -0.0905172    -0.342293   -0.0530131     0.178966     0.310698    0.0340811    -0.379223    -0.773581    -0.457152    -0.238793    -0.413912    -0.745977   -0.0768985     -0.59962     0.311489     0.157385    0.0919954   -0.0488758     0.238067   -0.0545091     0.911997    -0.594774     0.793664    -0.390685   -0.0485012    -0.175639
   -0.115239     0.186029    0.0922519     0.269998     0.221875     0.761964     -0.73798    -0.577963     0.256264     0.352937     0.124289   -0.0389858    -0.295762    -0.231374    -0.175946     -0.45177    -0.686131    -0.260922      0.28685   -0.0559546     0.158429     0.761236     -0.34562     0.336202     0.389654     0.265872    -0.633805     0.118504    0.0637144     0.044533   -0.0439908     0.110187
  -0.0487496    -0.250795   -0.0531871     0.470749     0.388933  -0.00993619    -0.233515      0.26383    -0.436362    0.0322527    -0.256705    -0.160338     0.459608      0.22006    0.0737656     0.116929     0.289215    -0.140343     0.427621      -0.3486    -0.305133    -0.194865     0.140501    0.0993192   -0.0625352    -0.812214    -0.495345     0.620048    -0.249915     0.316101     0.195354     0.321979
