  -0.117793   -0.596064    -0.20866    0.516416  -0.0959897   -0.462103  -0.0898887   -0.350707  -0.0853592   -0.271477   -0.720681   -0.442986   0.0805969    0.933598   -0.292582    0.745665   -0.312344   0.0139237    0.145522   0.0127112    -0.20734   0.0943184    0.282705    0.772122  0.00330119     0.20456    0.481977    0.740573    0.786935   -0.292778    0.199527   -0.544235
  -0.332028    -1.01116    0.434571    0.770123  -0.0764281    0.366742  -0.0031717    0.235991   -0.231226   -0.862251    0.414296    0.176914     0.38321   -0.368532   0.0611538  -0.0693618    0.471753   -0.675599   0.0551883   -0.118348   -0.145819   -0.255673   0.0867529  -0.0410145    0.174639    -0.33776  -0.0494606  -0.0211711    0.403955    0.358444    0.849984   0.0371077
  -0.667531   -0.456088   -0.561834    0.348237    0.657275    0.257081    0.102961    0.567619    0.925251   -0.842722    0.548709    0.326928   -0.721645     0.39275    0.324124    0.122186    0.471935    0.517029  -0.0470536    0.308969   -0.615215   -0.253815    0.106259  -0.0437511   -0.353907    0.099228    0.534847    0.348522    0.395364    0.314973   0.0673501   -0.201842
 0.00553135    0.314964     0.25641    0.913024    0.196883   -0.611008    0.287811   0.0884471  -0.0741371  -0.0578516   0.0215231    0.132297    0.748857    0.637913   -0.228376  -0.0197784   0.0275547    0.422076    0.230866   -0.237284   -0.441524    0.395138   -0.489973    0.781955   -0.239799  -0.0345769   -0.857491     0.87413    0.494892   -0.328888    0.224036    0.371201
  -0.156459   -0.274058    0.196615   -0.158085   -0.197105   -0.573818   -0.273723    -1.08225   -0.519823    0.314666    0.119321     -0.1983    -0.37969     -0.3566   -0.514666    0.193511   -0.224552    0.719576  -0.0431954    -1.01294   0.0311231    0.297254    -0.31734  -0.0825705    0.345851  -0.0870857   -0.415181    0.715152    0.357698      0.2355    0.393992    0.180923
  -0.200577    0.195223    0.453068   -0.139856   -0.112632    0.778231    0.211525    0.254289    0.200669    0.308316    0.218059    0.482293    0.756934  0.00195177   -0.509612    0.331148    0.288132   -0.895143     1.08104   -0.838134  -0.0245834    -0.21471  -0.0522829   -0.775232    0.604103    0.116747   -0.375614   -0.522771   -0.928234   -0.899877   -0.422971  -0.0125408
 -0.0747844   -0.323057   -0.267935   -0.593289    0.157244    0.527564   -0.682901    0.140143    0.482724    0.184302   -0.177243    0.527405  -0.0770172  -0.0577994   -0.577157    -0.23333    0.426571   -0.087216   -0.213186   -0.168631     -0.2381    0.219335    0.403244  -0.0919074    0.190395   -0.313739   -0.538795   -0.672451     0.22033   -0.214593    0.169267   -0.929739
   0.403527    0.193793    0.250216    0.214956   -0.160269   -0.643458   -0.240949    0.147655   0.0413393   -0.649089    0.519037   -0.155505     0.17333    0.392337    0.764468   0.0811297   -0.601653    0.169639    0.562107    0.236203    0.203759   -0.275461   -0.399419    0.599761    0.301418  -0.0832068    0.187657   -0.220681    0.672787    0.169051    0.537104   0.0939564
  -0.170131    0.147762   -0.232962   -0.583873   -0.855296   -0.381316    0.229783    0.675769    0.720811    0.103474   -0.275332   -0.382298    0.785918    0.370933   -0.114004    0.216452  0.00129369    0.153155   -0.437586    0.354445   -0.429785    0.416752    0.425954   -0.325366    0.354146   -0.697138    0.128101     0.72372    0.406382  -0.0534313    0.149798   -0.162463
  -0.871738    0.141307    -0.41815    0.244858   0.0263311   -0.104102   -0.677823    -0.24829    0.592401    0.122587   0.0101672    0.718713    0.504804   -0.671101   -0.454974   -0.208512   0.0381501    -0.54824    0.193424  -0.0868863   -0.150714   -0.151111   -0.518592   -0.399467   -0.531721   -0.343584  -0.0457966   -0.498571   -0.148575    0.135674   -0.273877   0.0728811
   0.415326   -0.150145   -0.153423    0.282374    -0.36449    0.065208   0.0800666     0.38312   -0.506755    -0.24966    0.460572    0.295822   -0.248814    0.330064    0.682309   -0.136064   -0.826154    0.428281 -0.00711736   -0.063145  -0.0397383    0.144278    0.411212    0.346711    0.391077   0.0978845   0.0871005      0.2657   0.0841501    0.752251    0.553244   -0.218345
 -0.0952203   -0.236012    0.271249  -0.0668462   0.0662864    0.477682   0.0090573   -0.179527    0.440231    0.397645   -0.204589    0.312564    0.314485   -0.145184   -0.275758    0.392318    0.334894   -0.312197    0.253323    0.427307   -0.688842   -0.236368   -0.245664    -0.21918     0.10582   0.0616082    0.236364   -0.378963    0.240961    0.144922    0.332829    0.019388
  -0.201308    -1.10531   -0.586977    0.500651    -1.70346    0.113642    0.253094   -0.647819    0.806919    0.631705   -0.176674   -0.381528     1.10243    0.617413   -0.401338    0.103659    0.230209   -0.317289     1.18139  -0.0347404  -0.0476547  -0.0490108     0.20984     0.32635    0.961559   -0.564292   -0.675344  -0.0724886    0.156542  -0.0203259    0.278581    0.420463
 -0.0959302    0.119556   0.0752049    0.291759    0.237296  -0.0292805   0.0766821   -0.181564    0.514549    -0.17935    0.223784   -0.306303    0.829124   -0.801312   -0.727428   -0.550529    0.518995   -0.369708    0.395359   0.0735281   -0.266553   -0.115131   -0.296047   -0.473513   -0.591127   -0.238493    0.250007   -0.558907   -0.132892   -0.319217    0.036169   -0.828144
  -0.321646   -0.390559   -0.506126   -0.107744   0.0497442   -0.414505   -0.260353     0.21557  -0.0327988    0.326123   -0.207323   -0.552228     0.10931     0.24732    0.116029   -0.203486   0.0671536    0.159151    0.335882    0.300059   -0.616344  -0.0245195   -0.245057    0.276675   -0.383876    0.295648    0.431393   -0.158124  -0.0256843   -0.259029    0.447529   -0.396838
  -0.230861   0.0284352  -0.0883289    0.599448 0.000321913   -0.247913   -0.339957   -0.192872   0.0995864  -0.0533427    0.247009    0.129479  -0.0523305     1.05589    0.159295    0.449442  -0.0819686    0.052108    0.259644  -0.0215442    0.156461   -0.509956  -0.0536667    0.149357   -0.183745   -0.332858    0.185933   -0.253707   -0.290325    -0.21844   0.0638085   -0.131299
  -0.167944   -0.451339    0.462503   -0.148115   -0.298138    0.236971   -0.119018   -0.813809   -0.923082   -0.218687    0.322469     0.40844     1.14428    0.384416    0.357445    0.217989   -0.295846    0.183747    0.480967   0.0195665     -0.1798   -0.588368   -0.245898   -0.411358    0.129619   -0.975956     1.01279    0.211496    0.490336    0.349976    0.361143   -0.146074
  -0.400666   -0.461585   0.0328833   0.0112701   -0.608249   0.0833831    -0.36151    0.410329    0.544378  -0.0798637   -0.405211    0.385678     0.05267     0.29443   -0.195448    -0.31616    0.620337  -0.0646784   0.0334569  -0.0954971   0.0365233    0.186676    0.335556   -0.106078    0.446501   -0.456266   -0.323418   -0.582201   -0.606154    -1.05913    0.573341    0.173969
  -0.491585   -0.603645   -0.314921   -0.420788   -0.743198   -0.303611   -0.118384   -0.453975   -0.159173   -0.330095  -0.0248883     0.10579    0.114915    0.544281   -0.316885    0.462104   -0.762622  -0.0281962  -0.0270542    0.041217    0.216348   -0.255038   -0.255872     0.30935  -0.0851573     0.19413   -0.313842   -0.187675    0.141692    0.226843    0.116303   0.0314195
  -0.425711     0.10056   -0.273939    0.133542   -0.159486   -0.203869   0.0831782     -0.1028    -1.00021   0.0941259    -0.53999   -0.459084    0.322584    0.301206   -0.280432   0.0127594   -0.332844      0.6721    0.536602    0.198163    0.898291   -0.597624   -0.614024     0.25112    0.137765   -0.308314    0.687173   -0.378742    0.387378   -0.467094  -0.0512361    0.417715
  -0.433436    0.048593   -0.746462    0.644241    0.741427    0.815228    0.134658    -0.37646    0.122409    0.497324  -0.0341089    0.163316   -0.569656  -0.0742438   -0.562562   -0.536926    0.501969   -0.325176   0.0521975   0.0651845     1.02098   -0.276483    -1.24201    0.355016   0.0870722   -0.178081    0.613552    -1.37279   -0.719412   -0.347995   -0.374284   -0.545471
   0.652257    0.324126   0.0999668  -0.0935386  -0.0590207    0.201156   -0.108373   -0.202983  -0.0683019   -0.319121   -0.244039    0.177462   -0.104498    0.955058   0.0100961   -0.169266   -0.169297   0.0965984    0.135881   0.0118555  -0.0355375   -0.113817    0.203266     0.55731    -0.10773   -0.533586    0.462746    0.438651    0.459696 -0.00916704     0.34074   -0.460774
   0.247344   -0.105408   -0.535348   0.0385866    -0.57126     0.35323   0.0199474    0.192501  -0.0106625    0.129773     0.21295   0.0782136   -0.869824    0.181971   0.0561006    -0.19334    0.405668  0.00355383   -0.146455    0.842739     0.02871   -0.225342   -0.010249    0.603299   0.0556549   0.0900693   0.0210496  0.00385777    0.278668    0.759852  -0.0764225    0.151865
  -0.852662   -0.062346  -0.0909219    0.166228    0.152627  -0.0266901  -0.0185273   -0.435695    0.239765    0.300387   -0.642598    0.216478    0.557383   -0.214191   -0.684322   -0.324728   0.0406461   -0.939602   -0.914444    -0.30034     0.59072   0.0501377    -0.64949    -1.23582    0.396593   -0.964283    0.344689   -0.893507    0.044012    0.291544    0.830448    0.418259
   0.659521   -0.712108   0.0658987     1.11511   -0.263369    0.577982   0.0625574   -0.276058   0.0120404  -0.0849919    0.581379    0.420112   -0.207163   0.0893142   -0.593464  -0.0246955    0.796461   -0.680465   -0.353688    0.212829    0.198542    0.323242   0.0166965    0.405265    0.148485    0.734646   -0.400312   -0.369328   -0.438636    0.380313    0.416205   0.0289735
  -0.127481    0.566406   -0.124501    0.050706    0.477501   -0.183996    0.616565    0.490603    0.566814   -0.164227  -0.0612556   -0.304044   0.0974388   -0.125097    0.848264   -0.217855    0.755173    0.169697   0.0392994    0.194531   -0.257556   -0.298581    0.204924    0.401548   -0.799395   -0.525304    0.279345    0.642605    0.251969   -0.377238   -0.118468    0.482507
   0.276735  -0.0404834    0.168462   -0.114106    -1.24788    0.102217    0.377995    0.111654   0.0266804   -0.131216    0.114416    -0.51794   0.0414965    0.569663     0.10008    0.715203   -0.525037    0.299414    0.266346    0.115675   -0.362696   -0.195829   -0.450862    0.041199    0.493152    0.186512    0.333194    0.563862    0.625656    0.379948     1.09758   -0.188333
  -0.414473    0.363489   -0.263777    0.238558   -0.515457    0.703817    0.128069  -0.0984443    0.398583   -0.783732   0.0683143    0.668002   0.0234701    0.094457   0.0402173  -0.0237269     1.08993   0.0198913    -0.50957    0.269556   -0.224616    0.347649    0.667036   -0.750309   -0.319959    0.199012    0.335286   -0.139487   -0.723181    -0.13347   -0.392653    0.120118
 -0.0949018    0.437362    0.131964   -0.902252    0.208638   -0.121458   0.0471848   -0.128204    0.669909    0.961193    -0.58492   -0.017857    0.812774    0.370625   0.0927263    0.773455    0.416912    0.015394   -0.176102    0.477838   0.0548233    0.440213    0.439015   0.0688556   0.0807799   -0.664275    0.420786    0.355262    0.728358   -0.875136    0.826244   -0.564047
  -0.331688    0.456114   -0.599797    0.041128    0.281031  -0.0966629   -0.456079   -0.356047    0.380647   0.0873826   -0.295296    0.314986   -0.229665    0.163208   -0.139735   -0.142491  -0.0128229   -0.102294    0.497479   0.0731892 -0.00481616    0.018947   0.0322454   -0.359944 -0.00548802   -0.745514    0.672511    -0.57777   -0.336499  -0.0787818    0.264091  -0.0466857
  -0.767629   0.0611827  -0.0662013   -0.448809   -0.408141    -0.46236    0.256516    0.149034   -0.632062    -0.12642  -0.0137719   -0.110394   -0.750952   -0.217578     0.01855    0.626634   -0.515892    0.416811   -0.265817   -0.129949   -0.150872   0.0667441     0.10575    0.319621   0.0534042   0.0995256    0.325805  -0.0854273   0.0943314    0.871714    0.234226   0.0761451
   0.258831   0.0422179   -0.387392    -0.36349  -0.0120533  -0.0967387   -0.190522   -0.423015   0.0258661    0.758747   -0.240323   -0.135199    0.870524    0.415767  -0.0934005    0.308053   -0.222964  -0.0833619   -0.340474    0.789414   -0.213443   -0.319392    -0.45929   -0.267691   -0.121777     -0.9681    0.706257     0.13023  -0.0755634   -0.410485    0.231141   -0.406888
