   0.450986
  -0.335674
 0.00677593
   0.175135
   0.592686
 -0.0863504
  -0.632369
   -0.37708
 0.00533892
   0.439602
   0.306569
   0.301931
   0.090264
 -0.0740043
   0.643759
 -0.0872025
   0.316948
 -0.0452203
   0.124475
   0.545646
   0.130896
-0.00585022
   0.819438
  -0.172239
  -0.035723
  0.0889114
 -0.0994168
   0.701333
   0.650397
   0.189031
  -0.186089
  0.0166195
   -0.29971
  -0.288899
    0.04109
  -0.018312
   0.203306
   -1.13985
  -0.219132
   0.290311
  0.0155704
   0.286528
  0.0675643
   0.401323
  0.0990471
  -0.135289
 0.00183401
    0.39236
  -0.241615
   0.357579
   0.244543
   0.215757
   0.188654
    0.18486
  -0.458053
   0.140225
  -0.111333
    0.17089
  0.0416147
  0.0278891
  -0.150615
 0.00712667
  -0.109421
  0.0719404
  -0.336274
  -0.178611
  -0.144896
  -0.148095
  0.0792254
   0.102204
    0.30259
  0.0420186
 0.00212199
   0.175587
  -0.293542
   0.101491
  -0.282223
    0.11959
  -0.116413
  -0.246912
   0.198986
  0.0894629
  -0.529125
  -0.379371
   0.214873
   0.420063
  -0.106939
 0.00951645
   0.716392
  -0.320511
  -0.195998
  -0.954386
   -0.16698
   0.281909
  0.0641704
 -0.0939388
  0.0737398
   0.672214
   0.344284
   0.304579
   0.108554
   0.258836
  -0.339818
  -0.428564
   0.294326
   0.108083
   0.182231
 0.00785989
   0.457721
  0.0251558
  0.0100132
   -0.45651
 -0.0213074
  -0.385067
 -0.0990039
   0.372252
  -0.426401
  -0.301564
  -0.268681
   0.239576
  -0.642519
  0.0987465
  -0.364388
   0.187064
  -0.049044
   0.362142
  0.0308416
   0.409446
