  -0.0082462    -0.506521      0.16926     0.180778  0.000424748     0.221076      0.29767    -0.396667     0.208295    -0.017853    0.0544694     0.186033    -0.298088     0.577623    0.0643109     0.348583  -0.00108016      0.12972    -0.222828   0.00134017     0.247749    -0.175489     0.478445   -0.0102218    -0.155935     0.221864    0.0429992   -0.0106925     0.253035    -0.149751  0.000597393     0.313519
    0.550378    -0.163213     0.415168    -0.264047  -0.00846569     0.150963     0.869434     0.265938    0.0868892   -0.0211684    0.0733766    -0.233413    -0.110539    -0.283301     0.471934    -0.607128    -0.108662       -0.288     0.251875    -0.204831    -0.162867      0.20428    -0.334144     0.268571    -0.152012     0.397483     0.133132    -0.114445    -0.018749    -0.333068    0.0242874     0.385012
   -0.377478     0.649976    -0.766485      0.26587     0.402155      0.21285    -0.372741    0.0338246     0.101795     0.354358     0.351019     0.489558     0.340941     0.771026   -0.0519002    0.0446787    -0.124326    -0.187193     0.120448    -0.398945    -0.463525    -0.419006    0.0813357    0.0717712     0.104857     -0.13955    -0.133773    0.0813231     0.406949    -0.244178   -0.0960198    -0.238015
   0.0681893    -0.410087     0.364586     0.139834     -0.34945   -0.0785423     0.159077     0.443234    -0.410544    -0.727744     -0.18659     0.326998    -0.537936   -0.0846964     0.146655    -0.125136     0.126456    -0.148237     -0.58704     0.413521     0.342346     0.171965     0.544694    -0.136239   -0.0110576  -0.00318468     0.109483    -0.229196    -0.220927      0.39217    0.0957653    -0.194685
   -0.273677   -0.0921246    -0.219698    0.0870712     0.199193     0.448736    0.0691391   -0.0029389      0.13164   -0.0885117    0.0223269     -0.02941    -0.149697     -0.44355    -0.139533     0.175219    -0.122053    0.0918421      0.11954     0.201697     0.297656    -0.419966   -0.0439001    -0.115291    -0.159018    -0.194089    0.0892554        0.179     0.321183     0.115192    -0.285516    -0.110955
    0.362228    -0.122417    0.0338853     0.151525     -0.13136     0.157569  0.000755458     0.102283    -0.189368   -0.0993363   -0.0814824    0.0506625     -0.17912    0.0662126     0.255889    -0.187967   -0.0856441    -0.100879   -0.0845983   -0.0312422     0.301509     0.235172    -0.154595     0.237995   -0.0921592     0.211775    -0.261031    0.0539814    0.0690557     0.117358    0.0883663     0.374154
   -0.052206     0.110856     0.506091    -0.146464    0.0645952     0.348959    -0.370532    -0.209769     0.440117     0.025665     0.378095   -0.0901025    -0.283415    -0.128018    0.0352284    -0.173361    -0.261203     0.339939    -0.245929    0.0393542    0.0152077     0.185224     0.172895     0.234601    -0.519053     0.100398    0.0608834    0.0309982    -0.211785    -0.118355    -0.358448    -0.192064
   -0.173171    0.0617099    -0.134426     0.250177    -0.476378     0.329691    -0.100832     0.372234    -0.405794   -0.0830418     0.087432     -0.34551     0.137531    -0.155314     0.131327   -0.0647112    -0.295312    -0.396053     0.234847     0.146027    0.0317171    -0.537915   -0.0191618    0.0618192    -0.357644     0.165707     0.137578    -0.136053    0.0277885    -0.552174  -0.00235589     -0.35036
   -0.587446     0.329915     0.294279   -0.0124405   -0.0355027     0.372269    0.0414542     0.054032     0.275263     0.201233     0.159851    -0.355744     0.221853     0.244102     0.430184    -0.120238    -0.243279     0.181404     0.253804    -0.306742    -0.542552     0.028029     -0.12196   0.00653464    -0.256222    0.0195024     0.348971    -0.145141     0.227364     0.280779     0.233251    -0.188077
   -0.155949   -0.0350981    -0.368107    -0.155952   0.00223391    -0.109654    -0.265497      0.29577   -0.0713137    -0.380602      0.45439     0.337865     0.416596    -0.767303    -0.360189    -0.237903     0.119344    0.0488236     0.380454  -0.00820237    -0.301146     0.113034     0.614806     0.467356   0.00799797   0.00259955     0.235141    -0.203063     0.150356    -0.296506    -0.167634    -0.082787
    -0.28522     0.202987     0.090245   -0.0391608     0.467971   0.00929749   0.00652174    -0.485001    0.0535396     0.473862  -0.00287513     0.333047     0.269893     0.140611    -0.159587     0.254439     0.170712     0.133422    -0.236312   -0.0101441    -0.225922    -0.662733     0.311719    0.0343237    -0.124125     0.334847    -0.460956      0.24065     0.466759    -0.192434   -0.0798217   -0.0267368
   0.0167262    -0.147392    -0.337713   -0.0083034      0.33339    -0.187673     -0.48451    -0.417519     0.543871     0.309072    -0.289584    -0.281419    -0.197275     0.305308      0.10525    -0.402399   -0.0912292     0.369775    0.0239078    0.0282898      0.38808     0.099529   -0.0392517     0.455799   -0.0496037    -0.210364    -0.414077     0.411191     0.216245     0.230182    -0.466965      0.26892
   -0.175196     0.193545     0.170164     0.328631     0.304399     0.202955     0.239088   -0.0672827    0.0807947      0.14557    -0.257696    -0.259242    -0.386584     0.105496     0.144622    -0.320586    -0.365822    0.0217235    -0.436115    -0.273265    -0.978077   -0.0907911   -0.0342503    -0.168776   -0.0343171     0.269112    -0.110928     0.357926      0.17539    0.0392546     0.241396    -0.111514
    0.183523    -0.644311    -0.204024     0.188953     0.468507     0.358848    -0.174996    -0.555542     0.143277     0.588117    -0.466923     0.336884    0.0270216     0.122252    -0.331559     0.345945   -0.0380267     0.588397     0.406342     0.400907    -0.348293    -0.364259    -0.207429     0.173811     0.247077    -0.211021     0.189647     0.254823      0.38676     0.140273     0.119484     0.299791
   -0.203302     0.410873    -0.121377     0.249576   -0.0865982    -0.229284     -0.35194    0.0844195   -0.0260655    -0.702751    -0.118278     0.170017    -0.526982    -0.128117   -0.0222321     0.303264    0.0310948     0.129079     0.448704    -0.107142     0.163055     0.538857      0.31926    -0.143386     0.157691    -0.288763   -0.0647658     0.161941     0.318546     0.225907     0.433707   -0.0453843
   -0.150527    0.0777233    -0.164463     0.323244    0.0785393     0.339672    -0.021089    0.0477689    -0.135249     0.357392    -0.309879   -0.0568617   0.00846503     0.330269     0.679003    0.0223039    -0.218482   -0.0195954   -0.0765374   -0.0456379    -0.436027    0.0327874    0.0476176   -0.0203006      0.06009     0.270108    -0.283121     0.156157   -0.0337238   -0.0932864     0.292108     0.170616
   0.0283128  -0.00418837   -0.0534656    0.0518671    -0.240394    -0.306729    -0.381534   -0.0475397     0.218445    0.0394408     0.164605   -0.0093762   -0.0741008    -0.634822    -0.238027     0.314479     0.130415     0.326915    -0.518401     0.438278     -0.22416    0.0702512    0.0768072     0.516394    -0.111324    -0.063393     0.052878    -0.275882    0.0974162    -0.159005    -0.252555    -0.518506
   -0.143107     0.352151    -0.236029     0.479856   -0.0276147     0.104196     0.260462     0.141007     0.315401     0.142213    -0.310755     0.093341    -0.357887     0.081109    -0.180055     0.235088    0.0968385     0.247232   -0.0434322     0.430555     0.171608   -0.0329744    -0.204859     0.178546   0.00508679     0.282019    -0.273571    -0.180598    0.0317703    0.0129848     0.464687    -0.330289
     0.20491    -0.286206    -0.132946    -0.165559     0.203473     0.214395     0.113783    -0.533545     0.347037     0.113788     0.336884    -0.350154    -0.131423    -0.521491     0.324561     0.181384     0.133693      0.19651     0.167074   -0.0399733     0.135999      0.12933    -0.395516   -0.0799101    0.0327433    -0.150954   0.00205788    -0.289289    -0.253159    -0.127221  -0.00409025    -0.241523
   -0.328652    0.0195459    -0.178208     0.379614    -0.293479     0.570064     0.162464    0.0618681      0.23333    0.0691208      0.12978    0.0638156    -0.510934      0.22455    0.0377192    -0.783234   -0.0665033    0.0713968     0.585452   -0.0339526     0.505519     0.189315    -0.246225     0.252619     0.123833   -0.0290308   -0.0754432    0.0215347     0.132934     -0.01835    -0.507062     0.274793
  -0.0659198    -0.138492     0.108306    -0.160995     0.158473     0.162888     0.167222     -0.13196     0.155023     0.210207   -0.0111641    -0.275475    0.0251953 -0.000487757      0.17033     0.544784     0.109706     0.217847    -0.140659   -0.0262612    -0.168363     -0.10456     -0.32886    -0.313094   -0.0446856    -0.411022     0.119558     0.361448   -0.0381669     0.305237     0.076254    -0.177185
   0.0783745   -0.0152975     0.217601     0.430501     0.108547    0.0584286     0.184507    -0.521691     0.251817     0.340287     0.152469    -0.394961     -0.28972    0.0397927     0.354727    -0.192467   -0.0506159   -0.0478685     0.140669    -0.160711    -0.407845     0.143863     0.109995   -0.0047808    -0.161771     0.150707     0.361546    0.0969334   -0.0556351    -0.087644   -0.0420068    -0.117845
   -0.296331   -0.0193223    -0.164822   0.00548989   -0.0698842     0.390433    -0.197888     0.137664   -0.0113832    -0.130922    -0.110561      0.26332    0.0942385     0.259794   -0.0299812    -0.215238    -0.085496   -0.0175752    -0.341199    0.0464962    0.0825788    0.0753458    0.0880525     0.101955    0.0939394      0.33123    -0.233955     0.148047     0.167306    -0.465551    -0.270013    0.0484935
  -0.0394214   -0.0993945     0.223866    -0.406394     0.321091     0.219147     0.210255    -0.270601    -0.136439    -0.312657    -0.177444     0.131803    -0.489664     0.489096    -0.331735    -0.200783     0.239407    -0.131787    0.0458863    -0.349893    -0.085509    -0.427031    0.0552567    -0.124648     -0.21796     0.458492     0.264321    -0.176117    -0.500205    -0.130962    -0.232549    -0.215376
    0.402852     0.406305     0.038494     0.279704     0.155892    0.0743632     0.520323     0.404654     -0.16042    -0.367193    -0.264164     -0.20963    -0.101683    -0.235944     0.375776     0.161577    -0.319405    -0.363189    -0.495131    -0.166665     0.177903     0.376728     0.187532   -0.0477016     0.188329     0.275011     0.128881     0.379482     0.134969     0.105787     0.525386     0.218347
   0.0631057    0.0163925   0.00252673    0.0333737    -0.483227     0.448258   -0.0368902      0.26668    -0.226577    -0.414107     0.692904     -0.09394     0.169859    -0.375622     0.178296     0.144239     0.576571    -0.349565     0.116177    -0.133842    -0.336069    0.0329345    -0.207599   -0.0151236    -0.355129     0.223307    -0.046993    -0.351249    0.0598793    -0.370425   -0.0654326    -0.349944
   0.0152121    -0.535224    -0.430946     0.182681    -0.398983    0.0060604    -0.177264     0.249748    -0.123562    -0.215009    -0.172629     0.529228    -0.277206    0.0211349   -0.0445679    -0.404692     0.225321    -0.195877    -0.295842     0.170566    0.0259373    -0.212749     0.128463     0.223201    -0.167016     0.305867     0.335393    -0.189984    -0.211583    -0.193935     0.316957      0.12307
   0.0172448     0.338719   -0.0647323    -0.119909     0.172173    -0.514672       0.2545     0.244294     0.150865    -0.251699   -0.0431608     0.218241    0.0289465     0.102562    -0.108219    -0.218387   -0.0897666    -0.165095   -0.0992493    -0.103107    -0.325785     0.244986     0.313546     0.260967    0.0982662    0.0275642    0.0437063     0.104801     0.158017     -0.16171   -0.0831122     0.302145
  -0.0872417    -0.149205     0.407923    -0.114842   -0.0889918    -0.148553   -0.0457972   -0.0206683    -0.436646   -0.0947053    -0.256059      -0.3494    0.0296607    0.0165513    -0.184659     0.124159    -0.323495      0.04959     0.123933    -0.281579     0.195683     0.144739     0.391977    -0.277242    0.0156696     0.221987     0.274314    -0.389384    -0.194018     0.025547     0.149555    -0.231033
   -0.488165    -0.154635    -0.149436    0.0608754   -0.0993643      0.29842    -0.341057     0.225715     -0.27282     0.357647    -0.265359      0.83374     0.367514     0.181342     -0.10411     0.364014   -0.0170988    -0.639537     -0.36783    0.0403021     -0.31446   -0.0287272      0.20966    -0.036848    0.0883525     0.435065     0.203098    -0.102771    0.0541071    -0.238307   -0.0505232     0.228979
   -0.087627     0.337762     0.292279     0.161657   -0.0820242    -0.134781     0.518137   -0.0939007    -0.023181     0.330179    -0.346384  -0.00452029     0.167656   -0.0984701     0.205118     0.169144     0.397305     0.077467    -0.174907   -0.0685217     0.204798   -0.0943688   -0.0578254    0.0633909   -0.0533768    0.0872119    0.0731786    -0.157684   -0.0299351    0.0774198    -0.138362    0.0348624
     0.19278     0.490352     0.138097    0.0804276    -0.450755    0.0397197     0.249711      0.11157     0.181875    -0.141045     0.107855   -0.0770805     0.231302    -0.339038      0.10826     0.240623     0.127504     0.187539     0.352557    0.0698735    0.0209916     0.217241    -0.332468     0.268924    0.0714081     0.284355    -0.222535    0.0843342    -0.299459     0.262771     0.302238     0.528083
    0.172035    -0.132213    0.0992413     0.198285    0.0925357     0.167148    0.0482699     0.198674   -0.0208008   0.00627444    0.0322278    -0.222519     -0.29033    -0.350793    0.0304899   -0.0205613    -0.255457     0.189823    -0.210499     0.176484     0.209858     0.273258    -0.260505   -0.0244383    -0.426072    -0.236673    -0.320841    -0.452304    -0.127099    0.0548851    0.0550799   -0.0648701
    0.441893     0.219443    -0.082306   -0.0963372    -0.290622   -0.0361743     0.116202    -0.157514    -0.157365    -0.194208    0.0358762    -0.145797    0.0455761    -0.847096     0.349766    0.0391313    -0.259497     0.080129    -0.356848    -0.126043    -0.102968    0.0420245    -0.291569     0.342833    -0.061763      0.32134   -0.0551743     0.112965     0.189937  -0.00180426   -0.0219612    0.0760104
    0.279718     0.450082     0.130892     0.060083     0.148837     0.135792     0.036351     0.322111    -0.145531   0.00493974     0.161113   -0.0477449     0.105481     0.468795     0.344793    -0.236601     -0.03055    -0.381812     0.120704     0.179778     0.376697     0.350417    -0.218135   -0.0202199      0.48956     0.379969    -0.156029    0.0383298    -0.133244    -0.210693     0.385191   -0.0811059
  -0.0355814    -0.183382   -0.0418642    0.0801605    0.0133435    0.0445392     0.247932    -0.281328     0.149656    -0.202246    -0.283056   -0.0904398    -0.212969   0.00220422    -0.333292      0.25726    -0.226562     0.695014    -0.211627    -0.261518     0.479463     0.259968     0.296411    -0.542536    -0.243122   -0.0757889    -0.316602      0.10413    -0.113375     0.488046        0.186     0.406795
   0.0976829    0.0283633     0.262139   -0.0292973     0.207645     0.368964    0.0155068    -0.123916    0.0780598    0.0215692    -0.013335    -0.588279     0.272637     0.761026     0.439739   -0.0436118    -0.545352    -0.337533     0.121353    -0.143799   -0.0974452     0.335773    -0.306321    -0.165624    0.0732806     0.165596     0.326442     0.130455    -0.161285     -0.25433    0.0866621    -0.250859
   0.0698566     0.378186     0.216215    -0.418529     0.384425    -0.162467    0.0721876   -0.0462842     0.210755     0.296248     0.168128     0.154015    -0.138118   -0.0547356   -0.0954103    0.0393126    0.0898801     0.121668     0.391083    -0.083688   -0.0097497     0.107162    -0.123072    0.0309881   -0.0614022   -0.0297863    -0.208436   -0.0801966        -0.36   -0.0409879     0.110285    -0.152791
   -0.253363   -0.0581607    -0.507139     0.402382   -0.0988375     0.594812    -0.352218    0.0435986     0.470156   -0.0187199     0.393363    0.0101366    -0.342846    -0.123391    -0.137386    0.0850126    -0.538806    -0.121959     0.112274  0.000200098     0.388034    -0.327792    -0.214549    -0.336186     -0.33418     -0.14881    -0.136994    -0.461094    -0.105119    -0.222767    -0.213589     0.509455
   0.0907067  -0.00394896     0.225641     -0.16546    0.0705861     0.107873    -0.169811   -0.0792896   0.00918507     0.257387     -0.29371    -0.135783    0.0176846   0.00621069    -0.113149   0.00849729     0.152027      0.02678    -0.547375     0.215029     0.233958     0.209326    -0.416321     0.241723    0.0966068      0.46637    -0.284581    0.0834777     0.404275   -0.0244929    0.0583609     0.071642
    -0.57942    -0.199901     0.176336     -0.26242    0.0497228    0.0700164    -0.901284    -0.287453     0.313137    -0.118548    -0.460661   -0.0917834    0.0504972    -0.172144   -0.0594307    0.0831275   -0.0789375     0.630728     0.019362    0.0170089    -0.334343     -0.17379     0.258968     0.625988    -0.109612     -0.14376    -0.109276   0.00167547     -0.30374     0.157011    -0.363191    -0.149191
   -0.160786   -0.0726591     0.113841     0.255778    0.0243757  -0.00489105    -0.156611    -0.202918     0.251848     0.296362    -0.468154   -0.0347614   0.00681451     0.187389    -0.213482    0.0230874      0.18345     0.639964   -0.0583409    -0.401514     0.132297     0.168325    -0.135765     0.215954     0.346834    -0.138839    -0.248323      0.13857     0.100252     0.306086    -0.696567    0.0868675
    -0.21661    -0.138193   0.00593487    -0.370648     0.118436    0.0906821    0.0772105    -0.189564    0.0158488    -0.165978   -0.0506904    -0.389522    0.0967021     0.363183    -0.249251    0.0770863   -0.0741288    0.0187542      0.75573   -0.0133801   -0.0693914     0.233881    -0.489727    0.0938752     0.161956     0.263213    -0.440191    -0.195629    -0.105669     0.276453     0.510424    -0.180446
 0.000857935     0.705221   -0.0379032     -0.43962    -0.250547    -0.266852     0.163473     0.198791    -0.279823    -0.364988     0.119781    -0.137382     0.228865    -0.160022     0.232812     -0.18519    -0.114946    -0.301973     0.389138   -0.0285037     0.180183     0.216637   -0.0492482    -0.358108    -0.366179     0.567298    -0.306555    -0.195602     0.132918     0.288471     0.272934     0.283212
    0.105648    -0.481431     0.490088   -0.0578457   -0.0571887     0.530921    -0.103702     0.102166     0.123443       0.1974    -0.311454   -0.0659161   -0.0457875    -0.022251     0.212498    -0.160724   -0.0451665     0.412439    -0.151084    -0.141548    0.0138033     0.186196    0.0363628     0.270258        0.184    -0.213571     0.088065    0.0735973     0.318302    -0.203924    -0.413792     0.188748
   -0.436287    -0.220813    -0.350069      0.18317   -0.0782788  -0.00347212    -0.500199    -0.367208    -0.288015    0.0883134    0.0481713     0.145595    0.0124277    -0.431067    -0.160115    -0.316785    -0.189438    0.0824197     -0.17156     0.174694     0.471149    -0.253315     0.179167     0.242173    0.0967318    -0.258535   -0.0833701      -0.1931     0.336228   -0.0607733    -0.247962     0.129204
    -0.21291     0.092317    0.0488585    -0.229691    -0.235411       0.1397     0.644502     0.314337    0.0130398    -0.122797    0.0119627    0.0282666    -0.140965    -0.345379      -0.1452    -0.314365     -0.32598    0.0363918     0.027889     0.047223   -0.0455017    0.0123425   0.00498886     0.340736   -0.0334747     0.186553    0.0850044   0.00808328    -0.071566      -0.3529    -0.128996    0.0431617
  -0.0276836    0.0364645     0.114482   -0.0216842    0.0615725    0.0915194     -0.14272     0.153964    -0.067514     0.182139     0.249419     -0.25759    -0.192775     0.447455     0.238315    -0.474098   0.00341343     0.256718     0.289569   -0.0590948    -0.268504     -0.15488    -0.307724     -0.34328    0.0774955    -0.210895    0.0620963   0.00425117    0.0321935   -0.0156059    -0.275423  -0.00465096
    0.392094    -0.264083     0.115952     -0.13301    0.0790504   -0.0968138    -0.217171    0.0896859  0.000634382     0.532425     -0.15085     0.491435     0.133157     0.304093    -0.217894     0.431664     0.159093     0.380933     0.383882    0.0125878    -0.318672   0.00695003     0.432855   -0.0679344     0.401502     0.436431    0.0993986     0.179793     0.100503    -0.121654    -0.171873     0.184297
  -0.0442819    -0.101283     0.662708    -0.333363    -0.219242 -0.000205064     0.108792    -0.116157    -0.204282    -0.398874      0.21553     0.127969    0.0339685    -0.146962   -0.0418661    -0.111988     0.436152    0.0234057    -0.378005    0.0116961    0.0968458   0.00577505    -0.101242     0.409802    -0.488121     0.412204     0.303164    -0.435771    0.0736632       -0.034    -0.072757   -0.0631509
  -0.0678581   -0.0138898    -0.491448    0.0328151     0.125986   -0.0987625    -0.258551   -0.0780068     0.481541    -0.112819     0.207256    -0.112767    0.0412002   -0.0898419     0.208693     -0.17165    -0.193408     0.126261     0.417756    -0.199545    -0.341878     0.088996    -0.170545   0.00326462    -0.546645    0.0871465    -0.146428    -0.158421    -0.397989     -0.37134    0.0328806    -0.201424
    0.363711     0.311446   -0.0870887   -0.0190287    -0.229337     -0.62247     0.367733    -0.131733    -0.212712    0.0123439   -0.0634526   -0.0166606     0.521402    -0.300452    0.0125131    0.0212148     0.604769    -0.207982     0.284859     0.112269     0.411813     0.403996     0.159347   -0.0285778    0.0924281     0.401393    -0.013383    0.0376047     0.443191     0.202962    -0.382525     0.451183
    0.086483   -0.0624662    0.0292655    0.0903739   -0.0715379     0.247584    0.0836626    -0.383119     0.166419    0.0788867    -0.200545    -0.237937   -0.0385428    -0.214331     0.192863      -0.1566    -0.315086     0.442099    -0.251084   0.00209798     0.242718    -0.065433   0.00498054    0.0592435    -0.587319    -0.208982   -0.0582244    -0.141017      0.57221    0.0327666    -0.287873    0.0644706
    0.170631    -0.334397    -0.450171      0.37132      0.35444   -0.0397186    -0.789617     0.137031    -0.143491   -0.0459339      0.27446     0.196953    0.0859055    -0.528355      0.31615     0.306787     0.256608       0.5043     -0.19943    0.0192596    0.0075223     0.147502     0.289286    0.0984418     0.173892     0.164006    -0.215215    -0.501502    -0.104596    0.0447893    -0.326304    0.0570097
  -0.0800106    0.0157664     0.845152    -0.325925     0.121712   -0.0567808     0.366043    -0.371794   -0.0515726     0.286638   -0.0080713    -0.431071    0.0395651     0.162922     0.424893   -0.0198317    -0.450304     0.213198     0.183817    -0.102973    -0.124218     0.121472    -0.382928     0.361739    -0.159878    -0.178047    -0.110519     0.201032    -0.375677    -0.282808   -0.0589165    0.0481997
  -0.0692965    -0.415601     0.135115   -0.0317683    0.0504976     0.354352    0.0983024     0.356473     0.193237    -0.233039   -0.0601597     0.382462    -0.505289     0.280421    -0.137026    -0.288652    0.0553626    -0.311451   -0.0877828   -0.0646457     0.240691   -0.0939983     0.292081    -0.228327    -0.331644    0.0446106   -0.0927626     0.369704     -0.25818     0.197068     0.352245   -0.0584092
   -0.260834   -0.0720215    -0.119957  -0.00260728    -0.299241     0.272039     0.210395   -0.0752705    0.0138041     0.339348    -0.229976     0.556317  -0.00803714    -0.186907    0.0984907     0.687486    0.0843725     0.290303   -0.0291514     0.062521    -0.207478     -0.16787    -0.170505    -0.168604      0.27557    0.0154169    -0.234872      0.81948    -0.857304    -0.191253     0.194236     0.262952
   -0.269677    0.0635039    0.0387563      0.15843    -0.082004    0.0830612    -0.620482     0.349077   -0.0986364     0.244667    -0.213194     0.221886    -0.254587    -0.603557    0.0310574    -0.173028     0.235573   -0.0109963      0.38302    0.0953977     0.246314    -0.193303    -0.106209    0.0113245     -0.30923    0.0128952    -0.231931    -0.376898     -0.15738    0.0379042    -0.345334    -0.106298
   -0.580474    0.0433415     0.134658    -0.342796     0.202959   -0.0262899   -0.0968903    -0.212716      0.34765    -0.124343    -0.228652      0.16067     0.247787      0.77064    -0.435285    0.0700241     0.111901    -0.249344     0.298385    -0.305227    -0.307323    -0.327657      0.08401      0.13693   -0.0577481   0.00897946     0.165036     0.431584    -0.416303    -0.610188   -0.0250569    0.0669963
   -0.078929   -0.0784814     0.366748     0.121444   -0.0130593    -0.100265    -0.179411    -0.337021    -0.165373     0.352428   -0.0715306    0.0187004   -0.0783735     0.293001     0.154788     0.195676     0.169375     0.148014    -0.221671   -0.0565854    -0.208551   -0.0307116 -0.000439786    -0.201274    -0.186782     0.364619   -0.0359706    -0.537405    -0.372276    -0.140086    -0.116766   -0.0166807
    0.306138    -0.159392     0.232996     0.306618    -0.189557      0.94097    0.0119996    0.0554686     0.217286     0.520581   -0.0767679    0.0190229    0.0258174    -0.134829     0.314996    -0.462604    -0.682903   -0.0405794   -0.0441966    -0.392531      -0.2044    -0.163171      -0.1911     0.409214     -0.22836     0.119758    -0.070772     0.468468     0.232243   -0.0789617   -0.0896572    0.0222101
   -0.104369    -0.389903     -0.13204    -0.258646    0.0114267    0.0600668    -0.446356    -0.219183     0.455467     -0.19644    0.0309538    -0.385198    -0.213288     0.308622     0.232448   -0.0583933    0.0680642     0.446226   -0.0752602    0.0799575    0.0222635    -0.156486     0.193485    0.0767114     0.193925   -0.0663031    -0.180348   -0.0741566     0.311792    -0.338873    -0.568625     -0.11955
    0.620294     0.236525     0.157455    0.0556011     0.241187     -0.12778     0.259847     0.196062     0.105222     -1.03673      0.16504    -0.324348    -0.466936      0.18023    -0.222514   -0.0595954     0.208497    -0.039251    -0.151744    0.0583736     0.132738     0.581833     0.125091    0.0295777    -0.379649    -0.482051   -0.0269345     0.504356    -0.229732     0.105587     0.263153     0.147101
    0.393928    -0.230329    -0.832704     0.564722    -0.167205     0.067179      0.10837     0.542845     0.127165    -0.183596     0.108998    0.0940413     0.164703    -0.422095    -0.258077    -0.275638     0.392227   -0.0821019    -0.172039    0.0386914     0.352168     0.211611   0.00379615     0.220815     0.406997      0.15936     0.293553    -0.540398     0.343177     0.449283    -0.284967    -0.311556
    0.242006    -0.238212   -0.0614459     0.152529    0.0429459    -0.300611     0.168912     0.362617    0.0613272    -0.166629    -0.134186    -0.476255    -0.347256    -0.116371     0.227369       0.1199   -0.0863022     0.171516    -0.397013    -0.252295     0.125213     0.465585     0.224505      0.14274    -0.353548    -0.195378     0.136816   0.00922929     0.032873    0.0125711     0.447121    0.0360446
    0.275311     0.156838    -0.229559    -0.236665     0.118935   -0.0829112     0.351206    -0.616305      0.13657      0.52077    -0.379065     0.363762     -0.13666    0.0628378    -0.128687     0.145424   -0.0361936     0.157056     0.426691    -0.185062     0.369513  -0.00247908   -0.0473693    -0.327323    -0.194226     0.242438    -0.319425    0.0375162    -0.494503    -0.052423   -0.0380749     0.221033
   0.0187582    -0.126604     0.198484    0.0280591     0.187357     -0.05796    -0.709184   -0.0890104     0.101368     0.324016   -0.0190465     0.125413    0.0989372    -0.588221   -0.0388105    0.0406179      0.20005   0.00902878      0.18772   -0.0324275      -0.1223    -0.137547   -0.0648696   -0.0529545     0.090149   -0.0535335    -0.263666     0.388714     0.432602     0.260257    -0.261549   -0.0853475
   -0.605589    -0.177037     0.223626    -0.306526    -0.524369    0.0852722    -0.415884     0.219118     0.214146  0.000753172    0.0521082    -0.170653     0.211464     0.156912   -0.0739626    -0.270788    -0.157924     0.151502     0.205321    0.0861872     0.385391    -0.075837    -0.307558    0.0969371   -0.0413599     0.117417   -0.0591734    -0.797586    -0.103955    -0.542327    -0.382101     0.222709
    0.307194   -0.0578225    -0.343771     0.367339     0.276091     0.127037    0.0846233    -0.204511     0.326614    0.0166711    -0.198174    -0.134794    -0.672261      0.25377    -0.326044   -0.0769892    -0.111684     0.233414     -0.32037     -0.62075    -0.298492     0.216692     -0.13977    -0.285477     -0.48523   0.00715463    -0.351233     0.173344    -0.544698     0.577276      0.45659    -0.352516
    0.154463   -0.0960127    -0.506512   0.00393976     0.619902     0.150661    -0.246741    -0.226547     0.247771    0.0328386     0.330146     0.505424     0.433904      0.18088    0.0381752   0.00608386     0.222352    0.0301674     0.606538  -0.00620237    -0.350361    -0.582994    0.0458204    -0.406758    0.0114771     0.139915     0.114683     0.155412   -0.0100462     0.461244   0.00352728    -0.249368
   -0.534122     0.382026    -0.412023     0.169481     0.151883    -0.256608     0.420572     0.173484   0.00860007    -0.113759  -0.00930412   -0.0627217      0.13363    -0.276915    -0.143316     0.123376   -0.0623629   -0.0250235    0.0954149    0.0708902     0.177624    -0.153766   -0.0338732    -0.270043     0.402603    0.0167671    -0.154929    -0.330504    0.0811223     0.146335   -0.0491356     0.140704
    0.170314     0.469408     0.154831    0.0310544     0.292842   -0.0541341      0.25193    -0.164611    -0.269299    0.0281288    0.0613688     0.134914     0.217309    0.0702769     0.266649     0.300403   -0.0876115    -0.192709   0.00212489    -0.249272    -0.114626     0.149743   -0.0135817    -0.173772    -0.239859   -0.0302753   -0.0240611    -0.202292     0.276638   -0.0118859    -0.111682   -0.0952797
    -0.22759    0.0455439     0.288444     0.311164     0.354709     0.260599    -0.170289   -0.0807922     0.134711   -0.0322597    -0.187296   -0.0705212   -0.0765862    -0.197619    0.0835059    0.0841197    -0.580221  -0.00951622     0.372635      0.18093    -0.126384    -0.230369    -0.482294     0.625245     0.052088   -0.0419899    0.0840687     0.251577   -0.0835287    -0.658648    -0.134647    -0.210947
  -0.0357944     -0.24707     0.162436    -0.094547    -0.157035   -0.0380238     0.118596     0.529016   -0.0592232   -0.0634312    -0.156664   -0.0463203    -0.158194    -0.239497   -0.0972981   -0.0655018    -0.339854    -0.147727    -0.162126     0.136981    -0.186706     0.307499   -0.0418879   -0.0321779   -0.0761999 -0.000130359     -0.24678    0.0587811     0.126717    -0.338213    0.0642656    0.0392834
    0.146903    0.0555798     0.225792   -0.0919181    -0.111613  -0.00824002     0.433883    -0.246415     0.101634     0.199193    -0.308117    -0.245912    -0.232311     0.541526    0.0890302    -0.274896    -0.283372    0.0568161    -0.232312   -0.0586324    -0.133866    -0.271215    -0.189831    -0.354613    -0.182012    -0.172968     0.431364   -0.0649217    -0.329128    -0.118175     0.170789     0.705135
   -0.171856    -0.261962     0.106728     0.145361     0.471501    -0.474186    0.0251031     0.379211    -0.112345    -0.353491       0.1737     0.322477   -0.0693712     0.109243   -0.0258773  -0.00357818     0.413721      0.11421    -0.550918      -0.2977    -0.606867     0.161113     0.319212   -0.0883979    -0.439947    -0.266685     0.241391    -0.201007    -0.212678     -0.32087    -0.192402    -0.167042
    0.024243    -0.457101    -0.232159      0.41687   0.00395853    0.0618135    -0.424287    -0.382047     0.386344     0.304697     0.010768    0.0140533    -0.352774   -0.0635311      0.17782    -0.272866    -0.330481     0.206221       0.1221    -0.161881     0.129186    -0.367563   -0.0993516    0.0711352     -0.23876    -0.112296   -0.0795996    -0.333225   -0.0794081    0.0597427    -0.455626    -0.146687
   0.0259146    0.0083311     0.281669    -0.309984     0.117474      0.31298   -0.0255813     -0.05551      0.13434    -0.117155    -0.044187     0.387759   -0.0305339     0.216043     0.277652   0.00259793    -0.049615    0.0444943     0.132745   -0.0937978    -0.331102    -0.302373    -0.102421    -0.357612     0.167803      0.16216     0.402801     0.205942    -0.066553   -0.0486241    0.0425674    0.0123882
    0.122135    -0.092207      0.39007    0.0665088    -0.317274   -0.0336988     0.534168    -0.147023     0.315877    -0.548546   -0.0822833    -0.226071    -0.206715    -0.320815    -0.185314    -0.349958   -0.0615517   -0.0224917   -0.0479773    0.0638993     0.439225     0.325395   -0.0658928   -0.0420415    -0.117982    0.0585425     0.108016     0.193135   -0.0606045     0.600953    0.0728686     0.467733
   -0.260717    -0.020712     0.182041     0.110094     0.144417    0.0283844    -0.290199     0.131646    -0.335836    -0.409852    -0.109739     0.599964    -0.127604    0.0550647     0.315947   -0.0827519      0.10376     0.288235    0.0144559     0.100463    -0.204368     0.207398     0.338312     0.158884     -0.17238    -0.101569     0.184563     0.135296    -0.256953    -0.386329    -0.134741    -0.436761
    0.336321    -0.496081    0.0975308   -0.0283937    -0.131046    -0.233037    0.0279699     0.263587    -0.137331    -0.113946   -0.0412921    -0.536638    0.0877696    -0.261998    0.0691236    -0.258753     0.268685    0.0612239    -0.341618  -0.00732727   -0.0462222    0.0173222    0.0678924    -0.350476     0.127449     0.344219     0.209022     0.243595    -0.258978     0.509912    0.0562502     0.290014
    0.372983    -0.153638    0.0170948    -0.136789   -0.0818387   -0.0391986     0.505753   -0.0312015      0.31842     0.348859    -0.206892     0.175855    0.0145421    -0.193496     0.196894     0.220749    -0.165939    -0.345653    -0.113812     0.180945    -0.103162      0.16179     0.378173     0.177256   -0.0475836    0.0256177   -0.0322381     0.110488  -0.00890902   -0.0435758   -0.0549289   -0.0420227
   0.0687473   -0.0716037    -0.403881    0.0150259   -0.0263813    -0.332571    -0.512625    0.0257343    -0.128485     0.462047     0.261611     0.175448   -0.0112519     0.189867     0.106751     0.260831   -0.0839146    -0.183394    -0.158171   -0.0781044     0.121892   -0.0921091   -0.0653789    -0.550551   -0.0717941     0.122077    -0.178606     0.379492    -0.099188     0.198396    0.0383087    -0.151512
   -0.623191      0.22495    0.0693416    -0.273464     0.588132    -0.130391      0.10269    0.0431289     -0.70956     0.100504    -0.360937    -0.139707     0.472385     0.231705    -0.144712    0.0962896     -0.27883   -0.0271278  -0.00649272    -0.267792    -0.327793     0.020814    -0.179235    -0.121699    -0.297254     0.209821    -0.102785    -0.135563     0.564193   -0.0178057    -0.108812     0.152319
   0.0805532   -0.0994038    -0.108905    -0.226703     0.123322     0.105319    -0.282269    -0.178967      -0.2467    -0.152417    -0.184969    -0.105275    -0.147981   0.00146035    -0.136903     0.100898    -0.296753    -0.106734    -0.178315     0.154875     0.272733    0.0921619     0.146479     0.213046   -0.0161076     0.457494    -0.480041     0.438868    0.0929141     0.153669    0.0264935   -0.0536084
     0.40034     0.242916   -0.0391664    0.0700515     0.145963   -0.0321405    -0.469841    -0.035991     0.250458    0.0850614     0.278591     -0.17593    -0.459786    0.0718325     0.327797     0.131017   -0.0710753     0.408898    -0.255193     0.108167    -0.233274     0.411464  -0.00646125    0.0762119    -0.361095    -0.249843    -0.387317     -0.36924    -0.059063   -0.0539784     0.193647    -0.481483
   -0.297526     0.234345    -0.296648      0.19885    -0.373808     0.123153    -0.410719      0.31307    -0.475271   -0.0376277    -0.209643     0.224979    -0.153239    -0.737473    0.0278951     0.564835     0.320465     0.437557    -0.373638      0.04992    0.0451771     0.555764    -0.147824    0.0458212      0.15671     0.088497    -0.141422    -0.406778    -0.383736   -0.0521949     0.180085   -0.0589047
    0.348559     0.351658    -0.239221      0.39624    -0.485518    -0.187027    0.0647986     0.643614    0.0844116    -0.323797    -0.489582     0.190447    -0.642555    -0.267022    -0.128324     0.312094   -0.0996109      0.33843     0.159029    -0.379405    -0.302803     0.288737     0.552642   -0.0445214    -0.359206    0.0397826       0.5497     0.137729    -0.390243    -0.135916   -0.0769003     0.411528
   -0.270016    -0.420298   0.00160774    0.0349934     0.273635    -0.131708   -0.0895977     0.241331     0.395825    -0.319097    0.0444454     0.550223     -0.64718    0.0547286    0.0121879     0.626115     0.360803     0.357758    -0.241373     0.250535    -0.169195     0.638057    -0.138461      0.20856   -0.0149188    0.0467393    -0.508625     0.165935    0.0529631    -0.130575     0.145921    0.0195393
    0.360885     0.129113    -0.151062     0.103372    -0.712534     0.161487    -0.127718    0.0827681    -0.100398     0.051373    0.0254033     0.134192    -0.322671    -0.377909     0.179263     0.506362     0.064721    0.0690014    -0.346095     0.306446     0.107052      0.21717    -0.318977     0.108212    -0.328749    -0.181592      0.04047     -0.10103    -0.176883   -0.0369156   -0.0010448    -0.184863
  -0.0106144   -0.0319574     0.241012     0.284545   -0.0184193      0.12114     0.105841    -0.164856    -0.343542     0.149051    0.0271337     0.297648   -0.0186861    -0.493375   -0.0289287     0.259979     0.195931    -0.093103    -0.269342     0.382697      1.01484     0.349373    -0.209806    -0.037732     0.253639     0.028203     0.155004    -0.163341     0.209936   -0.0850554    0.0567459     0.351537
    0.274349    0.0572983     0.232821   -0.0257214   -0.0164601      0.22847    0.0596357    -0.236141   -0.0113893     0.263928    -0.408596   -0.0450057    -0.419473     0.263279     0.147493    -0.556938    -0.118291     0.461253     0.191882   -0.0964011   0.00879485    0.0116514    -0.318385    0.0781814      0.20552     0.342246    -0.039639    -0.124676     0.171818    0.0315979    -0.208976   -0.0319568
   -0.213708     0.210303     0.215501 -0.000453951    -0.079795    -0.187245     0.151192     -0.21003    0.0310473     0.131252     0.184642    0.0488644     -0.29135    0.0570161     0.307928    -0.104222   -0.0591435   -0.0687607     0.218584   0.00669661   -0.0270071    0.0894816    -0.201069    -0.331214     0.267507    -0.128694    -0.195723    0.0812463     0.170852    -0.144889     0.293317     0.281342
   -0.115497    -0.269864    -0.120741    0.0414967     -0.06944   -0.0389351     0.041377    -0.169179   -0.0441647   -0.0932537    -0.108898    -0.308694    -0.394311    -0.196725    -0.187551    0.0217754  -0.00719093    -0.301726   -0.0351775     0.172542     0.357376     0.300691    -0.069564    -0.656831     0.154465   -0.0903478     0.196237    -0.276392   -0.0645978     0.078544     0.225058     0.764151
   -0.242612    -0.171181    0.0519289     -0.44663    -0.229825     0.357913     0.214284    0.0819062     0.416621   -0.0147786    0.0463462     0.117566     0.102218     0.280183    -0.281483    -0.201782     0.122364    -0.300984    0.0543391    -0.262419    -0.297856    -0.504251     0.447992    -0.110012   -0.0333153    0.0357667     0.162237     0.237937     0.227539    -0.227095     0.183599    0.0182183
   -0.184691     0.269108    -0.425362   -0.0311993    0.0215901    -0.391226    -0.155252    -0.103228    -0.292561   -0.0403461     0.384485     0.247668    -0.223856    -0.197006     0.096127     0.431495    -0.183694    -0.323299    -0.142946     0.579897    -0.476473   -0.0637456    -0.327872    -0.056512     0.185389      0.33024     0.114794    -0.123377    -0.157647    -0.420323     0.267812    -0.057564
   -0.223364     -0.14782     0.331357    -0.143439     0.067285     0.518163    -0.353686   -0.0806283    0.0246641     0.129771    -0.224564      0.08165     0.436631   -0.0197909      -0.3467    -0.515435     0.476111    -0.242213     0.533315    0.0135533     0.161955    -0.346891    0.0477318   -0.0464057    0.0257525    -0.279179   -0.0929378    -0.136914     0.497388   -0.0155913     -0.19534   -0.0226703
 -0.00195177    0.0300534    0.0397515     0.094259   -0.0107761     0.519197     0.208806    -0.264352     0.101713     0.638135   -0.0956537     0.215841    -0.153511     0.542782     0.476271     0.228194    -0.111372     0.260984    -0.355005    -0.212668    -0.426911   -0.0600956    -0.393005    0.0422542     0.036736    0.0822159    -0.584965     0.143341   -0.0283287    -0.275387    -0.432364     0.200273
   0.0971448   -0.0288128     0.100702    0.0300467   -0.0556864    0.0527355     0.249547    0.0926417    -0.060689      0.26699    -0.160371   -0.0405382    -0.279481    -0.102258    -0.196569      0.18549    -0.250693    -0.298804     0.403339   -0.0341904     0.274535    0.0988723    -0.122365    0.0309317   -0.0210712   -0.0763122    -0.414557     -0.36397    -0.056223    0.0652718     0.172608     0.158317
    0.116847     0.137582     0.123039    0.0443438     0.159051    -0.147004     0.349633   -0.0565518    -0.347267    -0.242928     0.219879    0.0758784    -0.348974     0.554128     0.194905    -0.175262    -0.149046     0.317286     0.159193    -0.309417     0.217083     0.437381     0.188076    -0.280326    0.0332486   -0.0715628    0.0868215    0.0240607     0.158631     0.175675     0.428572    -0.289778
   -0.306195    -0.126079   -0.0280315     0.608484    0.0762702    0.0166297      0.25835   -0.0778734     -0.25913    -0.295155    -0.185287   -0.0369087    -0.289228   -0.0143404     0.683112     0.204797     -0.27328   -0.0902454    -0.621412   -0.0224929    -0.295817    0.0730633    -0.187184     -0.10592    -0.282972   -0.0373155    -0.099284     0.381097   -0.0338858    -0.288377      -0.1681     0.457965
   0.0540214   -0.0510608     0.164344    0.0803016    -0.106784     0.298188     0.358216     0.121816     0.276249     -0.34111    -0.259846    0.0747511     -0.23238     0.278289    -0.381093   -0.0873482    0.0965247    0.0602375     0.426478    -0.099904     0.288287     0.220521     0.117632    -0.342416    0.0259785  -0.00405088      0.25307    -0.264358    -0.455747     0.170626     0.197318   -0.0474023
   -0.287615     -0.26208    -0.122805    -0.423137     0.095591    -0.368965      0.36112    0.0122496  -0.00703548   -0.0311121    -0.131212    -0.365064    0.0770249    0.0412448     0.209131     0.491562  -0.00614204   -0.0988953    -0.167993    -0.263853     0.089982    0.0760024     0.109205    -0.138604     0.298516    -0.466453     0.171514    -0.265384     0.219302   -0.0927422     0.165686    0.0519934
   -0.223846     0.188984     0.378903     0.295594     0.145524     0.342113     0.309587    -0.190345     0.172497   -0.0974903    -0.338786    -0.354503   -0.0427502   -0.0119587   -0.0121877    -0.142636    0.0988043     0.046529    -0.407355  0.000635565     0.241855     0.260907    -0.249156     0.202933     0.181846     0.115742     0.133227    -0.195694    0.0201726     0.227742     0.195507     0.113555
    0.542022    -0.199368     0.060379  -0.00806052    0.0116176    -0.083714     0.377551     0.358611    -0.063188    -0.675935    0.0186314     0.368471    -0.275838    -0.417947   -0.0169312     0.446878   -0.0146693    -0.258533   -0.0956552    -0.118295     0.426787    0.0975794     0.126276   -0.0663117    -0.415227    -0.276615     0.227571    -0.558109     -0.15596     0.289961     0.671931     0.435451
   -0.148735   -0.0185473   -0.0862504    0.0541639     0.195035     0.259111    -0.103635    -0.366368     0.200757     0.264619     -0.48278    -0.155691     0.080787    -0.343142     -0.12107   -0.0584981    -0.169757    0.0223435   0.00621565      0.21867   -0.0321476    -0.190806    -0.280866  -0.00950155     -0.15136     0.135363     0.139143    0.0966424   -0.0670087    0.0906802     0.035697   -0.0644217
     0.25021     0.105836     0.179942   -0.0923499     -0.26978     0.247003    0.0588315    -0.440019   -0.0753628     0.130078    -0.216105     0.142163    -0.124484    0.0883515     0.282836     0.074794    -0.295883     0.112249      0.13582     0.230581     0.501734     0.388775    -0.256162      0.16595     0.112395    -0.138553    -0.178071    -0.276851     0.640096    0.0651054   -0.0561128     0.148614
   0.0303173    -0.373789     0.270349     0.253471     0.282487     0.247654    -0.122868    -0.472102     0.393195     0.122821    -0.343203    -0.337789    -0.512008  -0.00956081   -0.0417515    -0.341006    -0.205019    -0.125572    0.0453784    -0.529486     0.258761    0.0561308   -0.0850795    0.0953599    -0.362273     -0.26987   -0.0367169     0.424493     -0.12767      0.24908   -0.0344893   -0.0708783
   -0.194225    -0.203767     0.359005     0.194058    -0.246962     0.557311    0.0930991     0.201434   -0.0910715    -0.171391    -0.225609     0.102722    -0.183971     0.132621    0.0107572    -0.223718    -0.152568    -0.330195    -0.221074   -0.0813319     0.290437   -0.0852349    0.0400922    -0.105045     0.111717      0.33563    0.0707578    -0.140542   -0.0580622   -0.0222753    -0.140826    -0.329568
    0.388114    -0.338381     0.283252     -0.10034     -0.15589    0.0231438    -0.151681      0.24048    0.0756521    -0.304606     0.331138    0.0427624    -0.164488   -0.0733065   -0.0279277   0.00766384    0.0801336     0.160055    -0.382102    0.0461822    -0.172366    -0.192502    0.0839599   -0.0230301    -0.117416   -0.0677454  -0.00171154    0.0461355   -0.0440701     0.163384   -0.0440235     -0.35514
  -0.0189111    -0.272437    -0.195569     0.737512     0.141307     0.347344    -0.523713     0.484568    -0.147554   -0.0883445    -0.024416     0.240032    -0.286865    -0.401077    -0.311042     0.235438   -0.0277954    0.0717391    -0.800063    0.0255285     0.111421    -0.119689    -0.275703     0.386981      0.31638    -0.100403     -0.25538    -0.211362    -0.219479     0.258016    -0.401237    -0.423172
   0.0597583     0.233233   -0.0825573    -0.157717    0.0171318    -0.202425     0.343485     0.121567    -0.391897    -0.193557   -0.0632354   -0.0510611    0.0502115    -0.583902    -0.332089    0.0106726     0.195688    -0.417786    0.0638388       0.0542     0.217409      0.13954   0.00782526    -0.562816     0.137514     0.237242     0.151491    0.0604843      0.10079     0.277575     0.324991    -0.319726
   -0.186142    -0.172284      0.74944    -0.071394     0.196076     0.664513     0.678283    -0.375339     -0.25398     0.229254    -0.518617    -0.252431   -0.0799117     0.640759     0.066525    -0.199674    -0.533413   -0.0739072     0.183763     0.146753    0.0130507     0.148231    -0.563996    0.0759495     0.106866     0.523542     0.140836       0.2668     0.269018     0.137972     0.404751    0.0348559
   0.0610594    0.0553968     -0.19252    0.0119541    0.0573787      0.32768    0.0199481    0.0630278   -0.0974215    0.0929569    -0.126829   -0.0797095     0.187856    -0.187674     0.181041    -0.372633    -0.085555     0.295123     -0.15518     0.287964    -0.141075    -0.206039    -0.280369    0.0523485     0.232683     0.259792    -0.188544   -0.0646439    0.0755733     0.121446    -0.157701   -0.0317393
   -0.486428     -0.29496     0.229934    -0.192161    0.0441873     0.536793     0.581074    -0.496226    -0.219407   -0.0518815     -0.28626     0.516385     0.238395    -0.122859    -0.156796     0.268775     -0.14961    -0.331643     0.544471     0.310566    0.0525534    -0.238262    -0.400951     0.318272    0.0694816     0.211388   0.00100391     0.498451    0.0338691     0.112727     0.345131      0.45336
    0.403586     0.282042     0.261219    -0.121462     0.272227     0.218929   -0.0628431    -0.110949    -0.135192    -0.212357   -0.0303233    -0.250585    0.0292316   -0.0417248    -0.461391    -0.228632     0.235632  -0.00547371    -0.157593    -0.157966     0.280357     0.136925    -0.112303    0.0102634     0.245668     0.203412     0.248315     0.307211     0.253262   -0.0957396    -0.281404     0.280327
    0.257022     0.324466   -0.0369087     0.187463    -0.179439     0.132496     0.508761    -0.110898    -0.364859     0.221117    -0.148302    0.0583378    -0.138013    0.0261549    -0.141739    0.0362439    -0.171856    -0.183861  -0.00925305    0.0299295     0.102006     0.274663     0.222577     0.111552     0.224005    0.0722404    -0.775603 -0.000854796     0.251003     0.146867    -0.266547     0.302151
    0.141122    -0.266913    -0.219403     0.318879    -0.240712     0.673358    -0.150544     0.215131    -0.284632   0.00509986     0.122735    0.0513877    -0.558077    0.0720941     0.134723    0.0658964    -0.302648     0.212442    -0.456455     0.323886     0.423855   -0.0595401     -0.65228    -0.534957    0.0247036  -0.00324123    -0.164705     -0.61806    0.0599944    -0.177959    -0.272447     0.102008
   -0.245579   0.00290629    -0.321431     0.271857     0.194929     0.172327    -0.416185     0.237488    -0.041787  0.000211667     0.106576   -0.0793258     0.239959     0.122994     0.249404      0.28356    -0.118376     0.179739    -0.288225    -0.038792    -0.130225     0.149056   -0.0764885    0.0582094    -0.377899     0.560768    -0.004432    -0.202747    0.0920023    -0.255056    -0.278283    -0.129436
  -0.0719672     0.306628    0.0280239     -0.15818     -0.12067    0.0669306   -0.0515626      -0.1385     0.115607     0.326161    -0.481653    -0.241203    -0.197295     0.305852   -0.0891362  -0.00145776    -0.182151     -0.31616    -0.056663    -0.273477     0.237245    0.0606914    -0.409777    -0.108406     0.424178    -0.224246     -0.54713    -0.180068    -0.515048     0.291557     0.296297    -0.161609
  -0.0879263     0.142989    -0.349365    -0.436233    0.0413406     0.141204  -0.00312089    0.0377306     0.126702    -0.350022    0.0973652     0.200882     0.415474     0.129623     0.344702     0.226238    0.0649615    -0.163256     -0.23048    -0.137278    -0.563448    -0.414648     0.185246      0.13132      0.35637    0.0536101    0.0319871     0.161861     0.221113    -0.230037    -0.229759    -0.278518
   -0.300931     0.638352    -0.272569    -0.136739   -0.0724793     0.370619    -0.560413    -0.202211     -0.14821   -0.0897537     0.274363     0.185118      0.16765    -0.112539   -0.0211526    -0.354471     0.272401    -0.145353    -0.237124     0.432882    0.0519765    -0.211783   -0.0125611     0.973587     0.846746     0.240098     0.126561     0.328297     0.270936     -0.34584    -0.754903     -0.41225
    0.508314    -0.330369   -0.0389155   -0.0128429   0.00424604     0.172799   -0.0172291    -0.199976     0.207428    0.0129824    -0.211081    0.0908256    -0.167981   -0.0370897    -0.211775     0.259979    -0.552869     0.448239    -0.137024    -0.210383     0.258697    -0.253982    -0.254851    -0.438401    -0.351706    -0.351973     -0.18561     0.121701    -0.438884     0.360944    -0.623376    -0.109924
   -0.236973    -0.123155   -0.0527889     0.272328     0.130809    -0.346461     0.359887    0.0707322    -0.493937     0.249347   -0.0067478   -0.0964692     0.115041     0.136175    -0.321969    -0.263576    -0.131383    -0.199721     0.333161       0.3187     0.198481     0.194574     0.577519    -0.242503     0.161036    0.0469476     0.293234     0.139308     0.296454     0.419318      0.14569     0.638499
    -0.30667   0.00803739     0.262352    -0.198364    -0.220174     -0.14697   -0.0189483  -0.00545373     -0.17398     -0.50745     0.227905    -0.100997     0.527722     0.528031    0.0691685   -0.0139946     0.171478    -0.479304    0.0884436   0.00106452     0.101807    -0.270131    0.0532435     0.269212     0.378602     0.111071     0.764504      -0.3348     0.659521    -0.340452    0.0381277     0.374595
   -0.766914     0.469368     0.283896    0.0554705    0.0485437     0.167921      -0.2398    -0.497538     0.314756      0.10157     0.257245    -0.328976    -0.409703     0.548632    0.0923376    -0.171628    0.0361607    0.0907312      0.50898   -0.0361875    -0.211972    -0.121715    0.0868084      0.25247   -0.0320734   -0.0975759   -0.0316321     0.352136    -0.118316    -0.249029   -0.0893494   -0.0788671
 0.000874074     0.304653    -0.164167    -0.353669    -0.218818    -0.155662    -0.313515     0.214052   -0.0645554    0.0354815     0.181531     0.339047     0.362889     0.141272    -0.096128     0.013129     0.277114     0.277713     0.408099    0.0625994    -0.527382     0.129613    -0.230372   0.00856671     0.120139     0.427102     0.373251    -0.231117   -0.0488153     0.135851   0.00282395   -0.0627473
   -0.133234    -0.169616     0.426285    -0.107384    -0.367571    0.0382295    -0.184326   -0.0514899    0.0483048    -0.303078    0.0461512   -0.0272617    -0.140522    -0.358734   -0.0841966    -0.656522     0.540606     -0.13068    0.0335743   -0.0124529     0.653436     0.242649   -0.0670698     0.555247     -0.15947     0.398785     0.186935    -0.293265     0.182155    -0.190664     -0.10949    -0.115389
