-0.690201
 -1.44793
-0.898278
-0.850077
 -1.49325
 -0.99168
-0.732086
-0.844573
-0.996924
-0.858901
-0.984962
 -1.13388
 -0.84556
-0.917699
-0.707752
-0.930785
-0.985149
 -1.16826
 -1.02276
-0.843082
-0.996889
-0.656474
 -1.07678
 -1.24105
 -1.30978
-0.819692
 -1.26033
-0.864412
-0.903731
-0.848224
-0.840774
 -1.08036
 -1.20972
-0.755124
 -0.85455
 -1.35378
-0.805035
 -1.52407
-0.964373
-0.952707
-0.922756
 -1.11388
-0.921895
-0.641535
 -1.01986
 -1.06915
-0.790775
 -1.08779
-0.980577
  -1.0608
-0.854001
-0.912084
-0.850928
-0.849463
-0.895076
 -1.07982
-0.783779
 -1.09514
 -1.02405
-0.903519
 -1.31452
 -1.54343
-0.982629
 -1.13321
 -1.38203
-0.617824
-0.972793
-0.824778
 -1.21199
  -1.1222
 -1.29797
-0.723233
-0.822424
 -1.11731
 -1.10816
 -1.37428
 -1.06528
 -1.02261
 -1.09535
-0.997459
-0.896753
 -0.96143
-0.878427
 -0.99569
-0.904413
-0.741362
 -1.10945
-0.764722
 -1.24722
-0.844734
-0.994533
 -1.65713
 -1.16734
 -0.93922
 -1.04497
-0.783142
  -0.9044
 -1.04845
 -1.03019
-0.757717
 -1.25585
 -1.18431
-0.905126
-0.844856
 -1.18828
 -1.05248
  -1.0297
 -1.49516
-0.987693
-0.934051
 -1.19186
-0.899161
-0.713785
 -1.05075
-0.995981
 -1.14034
-0.898353
-0.865349
 -1.05243
-0.738087
 -1.11356
-0.794973
-0.909259
-0.892238
 -1.02899
-0.950449
 -1.26463
 -1.02905
