  -0.0754417     0.162193    -0.437836     0.119504   0.00710763     -0.58672     0.496814     0.445978   -0.0189766    -0.116791    -0.199713    -0.280657     0.309131    -0.437233    -0.330377     0.215563    -0.284985   -0.0119681    -0.442168     0.198043     0.903986    -0.316377    -0.120467    -0.537207   -0.0213428    0.0150597     0.464243     0.207336    -0.268886    0.0208252   -0.0893972     0.620598
   -0.529876      0.48395    -0.199482    -0.118354    -0.728687     0.303419    -0.242505    -0.291538     0.208856     0.365774     0.491208     0.389556    -0.138264    0.0179761    -0.186623   -0.0197647   -0.0469872    0.0710021    -0.157914    -0.638197     -1.11344   -0.0251103    -0.857203    0.0746299     0.130291     -1.07517     0.166436    -0.296531      0.34825     0.834454    -0.391015     0.289902
   -0.132886    -0.278018     -0.18892   -0.0737621     0.264573     0.280599     -0.30683     0.195275     0.524921    -0.668239   0.00200676     0.921387     -0.16403     0.384218    -0.282107    -0.387979     0.354799     0.111104     0.162193   0.00197014     -0.66949     0.354964     0.241624     0.415881     0.304906      -0.1307     0.139435    -0.279888     0.280598     0.176196    -0.306049    -0.237992
    -0.63204     0.425018    -0.328529    -0.235491     0.281913     0.213965    -0.172814    -0.435426     0.205102    -0.145773   -0.0711923    0.0481958     0.568024     0.145855    -0.557723    -0.431499   -0.0403591    0.0673249    -0.367639     0.253129    -0.199592    0.0389195     -0.65908    -0.291073     -0.16689     -0.12969    -0.144596    -0.215081     0.155867      0.34427    -0.338269     0.144199
    0.506234     0.891374    -0.948529    -0.336188      1.55611   -0.0216708    -0.257341    -0.519626    0.0258708     0.417686    -0.966141     0.713532     0.574212    0.0689993    -0.874863     -1.39432     0.538213    -0.625927    -0.330046     0.430219   -0.0251158      0.13877      0.24196     -0.27433    0.0896618    -0.543975      0.56609    -0.604207    -0.406133    -0.643717     -0.40957    -0.260139
   -0.319681     0.175373       0.1409   -0.0903019    -0.337844    -0.438414   -0.0746558     0.116197    -0.330283 -0.000596934    -0.190491     0.108056     -0.21982    -0.291621    -0.286812    -0.100041    -0.161945    0.0430331     0.284366    -0.312704    -0.274627  -0.00825536   -0.0278823      0.47733     0.211875     0.228284  -0.00283299     0.175414    -0.226479     0.512998    0.0626547     0.286513
   -0.214184    -0.012597     0.779794     0.110889     -0.34371     0.111055     0.586296    -0.356299   0.00672465   -0.0724729    -0.218393    -0.640178     0.129776    -0.450253     0.535097    0.0310924    -0.204501    -0.412622   -0.0515582    -0.767564     0.237393     0.308513     0.506193     0.256009     0.297849   -0.0982012    -0.450298     0.130818     0.300606     0.134232     0.130502     0.563733
   -0.114001    -0.276319    -0.311296    -0.582724    0.0961956    -0.495094     0.503212     0.992369    -0.017723    -0.443375    -0.185897    -0.715239     0.466746     0.740383     0.454325     0.108383    -0.408239     0.593082    0.0821479     0.291044     0.735013    0.0555695     0.459088     0.739957      0.78523      0.42224      0.28709    -0.250638     0.148952    -0.184428    0.0783415    0.0388225
   -0.315826     0.106454    -0.297925     0.672289      1.09621  -0.00258038     0.507114     -0.28669    -0.285943    -0.144923    0.0362423     -0.39493     0.722816    -0.253458     0.209039     0.178508    0.0541288    -0.359337    -0.321888    -0.294967     0.290552    -0.161957     0.366226     0.338064    -0.012327     -0.43351     0.483578      0.60397      0.89416    -0.252955     0.364077    -0.227219
    0.162811     0.537317     0.534415    -0.495234    -0.337346   0.00156814    0.0280088   -0.0923817      0.42916     0.138525    -0.140597    -0.622349     0.596916     0.207229   -0.0104725    -0.116741   -0.0214529    0.0637469     0.160095    0.0421857    0.0692485     0.456743     0.176345    -0.336731      0.44935    -0.102006    -0.149237     0.357124     0.372019    -0.192316     0.078606    -0.360082
   -0.623539    -0.124076     0.507248    0.0255332    -0.260587    -0.118828     0.467278     0.225435    0.0940111     -0.27356     0.399049    -0.278964    -0.979895    0.0193168    -0.159989   -0.0154096   -0.0324468    0.0188257    -0.441892     0.201754   -0.0839376    0.0111083    0.0774383     0.144004    0.0611688     0.191191    -0.438771    -0.370358    0.0699114     0.185185     0.113765     0.955061
   -0.306116   -0.0735509    0.0201118   -0.0215378    0.0839281   -0.0481921   -0.0949414  -0.00903326     0.367196   -0.0479117      -0.2464    -0.381061    -0.010879    -0.185199   -0.0747761     0.413539     0.197464     0.189331     0.148645    0.0915256    -0.149229     0.385027    -0.121036     0.151337    -0.112889    -0.384388   0.00492824     0.350387     0.136024    0.0184436    -0.349602    -0.412709
   -0.533246    -0.104893     0.278119     -0.16774     0.148833    0.0856142    -0.209423    -0.320834    -0.304879     0.313641     0.284747    0.0824212      0.31251    0.0250716    -0.214731     0.412252        -0.25     0.210843     -0.46566    0.0702126    0.0728049    -0.322843    -0.107299     0.198185   -0.0742782    0.0226841    0.0744101    -0.201246     0.337635    -0.058987    -0.479621    -0.633488
    0.262254    -0.115175     0.038469     0.804622    -0.303163     0.329297     0.287075     0.570022     0.175668    -0.405817     0.548311     0.101488   -0.0565712    -0.221872    -0.102839     0.378641    0.0648231    -0.324264    -0.260015    -0.412156    -0.283312     0.204761     0.261833    -0.252998     0.238259     0.597573    -0.146882     0.706304     0.129951    0.0241847    0.0669843    -0.202055
  -0.0989071     0.193771    -0.199438    -0.393765    -0.234664    -0.538974     0.179347      0.35784   -0.0855276   -0.0157313     0.256508   -0.0326792     0.253781     -0.46201    0.0226247    -0.198496     0.120066  -0.00309363    -0.993555    0.0311772    -0.178148    -0.136862    0.0968489     0.435962    -0.533888    0.0660911     0.396678     0.577172     0.752206     0.691326     0.394014     0.255457
    0.567756     -1.33989    -0.174401    -0.289026     -1.32054     0.163116     0.367086     0.409811    -0.248069    -0.261048    -0.885869     -1.12641     0.650042    -0.751081      1.02683     0.108423   0.00235693     0.209101     -0.46533    -0.607581     0.517348    -0.188017    0.0206667    -0.636173     0.387624     0.716689    0.0243709     0.575302     0.337349     0.621245     0.352227   -0.0508758
    0.369398   -0.0795127    -0.675811     0.550404     0.327156     -0.40319     0.531099  -0.00594887    -0.375488     0.184121     0.627221     -1.16633    -0.950048     0.156499   -0.0358907     0.368943     0.330719     0.216779     0.162313    -0.051401      1.82199     0.400962     0.368727     0.130181   -0.0270021     0.156217  -0.00807149    -0.420674     0.162532     0.378166     0.194795    0.0762718
   -0.273187     -0.19324    -0.344021    -0.373936     0.153992     0.357151    -0.412175     0.394755      0.16271    0.0534306    -0.342237   -0.0734016    -0.161836     -0.14585    -0.677827    -0.451977     0.468632    -0.128154     0.629721    0.0156659     0.430519   -0.0592816     0.290501    -0.395165     0.411448     0.444019    0.0513436    -0.289872    -0.751813    -0.521232    -0.519931     0.136349
   -0.362672     0.350915      1.13496     0.360969     0.656086      1.05602    -0.194394    -0.264174     0.162668     0.583557    0.0506046      1.17768    -0.514329     0.054603      0.13334    -0.405359     0.755666    -0.407949    -0.657289      1.05747     -1.25175     0.500936    -0.168932    -0.639066      -1.0518    0.0684623   -0.0960018     0.375147    -0.208202    0.0686269      0.57789     0.183746
   -0.535373     0.504404    -0.179684    -0.627169      1.03333     -0.23876    0.0465959    -0.386396      1.17983     0.920075    -0.775036     0.154426    -0.191452    0.0474286    -0.643366     0.024989     0.338781   0.00634797    -0.440256     0.282666    -0.249236     0.113779     0.352652     0.321735    -0.751716    -0.580775     0.109985    -0.457579    -0.165804    -0.119644    -0.432534     0.267603
    0.177795    -0.111747   -0.0496546    -0.407068    -0.583896    0.0114128    0.0812924    -0.271948    0.0963201    -0.592377    -0.265233    -0.302173    -0.533434     0.495406     0.106257     0.368852    -0.330946     0.260966    0.0309166    -0.177266   -0.0654104    -0.213918    -0.062065     0.599949    -0.201039    -0.196606     0.242738     0.299179    -0.206034     -0.20154    0.0538982    -0.242358
   -0.162061     -0.29496    -0.470264     0.274508      0.52556    -0.161855      0.47374     0.181049     0.201085     0.225815    -0.203439    -0.627009    -0.144621    -0.336772    0.0140085     -0.44011     0.235464    -0.303408    -0.230117    -0.104351      1.35797      0.22279     0.157394    0.0720978    -0.114121     0.213601      0.10243     0.171879     0.118551       0.1141    -0.133146     0.180645
    0.166464    -0.257856     0.225509     0.256331     -0.24275     0.299867     0.504973    -0.469434    0.0455708     0.138946    0.0528712    -0.671786    -0.521307     0.250835     0.670031     0.292322   0.00930604     0.142928    -0.223699    -0.910637     0.417271     0.463578      0.60329    -0.122101   -0.0263305    -0.442589    -0.901691     0.745659      1.17785     0.303666     0.549188    -0.441585
    0.883433     0.751356    -0.138717    -0.136445     0.735725     0.334928    -0.409564     0.416256     0.342252     0.444599    -0.828899     0.943318    -0.451468    -0.117749    -0.514505     -0.43843       1.2363   -0.0605779    0.0801741   -0.0734769    -0.831243     0.415393     0.165523   -0.0210014    -0.275213    -0.304857    0.0399432    -0.156396    -0.985882    -0.404656     0.114199     0.359158
    0.451725    -0.896923    0.0491997     0.445821    -0.218625    0.0164558     0.279197    -0.680859    -0.234135     0.163524    0.0503945    -0.291933    -0.501507    -0.360234     0.490311    -0.128425     0.427667    -0.204102    -0.165826     -1.13409     0.850476     0.159219      0.60576    -0.178517   -0.0208288       1.1122     -0.16026     0.259707    -0.223878     0.511946     0.458873      0.21873
    0.590565    -0.299383      0.42078    0.0398815    -0.534691    0.0440765    -0.300256     0.948606    -0.305225    -0.648019     0.612315    -0.194583     0.655808    -0.385936     0.202441   -0.0401765     0.120915   -0.0859889    -0.196157     0.484969    -0.279301    -0.854153  0.000650326    -0.240264    -0.170245     0.222663     0.290516     0.172406     0.341279    -0.602448     0.527177    -0.201141
    0.312027     0.185099     0.282177    -0.335608     -0.15591    -0.329023   -0.0298738    -0.366661    -0.243768     0.285687    -0.194324   0.00689074     -0.48183    -0.223371     0.288666    -0.371097    0.0945301     0.193536   -0.0954498    -0.243754     0.210292     0.051439    -0.255526      0.37106     0.248219   -0.0204916    -0.259705    -0.310483     0.106159      0.38044    -0.171199     0.591549
   -0.210016     0.503365    -0.718599    -0.404518     0.524288     0.390909    0.0547919    -0.241602     0.396967     0.247036    -0.851142     0.316775      1.18632    -0.814699    -0.907667    -0.123279     -0.21562    -0.130812    -0.436781    0.0111441    0.0319224     0.269753     -0.10833    -0.562626   -0.0273851    -0.466995    0.0451149   -0.0370987    -0.971013    -0.308708    -0.261905      0.29984
    0.106886     0.545301    -0.572014     0.341945     0.523298    0.0751924    -0.543814    -0.169952   -0.0587684     0.250357    -0.254983     0.114838    -0.930649    -0.292358    -0.559846    -0.297089     0.214385   0.00119682     0.555533    -0.718619     0.829207    -0.232195     -0.48624    -0.191749    -0.190505    -0.803092     0.170292    -0.727637    -0.443331     0.240715     0.216448     0.144407
    0.358385    0.0466881     0.585487     0.215761     0.468125    -0.163528     0.489659     -1.20586    -0.334767   -0.0385815    -0.935692    -0.755745    -0.191264     0.611659    0.0775399     0.562898     -0.36269    0.0775203      1.40347    -0.922872     0.743534     0.299101      1.22141     0.694965     0.585511    0.0518985     0.283569      1.40478   -0.0470652    -0.304621     0.580893     -1.01806
    0.325692    -0.528942    -0.346316      0.59874     0.424145    -0.189728      0.14226    -0.206609     0.057621    -0.370508    0.0428112    -0.470627    -0.684241     0.553191    -0.352063    -0.401461     0.605785     0.423061     0.496782    -0.287059      1.00104     -0.16515    -0.134262      0.57885     0.330569    0.0857243   -0.0906931    -0.568414    -0.285319     0.392869    -0.223041    -0.204653
  -0.0107638    -0.150034    -0.683246  -0.00412189    -0.395648    -0.543134     0.297731   -0.0691375    -0.460434    0.0383928     0.182777    -0.630024      1.18569     0.230877     0.325629     0.450622    -0.555888     0.390393    -0.503146    -0.179407     0.841198    0.0759378     0.442017     0.109021     0.322465     0.668396    -0.135942     0.456026     0.225374     0.433723     0.644396      0.23938
   -0.879618     0.270997     0.137836     0.317207     0.472557     0.635582     0.249854    -0.265125     0.115767     0.545812     0.239777     0.581643   -0.0953146    -0.143022     0.194507    -0.511269      0.58221    -0.341686     -0.31659    0.0702443    -0.910288     0.493212     0.228263    -0.362148   -0.0029484     -0.28314    0.0468913      0.21829   -0.0687819    0.0871329   -0.0364668    -0.298042
   -0.316164     0.255496    0.0772642    -0.385793     0.580904    -0.653272     0.335522    -0.383429    0.0526457   -0.0586201   0.00678321     -1.15366     0.830708     0.247656    -0.276648    0.0154951     -0.21725    -0.299052     0.199956    -0.698386      1.76576    -0.426078     0.363951    0.0623905   -0.0849089    0.0214714    -0.372932    -0.135089  -0.00218388     0.120018    -0.617786    0.0836887
    0.035545    -0.154792     0.141171    -0.804373    -0.504536    -0.400131     0.430328    0.0438186     0.857708    -0.255548    -0.738253      0.17344     0.363976     0.249622     0.439411      0.15999    0.0024155     0.549802    -0.733185    -0.164845     -1.15957     0.386071     0.183801      0.27827      -0.0752    -0.342726    0.0715545      1.00207      1.24391     0.811853     0.415244     -0.18258
    0.152287   -0.0733424    -0.219041    -0.119457      0.33109     0.105652    0.0675382     0.111239     0.185383     0.145622      0.27773     0.165855     0.573351    -0.334796    0.0057899     0.136873     0.417356    -0.158126     0.093292     0.321058    0.0983447   -0.0706076     0.101999    0.0823291    -0.199896     0.072408     0.412977     0.435971     0.165983    -0.171346    0.0431311     0.275202
    0.641763    -0.639473    -0.680539     0.552638     0.367886    -0.412306    0.0756817     0.653172    -0.616593   -0.0535926     0.257277    -0.457871   -0.0200717    -0.307449    0.0626086     0.200376    -0.513707    -0.368127     0.390835   -0.0152916      1.02867    -0.709859   -0.0625278     0.634057     0.407313    -0.276429     0.459513    -0.272564    -0.411789    -0.198166    -0.216196  -0.00827091
    0.665953     0.179048     0.304696     -0.09292     0.352593    -0.268795     0.155439     0.829253    -0.024205    -0.235566     0.102949  -0.00940059     0.315336     0.515957    -0.408178    -0.253519     0.224183      0.14753    -0.661137     0.461954    0.0358424     0.199787     0.441526     0.527949    -0.475317     0.331586     0.570997     0.301625     0.795445     0.533911     0.464558    -0.222297
   -0.547726      0.28071    0.0294643    -0.299026    -0.101698     0.581229    -0.661472      0.12601      0.55336     0.114845    -0.133192      1.37713     0.536476     0.091116    -0.411572     -0.62886    0.0342069     -0.22662   -0.0141619     0.885669     -1.10141    -0.391977    -0.485674    -0.144236    -0.271671    -0.672276     0.231335    -0.173371    0.0339295    -0.388804     0.039657     -0.35338
 0.000524457    0.0295499   -0.0750217    -0.260108    -0.219112     0.951015    -0.233105    -0.147854     0.372823    -0.114652     0.187741     0.286151    -0.104778     0.137963     0.202923    0.0629459  -0.00853956   -0.0568417    -0.546131     0.208145     -1.26686     0.394055   -0.0698417     0.246869    -0.129318     0.254055     0.222113     0.415544     0.857942    -0.130877    0.0798211    -0.671536
   -0.275172     0.452947    -0.528078     0.543951  0.000411969     -0.85071    0.0155345    -0.136455    -0.105462     0.405907     0.037727    -0.205512     0.793955     0.618673    -0.433451    -0.318892    -0.626316    -0.199943    -0.508373     0.733695     0.189827     0.195657    0.0181949     0.331627  0.000641167     0.164867     0.453859    -0.358393     0.121055    -0.339358    -0.327439      0.37058
-0.000388556  0.000571062    0.0901443    -0.512398     0.147423   0.00379801    -0.150251    -0.873593     0.320443    0.0948785    -0.552849     0.818202    -0.222388     0.090918     -0.33117     0.687876    -0.102065    -0.457193     0.236038   -0.0127771    -0.780723     0.268722     0.375519     0.105348     0.375837    -0.351511    -0.318963    -0.175429    -0.836518    -0.360975     0.330895    -0.351411
    0.661631     0.030056    -0.471168    -0.116412      1.41237    0.0565444     0.165218     0.154693    -0.112032    0.0132779    -0.810918   -0.0697191    -0.236768    -0.345618    -0.463424    -0.290391      1.17988    -0.483575    0.0162131    -0.538676      1.31072     0.121288     0.286707     -0.32147    -0.199612   -0.0639767    -0.254461    -0.290583    -0.516899     -0.16357     0.420974     0.336008
   -0.185816      0.97073    -0.410156    -0.441567      1.33434    0.0202069    -0.309105     0.166812     0.170584     0.782582     -0.36548    -0.149084      1.69728    -0.620165     -0.34878     0.190996    0.0820154    -0.579921    -0.479318     0.732422     0.105453    0.0724139   -0.0303119     -1.44634   -0.0422966    -0.533819     0.670002    -0.416215    -0.362475    -0.634852    -0.525161     0.232928
   -0.077031    -0.350473    -0.887315     0.676864     0.105451    -0.330909  -0.00188761     0.339077    -0.576563    0.0467878     0.817128    -0.194664    -0.272497    -0.124279     -0.23912    -0.198199    -0.146543    0.0607719      0.46013   -0.0591341     0.381546    -0.383521     0.186989     -0.20856     0.654032     0.773665    -0.529391     -1.03447    -0.373491     0.333635    -0.364148     0.229696
    0.171688    -0.503603     0.131249     0.226408    -0.238494     0.168031      0.30341     0.835347     0.129605    -0.197828     0.201889    -0.387127     0.206124    -0.183256     0.328037    0.0539634     0.396257    -0.130876    -0.201267    -0.299904     0.342623   -0.0772113     0.101324     0.524736    -0.695927     0.580066     0.109098      0.70932     0.282672   0.00708166    -0.212797    0.0950978
  -0.0730846     0.410241    0.0639935    -0.073692    -0.480662   -0.0369006     0.504239     -0.27321    -0.394261     0.104774    -0.197596    -0.777321     0.514213     -0.15127     0.198475      0.66653     0.156326     0.137581    -0.133434    -0.631808      1.09707    0.0683867    0.0577859    -0.384889     0.154729     0.266894     0.102586      1.19001    0.0405385    -0.360654   0.00257639     0.223984
  -0.0911378    0.0537786    -0.189705    -0.904118     0.642111      1.30362    -0.571268    -0.612643      1.33514   -0.0968466     0.073083      1.12111     0.560148     0.432524     0.370219     0.135329      1.11058    -0.078183    -0.741406     0.617853     -2.01963     0.390625    -0.631644    -0.347804    -0.294804    -0.616332   -0.0241848   -0.0614221     0.971006     -0.15508     -0.26382    -0.460785
    0.230867    -0.279762   -0.0692774   -0.0174769    -0.264964    0.0670446    -0.179904    -0.153987    0.0403097    -0.182493     0.283302     0.161651    -0.011491     0.139501     0.064925    -0.168505    -0.165954     0.102766     0.171348     0.127143    -0.721124    0.0684808    -0.174367      0.55576     0.112088     0.288272    -0.231269    -0.254973    -0.153022    0.0222047     0.199381   -0.0383856
     -0.4793   -0.0704493      0.40631    0.0968454     0.921333     0.126651      1.20701     0.156677   -0.0864906      0.27746    -0.511606     -1.47889    0.0402056     -1.26166    0.0270057     -0.69264     0.662585    -0.441027    -0.646642     -1.19151      1.94544     0.347603    0.0608658    -0.613592    -0.108224     0.297079    -0.047541      0.84055     0.552317     0.328069     0.658021    -0.441061
   -0.384553    -0.276537    -0.114359    0.0142001    -0.235383    -0.217564    -0.326411     0.378982     0.264727    -0.235829      0.35221    -0.171933     0.387324     0.192584   -0.0734072     0.467191    -0.275837    -0.167478     0.131113     0.702376    0.0496479     0.201418     0.074073   -0.0632848    -0.321155     0.291821      -0.3639    -0.826731  -0.00910115     0.110232    -0.180672     0.226492
    0.546501    0.0203244     0.174054    -0.368265      0.45072    0.0755681    0.0271407   -0.0672011     0.482098     0.376477     0.131479     0.343795   -0.0596511    -0.276882      0.49741    -0.305869     0.565564     0.284675    -0.282754     0.231045     0.245816    0.0442795     -0.18995    -0.170707   -0.0358302     0.219834    -0.455633    0.0166057   -0.0783825     0.327143    0.0934634    -0.362476
    -0.33741     0.143396   -0.0775376     0.155235   -0.0795796    -0.262085     0.233658    -0.622697   -0.0582039    -0.312635    0.0834238     -1.11171   -0.0443896    0.0992682     0.516734      0.71184    -0.485908    -0.364984     0.521482    0.0654372     0.551892   -0.0402879     0.162668     0.130069    -0.113602    -0.220273     0.165094     0.304301   -0.0616926   0.00408919     -0.60015    -0.032634
   -0.105305     0.224944    -0.118615    -0.314865     0.200041    0.0017514    -0.199039    -0.224855     0.510807   -0.0634939    -0.344265     0.463163     0.174541   -0.0182657     0.178922   -0.0473044     0.500907     0.154696    -0.170369   -0.0525079    -0.336507     0.230108    0.0536973     -0.32818    -0.229716   -0.0865303      0.17973     0.340875    -0.641231    -0.209243     -0.26189     0.115795
  -0.0914974     0.517681   -0.0463526   -0.0844237     0.216704   -0.0923095      0.20359   -0.0705589      0.13406   -0.0802799     0.269806     0.106713    -0.105575     0.049218   -0.0575675    -0.240752    0.0507312    0.0220291     0.533874     0.121649    -0.168305    0.0833523     0.104936   -0.0302147     0.271785     0.213467    0.0281491   -0.0161304     0.116807    -0.426206     0.101438    -0.119405
     0.83447    -0.884626    0.0562974    -0.501694     -1.26737    -0.205878     0.105515     0.344469   -0.0588179     0.117146  -0.00882903    0.0427658     0.366258     0.127654     0.429864     0.404172    -0.121336    -0.078136    -0.866616     0.180635     0.334031    0.0858088     0.572966    -0.266681     0.650922   -0.0464356    0.0534312     0.479167     0.589336     0.474585     0.350139     0.108048
    0.305995     -0.33063    -0.429853    -0.265072    -0.199455    -0.980882     0.391383    0.0934011    -0.520584    0.0648803    -0.650131     -2.03908     0.643944    -0.356917     0.337752     0.471714   -0.0820836     0.345772     0.330778    -0.231991      2.01244    -0.103298    -0.282304     0.651261   -0.0676278     0.355607    -0.152501     0.181187     0.740429     0.323466     -0.26346    0.0847232
     1.00684    -0.254706    -0.138893      0.37221    0.0723671    -0.485272     0.323714     0.184887    -0.679972    -0.665908    0.0376727    -0.411465    -0.544213      0.28196     0.186876     0.256431    -0.472528     0.424587     0.241274     -0.65633       1.2392    -0.312234      0.57677     0.190217   -0.0938165      1.08982     -0.37265    0.0295242    -0.135778    0.0905468     0.547686     0.089181
    0.189039    0.0194019   -0.0305846    0.0341329     0.105784    -0.379349     0.364306    0.0920588     -1.07349   -0.0297718    0.0948943    -0.773786    -0.400015    -0.703408    -0.592247    -0.474377    -0.386486     0.423113     0.548215     -1.20124      2.84137    -0.487551    -0.527317     0.262604    -0.183379     0.543911     0.191691    -0.507139     -1.12348     0.201457    -0.765025       1.0771
   -0.423235     0.524078     0.377149    -0.407424    -0.525646    0.0548053     -0.34537     0.383133      0.19791     0.489467    0.0990557     0.252374     0.268814     0.269975  -0.00672408   -0.0115451     0.105387     0.522042    -0.285384     0.472621    -0.634318   -0.0639914    -0.404503    0.0509818    -0.100001    -0.713608   -0.0513718     0.244242     0.155781   -0.0451664    0.0346032    0.0642129
   -0.266016    -0.455967     0.891103     0.877274     0.264769     0.116468     0.718337    -0.231976     0.152029     0.301763   -0.0510767    -0.370385   -0.0482401    -0.756532     0.432183    -0.330725     0.223855    -0.127225     0.505969    -0.490037  -0.00532759     0.656482     0.146607    -0.700034    -0.271221     0.262222    -0.943258     0.270592    -0.262412    -0.135398     0.408897     0.239982
     0.56975     0.196064     0.411621     0.329814     0.789888     0.364187    0.0159127     0.517803    -0.489851    -0.227817     0.231048     0.190302     0.115443     -0.50161    -0.398845     0.135381     0.218877    -0.352283    -0.413524     0.497248     0.289947   0.00151932     0.124056    -0.226115    -0.241588   -0.0628469     0.607181     0.288247   -0.0865273    -0.572357    -0.123546    0.0919118
   -0.163913      1.27184    -0.157911     0.119528     0.908052     0.152902    -0.548173    -0.400249    0.0629063     0.577385    -0.078447      1.49636    -0.616523   -0.0575033    -0.121649     -1.03327   -0.0792006    -0.218415    -0.722057     0.742189     -2.29741    -0.146207    0.0891292   -0.0527943    -0.768975    -0.515842     0.193086    -0.171745     -1.44959    0.0393162      0.39353     0.177691
    -0.35943     0.176669     0.300058    -0.455592     0.244733     0.323876     0.524501    -0.417476     0.711609     0.857989    0.0380677     -0.53987   -0.0862265  -0.00935214    -0.154781    0.0613301     0.690044    -0.140092     0.230734    -0.300677     0.570991      0.64562    -0.228737    -0.535258     0.489102     0.228216     -1.06695   -0.0761132    0.0829645     0.230508     0.356408     0.140199
    0.188019     0.144802     0.276564    -0.245839     0.439115     0.228276    -0.669879    0.0138053     0.734441    -0.380383   -0.0494756     0.475863     0.634097     0.967279    -0.314367    0.0602427    -0.189704    -0.341057    -0.234787     0.932519    -0.868409     0.330753    -0.365456    -0.872213     0.368542    -0.812113     0.373284    -0.021116    -0.262716     -0.37433   -0.0388274    -0.823191
  -0.0886809    -0.298336    -0.663409    -0.220765      0.46421    -0.322318     0.106929    -0.184279    -0.184481    0.0961711    -0.417159    -0.507246  -0.00139611    -0.498743    -0.161299    0.0923981   -0.0368712    -0.185586    -0.708884    -0.433071     0.790436      0.39516     0.256465     0.135003     -0.14125     0.592224     0.267275    -0.148684    -0.122452     0.510204    -0.110366     0.145306
    0.704587    0.0663489    -0.211646    -0.309732    -0.780011    -0.367196    -0.751481   -0.0696596    0.0583943   -0.0993052   -0.0318322     0.440602    -0.873374    0.0366018     -0.22104     0.015334     0.233777     0.336489     0.781851    -0.189284   -0.0396174    -0.476156     -1.09139     0.451604     0.447984    -0.175934   -0.0593912     -0.98312    -0.310577   -0.0327036    0.0471896     0.755631
    0.344751     0.100233    -0.041166     0.161218     0.330431     -0.25054     0.112469     0.331985   -0.0338388    -0.354413     0.101363      0.15442  -0.00673271    0.0883564     0.353365     0.236247      1.03311  -0.00940749     -0.09055    -0.119047     0.408106    -0.410606      0.72596     0.368593    0.0386163      0.19856     0.237969     0.109402     0.290214    -0.547159     0.259623   -0.0541937
   -0.374724    0.0782096     0.162932    0.0981288     0.303686    0.0739207    -0.060748    0.0544373      0.32928     0.388466    -0.205426     0.279328     0.758229    0.0137807    -0.334624    -0.424266    -0.370782    -0.274997    -0.417232     0.505135    -0.451675     -0.03688     0.569276    -0.658182    -0.260694     0.148569     0.379986      0.45217    0.0967332    0.0953564   -0.0625659    0.0835886
    0.225633      0.04671    -0.240327     0.158531     0.356279     0.354674    -0.120912    -0.196924    0.0138204     0.043774     0.115451    -0.324053   -0.0325363    0.0318752    -0.199477     0.145497    -0.127745   -0.0308283    0.0900525    0.0105931    -0.335067     0.414845    0.0497818    -0.553333     0.184273    -0.113929     0.170764     0.230935      0.15113    0.0737666    -0.341269     0.198554
    -1.21323     0.369062     0.217336     0.190339    -0.820627    -0.062048    -0.135377     0.165042     0.722908    -0.117861    -0.688675    -0.446508   -0.0905819     0.346087    -0.161743    -0.297662    0.0135732     0.442876     0.267036     -0.61405    -0.466575    0.0343246   -0.0819411    0.0999265     0.205511   -0.0281756    -0.276463    0.0200312      0.10454    -0.239027      0.39221    -0.398803
   -0.345328    0.0740136     0.008713     0.152651    -0.741659   -0.0497969    -0.266406     0.418174     0.686887     0.064966   -0.0546889    -0.570545     0.797284    0.0458906     0.372122     0.626961    -0.703394    0.0901328     0.599833     0.328433     -0.72159    -0.482441    -0.473684    -0.579562     0.702411    -0.731994    -0.146916     -0.15146     0.469997    -0.280117    -0.301689    0.0578334
   -0.207418     -0.35449     -0.46423     0.078344      1.03032     0.516953    -0.159033    -0.266212     -1.00863     0.491795     0.364467     0.109435      1.10159    -0.151104    -0.413343     0.655473      -1.0562    -0.214843    -0.461821    -0.380338    -0.138839    -0.820552    0.0818617    -0.534248   -0.0145622     0.472474     0.476258    -0.398558   -0.0619359    -0.121182    -0.279576   -0.0828893
    0.147611    -0.115517    -0.519218    -0.154962    0.0416869   -0.0908311     0.122195     0.065179    -0.552897   -0.0729553     0.467275     0.425754    -0.125795    -0.439661     0.332499    -0.345707     0.434191    -0.138409    -0.162853     0.389854    -0.244768   -0.0500197     0.112563     0.124068    -0.147809     0.610353     0.421254     0.248094     0.512505     0.672219     0.226672    -0.255938
    0.407828    -0.716272    0.0627786     0.306971    -0.460555     0.132333     0.363079     0.111126    -0.723835    -0.307996    -0.405761    -0.703842    -0.280115     -0.23491     0.264511     0.247968    -0.500402   -0.0364353    -0.373508    -0.945258      1.32366    -0.719261     0.391495   -0.0419103    -0.264573      1.22116    -0.289114     0.654936    -0.267265   -0.0521189     0.261258     0.184446
   -0.190171    -0.268977    -0.412285    -0.340247     0.317973    -0.783536     0.696042     0.155246    -0.479294    -0.118476    -0.362371     -1.33403    -0.613595    -0.356059    -0.238133     0.890148     0.262161     0.142697   -0.0651475    -0.704852      2.09975   -0.0832504     0.331655      1.00513   -0.0292094      1.45341    -0.241396    -0.173265    -0.910855    -0.475498     -0.15896     0.216497
  -0.0626643      0.12903   -0.0804753     -0.17411   -0.0831981    -0.027358     0.175584     0.305436    -0.713083     0.287997   -0.0091516    -0.711372    -0.375041    0.0262991    0.0979056    -0.273492     0.179011     0.175704    0.0780388    -0.630912      1.05371    -0.399396    -0.179078   -0.0624378     0.107417     0.740323    -0.348565    -0.193371   -0.0991495     0.163682   -0.0947185     0.224899
    0.018191    -0.688827    0.0560785   -0.0377053    0.0230457     0.338686    -0.269999   -0.0161096    -0.424742     -0.21529   -0.0466486     0.139402     0.163653    -0.306077     -0.69724       -0.189     0.398753    -0.435668     0.344689      0.34433     0.518632     -0.38834    0.0423765    -0.272122    -0.157621     0.528193    0.0340527    -0.332675    -0.417061    -0.624196    -0.029743     0.201879
     -1.0349     0.367099    -0.361006       -1.452      -1.0589     0.950331    -0.291605    -0.631813     0.846309     0.882556    -0.664658    -0.105459     0.376354    -0.192254    -0.595074    -0.708251     0.150643    -0.468125    -0.401097     -0.54459     0.512185     0.188065     -1.17757     -1.07282     0.337926     -1.21288    -0.697788    -0.296144     0.200291     0.349819    -0.932891     0.234207
  -0.0374237    -0.410525    -0.463766    0.0226639    -0.182078    -0.729509      0.68302     0.387554      -0.4528    -0.307299    -0.102212     -1.19121    -0.011958    -0.545824     -0.48629    -0.088477    -0.252351     0.446441     0.171989    -0.649161      1.76039    -0.535945    -0.291252     0.595919     0.257971     0.441159   -0.0353826    -0.347813    -0.366002   -0.0156085    -0.114029     0.328407
   -0.223504    -0.310164     0.715981     0.659038     0.110832    0.0763371    -0.146094     -0.25319     0.341767     -0.61557     0.455407     0.582288    -0.345585    -0.150769    -0.292387     0.296684     0.339076   -0.0651217   -0.0846487    0.0762124    -0.853084     0.525499     0.857083    -0.305647     0.365043     0.425825    -0.198714     0.455456     0.322589        0.479     0.658932    0.0428364
   -0.315765     0.109658    -0.201211    -0.468848     0.409744     0.260363    0.0185301    -0.413045     0.523549     0.034508       0.2287      0.38713     0.139231     0.146156   -0.0618268    -0.245947      0.18175   0.00050545    -0.262649     0.358998    -0.707655     0.235015     0.199655   -0.0709873   -0.0295493    -0.492842     0.262986      0.11143    0.0241681     0.253096     0.421961    -0.639805
   -0.105245   -0.0971578     0.173066   -0.0543785    -0.583235   -0.0685977   -0.0226433    -0.127583     0.160309    -0.262829      0.64867     0.679012    -0.421837     0.341838     0.125543     0.125276    -0.392779     0.392081     0.198887     0.360178    -0.472414    -0.159027   -0.0746799     0.388346   -0.0943001     0.615369    0.0374022      0.03597   -0.0326892     0.420097    -0.427812   -0.0709398
  -0.0683784     0.151314    0.0616509    0.0418641     0.145548    0.0158531   -0.0529852    -0.197289    -0.114726     0.049986    0.0701723    0.0986816     0.173288    -0.136889   -0.0168905    0.0376045     0.236283    0.0675483     0.101013     -0.61467    -0.160311    0.0173915     0.139837    -0.072844     0.208227    -0.165342    -0.193829       0.2906     0.187098    0.0276232   -0.0627742    0.0137979
  -0.0856368   -0.0994356      0.50158   -0.0397641    -0.346006     -0.24873     0.401574     0.163535     0.218592     0.174082    0.0362337    -0.296883    -0.232287   -0.0532866    -0.119588     0.236126    0.0253662      0.24312   -0.0678431    0.0412663    -0.171864   -0.0546548     0.226805    -0.148436   -0.0199024    0.0212697     0.116708     0.235852     0.178701     0.266169     0.192949    -0.390222
   -0.451574    0.0501217    -0.255501    -0.312383      0.46331    -0.558381     0.156509   -0.0910835    -0.172503    -0.520891    -0.111513    0.0430538    -0.100144     0.538229    -0.182662    0.0660307    -0.616104     0.585419    -0.294376    -0.730827    0.0877346    -0.516886   -0.0400475     0.728708    -0.179869     0.267102     0.237623      0.39877    0.0305735     0.568489    -0.343372   0.00698933
   -0.199147     0.375705     -0.17327     0.275342    0.0192843      0.52118    -0.182419    -0.334109     0.274342    0.0753145   -0.0479051   -0.0352816      0.34947     0.269236     0.355229    -0.282975    -0.057221    -0.201807     0.929272    -0.223864     0.188477     0.769913   0.00585588     -0.74294     0.392204    -0.476742    -0.528293    -0.617733    -0.489125    -0.714926    -0.270915    -0.129531
   -0.239265    -0.111508    -0.137414    -0.060426    -0.343008    -0.159086    0.0351784     0.165854    -0.312379     0.069852  -0.00440815    -0.379395    -0.170656     0.241043     0.148385     0.286437    -0.240955   0.00920904   -0.0938658    -0.133403     0.617592    -0.501495    -0.385636   0.00387324   0.00444987      -0.2243     0.197439    -0.403613     0.035895    -0.133832     -0.47448   -0.0304947
    0.188365   -0.0362341    -0.212328     0.468494     -0.69739     0.116132    0.0360233     0.389322    -0.561112    -0.330424    0.0137859     -0.45001    0.0805253    -0.213055      0.38793     0.427764    -0.563066      -0.3309     -0.44099     0.141497     -0.28453    -0.365857    -0.405748    -0.101485     0.365959    -0.353514    -0.136788    -0.449323      0.33717    -0.125543      0.21848    -0.126352
   -0.985552     0.656191     0.347942    -0.523031      1.03096     0.364574   -0.0471255    -0.554018      0.28186     0.513168     0.187942     0.157501    -0.582187     0.219266    -0.510934    -0.512972     0.370742    -0.121764   -0.0675591    -0.748498   -0.0430044     0.484253    -0.535558      0.20216    -0.807863    -0.617094     -0.78315    -0.135681    -0.090814      1.02054    -0.205801     0.327307
   0.0433016    -0.173366    -0.458671    0.0589853    -0.119624     0.203935    -0.277122     0.159341     0.425605    -0.474023     0.426295   -0.0640601    -0.255677     -0.42475     0.475686    -0.250913     0.090198      0.20159    0.0465647      0.39575    -0.847053   -0.0101917    -0.281278     0.209182    -0.218543     0.341231    -0.270071     0.291195     0.355552     0.205641    0.0609374      0.02647
    0.113678     0.487323     0.808268    -0.565479     0.187757      0.23289     0.258971    -0.124398  0.000295807     0.450478   -0.0683381    -0.747667   -0.0450502   -0.0610004   -0.0882093      0.53243     0.258823   -0.0393302     0.527084     -0.31378     0.959647     0.490634   0.00536845    -0.142681     0.198461    -0.119287    -0.373028     0.630263      0.25093    -0.629438      0.23114     0.230549
  -0.0307835    0.0108097     -0.22102    0.0374837     0.734443   -0.0201807   -0.0346698     0.145317    -0.395069    -0.446027     0.276936    0.0893377   -0.0342641    -0.334477    -0.401507     0.406275    -0.118339   -0.0544415   0.00698968    -0.149083     0.815969    -0.254194    -0.206751     0.405141   -0.0409465     0.438162    -0.192967    -0.290701    -0.100794   -0.0452146    -0.384356     0.212527
    0.015912      0.56182     0.247906     0.182141     0.212384     0.586212    -0.253803    -0.558684     0.518572     0.591553    -0.267723     0.762596     0.673946     0.313266     0.125548     0.129054     0.186753    -0.647762    -0.965197     0.461745     -2.27987     0.393098    -0.386701    -0.273711   -0.0557296    -0.911185    -0.325441     0.419391     0.813237    -0.241245     0.370229    -0.642892
    -0.50029    -0.674505    -0.201298    -0.233465    -0.973953    -0.119425     0.183061     0.621315    -0.178735    0.0697728    0.0475499     -0.92651      0.65229    -0.285208    0.0743734     0.279119    -0.862688     0.530048    -0.177089    0.0282145      0.96946    -0.322184    -0.036336    -0.180556     0.278229     0.603121    0.0389638    0.0962602   -0.0179686     0.446948    -0.347583     0.180624
    0.340809    -0.145366    -0.217385     0.112812   -0.0623633     -0.50679    0.0878177     -0.24034    -0.550171     0.359304    -0.194833     -1.04314    -0.220247    -0.181653     0.218885    -0.415874    -0.175571     0.534093    -0.167676   -0.0104762       1.3362     0.324966     0.540995    -0.203062    -0.335385     0.670238   -0.0655039     0.613094     0.520133     0.609884     0.219932    0.0337906
   -0.504895     0.444573    -0.770268   -0.0110617    0.0348745    0.0752238    -0.121994     0.881641    -0.749049     0.799287     0.223817     0.122212     0.384097    -0.590246    -0.935791    -0.252358    -0.161748    -0.444592    -0.638988     0.367066     0.169683     -0.27462     0.280405    -0.729759   -0.0289294    0.0320054     0.378202    -0.857109     -1.24829    -0.392557     -1.12439     0.747733
    0.311448     -0.36227     0.253349    -0.034899    -0.387861     0.339639    -0.496569    0.0761061     0.617072     0.172341    -0.394294  -0.00191655     0.166996     0.140753    -0.051672    0.0738985     0.188669     0.443914    0.0333941    -0.132361     0.143229     0.829152     0.224277    -0.401904     0.651893    -0.187573     0.126219     0.490354   0.00445387    -0.152956   -0.0290278    -0.311019
   -0.094412     0.495741     0.135167     0.138141     0.537168    0.0153095     0.205535    0.0349506    0.0718524     0.123566     0.137944     0.181731    -0.128778     0.118832    -0.155694   -0.0538822    0.0999349   -0.0153462    -0.226867   -0.0851104     0.241469   -0.0529153    -0.356612    -0.285078     0.198835       0.1864    -0.160703   -0.0754855     0.202095    0.0824121     0.364991     0.440353
  -0.0756123     0.447637     0.766285    -0.670349   -0.0693101     0.202759    -0.244122    -0.611563     0.133228   -0.0746031    -0.109441    -0.053078    -0.586107     0.458359    -0.414626     0.647273     0.353147     -0.57137     0.297837    -0.392924       0.1633     0.145741    -0.257046    -0.242676     0.212917      0.85414    -0.330948     0.134489     0.406226     0.359539     0.294544    -0.670516
   -0.181345     0.122245     0.549548    -0.432704     0.575523     0.349202   -0.0726159    -0.441161     0.431272    0.0862877     0.315855     0.339985    -0.222958     0.290144    -0.015861   -0.0596826     0.185476      0.21161    0.0653142     -0.26074    -0.417978    0.0930754   -0.0752353     0.322334    -0.566094     0.244504    -0.368794     0.118814    -0.381808    0.0742388    -0.274617     0.148904
    0.315677    -0.630644    -0.405386     0.752066     0.131062     0.126939   -0.0605454    0.0167445     0.519586    -0.323872     0.283464     0.691254    -0.698335   -0.0718263    -0.103884    -0.333232     0.448447     0.241753     0.187676    -0.371688    -0.150768    -0.173807     0.118551     0.348836    -0.230688     0.741727    -0.314057    -0.220882    -0.701072     0.161606    -0.183286     0.216888
    0.584995    0.0552597    -0.403595     0.294305   -0.0781653    0.0387744    -0.380475  -0.00390331     0.581055     0.154164    -0.350838     0.392169    -0.251187    -0.233496    -0.285175    0.0526209     0.348383  -0.00887638    0.0185447     0.173851    -0.462431    -0.180324    -0.153307    0.0130485     0.312273     -0.56986    -0.182377     -0.73148    -0.139938     -0.17755    -0.451989    -0.273345
    0.917042     -1.11671     0.525426     0.314665    -0.328451     0.101627   -0.0447724      0.45863     0.655624    -0.302243    0.0930191   -0.0126657    -0.300571   -0.0013754     0.287852     0.264586      0.22273      0.25054     0.268297    -0.257735    -0.141132     0.301506     0.368338    -0.238687     0.242702    0.0251849     -0.38332    -0.218547  -0.00697682    0.0939202     0.354899    -0.221659
   -0.362869     0.356014    -0.160455    -0.290825     0.109701    -0.227048    -0.157623   -0.0601562     0.242823    -0.637116     0.241771  0.000943427    -0.336445     0.207454    -0.527238    -0.016101   -0.0785747     0.556471    -0.127685    -0.387569      0.39338    -0.252925     -0.11524     0.350891    -0.245152     0.478611     -0.29205     -1.23203    -0.177229     0.297255    -0.578658     0.198793
   -0.394713    0.0357238   -0.0202047     -0.24033     -0.23808    -0.298441     0.376527     0.165126     0.121984    -0.373668   -0.0832449     0.208029    -0.266804     0.596612    -0.117751   -0.0259209    -0.243782     0.508938     0.481552      0.18759    -0.466252     0.232218      0.19502   -0.0369783     0.107689    0.0803427    -0.121835     0.637618    0.0830597      0.25852   -0.0276733     0.339016
    0.906145    -0.416478    -0.579458     0.183458    -0.193895    -0.166545   -0.0124084      0.92539    -0.748005     -0.93981     0.102856     -0.81859    -0.778818   0.00545297    -0.323319   -0.0836904    -0.252108     0.298642     0.159978     0.230942      1.00146    -0.296336   -0.0202564     0.332336    -0.392325      1.09271     0.256181   -0.0683505   -0.0587244    -0.288725    -0.253028      0.19145
   -0.138123   -0.0041425     0.263969     0.176203     0.111862    0.0175289     0.347667     0.387665    -0.474126    0.0920547     0.131713     0.445609     0.204669    -0.110729   -0.0970562    -0.252347     0.101326   0.00108133    0.0969263     0.468871    -0.159197    -0.449767   -0.0542636    -0.602478   -0.0546055     0.100007  -0.00422687   -0.0046863   -0.0490451    -0.244579    -0.216643   -0.0853359
    0.417365    -0.220742    -0.061017     0.927062    -0.219543   -0.0756326    -0.849288    -0.575973    0.0192043     0.144331    -0.150958      1.10207   -0.0491533   0.00360516     0.229672    -0.336766    0.0211181    -0.080957     0.927628    -0.166958    -0.535449     0.272274    -0.282039    -0.272816    0.0993601    -0.996597    0.0033746    -0.223767    -0.438743    0.0578715     -0.50039    -0.144903
      -1.083     0.436861     0.541985     0.623627      1.07233     0.448681     0.239391    -0.701996     -0.15434      0.71312    -0.165007     0.539836     0.550929    -0.993084    -0.243291    -0.137564     0.271766    -0.538673    -0.226504      0.41267     -0.40878      0.38884     0.337104     -1.39186     0.249164     -0.16887     0.104847     0.494327    -0.447177    0.0215631   -0.0496693     0.268876
    0.281281    0.0231973      -0.2244    -0.228759    -0.221276    -0.187998   0.00440877    -0.165181    0.0828333    0.0544403     0.217746   -0.0496457     -0.78716     -0.15137     0.468032   -0.0335574     0.320079     0.210642    -0.555159    0.0166215     0.596008    -0.378689     0.255533     0.358285    -0.560429      0.32011    -0.249696   -0.0488787     0.266734     0.691347   -0.0145154    -0.173353
   0.0140054      0.12581    -0.260581     0.803683     0.432855   -0.0822162    0.0225597    -0.695217    -0.355547     0.319582     -0.15179    0.0341073     -0.47537   -0.0237982    -0.477585    -0.223344  -0.00930424     0.129735    -0.291336    -0.647254     0.154635     0.292102     0.164278     0.199212    -0.839598     0.573935     -0.28832     0.388989    0.0268134   -0.0100462    0.0908217    -0.353923
    0.323067     0.270946    -0.392769    -0.268311    -0.553261    -0.555208   -0.0253332     0.416922    -0.213112    -0.796512     0.159389    -0.516811    -0.227085     0.667536     0.266753     -0.25716     -0.39986     0.290551     0.236494   -0.0794925     0.486471    -0.159411   -0.0338632     0.885664      0.62541    -0.129647    -0.533331    -0.564094    0.0181355     0.239632    -0.122807    -0.318133
   -0.363364    -0.553736     0.846011  -0.00140596     0.528087     0.221715     0.216766    -0.169387     0.292039     0.370785    0.0671879   -0.0579454     0.641158    -0.354141    0.0863498     -0.26023     0.431875    -0.274568     -0.32331    0.0418367    -0.602965      0.51811   -0.0396516    -0.447543    0.0668084     0.133221    -0.226012     0.314464     0.420939    -0.222413     0.190877    -0.114066
    -0.30665     0.425788     0.688417     0.100951    -0.329224    -0.399358     0.616223    -0.992872    -0.593392    -0.797995     0.394615     -1.07458    -0.282231     -0.20452     0.143868    0.0264213    -0.231775     0.468882    0.0794215     -1.33357      1.86013    -0.601845    -0.291627     0.557232     0.107195     0.392194    -0.517649    0.0377181     0.387149     0.516907    -0.281986     0.137283
    0.103896    -0.220878     0.281401     0.247554     -0.18847    0.0393736     0.187345   -0.0711762    0.0189021     0.131717     0.215381     0.097395     0.134269    -0.148246    -0.107254     0.244766     0.218062     0.242638   -0.0874646    -0.132151      0.12306     0.266498     0.136707    -0.352223    -0.120839   -0.0559071   -0.0611678     0.392323   -0.0181206     0.157369     0.202668     0.122652
    0.258331     -1.17782   -0.0427684     0.442545    -0.323619    -0.526645       0.4772     0.624362     -0.54847     -0.15945     0.989354    -0.307682    -0.230563    -0.421959     0.442278     0.317575     0.189864    -0.153112     -1.32969     0.673855    -0.202943    -0.217555     0.420365     0.611434   -0.0878465     0.176663     0.454673    0.0863186      1.28637     0.605584     0.640188    0.0120901
    0.286358    0.0966675    -0.312351   0.00539602     -0.53598     0.191138    -0.208751     0.204021    -0.041221    0.0791143   -0.0833087     0.460276    -0.176196     0.796471     0.533073     -0.33546     0.816256   -0.0982054    -0.086545     0.061354    -0.567195    -0.392867    -0.157342     0.184616     0.126456     0.323365     0.151508   -0.0830404     0.468985    -0.017795    -0.116865    -0.132829
   -0.578488     0.198572     0.622399     0.479369     0.042037     0.499992    -0.206018    -0.604793    -0.246164     0.411973    -0.288021    -0.127711     0.394972    -0.175931    -0.599589     0.379565     0.553915    0.0433976     0.323654    -0.575277   -0.0226149    0.0598769   -0.0285818    -0.577716   -0.0373581     0.919694    0.0757339   -0.0529581   -0.0105687     0.107185    -0.692405    0.0861794
   -0.373085    -0.309085    0.0734767   -0.0095224      0.41547    -0.131968     0.169629     0.206412     0.301056    0.0315929    -0.108906    -0.132672       0.1129    -0.202768     0.359319     0.217958      0.23565   -0.0654399     0.173648  -0.00109696     0.190454     0.267398     0.630024    -0.216609    -0.122944     0.361479    -0.418072     0.535223     0.374303    -0.192568     0.263784     -0.14685
    0.350558    0.0336771     0.188608   -0.0206571    -0.431698    -0.194502     0.284545    -0.108572      0.49646    -0.350084     0.068185     0.325864    -0.294877     0.339848     0.269787    0.0822699    0.0999054   -0.0873492     0.193784      0.11931    -0.631117     0.116233     0.149314      0.11903     0.114834    -0.148428    -0.333333    -0.030034     0.338376    -0.410592     0.263745    -0.178184
    0.345402    0.0448481     0.139809     0.340984     0.245933    -0.220769      -0.1854     -0.07471      0.12628    0.0500771     0.505577      1.21683    -0.102818     0.611209    -0.327888     0.153057   -0.0183942     0.193497     0.624379     0.735357     -1.23926     0.201812      0.23204     0.128617    -0.337808    -0.210781    0.0219352     0.112087   -0.0420346    -0.415832     -0.11399    -0.336496
   0.0390169     0.183509     0.212081     0.247299     0.231993    -0.100997    -0.147335     0.334721    -0.847522     0.149128    -0.382338     -0.37897     0.552749    0.0588354     0.349641   -0.0761648    -0.156827    -0.288051      0.55876      0.59403     0.169551    0.0294235   -0.0216062    -0.100366     0.123755    0.0311415     0.318549     0.569024    -0.352441    -0.803466    -0.122575     0.287946
   -0.405408     0.370655    0.0867254     0.271307     0.227139   0.00974445    -0.443675     0.272579   -0.0190335   -0.0556771      0.24568     0.140034     0.190441    0.0777146    -0.368074    0.0249999    -0.219644     0.369224    -0.168267     0.342195     -0.26206     0.301811   -0.0563023   0.00751079    -0.844545    0.0605777     0.374807   -0.0246974   -0.0144605     0.294809    -0.564658    0.0675533
    0.823143    -0.307594    -0.317109   -0.0116684     -1.24575   0.00171063    -0.833892     0.431359    0.0477456    -0.346591     0.328772    -0.119269     0.841952     0.466424    -0.176685    0.0106161     -1.02103     0.585763     0.158626      0.28756       -0.803    -0.459372    -0.199959    0.0790211     0.173856    0.0580202    -0.110005    -0.592754     0.581256    -0.157741    -0.250431     -0.34151
   -0.289031    -0.625218    -0.320577   -0.0892381     0.224987     0.280578     0.248259     0.194345     0.308552    -0.184973     0.516822     0.735508      0.50774     0.166225     0.426123     0.677288     0.398192   -0.0732044     0.103611     0.543886    -0.703926      0.24952    -0.286902    0.0116524    -0.168555    0.0708159    -0.011136  -0.00386947    -0.118952    -0.396402      0.13751    -0.565067
    0.455476    -0.896315    0.0511398      1.11167     0.399133     0.339844    -0.377808     0.407942   -0.0220661    -0.151325     -0.28143    -0.666647     0.848723     0.101572     0.155286     0.490692    -0.191358    -0.817045     0.724655    -0.595857      1.65166     0.204935     0.225932    -0.541427       0.3085     0.130822    -0.272775     0.162001      0.59624    -0.708368     0.189345    -0.256129
    0.111825    -0.391384    0.0923902     0.319033    -0.360959     0.106932    -0.158025     0.443195    0.0882276    -0.323369   -0.0509107   -0.0581172     0.563853    -0.364394    -0.216968   -0.0460381   -0.0404605    -0.419055      0.25373     0.148501    -0.122956     0.155473     0.295861   0.00960492     0.522113     -0.38688    0.0333825     -0.55592     0.440225    -0.657936    -0.503409     0.117456
