   -0.497652   -0.0673617    -0.176762    0.0601269   -0.0905827   -0.0131846    -0.113522   -0.0265615   -0.0974435    0.0942635    0.0832932     0.161604   -0.0224978     0.216026   -0.0705843    -0.121686   -0.0451393    -0.117546   -0.0483961   -0.0253553     0.214337     0.200325     0.139327    -0.348156   -0.0522824     0.104635    -0.486978   -0.0491129     0.117402   -0.0344474     0.310577     0.450867
    0.661641     0.143609    -0.122592    -0.513724   -0.0649961     0.242144     0.207762     0.511323     0.350353    -0.285291    -0.327037    0.0701426     0.215168   -0.0630221     0.661827    -0.272507     0.244293       -0.463   -0.0173652   -0.0582476    -0.331851    -0.199608    -0.284047     0.264091    -0.238305     0.435224     0.103711      0.26413    -0.262102    -0.265421     0.142724    0.0214205
   -0.293762      0.21371    -0.218568   -0.0223807     0.212822    -0.517822   -0.0168357     0.020964     0.348094     0.167037     0.180919    -0.204957    -0.121623     0.114771     0.124129    -0.166284     -0.10056    0.0809464   -0.0719839   -0.0103303     0.226281     0.030413     0.182258    -0.147554    -0.139678     0.429211    -0.307326    0.0602129    0.0332365     0.147235     0.211877    -0.322238
    0.358605    -0.259278     0.348466    -0.585144    -0.653593     0.327214     0.341374     0.425858    -0.269531    -0.232232    -0.468731      0.14038    -0.353266   -0.0983023     0.252617    0.0748058    -0.301799    -0.127256   -0.0868849     0.833298     0.465431     0.529576   -0.0426694     0.273519     0.563291   -0.0600454     0.111982   0.00673419     0.025891    0.0280078    -0.090049   -0.0555236
    0.486153    -0.269081     0.358199  0.000847704   -0.0876016    -0.364301      0.16944    0.0582316   -0.0814924     0.183664    0.0103459    0.0209354    -0.128998     0.210514      0.23953    -0.114236    -0.027781   -0.0482012    -0.048603    -0.233327     0.176806   0.00262777      0.03235    -0.123531    -0.212072    -0.218089     0.329038   -0.0810364   -0.0117533     0.134167     0.521534    0.0237329
   -0.210382    -0.416269     -0.16553    0.0214299    -0.198981    0.0580876    0.0163807     0.405312    -0.339233    0.0146663    0.0185568    -0.288522    0.0313636    -0.152704     0.277148     0.224324     0.208502   0.00856826   -0.0632114    -0.103617    0.0478004    -0.152582     0.150991    -0.377464    0.0518245  -0.00735706     0.154115    -0.409687     0.246061   0.00977171    -0.300972   -0.0832943
   -0.152228    0.0490348     0.559833   -0.0486113   -0.0233497   0.00351085     0.408445    -0.111774    -0.158625    0.0708462    -0.012714    0.0136866     -0.30567    -0.390846      0.42184     0.418979    -0.172949     0.118171     -0.21531    -0.259078   -0.0906133      0.44711    -0.238437     0.526527    -0.150015    0.0887047    -0.284713     0.224961    -0.291979     0.064517    -0.181857     0.105179
  -0.0235997   -0.0667939    0.0444194    -0.100921   -0.0966523     0.296191     0.417771    0.0726544    -0.439984     0.127712    -0.190706     0.223518   -0.0333359     0.459273      0.10327  -0.00615791    -0.137009     -0.43521     0.227602    -0.307937     0.395099    -0.130254   -0.0915109    -0.325167     0.151639     0.199764    -0.136928     0.166396     0.245986    -0.184967   0.00505643     0.350108
    0.183845     0.589308     0.441752   -0.0770752    -0.134873   0.00763788    -0.172494     -0.11813    -0.431371     0.151059    -0.088471     0.124425     0.344965     0.214801     0.275959     0.242427    -0.335553     0.311777    -0.111009     0.211892     0.109297   -0.0374869    -0.359442    -0.428419     0.218752    0.0208449    0.0235967   -0.0894998    -0.394218     0.134343      0.41376     -0.20154
   -0.421308    -0.373954     0.140052    -0.153161    0.0726211     0.184205   0.00384854    -0.101485     0.080567     0.313247    -0.361112    -0.315979    -0.154311    0.0546741      0.17306     0.145849   -0.0172689     0.399731     0.232895    -0.304351    -0.188375     0.335535   -0.0992445    -0.281117    -0.126551     0.266268   -0.0544877     0.402535    -0.391724     0.174622    -0.392023     0.519762
    0.160626     0.367309     0.481266    -0.432233   -0.0308854     0.123615     0.253436    -0.483211     0.114666     0.232949      -0.1966    -0.226757     0.153888   -0.0460599    -0.291652   -0.0827913    -0.509213   -0.0089444     0.297386   -0.0215003    0.0953856    -0.375881    -0.257676   -0.0768404    -0.381503     0.183547   -0.0690143     0.384413    -0.266981    0.0563864     0.331617     0.171666
    0.219842     -0.22244    -0.283227    -0.154964   -0.0512898   -0.0263349    -0.136965   -0.0640197     0.180529     0.287205   -0.0476027     -0.34031   -0.0974086     0.147927     0.221133    -0.175794    0.0933165     0.233747    -0.354912     0.337259   -0.0724726      0.20265    -0.116186    0.0598152    -0.286003    -0.111831    -0.162945    -0.327148   0.00571408     0.132433    -0.210413    0.0755782
    -0.16045    0.0301503   -0.0813989    0.0451845   -0.0835286       0.1707    -0.334949   -0.0599725    -0.144171     0.328154   -0.0991723    -0.463314    -0.456087     -0.60167    0.0792286    -0.117459      0.26191    -0.534241     -0.31089    -0.305002    -0.524584    0.0435617    0.0305155   -0.0305291   -0.0110209     0.131982     0.255904    -0.150327     0.277973   -0.0663648   -0.0676278   -0.0150329
   0.0479815   -0.0487811    0.0584876    0.0572224    0.0410708    0.0232264   -0.0721333     0.230354    -0.129936    -0.146522     0.131384    -0.118956    -0.182788   -0.0119982    -0.127977    0.0142999     0.204771     0.110129    -0.186769   -0.0657029     0.148831     0.193457    -0.263677    -0.313786    0.0455671    -0.130697    -0.114455     0.199263    -0.103108     0.156759    0.0284797     -0.14353
     0.48059    -0.192803     -0.08696   -0.0476216    -0.238816     0.241982    -0.176649     0.856283     -0.01353    -0.570806     0.169067     0.314298    0.0662483    0.0340023     0.127158     0.302681    -0.434761      0.30058     0.209554      0.26052     0.144026     0.256987    -0.111908    -0.340776    -0.284276    0.0148336     0.277506   -0.0023595     -0.30089    0.0994109     0.233182   -0.0153275
   -0.232051   -0.0291594     0.138494     0.488763     0.052045     0.592819    0.0800126    -0.340397    0.0726378     0.240636    -0.215347    0.0289395    0.0453192      0.29532   -0.0400268   -0.0739095     -0.21702     0.304568     0.249165     0.161221    -0.080412     0.134197    -0.204166    -0.242112    -0.267721     0.332316    -0.368959      0.34484    0.0809825     0.238994  -0.00639967    0.0213094
   -0.193399   -0.0451943     0.149344    -0.177367    -0.151395    -0.390423    -0.140002    -0.343416   -0.0407893     0.564438   -0.0596751     0.164194     0.213579    -0.151407   -0.0212461    0.0261345     0.290176     0.383078  -0.00823808     0.312348     0.364437   -0.0133947   -0.0639278     0.101197     0.211991   -0.0255959     0.308569    -0.196482 -0.000374188    -0.196662    -0.398773     0.626829
   0.0078233     0.177709    0.0364416    -0.128389    -0.121102     0.280857    -0.102258    0.0513592    0.0256526     0.100798     0.221099     0.105535     0.352028   -0.0458866   -0.0861868     0.397355   -0.0788018     0.296327    0.0934144     0.647013      0.22627     0.113685    -0.250341    -0.119719     0.190368   0.00892754     -0.17162     0.442261    -0.134618    0.0331823     0.187671    0.0694606
     0.49282    -0.397901   -0.0946764  -0.00771833    -0.212064     0.102096    -0.411229     0.212591     0.274198    -0.215791     0.405675     0.119073    -0.450229    -0.155064    -0.663577    -0.386444    0.0600437    -0.365575    -0.294626    -0.271978     0.414797     0.158615   -0.0204293    0.0854969    -0.384517    -0.239916    -0.185418      0.11618    -0.193322    -0.268249    -0.122985    0.0945047
     0.58958    0.0492076    -0.264847    -0.111142     0.293692    -0.370355    -0.346247    0.0804531    0.0521895     0.296248     0.206888    -0.111072    -0.198711     0.192073     0.231961   -0.0515124    0.0521834    -0.173438     0.205899    0.0420855    -0.505169    0.0720331     0.103695   -0.0158415      0.21665     0.348044    0.0640854     -0.13515     0.182791    -0.157419   -0.0960265    -0.237353
  -0.0886209     0.412994     0.119148   -0.0617318     0.117573     0.228002    0.0408627     0.203041    0.0398247   -0.0789548    0.0429797    -0.139579  -0.00990861   -0.0793163     0.101359    -0.555775    0.0114276    -0.336359    -0.105377    -0.129727     0.418848   -0.0731082   -0.0846337  -0.00175395     -0.29172   -0.0749215    0.0441065    -0.216662    0.0716607   0.00074681     0.139175    0.0934582
    0.227696   -0.0676027     0.268239  -0.00527502     0.116342   -0.0819927     0.315835    -0.237612    -0.146012   -0.0322884    -0.104041    -0.417104    -0.595627   0.00468473     0.427082    -0.249704    -0.175708     0.179857     0.133439    -0.259243    -0.166863     0.204823    -0.442278    -0.207976    0.0141844    -0.351083     0.375082    -0.442429     -0.50935    -0.178921     -0.19663     0.169342
   -0.190132   -0.0566366    -0.165808    -0.106998    -0.177981    -0.368558   -0.0343894     0.190999      0.14212     0.230348     0.217795   -0.0620042    -0.186667   -0.0723072    -0.399983     0.373563     0.308974     0.161653   -0.0986337    0.0588758    -0.197766    -0.269264     0.238162   -0.0271555   -0.0251751     0.525935    0.0635511    0.0075687     0.244843    0.0619057    -0.187423    -0.137709
   -0.481492    -0.117936    -0.242845   -0.0197516  -0.00451898    0.0881531    -0.274317     0.062914    0.0149159  -0.00511924     0.103182    -0.336418     0.278514    -0.381299     0.142672    -0.511704     0.182527    -0.315224     0.355937   -0.0320034    -0.073157    -0.152687   -0.0271617     0.145166     -0.14826     0.561305   -0.0774757    -0.220393   -0.0189116     0.199881    -0.102506    0.0464069
    0.173491     0.158833     0.152789   -0.0438543     0.203584  -0.00492385    -0.500685     -0.42104     0.520064     0.349186    0.0141463    -0.435463    -0.187363    -0.483277    0.0548935     0.308413   -0.0713484     0.217451     0.305297     0.130563     0.181961    -0.189544     -0.23376     0.125575    -0.106016    0.0501056     -0.38542    0.0723785     0.326619     0.186582    -0.397315     0.129909
   -0.107405     0.189904    -0.167988    -0.306238    -0.268691    0.0372796     0.435841   -0.0970583     0.192895     0.144017    -0.291947    -0.332086      0.16938    -0.394379     0.257803      0.19872    -0.157586    0.0796726     0.536768    -0.092028    -0.248258    -0.118009    -0.549441    0.0524432     0.368211      0.20842   -0.0456794   -0.0303129    0.0544297   -0.0412323     0.124177     0.151041
    0.114186    -0.378692    0.0874455   0.00615157    -0.263208     0.345349    -0.187113   -0.0196533     0.462781    -0.117998   -0.0742108     0.218807    -0.254812    0.0462977     0.220114    -0.173924    -0.302681    -0.489971     0.155121    0.0536163   -0.0432038    -0.272771   -0.0642598     0.103959    -0.185332    0.0322432    0.0412007     0.179025    0.0658408    -0.511409    -0.106676     0.135045
     0.15274     0.593112    -0.265089    0.0767023     0.161147    -0.210032    0.0948355    -0.134892   -0.0357963     0.333979    -0.339549     0.201006     0.345449    -0.195765      0.23505    -0.315475     0.136169   -0.0497481     0.270532     0.085643    0.0723135      0.20848   -0.0209258    -0.190696     0.591433   -0.0606949    -0.163934     0.203907    -0.218536    -0.151852     0.057847     0.197618
    -0.68493   -0.0718046     0.285083     0.212113    -0.106052   -0.0381281    0.0284732    -0.359295    -0.224518    -0.168868    -0.151995    -0.256977    -0.310871    0.0386736   0.00782511    -0.031411    -0.455386    -0.296755     0.120925    0.0794805   -0.0194535   -0.0354216     0.112041    0.0752197    -0.330099    -0.456757    -0.272705    -0.490723     0.110213     0.389893     0.132873    0.0765497
   -0.202057    0.0801716    -0.254387     0.126447      0.52423    -0.177552    0.0209211    -0.328878    -0.126683     0.164032    -0.136006   -0.0254648    0.0768183    0.0282289    0.0629275   -0.0400443     0.108921    -0.199123     0.225034    -0.135673   -0.0948353    -0.403461    -0.205008     -0.19782    -0.165372   -0.0214425    0.0930224  -0.00393635     0.101995    -0.238866    -0.215392    -0.405667
   0.0971512   0.00644149     0.028248     0.182114      0.14957   -0.0412704   -0.0699352     0.198904   -0.0256648    -0.120936     0.331536     0.387461    0.0434599   -0.0677799     0.102568    0.0797168     0.187651     0.101899    -0.293387     0.151512     0.149867     0.335199    -0.284065     0.250292    -0.177359    0.0525645  -0.00257824    -0.186181     0.170097    -0.298169    0.0851415    0.0239337
   -0.234926     0.123124     0.544439    -0.666965    -0.182105    0.0379232      0.29166   -0.0193007     0.214979    -0.534364   -0.0626825    -0.194485    0.0109584     0.514081    -0.233662    -0.278782     0.259024    0.0373805     0.540449    -0.221844     -0.13785   -0.0877453   -0.0582695    -0.214676   -0.0848467    0.0900933    -0.334337     0.675984    -0.353052   -0.0892851    0.0718611     0.748854
   0.0848005    0.0517525    0.0192031     0.191474    -0.386678    -0.185441    -0.119089    0.0570555   -0.0337851   -0.0287757   0.00550967     0.227491    0.0380972    -0.123388     0.163711    -0.174052    -0.467604   0.00836881     0.223491    0.0329753   0.00683247    -0.232093   0.00638735    0.0518696   -0.0699558    -0.192919    -0.148137   -0.0704697     0.272467   -0.0749776    -0.330155   -0.0784775
  -0.0536724    0.0372954    0.0149117    0.0886898    0.0747642    -0.317179    0.0453064     0.202595   -0.0251087     0.172947    -0.171881    0.0099459     -0.14688    -0.427832      0.11836     0.147903   -0.0580479   -0.0734749     0.172962    -0.136567       0.1755   0.00444256     0.103305     0.229368     0.005208   -0.0583362  -0.00211479    -0.325397      -0.1623     0.247923   -0.0777009     0.208308
    0.177733     0.617579    -0.137775    -0.265659     0.218168     0.786374    -0.380683     0.805657    -0.244884    -0.210412     0.198448     0.021124     0.181238     0.870769   -0.0889462    -0.171802    -0.549339    -0.428789    0.0501199    -0.223571  -0.00151163    0.0712279     0.247553    -0.325401       0.2273     0.107235    0.0940333    -0.325407    0.0414362    -0.571086    -0.131122    -0.441278
    0.104263     0.491827     0.285905    -0.260169     0.107945    -0.172479    0.0304177    -0.413897     0.355088     0.117146   0.00257592     0.153531     0.185662     -0.19758     0.302223   -0.0194107    -0.207823    0.0567705     0.604031      0.08996   -0.0923974     0.230574    -0.226863    -0.214759     0.268771     0.300201    -0.392409    -0.409553     0.120709   0.00137448     0.395769   -0.0770372
  -0.0218439     0.110606    -0.205167    -0.197066     0.200982     0.320609    -0.114435     0.327617    -0.143722    -0.124129     0.533062    -0.341197     0.398705     0.336718     0.393851     0.278682    -0.218889    0.0699692    0.0992008    -0.074401    -0.112495     -0.36882   -0.0165999    -0.258406    -0.133816     0.258256     0.159873    -0.199242      0.31758    -0.238122    -0.325123   -0.0741783
    0.127159    -0.104901     0.427497   -0.0701825    -0.113736     0.199571     0.733586    -0.223889     0.391518     0.455255    0.0796819     0.273495     0.279607     0.153477    0.0215077     0.102616   -0.0634355     0.141364     0.317942     0.171309     0.125998    0.0933956     0.263089   -0.0191628    -0.358648    -0.143062   -0.0585617    -0.200115    -0.868282   -0.0191655     0.102818    0.0125136
   -0.202007     0.181448    -0.180707    0.0417442    -0.244753     0.227026    -0.205103      0.11567     0.316072    0.0217867   -0.0744647    0.0749549    0.0963234     0.180972    0.0422826     0.133791    0.0112011    -0.128941   0.00162793    -0.279625   -0.0195138    -0.212474     0.212702    0.0562491   -0.0642764    -0.205071    0.0462363    -0.139539     0.199878    0.0320191    -0.421325   -0.0350633
    0.110117    -0.150432    -0.188089   -0.0967643    0.0627702     0.508722    -0.127212    -0.279392   0.00498837     0.114086   -0.0374844    -0.202109   -0.0676384    -0.572992    0.0519008    0.0236154    0.0750177    -0.292372    -0.128461   -0.0320693     0.155672   -0.0349481      -0.2548     0.184232    0.0670325     0.294372     -0.27664    -0.210989   -0.0381329    -0.273569    -0.167379    -0.115374
    0.177523   -0.0501321     0.480317     0.170866    0.0164516    0.0765002   -0.0506327    -0.299946     0.415233   -0.0984161   -0.0800755      0.22962    -0.845533    -0.352442     -0.28508    -0.612677     0.220696     0.137707    0.0423833     0.229755     0.221353     0.069101    -0.403489     0.265432    -0.335762     0.415442     -0.16983    -0.105943    -0.424889     0.305538      0.32958      0.14306
    0.299792    0.0606083   -0.0196618    0.0438877     -0.25204    0.0718968    -0.157089    -0.200323   -0.0352835     0.255603     -0.18912    -0.135068    -0.376666     0.291854     0.288127     0.218598     0.380219      0.17584    -0.324094     0.133422   -0.0475299     0.062394     0.100878   -0.0870923   -0.0275061   -0.0601577    -0.262909     0.243927   -0.0565393   -0.0951525    -0.184344    -0.303795
    0.289519     0.228966    -0.475255     0.154354    0.0155579    -0.267171     0.253625     0.323546     0.131856    -0.230355   -0.0566615     0.224335     0.131223     0.572492    0.0670823     0.384036    -0.062371   -0.0542738     0.286988     0.200328    -0.101116     0.457698    -0.357949   0.00986989     0.199937    -0.246261     0.432448    -0.380578   0.00703776   0.00769716   0.00046479    -0.447769
    0.240925    -0.160288    -0.233723    -0.174294    0.0544227     0.136606     -0.22263   -0.0155861    -0.178093    -0.468288      0.14176     0.591567   -0.0861732    -0.217915    -0.015499      0.21551    0.0401922     0.180911    -0.135597   -0.0524677     0.118711     0.213851   -0.0775213    0.0696581    -0.289078    -0.198135    0.0168497     -0.23519    -0.172712     0.125742    0.0928605    -0.254783
   -0.145829      -0.1866    -0.141119    -0.123164     0.282536     0.396602     0.124201     0.233406   -0.0113141     0.467922     -0.24512   -0.0711104     0.399735     0.232201     0.325369    0.0162654     0.124175      0.11215    -0.148691    -0.208073    0.0387174     0.144579    -0.031219   -0.0501136     0.217219  -0.00382884    -0.206158     0.433352   -0.0376828    -0.103024     0.190814     0.636195
  -0.0281585    -0.276717    -0.112786     0.240042     0.174905    -0.741734    0.0536536     0.115015     0.129883    -0.200592   -0.0182837   -0.0822266   -0.0304603    -0.329913    -0.470011   -0.0951212     0.222984     0.190931    -0.138621    -0.308802       -0.408    -0.173236    -0.127937     0.143299     0.134683    -0.299029     0.306104   0.00344544    0.0620749    -0.106531    0.0566674   -0.0480635
   -0.388059     -0.13016    0.0290571    -0.465149    -0.212682     0.073597     0.360131   -0.0626491     0.629227     0.150995     0.107324    -0.356096    -0.125479    0.0957267    -0.363618     0.378565    -0.523717     0.648892     0.434875     0.233609     0.052089    -0.156055     0.091176    -0.222313    -0.247263    -0.310843    0.0817101    -0.195143    -0.175365    0.0390312   0.00372288     0.350431
   0.0349299     0.419079     0.409161   -0.0303184    0.0107988    0.0799512     0.289981    -0.124548     0.138988     0.380562    -0.134012   -0.0919837    -0.268245     0.444917     0.110454    -0.383028   -0.0702362      0.17842      0.10389   0.00577255    -0.135847    -0.119871  -0.00923852    -0.126113     0.117429    -0.121706     0.067344    -0.100088    0.0929039     0.161624    -0.270284    0.0188752
    0.119551   -0.0711765     0.122349     0.592466    0.0383479   -0.0236523    -0.231661    0.0166096    -0.192694     0.164838    0.0649585     0.110927     0.330332     0.102604     -0.11817    -0.106462     0.454103     0.130139    -0.356332    -0.328755    0.0298627    -0.187166   -0.0709429     0.105189     0.286638     0.305544     0.285332    -0.200114     0.337374    0.0142126    -0.402908     0.242834
   0.0313511    -0.286011    0.0505325   -0.0607673   -0.0888277    0.0474726    -0.137397   -0.0517425   -0.0869143   -0.0887644    -0.350487     0.154685    -0.283334     -0.20717    -0.148888     0.054466    -0.172959    0.0655893     0.292666     0.292546     0.334922     0.353438    -0.162531     0.350725   -0.0875923    -0.339724     0.216798   -0.0881604     -0.12606   -0.0491282    -0.147042   -0.0372997
    0.359524    0.0291022    -0.415777   -0.0900047    -0.158934     0.111783     0.169205    -0.152751     0.212924   -0.0799672    -0.370419    0.0311103    -0.256669      -0.3053    0.0230369   0.00381718    0.0501036    -0.108771      0.29732    -0.251607     0.170056     0.432022    -0.241863    0.0717776    -0.561605      -0.1454    -0.169267    -0.176503   -0.0649315    -0.241615    -0.199499     0.466393
   -0.079271     0.467308   -0.0338264    -0.313942   -0.0347884    -0.224519    0.0088008      0.38797    -0.221433    0.0620585     0.151168     -0.33698    0.0298679    -0.536837    0.0654676    -0.406775    -0.163324    -0.241342   -0.0285415     0.378857     0.283986     0.374457    -0.280559     0.454557     0.286794     0.184762 -0.000206832    -0.360913     0.378789   -0.0145935     0.463496     0.193665
   -0.453918   -0.0896109     0.060906    -0.247896      0.19169    -0.436579     0.355078    -0.321005     0.212779     0.131701     0.196909     0.239172    0.0616416     -0.37511   -0.0421908    0.0846348     0.106635     0.121457      0.21071     0.177152    0.0472416    0.0753678    -0.230677    0.0578845     0.188979   -0.0509895     0.177951     0.218304    -0.187034     0.119891  -0.00173565   -0.0158484
    0.313375    -0.113339    0.0366611    -0.197248   -0.0773326    0.0537104     0.133736    -0.161166    -0.120695    -0.189963    -0.426424    -0.143434  -0.00247508    -0.100118     0.308988     0.360952    -0.217811    0.0232374    -0.137606      0.41966     0.375807     0.289957    -0.102699    -0.080753     0.483376    0.0679683     0.354968     0.138813     -0.11998     0.109669     0.172427    -0.185266
   -0.264352     0.146728     0.125254    -0.410094    0.0337338     0.183189   -0.0014778    -0.209644    0.0352741     0.105012    -0.194405   0.00988126    -0.416246   -0.0255658   -0.0723868    0.0106956    -0.275057    -0.180478     0.197926    -0.323684    -0.014662   -0.0800223    0.0515035     0.252407    -0.574341    0.0480439     -0.31122     0.388277    -0.199617    0.0291045    0.0719621  -0.00581045
    -0.23927    -0.329573    0.0276311    -0.247981    -0.014364   -0.0966284    -0.303333    0.0902244      0.28684    -0.462212    -0.110599    -0.040817    -0.104791   -0.0291749    -0.338137     -0.11906   -0.0510009     0.214533    -0.225303     0.183164     0.170278     0.117496    0.0204539    0.0883447    -0.378606    -0.237819      -0.2277    -0.243128    0.0790022     -0.19447    -0.165728    0.0621242
   -0.115371     0.192375  -0.00908918    -0.397547    -0.117033     0.383594     0.329455    -0.209567 -0.000163135     0.580519   -0.0401504   0.00795845     0.215941     0.173312     0.347209     0.464182    -0.395108    0.0107939     0.219782     0.102436    -0.402336    -0.586617    -0.393546     0.045116     0.128458     0.425282   0.00225577     0.334971    -0.221065    -0.699819    -0.202097     0.472882
   0.0383246     0.211611    0.0318534     0.172609    -0.230782   0.00831691    -0.372267    -0.178366    -0.454386    -0.163791     0.281474     0.100862     0.213222    -0.396378    0.0532637    0.0798666      0.07769    0.0458494     0.032159     0.129361   -0.0747339    -0.250086   -0.0943282     0.133179    -0.231621    -0.499213    -0.141829    -0.248152   -0.0221474    -0.466598    -0.215891     0.109695
   0.0656344   -0.0679365     0.481206     -0.18771     0.452035    0.0965251    -0.268798    -0.371316     0.389411    0.0514037      -0.2771    -0.219796    -0.121284     0.153918   -0.0598222     0.122871    -0.186885     0.207397     0.215685    -0.273325    -0.323201    -0.145528    0.0385232   -0.0717198    -0.331253   -0.0367543    -0.469882     0.355107    -0.619436     0.229884    -0.155553    -0.505533
    0.203909    0.0596078     0.118912    -0.123102    -0.135985    0.0514014    -0.234804    -0.191923     0.159494     0.237045     0.235807     0.266084     0.122184 -0.000260373      0.23732     0.520868     0.163847     0.428049     0.233697    0.0296124   -0.0323134  -0.00151265    -0.226398      0.23412    0.0588677     0.303362    -0.443793     0.320158     -0.12641     0.190481    -0.157894     0.158879
   -0.263159    -0.247962   -0.0115019     0.249237    -0.007525     0.466267    0.0614322   -0.0373546    -0.209593     0.149833      0.11493   -0.0329157     -0.16427    -0.284095     0.128349    -0.263929    -0.212811   -0.0212831   -0.0259289   -0.0992088    -0.153833     0.127559   -0.0646966     0.450756    -0.153751    -0.234761     0.193396   -0.0386844    0.0843365    -0.259506    -0.218829     0.270234
  0.00504614    -0.277083     0.102961    -0.343458     0.303299  -0.00132648    -0.497161    -0.361774     0.332772     -0.17657      0.35879    0.0450202     0.142819    0.0112656     -0.59184    -0.439157    0.0354096    0.0106186     0.277213    0.0200414     0.255577    0.0172493    -0.101725      0.10477   -0.0218492     0.100896    -0.236418     0.408083     0.027041     0.354169     0.127279    0.0504176
  -0.0678151     0.485509    0.0285993    -0.204962    -0.325321    -0.443392     0.512175   0.00209417     0.151957    -0.574868    -0.101221     0.277895      0.26724     0.150007    -0.208338     0.417325     0.381649   -0.0968565     0.186963     0.220285   -0.0635996     0.567588      0.28692   -0.0255041     0.213139    -0.216148     0.185423     0.431254      0.14318    0.0172268     0.514637       0.2263
  -0.0969112   -0.0205268   -0.0558526    -0.116142    0.0300551   -0.0242844    0.0128363    -0.243656     0.117985     0.233941     -0.06173   -0.0381215      -0.1278    0.0710966    -0.321781     0.186038   -0.0458657    -0.173682    -0.216882     0.156051     0.291049    -0.428001    -0.159884     -0.15485     0.530352     0.348894   -0.0292726   -0.0668268   -0.0795138   -0.0862287    0.0421342   0.00814992
   -0.159021     0.195435    0.0124398    -0.344949   -0.0427618     0.072325    0.0920666     0.261988      0.13417    -0.258142     -0.22269     0.141283   -0.0119644    -0.378803     0.174554  -0.00421975    -0.277974  -0.00107082     0.253558    -0.252288    -0.098169    0.0888247    0.0982254     0.125486     0.317742    -0.442213  -0.00359356    0.0399345   -0.0292076    0.0500754    0.0719119   -0.0110688
    0.438605    0.0252863  0.000856191    -0.230294     0.132547    -0.230653    -0.568611     0.108802     0.146173   -0.0837482     0.296966     0.132409    -0.170143     0.614524    -0.098072      0.20983   0.00583048     0.253286     0.152161     0.191402    -0.384694     0.156353     0.140718   0.00674713    0.0603264      0.53524    -0.104175       0.2507    0.0755476   -0.0649274     0.238276   -0.0298443
    0.135882     0.261245    0.0535033  -0.00203562     0.071758    -0.328011    -0.251942    -0.151579    0.0678472     0.493231     0.149204    0.0903182    0.0827511    -0.508992   -0.0364965     0.257884     0.105903    0.0379852     0.168712     0.220358    0.0881302   -0.0280663      0.16506     0.107824   -0.0108882    -0.313411     0.178731    -0.347385     0.093256     0.054914   -0.0054507    -0.147747
    0.149477     0.330696     0.135141    -0.247453    -0.471342    -0.659833     0.127442   -0.0187485    -0.792328    0.0730906     0.280411   -0.0546142     0.794883    -0.217261     0.307755    -0.435633     0.383242     -0.12404    0.0223263      0.40861     0.377549     0.032787    -0.116427   -0.0112225     0.511805     0.248428     0.382605    -0.819332     0.306447    -0.460249    0.0279406    0.0192599
    0.223418    -0.102012   -0.0562978     0.632314    0.0988292     0.106123    -0.121597        0.017  0.000278998    -0.234222   -0.0732412    -0.307824     -0.68651     0.310484    -0.554681    -0.135564     0.149904    -0.027382    -0.233572    -0.103745     0.134838     0.280858   -0.0147073  -0.00705912    -0.137776    -0.293097  -0.00981906    -0.307651    -0.383084     0.190933     0.511211   -0.0235524
    0.413122      0.07949    -0.222735     0.465092     0.316993     0.553708    -0.331291     0.061992     0.211081     0.473488    -0.454653   -0.0281312    -0.690718    -0.111719    -0.190417      0.30158    -0.221268     0.287886    0.0906534    0.0665406    -0.190966     0.137276    -0.405509     0.538387    -0.442485    -0.286123    -0.500765     0.564775    -0.420717    -0.107211    -0.105618     -0.10024
   0.0488274    -0.121718     0.368883    0.0710351    0.0754822  -0.00471263      0.22772     0.083724    -0.130927  0.000216347    0.0529945     0.246309     0.264665    0.0707744    0.0593492    -0.329156    -0.155378  -0.00443325    0.0814622   -0.0429204     0.168945     0.189991   -0.0393578     -0.16451    -0.105156     0.116548     0.173327     0.189191  -0.00447528     0.109505   -0.0456521    -0.125799
   -0.212995     0.240812     0.231537   -0.0275814     -0.17896    0.0990068     0.306727   -0.0326139    -0.233074    -0.148548   -0.0499907     0.228691     0.553615   -0.0675366   -0.0246412    0.0856516   -0.0320663     -0.12558   -0.0264848    -0.109921    -0.100734     0.129639    -0.269777    -0.184172     0.161261    0.0533439    0.0537984   -0.0693622     0.294916      0.34741     0.200916     0.162945
   0.0816684  -0.00836803    0.0650305      0.30747    -0.168705     0.459716     0.278408    0.0084295   -0.0596515   -0.0737015    -0.362231     0.378252    -0.244968     0.102454     0.107766    0.0852858    -0.187095    -0.355813     0.359117     0.250469   -0.0879453     0.350106    -0.326856     0.551993    -0.204747    -0.199786     0.236449      0.52647    -0.114334     -0.31726   -0.0213816    -0.369408
    0.174868    -0.254076     0.117912    0.0215332    0.0608445    -0.338431   -0.0786367     0.343548     0.119051     0.177826    0.0893721    -0.511157    -0.148715   -0.0409863    0.0610754     -0.19556    -0.111446    -0.232407   -0.0457139    0.0468856    0.0645443     0.305988     0.201055   -0.0250185    -0.192252     0.453814    -0.166606     0.434254     0.254737    -0.232797     0.114558    0.0925167
    -0.14976     0.210075     0.532939     0.113389    0.0814476     0.132751     -0.14629     0.235358     0.340341     0.010902    0.0968863    -0.234532    -0.108338     0.284093     0.160423     -0.69925    0.0112349    -0.158002     0.294125     0.265513     0.203297   -0.0723984    -0.306917   -0.0804351    -0.222063    -0.270774     0.338324    -0.345043    0.0924754    -0.281305    0.0340717     0.110701
       0.255     -0.18502    0.0987825    -0.123207     0.146806    -0.185239    0.0488723    -0.150996   -0.0178656    0.0175733  -0.00738261      0.16042    -0.356502    -0.116294     0.177289    -0.235958     0.375322    -0.194369    -0.383882      0.19166   -0.0933117     0.262279      0.18285    -0.206766    -0.160256     0.166604     0.136309    -0.170611     0.177285    -0.229359    -0.100098     0.121526
  -0.0526468    0.0403531   -0.0988231    0.0752428    0.0176045    -0.375864   -0.0250636     -0.17592    -0.196392     0.134757    0.0977267    0.0737243    0.0668921    -0.285893     0.417066    -0.313131     0.162712    -0.256597     0.107265    0.0863651    0.0857488     0.199133      0.28957    -0.384115  -0.00454467    0.0853381     0.240164   -0.0850706     0.357324   -0.0191031    -0.211847    -0.108824
   -0.212805     0.614118     0.469624    -0.030392      -0.2044    0.0619155     0.168899    0.0312132   -0.0692659     0.351163    -0.212565    -0.118271    0.0662693    -0.238636      0.28189      0.12454    -0.141457     0.150175     -0.12936    -0.153748    -0.441399    0.0501387    -0.364589     0.227844   0.00570221    0.0396082     -0.23869     0.172851   -0.0704448    0.0553606     0.303134    0.0586901
     0.33606     0.439347    0.0071916    -0.299191    -0.683324    -0.139123    0.0276554     0.749727    0.0870155    -0.640864      0.69083     0.533447     0.126457    -0.396871    0.0539786     0.259078     0.109506    0.0240067      0.21259     0.148512     0.395117     0.623059   -0.0434235     0.217222    -0.344405    0.0711674     0.266093   -0.0120094    -0.121098      0.16937     0.396139   -0.0977584
     0.53964    -0.263038    0.0531784     0.145963     0.025395    0.0544187     0.103284   -0.0683308    -0.220424    -0.245524   0.00513578     0.168417     -0.68851    0.0510996     0.347792    -0.124399    0.0525993     0.225819     0.186863    -0.116967     0.350294     0.581976   -0.0880077     0.237093   -0.0771254    -0.124126    -0.124787     0.247544    -0.520468    -0.319094    0.0970155    -0.349982
  -0.0341381    -0.109379    0.0391989    -0.361607    0.0201827    -0.158118    -0.196435     0.321094   -0.0447821     0.496503     0.059467     0.259731     0.275322   -0.0234927     0.451983      0.34797     0.111951      0.46279    0.0823297    -0.099899    -0.200249    -0.260086    -0.181152    -0.244951    -0.121409     0.172738    -0.678676    -0.124741    -0.748677    -0.197723    0.0678582    -0.260973
   0.0735844     0.163238  -0.00160438   -0.0743664    0.0639411    -0.221808  -0.00460415   -0.0178957    0.0522164     0.042829      0.24484     0.163642     0.374657   -0.0882667    0.0261385     0.399268    -0.118783     0.357524    -0.237984    0.0214526    -0.147988    0.0561012     0.310523   -0.0775529  -0.00707177    0.0683283     0.139988   -0.0942727      0.21533    0.0635448    -0.297516    -0.168796
   -0.383102     0.073133     -0.10941     0.131578    -0.307021   -0.0879157    -0.230879   -0.0413175     0.293714    -0.219334     0.519304     -0.15328   0.00770269    0.0579016    -0.321633  -0.00768503   -0.0692724    0.0175995   -0.0449616   -0.0417835    0.0697147     0.150801     0.225812    -0.269901    -0.415249    -0.356323     0.196182    -0.016614    -0.284797     0.136732    0.0767634   -0.0482842
   -0.263825    -0.277962     0.272376     -0.37232    -0.126432     0.345566    0.0150955    -0.297203     0.593271      0.23897    -0.284333   -0.0906521    -0.276922     0.489158     0.272298     0.270601     -0.62644     0.228674     0.371286    -0.431523    -0.370787    -0.298494    -0.027856    -0.325849    -0.583682     0.162288   -0.0680049     0.401673    -0.919983     0.418251    0.0701097   -0.0292244
   0.0493949    -0.138344    -0.186474  -0.00896759    -0.135724     0.293976    -0.232421    -0.310069    -0.206661   -0.0338501    0.0783855   -0.0397943   -0.0875054    -0.484322     0.269992   -0.0297813     0.117839    0.0518199     0.378647   -0.0225925    -0.299949     0.134346    -0.135091   -0.0317029   -0.0522396     0.599445    -0.372334    0.0455993      0.29716     0.127007    -0.115289     -0.15719
    0.181862     0.175491     0.204042      0.06259     -0.31767   -0.0174549   0.00833404    0.0612446     0.196504    -0.134409     0.102715     0.259546    0.0741167     0.390499    0.0494445    -0.103881    -0.245076    -0.401003    -0.106953   -0.0265984    0.0963526    0.0956998    0.0343347   -0.0750133    0.0688038   -0.0875646  -0.00091895     0.107986     0.267851    -0.141108     0.361396     0.436197
  -0.0908638     -0.14983     0.373561     0.106478   -0.0279153    0.0680062     0.333148     0.652959    -0.324887     -0.24371    -0.424167    -0.142406    -0.109943    -0.127864     0.194656    -0.168541    0.0128745    -0.203841    -0.260979   -0.0393929     0.159746     0.564378     0.161229   -0.0872664    -0.142299     0.128057   -0.0535646     0.418789   -0.0405133    0.0219726     0.195386    0.0678652
    0.491049    -0.287299     0.235435    -0.358834    0.0121149    0.0725389     0.310033    0.0536358    -0.157452     0.140087    0.0744211     0.271612     -0.31992     0.300801     0.127426     0.154349    0.0400895      0.45403    0.0701272    -0.353462    -0.320513     -0.28913      0.18911    -0.150617     -0.18582    0.0273084    0.0316682   -0.0433986    -0.209257    -0.422023    -0.110346     0.186634
   -0.414154    -0.134841    0.0929563    0.0332739      0.29694    -0.308415     -0.45731    0.0488503     0.191295    -0.497973     0.152533    -0.321226    -0.438709   -0.0580122   -0.0924748   -0.0842796   -0.0419405     0.196358   -0.0985758    -0.126631   -0.0852675    0.0407361    0.0648117    -0.112788    -0.274349    -0.211604     0.156819    -0.142289    0.0570178     0.301952    0.0505201   -0.0113315
   -0.104955     0.201616    0.0399166     0.199066     -0.51163     0.357393    0.0292608   -0.0832602  -0.00971107    -0.120328    -0.388858      0.17632    -0.306725   -0.0526163  -0.00812836   -0.0809025   -0.0209075     0.183629    -0.120428    -0.104992     0.524492    -0.362124   -0.0150384     0.195244    -0.186344    -0.230754    -0.135167      -0.4078    -0.256154    0.0765049     0.136975    -0.187462
    0.103483     0.146306  0.000675207    0.0435044   -0.0903804    -0.301725     0.397834     0.439305    -0.644811    0.0238516    -0.407136  -0.00990064     0.371812     0.338176    0.0396188    -0.358291    -0.247791     0.129835    -0.514492   -0.0436087    0.0991066     0.181593   -0.0800004     0.187792      0.39986     0.776592     0.401175     0.158095    0.0381245    -0.167822     0.128348   -0.0745585
   -0.256815    -0.284519     0.256155    -0.115745   -0.0037059     0.113872    0.0404227    -0.730872   -0.0944084     0.326564    -0.667012    -0.466401     0.190733     0.339949   -0.0966446     0.139947    -0.342043     0.337367    -0.389541     0.200854     0.322894     0.163054     -0.35354   0.00110439     0.148742   -0.0619028    -0.388937    -0.150729     0.416345   -0.0673768     -0.37791     0.300617
   -0.425008   -0.0338436     0.170201     0.437628     0.151417   -0.0936328    -0.268552      0.67265    -0.132102   -0.0198878     0.202464   -0.0822366     0.041576   -0.0704212     0.143005    -0.287762     0.254396    -0.145212     0.169357    -0.075617    0.0129177     0.180206    -0.037274    -0.228583    -0.298967   -0.0940877     0.353106     0.251502     0.345307    -0.128897    0.0782244     -0.11997
  -0.0514085    0.0607223   0.00157114    -0.320365     0.216692    0.0752448     0.133317    -0.189609     0.450413   -0.0148749     0.118149    -0.314478    -0.265914    0.0294539   -0.0383691   -0.0166604    -0.283116     0.125279   -0.0116902    -0.044878   0.00265162    -0.238012      0.32371    0.0805258     -0.40323      -0.2229    -0.415517     0.373415    -0.374452     0.520038   -0.0046467      0.14254
   -0.145576     0.133609    -0.262407    0.0292911   -0.0129542     0.259926    -0.290713    0.0686123     0.371153    -0.172459     0.137265    -0.273543  -0.00688524    0.0227766   -0.0743802    -0.266583    -0.194583    0.0519236    0.0464245   -0.0885389    0.0379608    -0.375089    0.0977692     0.192497    -0.460908    -0.270314     0.115423   -0.0324052    -0.223734     0.152699     0.188714    -0.313114
   -0.463849    -0.221784     0.217123   -0.0071868   -0.0666383     0.189661     0.161969    -0.048941    -0.265145     0.227626    -0.418003      0.40268    0.0536729   -0.0794993     0.417199     0.101197   -0.0851674    -0.238557     0.138781     0.344903     0.264227   -0.0927497    -0.190468     0.493092  -0.00687108   -0.0690376     0.166438     0.103149    -0.164127    -0.287549     0.369174  -0.00219585
    0.178857   -0.0884526     0.472823    -0.116244     0.289454    0.0397499     0.119025    -0.386862    0.0482016     0.149884    -0.266705    0.0170104    -0.108426     0.406614    0.0144146    -0.117494    -0.197298    -0.169192    0.0926741    -0.021421     0.342458    0.0917453    -0.204458    -0.130694    -0.161186     0.418993    -0.375686     0.411692    -0.300543     0.270017     0.305637     0.214048
   -0.230082     0.244359      0.32118     0.279376     0.399101    0.0845557     0.120438    0.0204473    -0.251385      0.38123    -0.325927   -0.0523258     -0.20317     -0.39461    -0.301937   -0.0136661   -0.0458325   0.00755207    0.0053612     -0.49021    -0.476821    -0.154632     0.104114 -0.000968544    0.0168041    -0.224579 -0.000939629    0.0710596    -0.458351      0.49903     0.103576     0.616648
   0.0295661     0.212846     0.387671    -0.505333     0.107593   -0.0738569     0.348792    0.0126572    -0.467137   -0.0119004    -0.124394    -0.587129     0.379245    -0.197741     0.238492    -0.097069    -0.373545    -0.341635     0.757829    0.0234906    -0.158298     0.329964   -0.0275377    -0.284549     0.246393     0.324153    -0.141639   -0.0144094     0.133546   0.00545682    0.0981139     0.415941
   -0.109102    -0.107844    -0.139884     0.105245    -0.173307    -0.225481    0.0134728     0.259673   -0.0415295     -0.31223     0.568751     0.153047    -0.176407     0.524585     0.480531    -0.140883    -0.174173     0.123584     0.067085    -0.158259     0.372171      0.40893    -0.145648    -0.116721     0.306608    -0.170204    -0.190561     -0.39189   0.00109803    -0.561449     0.351155   -0.0870856
   -0.254533     0.411495     0.217157    -0.101857    0.0865407    -0.431946    -0.180368    0.0288665    -0.441561   -0.0851393     0.353575     0.133546   -0.0725936     0.111128    -0.303085     0.333345      0.26748    -0.105157   -0.0315189    -0.385771    -0.228341    -0.238538    0.0880197    -0.144349    -0.098619     0.366663     0.046462   -0.0817156    -0.249692     0.112801    0.0574709    -0.411687
     0.80196     0.132945    -0.248219     0.239527     0.198356     0.457316     0.280393    -0.113025    -0.178993    -0.142341    -0.187571     0.171447    -0.177983     0.100222   -0.0582509     0.521098     -0.25375    0.0743465    -0.272571     0.105996    0.0436976     0.140363    -0.274664   -0.0959316   -0.0672263   -0.0610264    -0.194316     0.131263    -0.374869     0.168104    -0.022187   -0.0452776
   -0.336494    -0.260772    -0.258442   -0.0682202    -0.137101    0.0871771    -0.100218    -0.230797      0.16605    0.0330347    0.0451058    0.0795596    0.0869435    -0.199346   -0.0329705     0.174972     0.366471     0.349518    0.0576091    0.0181311    -0.328203    -0.224356     0.096261    0.0191878    -0.146121     0.149368   -0.0822782    -0.242706     0.255846      0.34044    -0.441474    -0.692223
   -0.286497     0.213051     0.116563   -0.0587697     0.173776    0.0514081     0.191894     0.453887   -0.0950251   0.00501546    -0.407762    -0.293286    -0.272911  0.000396824     0.190383   -0.0384665     -0.27997    -0.290519     0.100776      0.21676     0.204996     0.246887    -0.110255     0.103768     0.103609    0.0672928   -0.0601429    -0.106332     -0.16935     0.117655     0.532084    0.0386891
  -0.0241358     0.025026    -0.132484    -0.222493    -0.374124    -0.084934      0.24252   -0.0582383     0.426068   0.00353716    0.0349365     0.171131     0.110668     0.187389     0.105848    0.0618886   -0.0385517    -0.389714     0.396355    -0.116048    -0.049103       0.2084    -0.233594    -0.470115   -0.0840204    0.0445374     -0.32572     0.193497    -0.307219    0.0201858     0.177395     0.223031
   -0.103723     -0.23837    -0.143719    0.0336115    -0.233344     0.394154    -0.107279    0.0199379     0.392744    0.0319429    -0.333795   -0.0398584    -0.143336  -0.00703975    -0.240761    -0.468821   -0.0116936    -0.378837     0.118213     0.180783   -0.0114109    0.0176603    -0.149008     0.120656    -0.131466     0.355149     0.183687     0.040766     0.219877    0.0415445     0.207654     0.437381
  -0.0298006    0.0758025    0.0593981    -0.218493    -0.228743    -0.203001    -0.268467      0.16589     0.045207     0.169346    -0.222363   0.00240439     0.282056     0.174296   -0.0413562   -0.0786163     0.139199    0.0185231    0.0490829    0.0031912     0.154186    -0.342027   0.00398674    0.0387772    -0.314487     0.249175  -0.00917754    -0.239941     0.175171     0.111004   -0.0113675      0.13303
    0.213954     0.129362   -0.0105924     0.343838    -0.136236    -0.177906    -0.353692    0.0236572     0.519265    0.0725052    0.0738655   -0.0932935    -0.455302    -0.209855      0.15915    -0.224146     0.225156    -0.251986    -0.325361    -0.290357 -0.000832907    -0.261465     0.336522     0.209857    -0.176334    -0.131349    -0.277689     0.232099     0.196158    -0.148626     0.054722    -0.586453
   0.0196962    0.0100664    0.0544655  -0.00204364    -0.241465       0.3199    0.0737618    0.0306838   -0.0303911   -0.0775428    -0.344174     0.265295    -0.199388     -0.19487    0.0154102     0.103641     0.159676     0.152586   -0.0393855   -0.0488982   0.00626109    -0.059516    -0.175354     0.272822    -0.248466   0.00400666   -0.0348747    -0.404086    -0.483579      0.10255    -0.501248   -0.0318565
  -0.0480473    -0.139961    -0.297133    0.0469648     -0.38844     0.337399   -0.0571009     0.342067     0.170685    -0.164517    0.0872069     0.223854    -0.416264     -0.14491     0.315334   -0.0196021   -0.0808239    0.0416595    -0.425911   -0.0080902      0.24243    -0.153464    -0.207556     0.189055    -0.584895    -0.051798     -0.36728     -0.14411    -0.551081  -0.00379467     0.183361     0.165541
   0.0268808  -0.00816723    -0.337069  -0.00710401    -0.483749   -0.0785546    -0.196389    0.0706693    -0.182638   -0.0965071    -0.119451    -0.499098     0.136018    -0.613639     0.557935     0.321346   -0.0163748    0.0807158    -0.565295     0.249133     0.201669     0.869028    -0.345561     0.472547    -0.191219    -0.313186    -0.657275    -0.286935     0.323206    -0.261919    -0.455142    -0.128899
  -0.0141181     0.473178   -0.0944925   -0.0135427     0.183782    -0.145525     0.238524    -0.476509    -0.116602    0.0352342    -0.146277     0.253576    -0.060089     0.327332      0.26573     0.203225    -0.358399     0.143441    0.0297058    0.0417678   -0.0318562     0.252493     0.126244    -0.120447     0.580721     0.366659     0.052316     0.777862     0.368247     0.187398    -0.177706    0.0467564
    0.189211    -0.562794      0.61962    -0.116303    0.0934971     0.391175     0.550618    -0.241614    0.0627438  -0.00387567    -0.289044     -0.22197     0.125113     0.492393    0.0730157    0.0280409    -0.402994    -0.267531     0.606137    -0.312526    -0.121498      0.21062    -0.230387     0.190181    -0.450078    -0.148244    0.0254201      0.19446      0.25598    0.0112135   -0.0195363     0.588991
    0.241042     0.229251    0.0679553     0.053793   -0.0327414     0.118925     0.328813     0.161841    -0.289212    -0.102458    -0.215422      0.37914    0.0702661     0.134649    -0.288388    -0.479181   -0.0104542    -0.271327     0.229337 -0.000309476     0.138583   -0.0199497    -0.285048    0.0184423     0.266991     0.137511     0.155372      0.21169    -0.392963    0.0535804     0.616323    -0.192729
   -0.285571    0.0255082     0.381844    -0.297294     0.264425     0.675718     0.368763    -0.426076    -0.170673     0.259058    -0.228044    0.0414023     0.127256     0.520288     0.234844     0.346968    -0.507551    -0.041653     0.400107   -0.0271609    -0.524839    -0.450953     -0.45102    -0.150889   -0.0846164     0.179131      0.13587     0.698873    -0.435094     0.121596    0.0583612      0.28573
  -0.0419012    0.0900087    0.0460278    0.0418677   -0.0123492      0.31599     0.375171    0.0423588    -0.421446     0.366673    -0.154539     0.138051    -0.204668    -0.214512     0.236506    0.0802112   -0.0654744    0.0480906     -0.15023   -0.0103189    -0.183551   -0.0480517    0.0711793      0.12618    0.0804833     0.689443     0.250035     0.148511       0.1046  -0.00410763    0.0806504     0.361799
   -0.434745    -0.161742   -0.0581183     0.236566     0.132355    0.0618141    -0.259323    0.0776161    0.0947199   -0.0426757     0.202297       0.2582   -0.0360104     0.372557    -0.402675    -0.805449     0.313745    -0.198504    -0.289865    -0.471982  -0.00277554    -0.374859    -0.102943    0.0878136     0.119321     0.290122    -0.344954    -0.313877    0.0170362     -0.17584     0.121023    -0.111369
   0.0548228    0.0786348    0.0105979   0.00595337     0.105118     0.280171     0.379387   -0.0814306    -0.206391     0.221063     0.151222  -0.00358588   -0.0172884    0.0551162     0.172177     0.315765     0.084718     0.109416    -0.523696     0.267558   -0.0525217     0.108708    -0.113953    -0.195676    -0.107905     0.269104    -0.134845    -0.321338     0.252605    -0.164867    -0.208782    -0.255151
  -0.0734212    0.0743479   -0.0371309   -0.0874353     0.156947     0.188741    -0.105457     0.328607   0.00184882     0.149169    0.0929165   -0.0203807   -0.0418199       0.2848     0.191641     0.042309    -0.180317    0.0634671     0.321082    -0.201217    -0.523596   -0.0676372    0.0087481   -0.0906277    -0.326117     0.121321    -0.284949   -0.0810914     0.071952     0.164799    -0.359434   -0.0609503
   -0.139464       0.1036    -0.256888    0.0871677     0.215122     0.184029    -0.138894      0.18663    0.0823225    0.0444864    -0.483312   -0.0499092     0.214847     0.139535    -0.160485      -0.2073    0.0834788    -0.266107     -0.03691     -0.33896     0.231629    -0.271254    0.0223459     0.525837     0.380112     0.166019     0.190677    -0.348528     0.129401    -0.331234    -0.177773    0.0288763
   -0.216863    -0.100174    0.0338714   0.00809636    -0.184298    -0.518572    -0.358548    -0.301142     0.198263    -0.394528    0.0503819     0.307544     0.465249      0.23628    -0.220133     0.123999     0.261745     0.313614     0.116881     0.191303    -0.165341    -0.112046     0.565844    -0.165036     0.343407      0.10209     0.563072   -0.0714019    -0.363427   -0.0295714    -0.109801    -0.250238
   0.0653927      0.42484   -0.0659707     -0.34553    -0.247091     0.256908     0.191584   -0.0551773    -0.197287    -0.556048     0.513922    0.0979634    -0.123198   -0.0980549     0.180491    -0.209518     0.208771    -0.413592    -0.145645     0.162145     0.523334     0.136516    -0.421468      0.15663     0.191009    -0.377711     0.492805        0.141    -0.150331    -0.438094    0.0720494     0.271185
   0.0522067     0.167487     0.334934    -0.201985    -0.100058     0.263668      0.30038    -0.139866     -0.16165     0.166986    -0.150887    -0.327703    0.0931745     0.327715    -0.125181    -0.239841     0.404399    -0.106806     0.427923     0.136185     -0.37098     0.130127   -0.0571348    0.0822988   -0.0591895     0.263177     0.229112     0.206932    0.0521584   -0.0768771    0.0156757    0.0748644
   -0.605412     0.261202     0.307801    -0.604033      0.12992    -0.303795      0.34006    -0.362291   -0.0114578     0.569195    0.0483206   -0.0675773     0.337499     0.484411    0.0445297    -0.133597    0.0328825     -0.15174      0.57195   -0.0224032    -0.218571    -0.700662    -0.039754    -0.116691     0.141855     0.288628     0.234573    0.0879747    -0.236907    -0.163089     0.272827     0.172733
    -0.58814    -0.265252    0.0113537     0.119253   -0.0806307     0.163282    -0.226309   -0.0824281     0.148264    0.0357771     0.260258    -0.174847     0.284629    -0.109635   -0.0661654    0.0654546      0.20625     0.266237    0.0584636     0.195762    -0.228604    -0.404024    -0.058711    0.0766381     0.256543     0.171061   -0.0130336   -0.0734745     0.330418    -0.218616    -0.280674    0.0864542
   -0.128174     0.151996   0.00764965    0.0322706   -0.0917109    -0.207592   -0.0949458     0.297514      0.32034     0.222307    -0.197369    0.0905306     -0.24174    -0.163978     0.251241   0.00544082    0.0678887    -0.278602     0.239184   -0.0536422   -0.0822279    -0.109013   -0.0362915    -0.295129      0.18671     0.247999    0.0188302     0.258093    -0.168989      0.12881     -0.25318     0.167387
   0.0685932     0.269463    -0.130189    -0.094362    -0.209358   -0.0519572    -0.155222    -0.353646    -0.123184     0.193727      0.26661    -0.399413     0.209522     0.198198  -0.00911568    -0.283094    -0.434458    0.0648491     0.134499     0.290414    0.0600917    -0.158651    -0.190028    -0.250785     0.113207   -0.0436911      0.13555    -0.220532    -0.145684    -0.010961     0.294241     0.168031
   -0.132614   -0.0143872     0.129424   -0.0115555     0.245196     0.204344     0.551595    0.0724786   -0.0836801    -0.184369    0.0273075     0.107455    0.0258623   0.00773424    -0.213485   -0.0764984    -0.105801    -0.256237    -0.017689 -0.000232798     0.110826    0.0848229     0.101792    -0.272008    -0.343893     0.380432     0.298697     0.281315     0.198574    0.0392943    0.0142413     0.309252
