    0.731776     0.406403     0.225028    -0.451121    -0.219842   -0.0341776   -0.0214504    0.0104325   -0.0596152    0.0593305    -0.248247     0.160479      0.52137     0.206443    -0.355451   -0.0982424     0.190596    0.0184542     0.125525     0.270215    -0.120157    -0.445216    -0.264221    -0.218177     -0.20768    -0.461894     0.716043    -0.177861     0.466597    -0.228677     0.260809    -0.421156
   -0.196156    0.0618093    -0.178469    -0.287976     0.108087    -0.228167   -0.0492667    0.0238225     0.192373     -0.18762  -0.00890492    -0.152277    -0.678223      0.37726    -0.378551     0.222832    -0.224747   -0.0014818    0.0738814     0.100843    0.0231097    -0.151131    0.0587813     0.789798     0.339924    -0.117203    -0.425004   -0.0942553    -0.309917    -0.143076    -0.350587   -0.0812546
  -0.0439687    -0.171969    0.0106543    -0.134634   0.00618014     0.118138   0.00865794    -0.362549     0.148026     0.548517   -0.0274788     0.236317     0.187811     0.191011    0.0652268    -0.114185     0.210644    -0.205028    -0.222052    -0.019859   -0.0470699    0.0784436     0.199242    -0.278255    -0.016631   -0.0331561    -0.141669    0.0596122    0.0372992     0.589932     0.245544     0.143378
   -0.369492     0.775773     0.248859    -0.122402     0.191903     0.560635    -0.237229    -0.764877      1.27291     0.425353   0.00158104     0.747911   0.00284344     0.829726    -0.220377    -0.010987     0.578633    -0.197252    -0.250468     0.384045    -0.959866      0.64962    -0.388421    -0.313839    -0.197235     -1.46593     0.228332    -0.132916     0.534176     0.505904   -0.0746392    -0.726631
     0.31709    0.0333855     0.221414     0.180359     0.246888    -0.595398    0.0712676     0.419851    -0.279138    -0.197029    0.0461289    -0.221244    -0.689758     0.439125    -0.348934    -0.164064     0.106399     0.392245     0.214136    -0.189626     0.566283    -0.105466     -0.22679     0.564142    -0.024901    0.0543533    -0.400331    0.0542109    -0.331012   -0.0537665    -0.184213     0.228612
    -0.29436    -0.267307     0.198506    -0.437202    -0.326149      0.48987    -0.165073    -0.465894     0.245037     -0.17601     0.168676    -0.062216   -0.0436132    -0.173169      0.22473     0.216657     0.647744     0.076362    0.0309124    -0.127552     0.255066  -0.00211138    0.0115151     -0.46418    -0.168669    0.0820908    -0.132277    -0.178094    -0.092824     0.100489    -0.188663     0.149998
    -0.29734    0.0762032     0.270778     0.449262   -0.0678362    -0.146755    -0.118556     -0.48565     0.484486     0.182493    -0.177458     0.640233    0.0195739   -0.0534242     0.103831      0.39876       -0.131    -0.010294     0.432107     0.162933     -1.00934    0.0110233   -0.0936895    0.0846539      0.37467    -0.428004   -0.0198913    -0.119256    -0.170856     0.161146   -0.0782184    0.0809351
   0.0444954     -0.34206   -0.0061967    0.0364609   -0.0377017    -0.462026     0.238343     0.260559   0.00899848      0.18557    0.0214883    -0.589654      0.17366   0.00877873     0.421959     0.193881    -0.159826     0.247769    -0.211114   -0.0634305    0.0426278    -0.223282    -0.208458   -0.0991087     0.167845     0.222033    -0.330746    0.0594018    0.0445835    -0.141765     0.368724     0.032623
   0.0746232     0.442546    -0.174547    -0.420756   -0.0927458    -0.178447     0.380069    -0.188653     0.155278    -0.443279     -0.43443    -0.274132     0.240338    -0.390316    -0.230635     0.235014    -0.222424     0.263495     0.144987   -0.0508189    0.0606758     -0.35672    -0.344059     0.238935    -0.105833 -0.000268601    0.0718139   -0.0232019    -0.204975     -0.24908    0.0770608     -0.28355
  -0.0848179    0.0838306    -0.484094    -0.159541     0.572142     -0.05379    -0.206727    -0.210777     0.300482     0.099133    -0.260903    0.0075873    0.0610778   -0.0366173    -0.453792    -0.248447      0.50065      0.14421     0.422768     0.271933    -0.597121    0.0297864    -0.491652      0.52494      0.10908    -0.368242    -0.263114    -0.401148    -0.325427   -0.0475964     0.133219   -0.0289585
   -0.071549    -0.357701     0.106567     0.206053    0.0448011       0.4096   0.00410928    -0.326293    0.0629119   -0.0251029    -0.272646     0.353782    -0.131367       0.3367     0.139478    -0.117947    -0.616999    -0.328626    -0.301339   -0.0239697    -0.595902    -0.354673    -0.314851     0.647947    0.0806414     0.117717    0.0214331    0.0394071    0.0344304    0.0221665     0.353066    -0.325888
   0.0484073    -0.455639    -0.253178     0.240635    0.0421107    -0.143599     0.208966      0.12677    -0.248005    -0.177429    0.0992313   -0.0742699    0.0304755    -0.430309    0.0899245    0.0511936     0.271061    0.0830535  -0.00791868     -0.16054     0.417592    -0.337657    0.0726494     0.101484     0.199328     -0.19945     0.049421    -0.110077    -0.682516   -0.0530275    -0.420228     0.363288
  -0.0397334    0.0833592     -0.69806    -0.108731     -0.12797    0.0962304    -0.110439    -0.201667     0.712739   -0.0959663     0.129538     0.471449     0.219085     0.153801     -0.43245    0.0167556    0.0944287     0.130785     0.050302      0.11783    -0.444253     0.066192   -0.0236383    -0.179744    -0.302228    -0.402142     0.698571    -0.317159     0.373579    -0.114153    -0.271387    -0.376818
    0.193052     0.314493   -0.0463934    0.0343859    -0.215982    0.0568475   -0.0150202    -0.342646     0.105435     0.313671   -0.0694322     0.148106     0.520944    -0.156535   -0.0220428    -0.116061    -0.198126    0.0277315    0.0842891     0.619018    -0.386191    -0.139034    0.0823282    0.0177912     0.163473    -0.726323     0.466406     0.103155     0.254124    -0.272069    -0.162891    0.0972457
   -0.450323    -0.312643    0.0949366      0.31339     0.638771     -0.13633     0.420306   0.00693814    -0.236697    0.0574589    0.0959319   -0.0121811    0.0465816    -0.405514    -0.113377     0.305244     0.471623   -0.0480834     -0.32726    -0.249782     0.692602    0.0584121   -0.0595636     -0.34943    -0.215175     0.291683     0.284121  -0.00944608   -0.0734803    -0.122993     0.100252     0.605732
    0.103428    -0.471779   -0.0158025    -0.503763    -0.156451     0.334663     0.170551    -0.225449    -0.521835    -0.179036     0.491028    -0.373143    -0.371266    -0.190459     -0.10345   -0.0387034     0.329539    -0.220802     0.371415    -0.281774     0.325713     0.235978    -0.395137   -0.0537652     0.112631     0.432561     0.207155     0.052571    0.0926644     -0.14254    -0.126877     0.219966
   -0.100555    0.0104437    -0.680906     0.610756     0.249369     0.368043   0.00855555    -0.232856      1.07707   0.00400076     0.757821     0.418333    -0.579353    0.0657243    -0.267246    -0.855806     0.674368     0.116837     0.144035     0.727755    -0.690141     0.191405    -0.370588     0.163869    0.0215852     -1.05427    -0.392282     -1.15422    -0.401031    0.0774234    -0.334583     0.383988
    0.193032   -0.0117923    -0.279535   -0.0969982    -0.166708    -0.349243     0.299185     0.681786    -0.313471   -0.0304218     0.188774    -0.615498     0.165153   -0.0301297    0.0641047     0.311014    -0.225094     0.107108    -0.326513   -0.0674896     0.900158    -0.186366   -0.0326898   -0.0286086     0.176019     0.314317     0.226323   -0.0884207     0.214509    -0.368084    -0.103516     0.494971
   -0.415827     0.241261     0.186604     0.198434     0.368946     0.235421    -0.317647    -0.389374      0.29425     0.194076    0.0944212     0.372992      0.31647     -0.29022    -0.423226    -0.480894     0.281325    -0.455299    -0.292833     0.349047    -0.871298     0.377387    -0.169461     -0.92093     0.179005    -0.686813    0.0553338    -0.503226    -0.523511     0.165448    -0.389582     0.456526
   -0.249163     0.186243     0.559824     0.021245    -0.035143    -0.366236     0.330172    -0.423493    0.0866811    0.0693459   -0.0442068    -0.146861    0.0569394    0.0536596    -0.324086     0.383545    -0.230905    -0.010911     0.217167   -0.0463604     -0.13296    0.0485704    -0.178331   -0.0295921    0.0469691     0.139668    -0.144878      0.33863    -0.146806    -0.104226    -0.146456     0.014529
     0.64017    -0.799561     -0.56329     0.254896     0.177363    -0.447271    0.0189391    -0.323369    -0.521435    -0.165843    -0.214578    -0.150352     0.308356  -0.00558413     0.573464     0.473012    -0.271549      0.27353     0.371922    -0.144156     0.637269  -0.00750971     0.148859     0.685563    0.0521522    -0.158808     0.104829   -0.0275239   -0.0112915      0.28655      0.25927    -0.111457
   0.0624048    -0.398819   0.00587697     0.423009    0.0929023    -0.187036    -0.366991     -0.23646    -0.350768     0.466654     0.256102    0.0307618    -0.284605   -0.0506119    -0.289103    -0.105358    -0.152176     0.210402     0.240015    -0.130907     0.225257    -0.201926     0.293595    -0.229122    0.0738477    0.0228383     0.114327    -0.194348   -0.0640816     0.365194   -0.0292718     0.331275
      0.3545    -0.194446     -0.35231    0.0482528   -0.0428914    -0.225926   -0.0911645     0.372806     0.114453    -0.233724    0.0174472     0.237527    -0.461312     0.378842      0.12127    0.0252969    -0.162048    0.0883908     0.169502     0.394969    -0.204031 -0.000647542    0.0748068     0.384161     0.223451   -0.0188282    0.0607964    -0.304956    0.0906349     0.123378     0.513586    0.0689865
    0.954199   -0.0328744    -0.473646     0.117737    -0.570307    0.0677641   -0.0426207    0.0915868    -0.752314     0.175469    0.0475991     0.151506    -0.410739     0.199137     0.166265   -0.0210276    -0.597564     0.744567     0.540629     -0.26891     0.249118    -0.743727    -0.323904     0.974517     0.214706     0.410899     0.461198     0.198395    -0.164124   -0.0127779    0.0217694    -0.448613
  -0.0479507    0.0736307    0.0156568      0.42503    -0.261958   -0.0393227   0.00911423    -0.441139    -0.137979     0.617273     0.449617     0.399088     0.148281      0.28881   -0.0610866    -0.348177   -0.0903157    0.0861137   -0.0370745      0.26147    -0.492676     0.432888   -0.0958302    -0.300149   -0.0603225    -0.275167     0.210862     0.354917   -0.0278176    -0.254688    -0.178172   -0.0859402
    0.156841    0.0769778    -0.379422    -0.211706    0.0861857    -0.159056    -0.146522    0.0413834     -0.20041     0.169719    0.0448547   -0.0155721   -0.0776131    -0.225564  -0.00438962    -0.363247    -0.024728     0.210992   -0.0685744    0.0648121     0.506697    -0.415883    0.0147071   -0.0947185    -0.016279   -0.0900925     0.241094    -0.332616    -0.503472   -0.0890669    -0.227238     0.117548
   0.0538528    -0.090682    0.0489935      0.12666     0.078223    0.0655269     0.063514     0.133087    -0.458782     0.348024     0.136934     0.457682     0.310652    0.0415677    -0.240241    0.0640202     0.271302    0.0825945    -0.283989   0.00129665   -0.0964531     0.104748    0.0501339    -0.144743    -0.346852      -0.3593    0.0677263    -0.372526    -0.382901    -0.344591    -0.147941   -0.0817496
   -0.128929    -0.211035    -0.239999     0.315933    -0.228853     0.294945    -0.225127    -0.102985     0.567446     0.240143     0.276545     0.268787     0.376173     0.475893     0.250029    -0.182257    -0.160903    -0.107051   -0.0777183     0.911178    -0.825838    0.0452627   -0.0155595    -0.426448    0.0787213    -0.511163     0.158896    -0.116889     0.368444    -0.034224      0.29181    -0.024373
    0.469721    -0.309952    0.0192256    -0.166196    -0.427191    -0.383019     0.121078      0.33089    -0.031893      -0.2158     0.338036    -0.440847    0.0706776   -0.0469945     0.218636     0.170596    -0.687238     0.127571     0.571709   -0.0798184     0.343456    0.0723318     0.434648     0.757871    -0.152113     0.507112     0.125499     0.319176     0.346918    -0.407115     0.322874    -0.196405
    0.369817   -0.0216015    -0.340575     0.291406     0.589226    -0.446818    -0.124435    -0.499282    -0.191653    -0.127623    -0.155137     0.068632    -0.435613    -0.208236   -0.0640113   -0.0190892   -0.0880699   0.00243108   -0.0874679     0.247447     0.173904    0.0387631   -0.0309686     0.299706    -0.214346    -0.142541      0.49039    -0.316125    -0.205614     0.458502       0.2636     0.339067
   -0.196183    -0.327686     -0.56419     0.186058     0.315781    0.0125876    0.0613842   -0.0532323    -0.306617    0.0495483     0.194544    0.0850619      0.13956    0.0677894     0.174122     0.107567    0.0115427    0.0901827    -0.512686    -0.115026     -0.27477  -0.00614931     0.145829    0.0842502    -0.102628    -0.408014     0.327392    -0.338926    0.0559138     0.511292    -0.273677    -0.259086
   0.0441779    -0.249143    0.0742961     0.480708      0.29214     0.169795    0.0565114    -0.230788    -0.207235     0.181306    -0.201216    -0.299703      0.37553   -0.0452878     0.169389      0.13404    -0.075694     -0.24249     0.428709     -0.13349     0.358033     0.188601    -0.118803    -0.333486      0.64579     0.212916     0.289965   -0.0344917    -0.308585    -0.313861   -0.0324326    -0.112619
    0.314577    -0.147391    -0.399302     0.159218    -0.503653    -0.147445     0.151493     0.289373    -0.497669    -0.367605    0.0470096    -0.179315    -0.746727    0.0806734     0.115908     0.118556     0.229753     0.346356     0.370144    -0.563275     0.713336   -0.0988241     0.230728     0.317385     0.083482     0.220234    -0.113166    -0.217308    -0.518404    0.0391979    0.0457111     0.094443
   -0.299734      0.12981   -0.0372573     0.364956      0.23735     0.463811     0.211737     0.125679     0.160112     0.356502    -0.163444     0.625197    0.0240463     0.695158   -0.0797719    -0.145596      0.45949    -0.218535     0.235978     0.018775    -0.476652     0.323507    -0.170667    -0.186763    -0.217107    -0.429086    -0.210236    -0.453859    -0.655361       0.1749    0.0396331      0.26424
   -0.469121    -0.139797   0.00802274    -0.257816   -0.0577621    -0.159551      0.12594    0.0015247    0.0269832   -0.0347322    -0.103995    -0.204048     0.497673    0.0847582    -0.115659    -0.062627    0.0348828     0.325965    -0.179846    -0.143342     0.174054      0.11478     0.327812    -0.110453    -0.148546   -0.0505524    -0.339483     0.283978     0.531311   -0.0478288   -0.0856614    -0.201845
   -0.194935     0.788198     0.499139     0.226966    -0.134359     0.101865    0.0697099     0.516537   0.00933571    0.0373781   0.00994259     0.120714    -0.182996   -0.0766776     0.182347    -0.069464    -0.159461   -0.0101667     0.177544    -0.552587    -0.288145      0.19871      0.04699    -0.415478    -0.314147     0.292698    -0.414833     0.100248      0.51949     0.131685     0.153304     0.124589
   0.0497586    0.0785537      0.28407    -0.119848    -0.407435     0.120225    0.0678149     0.492779    -0.090276    -0.400152     0.208965    -0.506539     0.172679    0.0981492      0.15628   -0.0671784   -0.0380857     0.125895      0.34662    0.0298815     0.191108    -0.295461   -0.0022148     0.201389     0.529619    -0.347778    -0.325997    -0.344105     0.157069  -0.00981044   -0.0361349   -0.0762825
   -0.080174    -0.173704    -0.511046     0.330124     0.353201    -0.343884    -0.124923    0.0268607    -0.640963     0.086785     0.484774     0.448145   -0.0250349     0.319198    -0.210524    -0.213893    -0.316412     0.193086    -0.472404     0.395349    -0.396332    -0.235416      -0.6695     0.356855    -0.488272    -0.454547     0.501854    -0.377965    -0.203703   -0.0405295   -0.0670721     0.481828
   -0.111981     -0.50143     0.275472    -0.117527    -0.458248     0.171727     0.437986     0.288121    -0.243729    -0.028752    -0.219322    -0.131137     0.473225  0.000943923     0.212603   -0.0621062    -0.335874    0.0621575    -0.373758     0.279639    -0.200087     0.242495   -0.0159258    0.0662299    0.0762689   -0.0169294      0.36059     0.165943     0.762917    0.0984266    0.0808492     0.182849
  -0.0174431     0.366493    -0.529774   -0.0116491    0.0530727    -0.593914     0.220703    -0.240681      0.28503     0.220975    0.0103512   -0.0676758     0.198219    -0.226385    -0.132668    -0.457469     0.065489    -0.172747    -0.237557     -0.10093     0.475966     0.113056     -0.35706     0.204459     0.201576     0.272931   -0.0050655     0.283998    0.0791297    -0.182913     0.356948      0.23753
   -0.352865     0.087546    -0.840269   -0.0722853     0.257393    0.0595573    -0.296927    0.0557045     0.324228    0.0680665   -0.0372073    0.0960976     0.148205    -0.260212    -0.555293     0.164534    -0.170014   -0.0685479    -0.163769   -0.0340901    0.0170547    -0.109843    0.0359749    -0.241808      0.18548    -0.369678     0.244667    -0.596227    -0.122667   -0.0573897    -0.111652    0.0637079
   -0.026722     0.186222    -0.280046     0.462491     0.267661   0.00109712      -0.2923    0.0866205    -0.202283     0.192424     0.334796   -0.0267562    0.0656495     0.444714     0.406185     0.066456     0.324567    -0.184042     0.102179    -0.167112     -0.16933    0.0600642    0.0920752     0.192251    -0.179835    0.0178821    0.0292885      0.15676    -0.156995     0.203919     0.356217    0.0464956
    0.457616     0.112787    -0.150202     0.217647     0.316182    -0.200458    0.0108232     0.557745     0.249575    -0.455648      0.10734    -0.255286   -0.0505375    0.0396039    -0.207258     0.215881    -0.352733     0.174137     0.502841     0.357238     0.484659    -0.434843   -0.0171393    0.0296674     0.182185    -0.267201    0.0618153    -0.337782    -0.394112    -0.262443   0.00258534     0.291028
    0.160325    -0.208397    -0.510041     0.057108    -0.249026     -0.07208    0.0809875     0.368563     0.106033    0.0381473   -0.0536784     0.411643   -0.0621552    0.0395944     0.150607    -0.146533     0.246377     0.140669     0.168337     0.166232    0.0630862    -0.191431    -0.177461     0.388307   -0.0931148    -0.330385     0.358861     -0.29022     -0.42462    -0.119085    0.0862727     0.390537
   -0.333238    -0.344007     0.038763    -0.302612    -0.180392    -0.382836     -0.28093    -0.227988      0.13552    -0.315928     0.358501     0.605039    -0.450773     0.426272   -0.0509788    -0.285423     0.117302     0.149928     0.580552     0.433588    -0.522337    0.0782731     0.207522     0.282151     0.214349   -0.0364281    -0.287878    -0.769147    -0.341909     0.221901     0.141354     0.145577
 -0.00858186     -0.31267   -0.0879725    -0.373183    0.0232366     0.171232    -0.226468     0.221207    0.0800026   -0.0714939     0.114984   0.00670644     0.483811     0.299507    -0.243833     0.122627    0.0267622  -0.00754295    -0.141901     0.126423   -0.0629938    -0.286054    -0.289124    -0.217012     0.152236     -0.25171    -0.290756   -0.0309707   0.00992736   -0.0890747    -0.351812    0.0958129
  -0.0147091   0.00772802    -0.261546    -0.263403    0.0397137    -0.327316     0.233534     0.102862    -0.158763    -0.210176    -0.365502    -0.853478     0.363651    0.0281613    -0.110915   -0.0859046    0.0462692   -0.0952777    -0.134182     -0.10579     0.469314    -0.143286   -0.0305165     0.214192  -0.00242469      0.20743    0.0694055     0.170267     0.109624    0.0498917   -0.0208431    -0.261766
    0.140645    -0.581785    -0.252761    -0.495302     0.553063    0.0217879    -0.209573    -0.227238     0.237389    -0.223735      0.14105   -0.0888714   -0.0074219    -0.414312   -0.0465853     -0.32219     0.334014     0.025391     0.327205     0.290446    -0.256974    -0.317208    0.0140641     0.224677    0.0775076    0.0384363    -0.256206    0.0123983     0.150631     0.179919     0.419112    0.0284673
      -0.452     0.262164   -0.0242442    -0.217008     0.208736     0.206193      -0.4564    -0.573261     0.294432     0.470254   0.00174885     0.747528    -0.160152      0.78611    -0.114129    -0.241996    -0.128507      0.16259     0.175324     0.437433     -1.61693     0.220283    0.0580316    -0.126662    -0.145164     -0.68621    0.0502581    -0.180716    -0.604255    -0.308173    -0.187581    -0.759149
     0.40655   -0.0672897     0.129715  -0.00419025    -0.932938   -0.0303692 -0.000803868     0.200072     0.107168    0.0620836    -0.254576    -0.249073     0.517376    0.0275932    0.0695037     0.295628    -0.452918    -0.284515     0.257354     0.696407    -0.433429    -0.105657    -0.317661    0.0478331     0.553781    -0.161724    -0.110542    -0.320841  -0.00963864     -0.41475     0.317263    -0.212264
    0.214173     0.151522    -0.146845    0.0122512    -0.269252    -0.105875     0.513303   -0.0120073    -0.175212    -0.459672    -0.233447     -1.20843     0.295025    -0.565937    -0.164048   -0.0522227    -0.182512     0.468066    0.0210908    -0.507835      1.54517    -0.251602   -0.0144855     0.555104    -0.448969     0.482061     0.128049    -0.289646     0.198205    0.0667774     -0.34178     0.293051
     0.10402     0.423052    -0.761571     0.315234    -0.603675     0.147823    -0.289642   -0.0529963    -0.113119     0.208573      0.31038    -0.379949    -0.471082    -0.154812   0.00623405    -0.331484     0.646293     0.238039    -0.120537    -0.163104     0.222267    0.0109413    -0.389339    0.0364567    -0.141013     -0.12022   -0.0532235     -0.57322   -0.0912097    -0.150599    -0.176949     0.180107
   -0.107812   -0.0644978    -0.128658     -0.48163     0.032722    -0.154541     0.267236     -0.12123     0.086413    -0.114846    0.0151299    -0.254327    -0.322268    0.0210892    0.0113126    -0.298528     0.195093     0.248901    -0.150582    0.0254877     0.421845     0.279393    -0.245963     0.265467     0.191546  0.000572627    0.0329779   -0.0173631   -0.0323126      0.12528     0.131939     0.192777
   -0.497899     0.490124   -0.0794122    -0.407975     0.203638     0.115509     0.318919   -0.0672153     -0.75218     0.122874    -0.371702    -0.383161     -0.52025    -0.372061   -0.0073873     0.195045     0.101241     -0.49241    -0.117999    -0.267642     0.979131    -0.300339     0.114483   0.00305711    -0.372381     0.121146    -0.358434    -0.225685    -0.507377     0.774264    -0.918264     0.471858
   -0.188816     0.700998    -0.125786    -0.524363    -0.228929     0.164466   -0.0949509    -0.403904    -0.115696     0.336915    -0.340859     0.173752     -0.51774    -0.115043    -0.126573     -0.19082     0.104528     0.524577    -0.348188    -0.133531     0.738445     0.257686     0.022413     0.169775    -0.401662    -0.457628   -0.0701881    -0.145355    -0.428796    0.0386747    0.0206388     0.150605
  -0.0845944     0.433417    0.0355912     0.220317    -0.478832    0.0304054    -0.128621    0.0146188     -0.30761     0.149147        0.423     -0.19637    -0.603965    -0.280311     0.295812    0.0494213    -0.308936     0.346349     0.397109    -0.205604     0.393654    -0.012459     0.193124     0.335109   -0.0842056     0.358403   -0.0135342     0.200095     0.382611     0.325659    -0.118901    0.0284558
  -0.0512811     0.382422     0.170499    -0.233063     0.845547     0.318065   -0.0143531    -0.463149    -0.252805     0.668098     0.161828     0.269944   0.00850008     -0.20701      0.52668    -0.702996     0.348886    -0.220144   -0.0298668    -0.445026     0.131438    0.0492199    -0.156864     0.150966      -0.3588    -0.177872    0.0218025    -0.190275    -0.158833    -0.103194     0.367754   -0.0207092
   0.0121815     0.595178     0.160155    -0.222411   -0.0910698     0.101384    -0.174316    -0.125679   -0.0202707     0.540259    -0.151235     0.281924     0.217614    -0.193456   -0.0154725     -0.27675    -0.302305    -0.294131     -0.21378     0.363522    -0.657734    -0.320416   -0.0956538     0.443667   -0.0900696    -0.714694    0.0983593     -0.68118     0.396208    -0.313129    -0.546096     0.104773
    0.521232     0.236447     0.157534     0.201711    -0.169294    -0.120378    0.0959771     0.399824    -0.817261     -0.21067     0.300466     0.349285     0.756184    0.0708751     0.209328   -0.0093997     -0.37373    -0.661869   0.00347299     0.962436    -0.258008    -0.457657     0.318057    -0.191415    0.0155075     0.414828     0.700392    -0.244592  -0.00928468    -0.795986    -0.166768     -0.49097
   -0.514827     0.532606    -0.343827    -0.818635     0.340472     0.244332   -0.0863325    -0.443059      0.46225      0.21297   -0.0733942     0.599108    -0.246791     0.434019    -0.397714    -0.163032      0.61618    0.0293362    0.0176942     0.476968     -0.64042    -0.287858     0.215921   -0.0995165     -0.11076     -0.52354     0.220762    -0.174151    -0.179109    -0.301797    -0.147578    -0.427044
   -0.230176    -0.626397 -0.000345547     0.434005     0.390481     0.404519     0.137989    0.0813002    0.0270848    -0.006398    -0.250125     0.144883   -0.0657377     0.133618     0.289229      0.24276    0.0305183    -0.502572    0.0689753    -0.136739     -0.11401    -0.158676    0.0217444    -0.142922     0.296097     0.339885    -0.195051     0.159459    -0.652056    -0.091613  -0.00246121     -0.37592
  -0.0888341   -0.0500019     0.420879  -0.00727405    -0.435699      0.21357     0.371984     0.282447   -0.0659663    0.0446496   0.00301257    -0.313269     0.514282     0.340094     0.362423    -0.339769   -0.0802987     0.128335     0.196214    0.0178256    -0.263165   -0.0760193   -0.0863855    -0.145286     0.109354    -0.341754    -0.126537     0.181755     0.389678       -0.201     0.194535    -0.311897
   -0.484081   -0.0917623    -0.308397    -0.059351     0.877123    0.0806486     0.407188    -0.230588    0.0844771    -0.238088   -0.0236375    -0.365387    -0.138596     0.152393    -0.448195    -0.498239      0.62733     0.273039     0.473279   -0.0848034     0.401254     0.358972     -0.51074    -0.274112   -0.0143966    -0.832091     -0.17454    -0.684999    -0.201499   -0.0655023    -0.326129    -0.105273
    0.210117     0.532568     0.365538     0.354204     0.325615    -0.148176    -0.224921    -0.096905    -0.146351   -0.0207594    0.0887333     0.319473    -0.353302    0.0421814    -0.448523    -0.138045     0.480321     0.039753     0.113337    -0.170447    0.0426281     0.128475    -0.044662  -0.00346838    0.0817575     0.095168     0.066382     0.264986    -0.332268    -0.335765   -0.0982893      0.16959
   -0.102416     0.196309    -0.181333     0.150924     0.573952    -0.486299     0.211832    -0.345757    -0.617879    -0.223371    0.0382107    -0.334947    -0.827286   -0.0788734    -0.380734    -0.101111    -0.145059     0.346486     0.217896    -0.875704      1.01636    -0.211782    -0.144455     0.356359     0.120572     0.255791    -0.359156    -0.689982    -0.531211     0.350828    -0.294187     0.331625
   -0.286541      0.64381    -0.114116    -0.563625     0.248085     0.313162     0.202941    -0.328845     -0.25272     0.385471    -0.326101    -0.373027     -0.11988    -0.336127     -0.10397   0.00799674     0.122044    -0.507425     0.048245    -0.403395     0.844858     0.137499    -0.177734    -0.451063    -0.153995   0.00246805    -0.204225     0.104126    -0.345004    -0.258396    -0.440845     0.136549
   0.0157792     0.112649    -0.449756    -0.311044    -0.199679   -0.0765453    -0.142643    0.0605012    0.0617194    -0.357962     0.227914    0.0534493      0.26073     0.445901     0.117843     0.548456    -0.197079     0.222793    -0.139859     0.473556   -0.0571015  -0.00529316   0.00779362     0.335549     0.374681     0.369236      -0.2486   0.00914552      0.26143     0.417067     0.146717   -0.0595176
    0.045974      0.13824    -0.531482    -0.214094    -0.437948    -0.403179     0.138271    -0.185003    -0.116427     0.118628     0.654822    -0.403011    -0.400202    0.0211942    -0.192217   -0.0669184    -0.156914     0.241108     0.383396     0.148826      0.37891    -0.321594    0.0738021     0.827508    -0.371486     0.240374     0.323308    -0.194819     0.412651     0.105657    -0.462168     0.119124
   -0.137816     0.134443   0.00789287     0.123981   0.00166681     0.229137    0.0196041     0.200516   -0.0207158    -0.196624     0.216389    -0.230181    -0.476005   -0.0783589   0.00618645    -0.118029   -0.0790771   -0.0886036     0.147436    -0.277971     0.023016   -0.0207958     0.361608     0.128086    0.0622804  -0.00826587    -0.244677     0.114892    0.0308457    -0.211967     0.254917    -0.068688
  -0.0180829     0.397121    -0.137894    -0.679318     0.380382  -0.00410205    -0.284162  -0.00148927     0.108178     0.397653     0.175103      0.43223    -0.391387   -0.0613604    -0.281901     0.144095    -0.261483    0.0289213    -0.830795   -0.0951084     0.117973     0.269319    -0.372985    -0.638925    -0.330866    -0.166122    -0.440187    -0.212297    -0.254931    0.0116494   -0.0311873   -0.0325255
   -0.460855    -0.238526    -0.294455      0.32355     0.172249    -0.199257     -0.13484    -0.163886      0.27504     0.379331     0.225747     0.612111    0.0893876      0.46697    -0.121171    0.0462855   -0.0438619    0.0575026    0.0198222     0.561978     -1.04715     0.161138   -0.0102323    0.0895672    -0.105175    0.0992808     0.223946    -0.106145    -0.312841     0.151076    0.0971674    -0.438244
   -0.131246      0.38374     0.297964     0.060379   -0.0396954    -0.121302     0.220962    -0.219068     0.133984     0.320688    0.0989987    -0.413699    0.0791993    -0.412969   -0.0500018    -0.101075     0.234758     -0.21528   -0.0494884     0.447233     0.132978    0.0919558    -0.143773     -0.19858     0.174027    -0.435422   -0.0985571     0.223029    0.0890265    -0.474488    -0.163789     0.107517
     0.18166    -0.427695     0.124496   -0.0841112    -0.540575    -0.390745     0.272454    -0.207035    -0.527559   -0.0660471    -0.124239     -0.49151    -0.722846   -0.0398927    -0.132177     0.103804   0.00282344     0.366575    0.0764079    -0.197921     0.676358    -0.178502    -0.199469     0.605716    -0.130889    0.0101344     0.381476    -0.176196    -0.346295    0.0654526     0.318122     0.206562
   -0.353634     0.119618   -0.0982888    -0.131263     0.545405     0.135081     0.174206    0.0402411     0.554119     0.234852    -0.209361   -0.0709808     0.596074    -0.281663    -0.105107   -0.0429828   -0.0392917    -0.125527   -0.0487985   -0.0126245   -0.0769032     0.423518     0.266794    -0.147895    -0.161233    -0.104567    0.0418174      0.14938     0.218734     0.210153    0.0819168    -0.347803
   0.0124264     0.355375    -0.267425    -0.181302    -0.119348    -0.243801     0.165252     0.205751    -0.681289    -0.156966   -0.0888678    -0.797538    -0.306729    0.0842527    -0.467873    -0.100787     0.163238     0.393137    -0.204672    -0.302182     0.905194    -0.295766    -0.504549     0.268869    -0.105072    -0.282389    0.0863496    -0.310874    0.0553453     0.139011    -0.563975     0.630869
   -0.111371    0.0983234    -0.299162    -0.677918      0.38491     0.335341    -0.120698    -0.172111   -0.0458794    0.0143828   -0.0889503     0.388206     0.211914    0.0498745    -0.101068    -0.241056     0.133231    -0.117745    -0.251716     0.397203    -0.251887    -0.208128    0.0505348     0.174886    -0.113739    -0.750316   -0.0330823    -0.444814     0.297153   0.00550108    -0.332276    -0.386684
  -0.0688219    -0.142932    0.0992334    0.0905133     0.260015    -0.354397     0.120457     0.265315     0.338308     0.275789    -0.307264     0.036321     0.264743     0.286864    -0.113441     -0.18496      0.31471    -0.413133    -0.132627     0.405419    -0.668867     0.303356    0.0909282    -0.275211     0.690983    -0.324711    -0.304943     0.306706    -0.143135    -0.290706     0.208869    0.0202202
    0.145082    -0.530729    0.0700255    -0.267884     0.474983    -0.261304     0.232826    -0.109353    -0.016217     0.167169     -0.43304     -0.40652     0.328884    -0.293374    -0.160776    -0.484636   -0.0754813    0.0202624     -0.31611   0.00773677     0.398582    0.0471388      0.16583   -0.0636228    0.0433723   -0.0577938     0.288897   -0.0420621     0.128804    -0.042036    -0.231132 -0.000716798
  0.00346981    -0.450504     0.253824     0.833537     0.309776     0.188512     0.490132    -0.410457    -0.232157    -0.417796    -0.603368    -0.404241    -0.570557    -0.394483     0.273469   -0.0259721      0.72961    -0.316656     0.612254    -0.730343      0.88669      0.24106     0.241834    -0.260088     0.487089     0.329145    -0.378303    -0.181112   -0.0347478     0.278989     0.111524     0.258423
    0.112518    -0.296787    -0.195676     -0.10261    -0.502136    0.0964012     0.042357     0.177261  -0.00249451    0.0402441   -0.0309165     -0.23074     0.752395    0.0323097     0.707042     0.103563   -0.0217272    0.0296706     0.239135      0.33317    -0.228123    -0.324421    -0.017864    0.0289634     0.430904    0.0206252    -0.153767     -0.18679     0.117423    -0.111125     0.386802    -0.632026
    0.362865    -0.246535    0.0677482    -0.306157    -0.640714    -0.146072   -0.0419498   0.00211088    -0.237387  0.000360759    0.0455356   -0.0196936   -0.0789399     0.264399    0.0826537    0.0646962    -0.563053     0.237681     0.158405    0.0179608     0.272851    -0.192995     0.209798     0.706493   0.00983233    -0.111314     0.533801     0.379132     0.378428     0.141815   -0.0907155   -0.0388743
   -0.252105    0.0509774    -0.189708    -0.567578    -0.415209     0.486381    0.0501114    -0.346993   -0.0126057     0.191337    -0.257093     0.104726     0.438071    0.0807943    -0.146546     0.354535     0.146169    -0.231582     0.165789     0.472339   -0.0931861    0.0515932    -0.360245    -0.202208    -0.117571    -0.359526   -0.0258874   -0.0700172     -0.32711    -0.308272    -0.243074    0.0764304
   -0.104029   -0.0970321     0.305403   -0.0433654       0.2765     -0.16006      0.10134    0.0250333     0.141932     0.293756    -0.272389    -0.270908     0.258094    -0.298966     0.256324      0.25306    -0.314495     0.401312   -0.0372483    -0.432996     0.411777     0.235796    -0.202781     0.123259     0.208208    -0.142644    -0.077292    0.0022825     0.195651     0.255579    0.0534246      0.19267
   -0.374052     0.575499    0.0752394     0.562142    0.0737426    -0.178685    -0.471995    0.0276813     0.130027      0.50265    -0.374659     0.578715      0.72214    -0.802917    -0.187468     -0.22629     0.268036     0.122483    0.0201068       0.3355    -0.410497    0.0673252     0.280684     -1.24081   -0.0953603     0.289498    -0.195393    0.0590958    0.0816876    -0.459638     -0.15287     0.203484
   -0.180099    0.0311009    -0.738359   -0.0493368    0.0443648     0.300366    -0.508913   -0.0668792    -0.601005     0.531752     0.101111    0.0520357     0.387424    -0.368533    -0.315463    -0.423502     0.196883    -0.215169   -0.0973853    -0.183655     0.234528     -0.52611    -0.304071    -0.200493    -0.143908     0.668288     0.123133    -0.390614    -0.259006     0.251772    -0.333303     0.559828
   -0.636209    0.0986594  -0.00249341   -0.0999503     0.526624     0.110678      -0.2846    -0.376024     0.200806     0.301064     0.335277     0.603325   -0.0420075    0.0350974    0.0569837     -0.14489    -0.163789    -0.167289    -0.202051    -0.448235    -0.127754     0.370083   0.00627498    -0.150883   -0.0544731     0.148676   -0.0389913    -0.135633     0.173211    -0.171126    0.0366236   -0.0138612
    0.354355      0.16711     0.061055     0.628017    -0.045921   -0.0908815     0.194146     0.304078    -0.396765    0.0151304     0.502048    0.0918319    -0.240739     0.397759   -0.0750529    -0.479885     0.315984     0.146626     0.174185    -0.335117     0.306917    0.0386896     0.134822     0.605665   -0.0647777     0.363772    0.0726352     0.151478     0.251214   -0.0581489    0.0883896    -0.149091
    0.453727     0.320882     0.195115     0.670896   -0.0290969     0.302671    -0.621628     0.549765     0.277108     0.014388    0.0262782     0.112852     0.304029   -0.0939346    -0.493746    -0.190631     0.091548    -0.575199     0.111481       0.8647    -0.482297   -0.0834177    -0.304314    0.0150732  -0.00950751    0.0603384   -0.0977606    -0.455381  0.000620421    -0.584997   -0.0448609      0.36772
   -0.103048     0.478824    -0.185513    0.0514781     0.326616     0.185427     0.114195    -0.276586     0.422964    0.0604909     0.312039     0.530634     0.174017   -0.0743343    -0.153419    -0.106921    -0.176793    -0.185993    -0.185038     0.356992    -0.602433      -0.1336    -0.157087     0.152175    -0.507093    -0.715419    0.0191439    -0.286804    -0.444592    -0.380074    -0.154209   -0.0216533
     0.39416    0.0279415   0.00986377     0.427726    -0.275834    0.0702715   -0.0194951    -0.199708    -0.160345    -0.212235     0.191026   -0.0752377    -0.118033     0.386458     0.360327    0.0491098    -0.165236    0.0733762   -0.0202846    -0.322678     0.140186    -0.450757    -0.182873     0.661758     0.271349     0.324481    -0.287109     0.624058      0.49973      0.35338     0.396253    -0.130891
     0.15662    0.0928269     0.145534     0.186018        0.223     0.302327    -0.463848    -0.449748     0.741278     0.204998    0.0835715     0.669221    -0.402839    0.0470171    -0.355121    -0.285142     0.816274     0.304893     0.305777    0.0876666    -0.373983     0.241344     0.136101    -0.146514     0.180381    -0.335465    -0.403711    -0.518073    -0.353755     -0.55448    -0.158041     0.188375
   -0.458812     0.377285   -0.0639957  0.000613486     0.901819     0.138639    -0.225605    -0.204483   -0.0150763      0.60264     0.102779     0.405425    -0.196377    -0.448489    -0.613951    -0.456659     0.111426   -0.0532658   -0.0831616     0.103717    -0.243783    0.0302506    -0.470046    -0.271493    -0.482255    -0.591424    0.0932466    -0.466121    -0.497403     0.198676      -0.3432     0.256896
   -0.372449     0.146608   -0.0590208    -0.157567     0.064432    -0.138819    -0.567614    -0.427016     0.211097    -0.313625     0.410593     0.486462    -0.159164     0.128759    -0.256037     0.430269    0.0509784    0.0473485    -0.226965     -0.12459    -0.628445     0.034382    -0.340799     0.181836     0.164289    -0.376882    0.0656091    -0.259763    -0.326711   0.00696167    -0.461888    0.0559716
  0.00404787     0.180998    0.0119845    0.0938396    0.0459529     0.430125    0.0258816    -0.380631    -0.348337     0.196366   -0.0923876     0.307646      0.10556    -0.378199    -0.331195    -0.461333     0.562018    -0.333255      0.32581    -0.120824     0.171629     0.297468    -0.353006    0.0542132   -0.0181826    0.0744167   -0.0791441     -1.00402    -0.504177    -0.673708    0.0531019    -0.289037
    -0.59538    -0.241132    -0.213561    -0.350818     0.267899    -0.119319     0.458455    -0.124365    -0.119377    0.0449935    -0.277708    -0.343756     0.273925    -0.287466    -0.202156   -0.0540431   -0.0326993     0.213977    -0.145418    0.0527048     0.367961    -0.153933     0.190715     0.393761    0.0812246    -0.182052     0.040304    -0.151959     -0.34887    -0.244256    -0.198648    0.0176131
   0.0664519     0.192127     0.218488    0.0750698    0.0807123   -0.0281324    -0.206598    -0.257722   -0.0206765    0.0159018     0.106991     0.446372    -0.354104   -0.0752776      0.19881   -0.0980655     -0.35232    -0.357746    -0.203459     0.132152    -0.801165    -0.197027    -0.323472     0.327738    -0.640036   -0.0201911    -0.169088    -0.168562    -0.276615    -0.169235     0.237519     0.121022
   -0.479586     0.443128   0.00119906    -0.284587    -0.286396     0.249651    -0.151189     0.244402     0.136985     0.252769    -0.021423    0.0273078     0.696961    0.0653971    -0.296057    -0.359558     0.250129     0.102325    -0.626011     0.468953    -0.178893  -0.00765768    -0.568432    -0.308317     0.280236    -0.845969    -0.362741   -0.0769722     0.117544    -0.231929    0.0574494   -0.0389658
  -0.0953167     0.114619    0.0191098     0.188508     0.207261     0.296417     -0.30518   -0.0336386     0.213727     0.424608   -0.0602551     0.285806   -0.0305128     0.136595   -0.0526301     0.286939    0.0516336    -0.209103     0.220834     0.111232    -0.246573      0.14309    -0.110944    -0.528585    0.0674175    -0.353091    0.0803957    -0.226201    -0.491115    -0.710203   -0.0187948    0.0802334
    0.622559      0.16069     0.207501    -0.281457     0.203012    -0.122174     0.115093    -0.273294     0.152422   -0.0104643    -0.240729     0.327457   0.00367313     0.147626   -0.0976789      0.32997      0.36593   -0.0377603     0.179615     0.279123    -0.398775    -0.269701    0.0431577     0.139209    -0.110039   0.00914661     0.200462     0.321444    -0.030377    -0.459235    -0.358031     0.187372
  0.00298512     0.254712   -0.0734389     0.107284    -0.100916    -0.398777     0.258697    -0.212794    -0.505108   -0.0384256    -0.337639    -0.266117     0.322135    -0.173237    -0.197226    -0.242154    0.0878963     0.230331   -0.0927173   -0.0667897     0.139686    -0.323382    -0.301738     0.303905    -0.184457    -0.294692     -0.53219    -0.260566    -0.141469   -0.0684976   -0.0622201     0.238307
   0.0411243     0.247376   0.00184509     0.199991     0.472911    0.0694905    -0.463361    -0.157207   0.00696642    0.0648891   -0.0350333     0.850058    -0.176741     0.113097    -0.641504    -0.249704     0.122139    -0.418178    -0.120449     0.454151    -0.911571    0.0524213    -0.440776     -0.27045    -0.122256    -0.157125     0.121858    -0.166474    -0.141073     0.306079    -0.161562     0.359519
   0.0606321     0.174885     0.161883    -0.132994     0.106238    0.0236126     -0.20601     0.184603    0.0743478     0.089501     0.369442    -0.288017     0.268312    -0.336938   -0.0552283     0.114198    0.0182277    -0.168481     -0.17765    -0.328151     0.114968     0.290282     0.185422    0.0503423    -0.177843    -0.317346    -0.392803   -0.0966435    -0.102378   -0.0468138    -0.221123     0.316278
    0.184885     0.272004    -0.122519   -0.0688252     0.213608    0.0737641    -0.271534  -0.00544267    -0.205514    0.0432098   -0.0437026     0.474927    -0.529219     0.175793    0.0661574   -0.0026013    -0.150464     0.335313     0.170527  -0.00870665    -0.337216     -0.33651   -0.0341987    -0.049662     0.103309   -0.0921785    -0.151311    -0.180193    -0.192658     0.547436     0.009583      0.25768
   -0.361222   -0.0464909   -0.0387615     0.183331   -0.0900123    0.0189286     0.215227    -0.167446  0.000170815     0.231361     0.057367     0.155193     0.193496     0.251903     0.428961    -0.017713    0.0324348     0.112329     0.205172     0.324703    -0.501412    -0.032312    -0.192787    -0.353675     0.300832    -0.178052    -0.201791    -0.257689    -0.172969   -0.0940093    0.0895647     -0.22826
    0.297167    -0.205539     0.184697     0.417886    -0.044289    -0.189696     0.278397    0.0858466    -0.507646    0.0396771    -0.253374    -0.130595     0.158269    -0.107149     0.321025    -0.380644     0.205134     0.251781    -0.171221     0.305624     0.238983    -0.148616     0.274448     0.126436     0.589515    -0.032685     -0.27356     0.202402   -0.0159511    0.0731487     0.355048     0.177074
  -0.0999514    -0.658016     0.464613     0.167152     0.352549     0.351824    -0.166631    -0.145567     0.328195     0.290067    -0.252111      -0.1945     0.458118   -0.0187854     0.119686   -0.0411053     0.124676    -0.411686    -0.113071     0.565846   -0.0464666      0.60483      0.11307    -0.100788   -0.0114649  -0.00979413    -0.449039     0.226038   -0.0176767    -0.353783     0.326199    -0.166695
    -0.19693     0.105776    0.0521733     0.414864     0.343033    0.0312511    0.0996569    -0.254236    -0.399341     0.369674   -0.0354702    -0.104229   -0.0910753    -0.729419    0.0342026     0.166996    -0.276295   -0.0476716     0.105551     0.127846     0.585274   0.00362225     0.134984    -0.190656     0.213018    -0.092513     0.216088     0.143106   -0.0877822    0.0868703   -0.0648884     0.334164
   -0.456836      0.25336      0.10449     0.095474     0.394504   -0.0384584     0.183203   -0.0672236     0.813472   -0.0378762    -0.100203     0.438366    -0.486513     0.681792      0.31806    -0.175385    -0.236703     0.124707    0.0526449     0.512541      -1.4653    0.0367112    -0.326788    0.0188469    -0.115601    -0.235571     0.253057     0.596554      0.44513     0.730781     0.228516    -0.453493
    0.109079    -0.241646     0.457529     0.246741    -0.347239    0.0480971     0.378022    0.0675819    -0.398227   -0.0127422     0.112888    -0.571447    -0.594157    -0.181028     0.101064    0.0306135    -0.127927     0.055136     0.505859    -0.241214     0.394861    0.0285873     0.160056     0.384641     0.620012     0.530655    -0.308959     0.137344     0.218539     0.417997    -0.157795     0.349806
  -0.0425416     0.080377     0.209859    0.0281646     0.383106     0.393757    -0.286204    -0.200969     0.577836    0.0722686     0.366578     0.558991    0.0644402   -0.0835816     0.261538    0.0898867    -0.011113   -0.0131107     0.318027    -0.168253    -0.563327     0.284613    -0.360988  -0.00213271    0.0379836    -0.335782    -0.225907     0.373899   -0.0806125    -0.149115     0.340645    -0.279598
   -0.429764   -0.0273167    -0.203701   -0.0711057     0.237573   -0.0240265   -0.0714589    -0.530614     -0.25794     0.548726    -0.173711   -0.0499974     0.146016    -0.389294    -0.417998    -0.224619  -0.00428457   -0.0853861     0.143241    -0.371862     0.358134     0.193472    -0.288258    -0.445745   -0.0945249    -0.311804  -0.00947589   -0.0184008    -0.664705     0.234732    -0.287684     0.545938
    0.577404  -0.00663749    -0.408741     0.305085   -0.0133034    -0.131326    0.0424491   -0.0969634     0.126826    0.0391708    -0.108471    -0.133182   -0.0750226     0.130976   -0.0345145     0.117658  -0.00729959   -0.0560223     0.534545    -0.221496    -0.189496   -0.0755239    -0.201226     0.313442    -0.120027    -0.408547     0.155608     0.298463   -0.0677628   -0.0206768    -0.301262     -0.21681
   -0.160514     0.365931     0.082819     0.094308    0.0414862    -0.387354    0.0474901   -0.0404837    -0.635595     0.406892    -0.289737    -0.410042    -0.414004     0.523783    -0.209204    -0.416321   -0.0422979     0.460695   -0.0471841    -0.267031     0.273394   -0.0520386    -0.108293     0.182145   -0.0824667     0.237268      0.45883     0.293402     0.212231     0.216149      0.23796     0.214357
     0.09825   -0.0949967    -0.233337    -0.321476    -0.489244     0.349035    -0.437102    0.0154231     0.494258   -0.0571095    -0.139271     0.535679    -0.546772     0.196077    -0.892146     -0.25576     0.282495    0.0692867    0.0986677    -0.126659    -0.581702    -0.451718     -0.21467    -0.518425     -0.10425    -0.266433     0.285024    0.0786902    -0.435558    0.0120312     -0.63764     0.268661
    0.489146    -0.081904    -0.215494    0.0811141    -0.075343   -0.0991178    0.0114094  -0.00247675     0.157621    -0.488891     0.605549     0.388004     0.290555     0.322815    -0.277973   -0.0251589    -0.147296   0.00156188    0.0277424     0.215958 -0.000893958   -0.0210229    -0.188451   -0.0015549    -0.126131    -0.160463     0.273438    -0.340972      0.39388     0.182717    -0.357241     -0.24838
     0.03139    -0.583289     0.292272    0.0804038    -0.766243    -0.211797     0.316055     0.346893    -0.385262     0.172944    -0.021278    -0.393449     0.405546     0.105148    0.0966585    0.0822285    0.0242649    -0.297361     0.488866    0.0443966    -0.265532   -0.0932352   -0.0701835   -0.0813354    0.0709489   -0.0416634    -0.314544   -0.0765354     0.364438    -0.176995     0.154674    -0.246635
   -0.260769    -0.208033     -0.12582    0.0118099     0.302592   -0.0981185     0.336228     0.222251     0.216834     0.156661     0.201734      0.12541    -0.283212    -0.393233     0.172191    0.0270565     0.312264    0.0283636    -0.265165   -0.0250533      0.30379  -0.00787246    -0.176555     0.144916    -0.402549    -0.107705     0.246643   -0.0715088      0.10977     0.277881    0.0247916     -0.34308
   -0.417066     0.194263   -0.0417119    -0.132556     0.139813   -0.0363538    0.0446618    0.0304618    0.0637083    0.0460143     0.106707     0.195063      0.09999    0.0557744    -0.273542    -0.130363     0.243822     0.286055     0.324199     0.478875    -0.139192     0.145396    0.0512792    -0.201406     0.214956    -0.226347     0.123228    -0.217483   -0.0431451    -0.464873    -0.086919    -0.160365
   -0.170708    0.0608806    -0.146715     0.408829    0.0172583    0.0521593    -0.320972     0.336294     0.339726      0.43263     0.225932      0.46316     0.250529    0.0298908    0.0111612  -0.00985599     0.526398    -0.323807    -0.342351     0.321796    -0.471146     0.177495    0.0627088    -0.304397     -0.16725     0.043265     0.458716    0.0715656   -0.0662018    -0.436363    -0.301359     0.272766
    0.184498     0.374938    -0.127961    -0.316644    -0.101728    -0.106819    0.0717432      0.28737     0.279294     -0.14702    -0.103973     0.061449    -0.396582     0.468635    -0.163323   -0.0803037    -0.387261     0.233513     0.685088   -0.0752426     0.029719   0.00764718    -0.301367    -0.284794     0.156035   -0.0900586    0.0179367    0.0314727     0.199515     0.105664   -0.0282882     0.307179
   -0.404278     0.550691    0.0236338    -0.516972    0.0916553     0.113836    -0.201823     -0.48383      1.15875      0.47841     0.189181     0.839346      0.14514     0.289735      0.10535    -0.358517     0.347384    -0.317626    -0.317772     0.149517     -1.10913     0.288979    0.0699292    -0.311978    -0.187492    -0.521995   -0.0522991    0.0590592     0.220105   -0.0552111     -0.15165    -0.156043
  -0.0730462     0.606231     0.139261    -0.268044     0.873381    0.0896552     0.277494    -0.153642     0.385636      0.20943    0.0167538     0.583749    -0.296414     0.139107     0.238987     -0.37403     0.313941    -0.545446     0.171845   -0.0257236    -0.134719     0.245132    -0.197888     0.317925    -0.219052    -0.464451     0.168405     0.248892     0.362339     0.150059     0.179778   -0.0281597
    0.355065    -0.220237    -0.301912      0.16649    -0.177505   -0.0153155   -0.0753002   -0.0131375     0.121154    -0.197814     0.300566     0.409741    -0.202627     0.664735    -0.110198     0.303342     0.598188     -0.23169    -0.263644     0.247743     -0.98202     0.151655     0.203164    -0.154773  0.000327085   -0.0308214     0.346816     0.032808     0.402195      0.27507      0.17609   -0.0949498
    0.113838    -0.310997    -0.147244     0.374591     0.108751    -0.225686    -0.256464   -0.0865347    0.0588246    0.0817862     0.138305    0.0832282     0.121982     0.647627     0.247571     0.289585   -0.0198368   -0.0924104      0.39212     0.356415   -0.0944384     0.233319     0.338693   0.00305299     0.449819    -0.111187   -0.0689562     0.221348    0.0573404    -0.210991   -0.0835809   -0.0566952
    -0.77275     0.308297   -0.0309508   -0.0620518    -0.156818     0.491566    0.0286231    -0.185037     0.224157     0.516181    -0.145412     0.254885     0.843164     0.343529   -0.0795076    0.0303813    0.0455401     -0.25713    -0.156338     0.825283    -0.827277   -0.0666548   0.00959234    -0.141288    0.0744779    -0.235748    -0.343095     0.291937     0.321586    -0.250581     0.143334    0.0653134
  -0.0165935     0.384467     0.216011     0.313027    0.0322293     0.253232   -0.0350646    -0.442901     0.188689    -0.534609   -0.0650527     0.299632    -0.492339     0.319136     -0.37747     0.150217     0.289231    0.0202963     0.185208    0.0849323  0.000788994     0.130489   -0.0639366     0.229604    -0.537524  -0.00385626     0.332622    0.0922489   -0.0715274     0.259651    -0.078016     0.315621
   -0.137082    -0.144813    0.0687616    -0.148107     0.555526   -0.0273799     0.304735   -0.0310528   -0.0689033    -0.212413    -0.320424    -0.588981    -0.142734    -0.444729     0.225475    -0.406273    0.0512293     0.169959    -0.386462     -0.80711      1.04194    -0.108154   -0.0874161     -0.10795    -0.159552     0.464803   -0.0222331     0.226008   -0.0510324      0.47094    -0.101397    -0.101532
   -0.058569     0.312109    0.0142038    0.0274268    0.0230006    0.0382665    0.0229093   -0.0812604    -0.144996    -0.303132    -0.390542    -0.685055     0.341095    -0.388584     0.369587      -0.1284     0.151134    -0.343137    0.0713214    -0.194428     0.521051       0.0713     0.284914    -0.124365     0.432497    0.0507307    -0.163912     0.229305     0.535153    -0.118417    0.0996284   -0.0595072
