    0.377747     0.648043     0.432885    -0.473427    -0.374621     0.061264    0.0462521     0.544986    -0.131256     0.967623    -0.377606     0.174577     0.550178    -0.257241    -0.526836     0.451354     0.483146     0.549222    -0.112253    -0.551516    0.0816302     0.619223   -0.0480387      0.91199     0.131394    -0.147382    0.0836331      1.04204      0.32606    -0.666954      1.15503    -0.319491
   0.0905158    -0.425212    -0.379152     0.413474    -0.188809    -0.354664     0.313425    -0.139907    0.0732543    -0.551562    -0.459046   -0.0469515     0.221082      1.24378    -0.201853     0.193585     0.156343    -0.135835    -0.101465     0.781276     0.345335     0.130608    -0.460362    -0.112143   -0.0928852    -0.449805     0.704657     -0.30277     0.266393     0.150254    -0.562178    0.0406772
    0.191247   -0.0498358    -0.498558     -0.56685     0.560805    -0.117316     -1.00857     -0.39365     0.954623    -0.580186    -0.917321    -0.143879    -0.453854    -0.570856     0.275355    -0.910253     0.556653     0.698751   -0.0327046     0.561834      0.65888    -0.740299     0.111049     0.774373    -0.394038      0.38725    -0.517894   -0.0448689    -0.819159     0.417372   0.00181961   -0.0947253
    0.577392     0.007349     0.403583     0.149489    -0.162793    -0.110936     -1.47171     -0.50934     0.544378    -0.941657     0.609258    0.0338136    -0.291068    0.0842877    -0.889089     -0.38244      1.84171     0.412097     0.113999   -0.0782358     0.415867    -0.103815    -0.956427    -0.383006    -0.424978     0.809054    -0.164309    -0.628908    -0.373163    -0.704112     0.542045    -0.355962
   -0.230506   -0.0837411    -0.463184     0.254469    -0.812928      0.21691     0.716757     0.819504    0.0325727    -0.324501    -0.579515    -0.288582     0.682792     0.281949    -0.551636     0.100608      1.48446    -0.257756      0.26363    -0.117917     0.377225     0.471192    -0.514431     0.155553      1.08526    -0.741755     0.570898     0.577961     0.341657    0.0802263     0.261719     0.319904
    -0.10203     0.665652    -0.773566     0.375292     0.256785     0.440257     0.145326      1.08152     0.150527   -0.0266363     -0.33067    -0.877909    -0.133545    0.0150943     0.165572  -0.00114794     0.208118    -0.102834    -0.896291     -0.89086     0.208629     0.422458   -0.0677416      0.50348   0.00132266     -1.23966    -0.557402     0.792619     -2.47943     0.312637    -0.162344     0.789342
  -0.0439965    0.0911254     0.400902    -0.355241    -0.125316    0.0195686    -0.115719   -0.0564156     -0.39727    0.0871352     0.552952     0.141984     0.271263   -0.0736184    -0.166136     -0.16469    -0.271245     -0.12216    -0.290013     0.432814      0.05622    -0.221887     0.301765    -0.121275   -0.0941643     0.118752    -0.208229    -0.264725     0.606635   -0.0196564    0.0587353  -0.00705967
   -0.251403    -0.480699     0.860684     0.753808   -0.0254121    -0.336417    -0.552386     0.570963    -0.343363      0.63927    -0.309901    -0.289699     0.312188    0.0730823     -0.50084    -0.233441     0.789469    -0.349298    -0.022305    -0.203456   -0.0221735     0.337379     0.714539    -0.470437     0.425822    -0.251768    -0.467533     0.183268   -0.0907097    -0.678309     0.215525    -0.075957
  -0.0835252   -0.0799697     0.515192     0.658149     0.751271    -0.687125    0.0847979    -0.493314     0.171535    -0.505403    -0.283345     0.398274    -0.673002     0.396153    -0.189505      0.57939   -0.0902832   0.00780564     0.411935     0.839128    -0.929351     0.277882   -0.0574971    -0.549257    -0.130497     0.332138     0.365245    -0.186982     0.143132     0.752377     -0.31379     -0.24561
    0.162576    0.0111039     0.158352    -0.192591    -0.147417     0.107836    -0.211913     0.348385    -0.393995   -0.0306446      0.42582   -0.0459953     0.646125    -0.128734    -0.216977    -0.743268    -0.161332    -0.178793    0.0279499    -0.255607     0.577431    0.0468614     0.642389     0.394308    -0.471311    -0.155057    -0.548409     0.151105    -0.738013     0.491722     0.116731    -0.115714
     0.44795     0.171893    -0.636608     -0.62163    -0.552487     0.922704    0.0737571     0.194077     -0.14965     0.699556     0.330306     0.209823     0.461862    -0.833444     0.533249    -0.209811    -0.149925     0.113268    -0.509394    -0.727292     0.427137    -0.305302   -0.0589643     0.990759    -0.426677   -0.0741325     -1.33377     0.284648     -1.06998    -0.538563     0.204808    -0.198345
    0.143124    -0.424831     0.174859    -0.216137    -0.943042      0.03002    -0.238085    -0.511619    0.0292398     0.136487     0.755911    -0.332749    0.0303726     0.312923    -0.110105    -0.505128     0.196248     0.267474   0.00913263     0.556418     0.325151     0.316189    0.0423921     -0.63171    -0.115997    0.0234742     0.264135    -0.316072      1.23846    -0.543572     0.522828   -0.0273893
     0.37095    -0.192575     0.706382    -0.188142    0.0239146     0.459965    -0.945187    -0.181698    -0.541049   -0.0897965     0.400896    -0.241213     -1.15291     -1.60731     0.604325     0.509297    -0.564028    -0.112448     0.435631     0.243335     0.341791    -0.327049    -0.737075     0.403124     0.101099   -0.0733497     -1.00361    0.0974386     -1.21777       0.6436      0.31463    -0.581153
    0.181094     -0.22357     0.453394     0.200242   -0.0297164     0.017566   0.00814541     0.407239     0.141594      0.38879     0.363952     -0.17599     0.237575     0.331293    -0.234035    0.0732245     0.197189    0.0230698    0.0750167     0.125758   -0.0106702    0.0688733     0.285625    -0.432187    -0.178122     0.020868    -0.476562  -0.00880885    -0.536987    -0.402508     0.287992     -0.47043
   -0.125646     0.085926     0.205602   -0.0739638    -0.203657     0.306368   -0.0834566   -0.0534073     0.207323    0.0324969    -0.440134    0.0110592      0.36867    -0.199689    -0.198719    -0.244953     0.255531    0.0604097     0.205747    -0.229094     0.188475   -0.0828962   0.00736754    -0.102922    -0.179683     0.213434     0.236531   -0.0776444       0.5047     0.171784     0.171287   -0.0691449
    0.112318     0.133206     -0.36811    0.0902411    -0.201054     0.125839     -0.22056     0.487286    -0.041678    -0.359279    0.0317637   -0.0985355     0.576629    0.0965192    -0.295872    -0.130944     0.756758     0.795338    -0.104366    -0.288013     0.542416   0.00075437    -0.408786    0.0974926    -0.145487     0.373622    -0.522173     0.336552     0.179039    -0.761463    0.0973869     0.118682
-8.29147e-05   -0.0146623     0.180232     0.261895   -0.0834854    0.0362303     0.190203     0.148267    -0.120174     0.134531    -0.274088    -0.156639     -0.18519     0.214148     0.168469    0.0574873   -0.0115702     0.394559   -0.0752782     0.230202    -0.144922    -0.247044    0.0708436    0.0276903     0.112896   -0.0684427    0.0974195     0.541159    -0.246978    -0.222163    0.0504494    -0.111625
  0.00398627     0.142848    0.0430258     0.333517    0.0939964     0.334844    0.0558752     0.205108    0.0712575     0.403946    0.0432359   -0.0222396    0.0567344    -0.157733    -0.140453     0.302508     0.280123     0.268897     0.120111     0.342405     0.099843     0.408792    -0.996776     0.116374    -0.243808   -0.0966897    0.0727359     -0.29489     0.254445    -0.337745     0.359872   0.00932005
   -0.526107    -0.677871     0.934362     0.744337    -0.563383    -0.577713   -0.0615173    -0.980933    -0.328001    0.0180861      0.21851     -0.15101     0.697301     -0.48332    -0.188922     0.396788    -0.369203    -0.677825     0.249291     0.204051    0.0592124    -0.504344     0.296862    -0.146234    -0.657223      0.30467     0.225904    -0.592605      1.45116     0.619418     0.336501   -0.0494143
   -0.375275    -0.252965     0.425211     0.257447   -0.0356752    -0.133473     -1.14529     -1.11168     0.688898     0.608043     0.525338    0.0252071    -0.267194    -0.565524   0.00203492     -0.13455  -0.00182542     0.117037     0.280147     0.185967     0.105447     -0.38916   -0.0629399    -0.553333   -0.0462239       0.9716      0.41895    -0.421088     0.613208    0.0647147    0.0455879    0.0787267
    0.611421     0.280458    -0.362887    0.0679739     0.299968     0.600612    -0.304494      0.75562    -0.286982     0.325402     0.462282     0.384341   -0.0813588     0.249548     0.427304     0.016195     -0.11402    -0.172754    -0.407408    -0.143153    -0.448386     0.505563     0.233589     0.233099    0.0287638     0.202876    -0.570271    0.0147337     -1.07377   -0.0393215    -0.327069     0.115608
    0.356229    0.0633247     0.315987     0.205514     0.166847    -0.121578    -0.959945     0.244614     0.218407   -0.0680043    -0.113543   0.00565942    -0.512369     0.429337    -0.151046    -0.974348      1.18107     0.273092   -0.0373213   -0.0176844     0.445356     0.155745    -0.634064    -0.161321     0.382368     0.184911    -0.422657     0.236541    -0.306128    0.0443032     0.221486   -0.0749136
   -0.060678    -0.236545    0.0530721   -0.0668529   -0.0152709    0.0408096     0.514584    -0.394565    0.0190781   -0.0169432      0.56473    -0.222164     0.665218    -0.239237    -0.686321     0.382426   -0.0201785    -0.242335     0.160312    -0.236199     0.033552     0.420734    0.0331587    0.0252372    0.0975573     -0.24416    -0.244919     0.353677     0.356473    -0.102157     0.501278    -0.165996
    0.290762  -0.00625942    -0.622697     0.406081     0.853595    0.0595839    0.0440855     0.745035    -0.295974       0.1356    -0.429681    -0.180789    -0.454689   -0.0454512    -0.385219     0.421679     0.801109   -0.0819745    -0.285656     0.334289     -0.43998    -0.271219     0.143608    -0.617054     0.207825    0.0824165    -0.707056      0.15906    -0.666072      0.21336    0.0689283     0.314916
   -0.385624     0.873569    -0.363239     0.107547    -0.507602     0.395297    -0.114514    -0.444037    0.0639333    -0.387703    -0.346267    -0.101046    -0.159496  -0.00776848     0.680472     0.462392     0.335736    0.0938581    0.0616358    0.0939736    -0.254576     0.162308    -0.682454     0.395236    0.0700311    -0.688392     0.148534    -0.298672      -0.5143     0.150425    -0.189127     -0.62876
   -0.749239    -0.177541     0.547657    -0.226066    -0.305822   -0.0842491    -0.562195    -0.796527     0.198605     0.833594     0.563493   -0.0998403     0.686129   -0.0992849    0.0861864     0.461814    -0.732608    -0.161341     0.141768    -0.204149     0.279859    -0.550525      0.61152    -0.162805     0.385813    0.0225004     0.728284    -0.136105     0.982815    -0.129255     0.197097    -0.456472
    0.154006    -0.112018     0.620608    -0.907161    -0.794283    -0.232695    -0.206492     -1.11299     0.056092     0.121446      1.01058     0.137708   -0.0546432     0.182057     0.613842     0.236061     -1.06435       0.2028     0.132878     0.729122     0.506194    -0.287366    -0.168746    -0.539817    -0.722542     0.473996     0.416105     -1.09557     0.953345     0.298102     0.096547   -0.0339478
   -0.170749      0.52164    -0.283977   -0.0188943    -0.224146   -0.0712951    -0.100185      0.35692      0.75511    -0.464729    -0.973546   -0.0392853    -0.338388     0.724991    -0.361325    -0.484737      1.29855     0.524301    -0.191589     0.559547      0.33115      1.04675    -0.160413    -0.122382     0.544624     -0.42603     0.530923     0.365514    -0.219114   -0.0962491    -0.551575    -0.265672
   0.0695985    -0.379994     0.523584    -0.805577     -1.09649     0.595598    -0.849421     -1.04834     0.219489    -0.753155      1.15458    -0.121055     0.449829     -1.10334     0.527705     0.294652    -0.945727   -0.0114799    -0.983501    -0.111893     0.588875     -0.45363   -0.0463546    -0.114398    -0.646999    0.0321605     -0.24157    -0.912595    -0.324146    -0.287845     0.603993   -0.0815834
    0.254133     0.164657     0.206843    -0.286155    0.0663528     0.406684    -0.326226     0.323311     0.167436    -0.164963   -0.0922116     0.474219     0.314772     0.171648   -0.0974568    -0.400982     0.616607     0.143121    -0.515176     0.443076     0.244127    0.0278329    -0.401411    -0.120076    0.0676778    0.0976857     0.350382    -0.297771     0.224005    -0.998093    -0.189328    -0.316114
     0.95493    -0.103874     -0.53879     -1.22923     -0.36678     0.407853    -0.999653      0.69959     0.638591    -0.193421    0.0492464     0.448987      0.06922    -0.288281     0.109976     -1.20822     0.950449     0.233957    -0.445823    -0.427622     0.475893      1.11584    -0.549262     0.596902    -0.504163    -0.388524    -0.903451     0.207514    -0.794606     -0.25694     0.394396   -0.0760706
   -0.178123      0.58733    -0.413995   -0.0436729     0.251667     0.372723     0.282147     0.380233    -0.211899    -0.542394    -0.470759   -0.0739212     0.217285     0.790255    -0.430793    0.0618586     0.365444   -0.0312223    -0.166147    -0.195063    0.0105306    -0.253882    -0.582148   -0.0494368     0.484769    -0.673661    -0.105868     0.551288     -0.32105    -0.485044    -0.113788     -0.14613
