 -0.95752
 -1.11215
 -1.08535
-0.579438
-0.749677
 -1.08427
-0.934593
 -1.04241
 -1.03288
 -2.62679
  -1.0596
-0.910169
-0.761081
-0.854507
-0.996036
 -1.21756
-0.662598
-0.987218
-0.965275
  -0.9333
 -1.03329
 -0.95732
 -1.06295
 -1.02001
 -1.07769
 -1.33485
 -1.06487
-0.826705
-0.835344
  -1.0309
 -0.88798
 -1.04056
  -1.3273
 -1.15197
 -0.92755
-0.889843
  -1.1889
-0.772807
 -1.30516
 -1.51741
 -1.08399
-0.975437
 -1.22845
-0.984918
 -1.03984
-0.944447
 -1.33134
 -1.03105
-0.872485
 -1.16868
-0.732102
-0.932642
-0.823794
 -1.40314
-0.758341
 -1.47421
 -1.35202
 -1.36519
-0.549985
 -1.10023
-0.781999
 -1.11144
 -1.55316
-0.837961
-0.998484
-0.850556
-0.958854
-0.706786
-0.946958
 -1.94543
 -1.36717
-0.944708
 -1.27868
 -2.05258
 -1.23382
-0.996443
-0.854145
-0.881303
 -1.19813
 -1.08661
 -1.57697
 -0.84768
 -1.07211
 -1.13399
 -1.32082
-0.988158
-0.838871
-0.461862
 -1.29295
 -1.06195
 -1.00322
-0.859807
-0.847159
-0.977185
-0.848641
-0.866479
-0.987225
 -1.10615
-0.618561
-0.554135
 -1.29022
 -2.98401
 -1.06151
 -1.29309
 -1.36163
 -1.24309
 -1.12621
 -2.01337
 -1.03319
-0.982975
-0.920311
 -1.33491
-0.208338
 -1.02275
-0.823479
 -1.05785
 -1.41472
-0.925049
-0.851172
 -1.03313
-0.901186
 -1.36514
-0.713821
-0.741691
-0.866166
 -1.06078
 -1.06853
-0.877531
