  -0.0304917    0.0678141     0.115612      -0.1036    -0.305222    0.0634044    0.0984779    -0.085304    -0.248796     0.604522     0.367476    -0.194466     0.065208   -0.0706626    -0.136753    -0.163596    -0.134705    -0.183433    -0.245375   -0.0637514   -0.0814064    0.0648185     0.329366     0.360663    -0.269531    -0.404451     0.250795  -0.00714113    -0.199155    0.0764471    0.0453061    -0.117047
   -0.268357   -0.0539323     0.198905     -0.22548     0.153702    0.0337905    0.0907009      0.14577    -0.465723     0.122983    0.0335543     0.139105     0.278935    -0.170587     -0.15218     0.232818    0.0282252   -0.0575107     0.173739      0.24119     -0.15964   -0.0935852     0.071112    0.0252249     0.250583     0.202174   -0.0806646    0.0771396   -0.0648473    0.0982288     0.150897     0.118315
    0.143134    0.0241699    0.0666579    0.0834261      0.29364     0.346615    -0.114663     0.251447    -0.125934     0.143271    0.0530462     0.122686     -0.12939   -0.0549182   -0.0229908    -0.140135    -0.049157   -0.0482951     0.102846     0.103278   -0.0582143     0.376287   -0.0614048    0.0513898     0.226826    0.0302843     0.203808    0.0234061      -0.1738    -0.184547     0.133079    -0.378485
   0.0750706     -0.31846      0.02073    -0.175101    -0.370267     0.205493    -0.435062    -0.202342    -0.201837     0.184145     -0.18464    0.0331716     0.204146      0.12502    0.0245359    -0.163401     0.251847    -0.136168    0.0917196      0.28687     0.103337     0.148738     0.251742   -0.0948005     0.168923     0.138059    0.0333425   -0.0276206     0.240631     0.275967     0.166162     -0.15835
   0.0565201    -0.130193    -0.102477    -0.234137     -0.12844   -0.0164987    -0.421763     0.186632    -0.140956      0.22339   -0.0405555   -0.0703069     0.522473     0.294332   -0.0149995    -0.318464   -0.0675596    0.0626206     0.178163     0.111065   -0.0627645    -0.324821    -0.119131     0.207274     0.065516     -0.12664   -0.0985798   0.00511128    -0.431239   -0.0776667     0.262463    -0.100589
  -0.0653725   -0.0345259     0.108364    -0.277092    -0.358436   -0.0865269    -0.264148     0.171692   -0.0763377    -0.137659    0.0302031   -0.0790398     0.294398   0.00956652     0.324332    -0.324889     0.272781    -0.348032    0.0419847     0.158765    0.0900804    -0.366421     0.310218     0.071722     0.111353    -0.184515    -0.144461   -0.0934879     0.289267     0.188177   -0.0306956    -0.204471
  -0.0208179   -0.0613055    0.0859457     0.278755    0.0849279     0.104644   -0.0425447    0.0783767   -0.0596901   0.00942457     0.124446   -0.0233987     0.217861     0.459738   -0.0892455     0.124601    -0.102058    0.0300115     0.156391    0.0676379     0.400382     0.189183     0.135032    -0.123338     0.188255    0.0279611    -0.205933     0.125002     0.324126    -0.265745     0.335077    -0.256385
   -0.256187     0.304196   -0.0223307     0.291186     0.354204   -0.0206485     0.284078    -0.177911    0.0985188     0.287763    -0.321654   -0.0566116   -0.0494307     0.133875    -0.154019    0.0157956     0.434975      -0.1276    -0.321271    -0.198144    0.0837375     0.424869     0.348398   -0.0319543    -0.120694    -0.102101    -0.030486     0.297278    -0.436367    -0.146887    0.0241403   -0.0406147
   -0.256467     0.120989    0.0598992    -0.169568   -0.0867093     0.142935     0.169769     -0.22545   -0.0591621    -0.112457     0.320609   -0.0228232     0.109014     0.120718    0.0134422     -0.13415   -0.0374349    0.0175643    -0.159117   -0.0949661    -0.124734    -0.120349   -0.0163197     0.136549     0.154512     -0.31001    0.0913825    0.0059381     -0.21322    -0.187553   -0.0621147    -0.189615
   0.0154628   -0.0264786     0.242988    -0.231876     -0.13069    0.0255571    -0.402336    -0.321194     0.306982    -0.156441     0.297093     0.232302    -0.219889    -0.337463   -0.0650781   -0.0713498     0.389435   -0.0495796    -0.142313    -0.216294    -0.197868    -0.111508   -0.0624007   -0.0608621     -0.25952     0.404687    0.0319514    0.0576091     0.220922    -0.214055   -0.0871416    0.0442228
  -0.0471417     0.235201    0.0424549    -0.032785    0.0734661    -0.221766    0.0445592    0.0840208     0.153725     0.291092     0.140334     0.158971   -0.0189246    -0.398379   -0.0785682    0.0148155   -0.0201339  -0.00526152     0.262573     0.148636   -0.0504337     0.193533   -0.0155112     0.143218     0.105032      -0.1058   -0.0334284     0.238983    -0.468225    -0.294398    -0.408364    0.0210237
    0.339372   0.00474689   -0.0757017    0.0858071     0.037484    -0.342714   -0.0723283     0.528095   -0.0603141    -0.188889     0.178341     0.148236     0.125136     0.115245    -0.306094   -0.0707837    -0.418254   -0.0176835     0.112174     0.162143    -0.450497    -0.328154     0.223151   -0.0963171    -0.247282     0.281618    -0.296858   -0.0777386    -0.258198   -0.0239642   -0.0180086    -0.335512
     0.21332    -0.171806   -0.0962057    -0.263871     0.297452   -0.0129498     -0.18177     0.573824     -0.32243     0.351857   -0.0590258     0.170917     0.038514    -0.102675    -0.254398   -0.0768806   -0.0479008    -0.276336     0.269308     0.238673    -0.121102    -0.204173    -0.120515      0.14366     -0.08812     0.526224    -0.143225     0.279101      0.23812     0.350126    -0.332723     0.305872
   0.0144872     0.126467   -0.0327963   -0.0310486      0.13488    0.0822564   -0.0662421    -0.146426   -0.0135907     0.103267     0.177074    -0.162476   -0.0700589    -0.016266  -0.00650245     0.204252     0.298765    0.0274966    0.0371635    -0.457059    -0.264408     0.327672    -0.279526    -0.348957     0.400758    0.0100648    -0.214152    0.0354671    -0.373521   0.00295446     0.172553     0.251446
    0.255568    0.0326709     0.424641    0.0590818     0.489419    -0.143551    -0.463145   -0.0283862   -0.0541775    -0.152886     0.109698    -0.129527   -0.0079842    -0.368754     0.233773    -0.247131     0.225004    0.0447982   -0.0369394     0.157406    -0.205901    -0.457849     0.152949     0.340542    0.0636803    -0.147039    -0.210346     0.191186    -0.236117     0.210379    -0.101122    0.0260005
    0.118753   -0.0963019    0.0869541    -0.104836     0.167851    -0.124906    -0.379979     0.336304    -0.158692     0.278967    -0.339984     0.150011   -0.0825747    -0.313787   -0.0353476   -0.0134284    -0.333893    -0.366828    0.0120114     0.141329    -0.192443     0.211801    0.0806114     0.353092    0.0442147     0.329781    -0.196771    -0.093757    -0.205154  -0.00201302   -0.0946326   -0.0251854
   0.0914225   -0.0446919     0.013753     0.157685    0.0649155   -0.0477937    -0.645951      0.25625     0.257414    0.0334562    -0.211504    0.0908862    -0.219092    -0.163655   -0.0280528    0.0917184     0.631255    -0.154524    -0.268566   -0.0647632   -0.0969748    -0.148807    -0.182484    0.0671667     0.277451     0.026356    -0.382895    0.0101561    -0.364645     -0.20921   -0.0979033      0.18742
     -0.3075   -0.0203192    0.0852164     0.345221    0.0338314     0.266868     0.214501     -0.11626    0.0484266     0.154887     -0.16221    -0.129878      0.28557    0.0953193    -0.402276     0.121289     0.400344    -0.152716    -0.131119    -0.230143   -0.0311368     0.946299    -0.118567    -0.142477   -0.0105524    -0.132975     0.388882     0.528673    -0.313457    -0.447219   0.00715679    -0.130711
    0.275159      0.08123     0.190311     0.233358    -0.185525     0.137276    0.0214966     0.083363      -0.1986   -0.0927536    -0.315669      0.15969    0.0498782    -0.103046    0.0199445  -0.00771665     0.489581   -0.0830068    -0.279128  -0.00631516    0.0661765     0.319412     0.153692   -0.0212641   -0.0386124   -0.0784333     0.126529     0.449398    -0.286795    -0.395508   -0.0493657     0.177028
    0.236339    -0.187616     0.219186     0.104519     0.100644    -0.296139    -0.424042    0.0516562     0.213931   0.00828506   -0.0359693    0.0853858     0.129277   -0.0743042    0.0123892   -0.0393738   -0.0565971     0.276785     0.109269   -0.0983348    -0.246328   -0.0600468     0.314407   -0.0847146    -0.418871     0.148969     -0.15672    0.0754103   -0.0501884    -0.112234    0.0495829    0.0331251
    0.504627    -0.322299    -0.176281    -0.267665    -0.027908    -0.206924     -0.24725     0.739115    -0.192964     0.340899    -0.207156     0.298586    -0.160978   -0.0127322    -0.129661    -0.304535     0.744956    0.0979012     0.145876     0.132091    0.0791382     0.455224   -0.0869365     -0.21449     0.625669     0.261928   -0.0495615    0.0096364    -0.135396    -0.043369  -0.00907275   -0.0361882
    0.339699  0.000203309     0.130372    -0.113926     0.448187    -0.194566    -0.324823    0.0924732    0.0478635    0.0722958   -0.0719724    0.0304552    0.0298894   -0.0536027    -0.156474    -0.204558     0.491106    -0.112731     0.154581     0.167288     0.184785    0.0568697    -0.181008     0.131903     0.270944     0.383192    0.0122357    0.0494843     0.194126    0.0501307    -0.117877    -0.261145
   0.0665682     0.132238     0.351733      0.19265   -0.0216956   -0.0673998    -0.047023    -0.330914    -0.374357    -0.218325     0.206697    -0.120321    0.0833174    -0.133696    -0.163611     0.162193    -0.248513    -0.194803     0.132433    -0.422397   -0.0168701     0.178621     0.187424     0.217432    -0.127389     0.205051    0.0872567    0.0348665    -0.118614    0.0534101   -0.0183685    -0.341183
    0.222095     -0.31786    -0.224679    0.0305993    0.0793895    -0.451399     -0.47291     0.398346      0.29424       0.0497     0.252712     0.113537    0.0132057    0.0329662    0.0608672    -0.123627     0.285949   -0.0206259     0.203782     0.130106    -0.136888     0.134427     0.344552    0.0725293    0.0114957     0.343184   -0.0109306    -0.222496    0.0813892   -0.0711935    -0.168972    -0.202457
   0.0137966    0.0839509   -0.0594654     0.175423     0.122739   -0.0223397     0.119681   -0.0196929   -0.0600079    -0.192762    0.0376101     0.209393   0.00948738    -0.229544    -0.093408     0.235519    0.0528634     0.093594   -0.0605143   -0.0326167    -0.194692     0.131216   -0.0232825      -0.1138     0.118952    -0.266167    0.0534537   -0.0761757     0.217958     0.184804    0.0206563    -0.086421
    0.153996    -0.061364      0.21619    -0.280731   -0.0711106    -0.119385     0.139575    -0.128464     0.212098     0.116419    -0.313995    -0.224264     0.471775     0.151334    0.0350164   -0.0993574    -0.189281     0.157034    0.0791653    0.0496289     0.516371   -0.0961296      0.28785     0.285629     0.116228     0.139566     0.266614   -0.0279965    0.0067663    -0.103614    -0.199582   -0.0708255
    0.235324   -0.0851282     0.228702       0.1774    0.0983163  -0.00509911    -0.294749     -0.17837      0.19959    -0.376652   -0.0589665  -0.00176793     0.278424     0.220113    -0.223885     0.176545     0.560372     0.323574     0.232155     0.138554    0.0561249   0.00408886    -0.357205    -0.290866   -0.0730396     0.147914    -0.191782   -0.0555644     0.551817    -0.232729     0.136126   -0.0741098
   0.0156631     0.107164    -0.235753      0.29498   -0.0448741     0.156411    -0.182373     0.413516    -0.141994    -0.116831   -0.0886856   -0.0469892     0.353803     0.189387    0.0391901      0.38703     0.240372     0.100114  -0.00792004    0.0221871    0.0720707     -0.22593    -0.234599    -0.218015     0.062278    -0.155898    0.0519996   -0.0668853    -0.101898    -0.277355    0.0170618    0.0418867
    0.065005    -0.307886     0.105467    -0.127586     -0.21752   -0.0112132    -0.373768     0.381937     0.363574  -0.00187019    -0.160551    0.0942687     0.268284     0.177217    0.0629194    -0.498391     0.116284    -0.307187     0.233667   -0.0541791    -0.053215     0.358234    0.0846477   -0.0203045  -0.00806732    -0.158192     0.164675     0.322478      -0.5274    -0.411343    -0.189135     0.126296
    0.311616    0.0862821   -0.0818241     0.212908     0.250994    -0.260914    -0.459627   -0.0223627   -0.0499783    0.0807882    -0.268974    0.0940092    -0.028719     0.141797    -0.231751   -0.0732333     0.114957     0.152036    -0.305063     0.303762   -0.0575701     0.506255     -0.39921    0.0257077    -0.106808     0.167715   -0.0208685  -0.00619889   -0.0281402    0.0541632    -0.182686     0.158407
  -0.0767326  -0.00167788    0.0465035     0.240345     0.275341     0.191548    -0.140018    -0.223036   -0.0125855    -0.439517    -0.118289     0.244707    0.0416118    0.0305255    -0.241931     0.184542    -0.124311   -0.0661252    -0.234948    0.0323728     0.223148    0.0108658   -0.0248505     0.112752   -0.0783452     0.314266    -0.126089  -0.00823749    0.0339284   -0.0289925    -0.375511   -0.0278157
    0.147648    -0.181978   -0.0806014        0.234    -0.037261    -0.154181    -0.482608     0.518586   -0.0561095    -0.143814     0.062159     0.498951    -0.201571    -0.174532    0.0979641    -0.120433     0.392534    -0.129049     0.157331     0.081764   -0.0447696     -0.29029     0.241361     0.391543    0.0806981      0.10527     0.153786     0.232839     0.125555    -0.121186  -0.00208969    -0.329902
   0.0966036     0.127835    -0.314545    -0.441182    -0.264894    0.0986882    -0.764564     0.169264    0.0246289    0.0683127   -0.0411731    -0.103012   -0.0813128     0.124127   -0.0532946    -0.292835     0.854228      0.21204    -0.299201    -0.428981     0.280571     0.154608    0.0923638    0.0159035    -0.202036    -0.115576    -0.311325      0.12462    -0.147075    -0.151174   -0.0246722     0.106986
   0.0265122   -0.0669905     0.264018   -0.0909547    -0.145523     0.140281     0.216176    -0.144406   -0.0807995    -0.339673     0.201573    -0.195061    -0.147845     0.100969    0.0680021    -0.115048     0.266725    0.0404372     0.267262      0.20471     -0.14526    -0.249793  -0.00552698  -0.00636892    -0.158234    -0.019253     0.036353      0.16194   -0.0485509    -0.316568  -0.00118614     0.249034
   -0.248674    -0.106781     0.233098    -0.144543    -0.467443     0.142336     0.079668    -0.283402     0.012137     0.276347    -0.191512    -0.205079    0.0256418     -0.09052     0.184591     0.147651    0.0442324    0.0314145     0.234363      0.65594    -0.475177     0.608753    -0.159193     -0.13543   -0.0545208    0.0705126     0.234963    -0.066975     0.254327    -0.289304     -0.14524    -0.150626
    0.186963   -0.0748072    -0.270325    -0.260786   -0.0223396   -0.0753565    -0.742539   -0.0438822     0.404091     0.227529    -0.132756    0.0997713     0.175638     0.128695    -0.286377    -0.387339      0.74751   -0.0203112     0.257877    -0.074701    -0.227482    0.0217751    -0.151234    -0.171566   -0.0773857     0.266813     0.264184      -0.2764    -0.111868    -0.148084     0.226992    -0.452515
    0.167409     0.187504    -0.115575     -0.41133   0.00587601    -0.241577    -0.478124    -0.331324     0.108674    -0.374766    0.0188614    -0.203795   -0.0565284      -0.2487    -0.166291    -0.158508      0.10804     0.160616     0.190493     0.212392     0.181107     0.150047    -0.253346    -0.196034    0.0294596     0.246834     0.212271     0.448128    -0.343684    0.0651739    -0.303122   -0.0411147
   0.0218027   -0.0104726     0.072941     0.163402   -0.0374092  -0.00907008     0.164496    0.0467761  -0.00277634     0.317996    0.0717496   -0.0902209   -0.0954993    -0.219922     0.105447   -0.0541503    -0.516829    -0.220401     0.114587     0.181725    -0.160759   -0.0842829     0.103846     0.356965    0.0373626    -0.180167    -0.320252     0.136857    -0.207894    -0.386747    -0.122487    -0.191631
   -0.282334   0.00740601     0.162747     0.306603     0.176661   -0.0948816     0.121598    0.0636316     0.121224    -0.095784    0.0497038   -0.0704627   -0.0272724    -0.225278    0.0445337     0.470364    -0.023367  -0.00262045    -0.282807   -0.0368296    0.0617038     0.165713    -0.111037   -0.0127823   -0.0147788     0.261416     0.177179     0.435692    -0.194722    -0.143559   -0.0436761    -0.117527
   0.0530587     0.186115     0.199992     0.258652     0.401469     0.321392    -0.041887    -0.144043    0.0649065    -0.462705    -0.033912     0.115589    -0.177351    -0.315336     -0.13193    -0.095311     0.201648     0.161848     0.129799    0.0461813    -0.174216     0.154913    0.0619267    0.0542716     0.291442   -0.0909102     0.034154     0.367712   0.00316785    0.0579061    0.0640692     0.127339
   0.0908053   -0.0036986    -0.077856     0.329644     0.233501     0.314994   -0.0817856     0.119943    0.0163599     0.340773    -0.269768     0.170771     0.102031     0.120171     0.228061     0.106785     0.233883    -0.361236    0.0565721    -0.208816    -0.070908   -0.0464849     0.176401     0.258735      0.19739     0.213122    -0.225078     0.481048     -0.36104    -0.364764    -0.258631    -0.207266
    0.184991     0.145202    0.0792751   -0.0259117     0.437004    0.0729968     0.121799   -0.0293848   -0.0950557   0.00942016   -0.0583205    -0.047037    -0.280481     0.111901    -0.156209     0.154417    -0.225952    -0.164867    -0.481265   -0.0760833    -0.220131     0.467548   -0.0761081  -0.00993423      0.30202    -0.139774    -0.210687     0.180876    -0.813272   -0.0707239   -0.0627654   -0.0668211
   0.0472528    0.0841261    0.0895924     0.193394    0.0231871    -0.023457   -0.0106556    -0.140435     0.098524     0.120398     0.113772     -0.19952   -0.0727679    -0.387595    -0.157767    0.0207615     0.118019    -0.111241    -0.149785   0.00210342    -0.012389    -0.231552    -0.227314     0.087488    -0.163992    -0.223045   -0.0765536    0.0901453    -0.296952     0.107549    -0.150512    0.0996047
   -0.346427    -0.229786     0.138531     -0.12274    -0.454603     0.123133     -0.12071    -0.685166   -0.0677248    0.0578529   -0.0387658   -0.0720685     0.111546     0.117206    0.0554637    -0.111123    -0.164376    -0.187451    0.0841532    -0.150264    0.0270829     0.127415     0.215174    -0.543578     0.122104      0.16489      0.14301    -0.167954     0.264079   0.00395347    -0.182957   -0.0688082
    0.119505      0.24901    -0.188105      0.33543     0.612844    -0.162479  -0.00749992   -0.0549351    -0.097899    -0.238602   -0.0124965   -0.0788648     0.168141    -0.084317   -0.0575019    -0.237602    0.0309316    -0.103103    0.0254894   -0.0843689      0.20037     0.195139    0.0534513     0.196802     0.230657     0.119002     -0.11767     0.123771    -0.137237   -0.0963833    -0.139917   -0.0155699
    -0.10555    -0.116222     0.148768    0.0936237    -0.316162      0.34778    0.0312691    0.0794866    -0.108914     0.274703     0.212352   -0.0733348    -0.139561   -0.0959159    -0.340658   -0.0023577     0.204105     -0.24066   -0.0696015   -0.0945959    0.0494867     0.158036  -0.00871358     0.146978    -0.310661    0.0868147    0.0372189    -0.372472    -0.168436    0.0324372    0.0586638   -0.0252319
    0.359844    -0.062332  -0.00481568    0.0869506   -0.0265285     0.120355    -0.207442     0.105026   -0.0022136   -0.0469149    -0.249342    0.0807982     0.161621     0.554658     0.132459     -0.37168      0.50406   -0.0997061     0.369855      0.28469     0.189825     0.111648     0.126428    -0.307162   -0.0295761      0.12768    -0.183134      -0.1983    0.0469669   -0.0995055    -0.293734    -0.279611
  -0.0952194   -0.0910819    0.0481238    -0.288419      0.31579     0.037724    0.0927722   -0.0504436    -0.187804    -0.155289    -0.320923   -0.0291968     0.303094     0.375792    -0.326917    -0.145067     0.338957    0.0102123    -0.195149   -0.0822616    0.0317355     0.155746   0.00812784    0.0488262     0.237515     0.115129    -0.352229   -0.0502561    -0.295684   -0.0830008    -0.183714     0.348215
   -0.125942   -0.0948738     0.112932      0.12796    -0.312078    0.0583767     0.167936     0.227307      0.10203     0.178331    -0.201826     0.139408     0.221475    0.0432069     0.187983     0.174198     0.130617   -0.0398018    0.0189958     0.145733    0.0226621     0.303003    -0.311256    -0.331397     0.183212   -0.0308427      0.13818     0.012933     0.195383   -0.0698152    -0.148181     0.193981
    0.264066     0.181941     0.315471    -0.124794     0.171665     -0.20829     0.037476   -0.0520864     0.132803    0.0857973     0.122684    0.0414535   0.00391576    -0.282762    0.0114523    -0.101111     0.239658    -0.422323    -0.145434    -0.227864    -0.145648   -0.0381528     0.214628     0.217367   -0.0975086   -0.0238452    -0.227172     0.117624   -0.0702424    -0.288228    0.0104937   -0.0162612
   0.0238616    -0.133548     0.115338   -0.0612226   -0.0674431    0.0555437    -0.120406    0.0350038     0.105774    0.0404736    -0.237512    0.0847524     0.146941     0.292262    -0.256324     0.180498    0.0480955   -0.0792036   0.00150331     0.128697    -0.186709     0.141869   -0.0134914   -0.0122257   -0.0519521    0.0621396    -0.135302     0.114456    -0.075126    -0.118087    -0.284475    -0.157723
    0.135518    -0.127294   0.00355137      0.19752   -0.0768878    0.0683944  -0.00948193     -0.17098    -0.192064    -0.107114     0.213418    -0.166393    -0.161098    -0.246991    -0.102992   -0.0187139     -0.26251   -0.0580492    0.0516117    -0.379655     0.198027    0.0214656     0.526026    -0.240916     0.339935     -0.15574     0.192277     0.159111     0.373363    0.0260638   -0.0408576     0.307891
   0.0286588    0.0163874     0.251397     0.177758    -0.254864   -0.0415193  -0.00884973     0.212832    0.0163015     0.249843     0.215853     0.305794     0.142686    -0.256198    0.0759695    -0.200698    0.0916177    0.0331832    -0.318782    -0.193589   -0.0970451   -0.0271204   -0.0951003    0.0569125    -0.346728    0.0485901    -0.117611     0.235778   0.00618941     0.122199    0.0720495   -0.0321494
    0.106112    0.0594048     0.356721   -0.0480177    -0.160788    -0.435706   -0.0367973     0.343324      0.14768    0.0399786    -0.418927     0.152231   -0.0486178    0.0469234    -0.102054     -0.19065   -0.0523846    -0.167583     0.071985     0.183063   -0.0616445    0.0437232   -0.0608294    0.0525483      0.12954     0.232291    0.0120997     -0.12787     0.374155   -0.0426828    -0.144958    -0.399539
  -0.0938267    0.0644363     0.108556     0.260638    0.0462135      0.20202    -0.240381    -0.157836      0.19302     0.155022    0.0380684    -0.221166     -0.28967    -0.134661     0.258897      0.28872   -0.0505872   -0.0317576   -0.0697631     0.180411     -0.14974      0.16408    -0.202731   -0.0500127   0.00675245    -0.175889     0.193124     0.156051    -0.304836    -0.082938    -0.014231    0.0549545
   -0.117994    0.0971931    0.0533103      0.20617     0.120937   -0.0644889     0.109472     0.132488    0.0827897   -0.0163655    -0.288819    0.0663286    -0.419074    0.0685353    -0.172538    -0.199538   -0.0515956     0.209805   0.00386327    0.0772384     0.135078    0.0706724     0.155852     0.080682     0.132537     0.204961   -0.0274119     0.249621    -0.158965    0.0708459    -0.372713     0.138379
    0.101642    0.0350102    -0.198016    -0.332727    0.0104249 -0.000638702    -0.319522    -0.116699    0.0830587    -0.251971    -0.315666    -0.022898    0.0369605   0.00961741     0.170238   -0.0498648     0.446582    -0.196992     0.138445    -0.281685    -0.219079     0.197648      0.22912     0.482603     0.514559     0.106536     0.233951    0.0608291    -0.608128     0.365178   -0.0401949   -0.0693023
    -0.01337    0.0331916    -0.358596    -0.297822    -0.233351    -0.251126   -0.0610305    -0.099839    0.0177186     0.170415     0.239844    -0.350703   -0.0509828     -0.08728    -0.109827     0.120111   -0.0602492    0.0137238     -0.07497  0.000224928    -0.294318    0.0145505     0.159657    0.0162593     0.136569    -0.288501     0.104947    0.0433546    -0.284775    -0.176003   -0.0841512    -0.105419
   -0.228482     0.180121    0.0206458     -0.14099     0.296277    -0.265768    -0.238851     0.193568     0.132801     0.106172     0.112619    0.0262263     0.159701     0.235041    0.0208598     0.177161    0.0920235  -0.00120989    -0.110108    -0.115657    -0.123486   -0.0593117     0.101705    -0.324518    -0.121163     0.203438    0.0574814  -0.00485198     0.227527    0.0569527    -0.172188     0.155248
   0.0813003    -0.127845    0.0195946     0.223713    -0.285907     0.323751    -0.343965   0.00120949    -0.153749   -0.0578775    -0.268383   -0.0573078     0.140355     0.441139   -0.0460399    -0.312178     0.332329    -0.268398   -0.0922521     0.311458    -0.298325    0.0740981     0.176086     0.183918     0.355952    -0.230904     0.170268    -0.115744   -0.0368797     0.403474    -0.213489   -0.0797606
   -0.134763   -0.0332232      0.21087     -0.20845     0.342813    0.0397736    0.0839915     0.113131  -0.00395356    0.0930651     0.154943   -0.0603722  -0.00772608    0.0316545     -0.10968    -0.270826    0.0498522    -0.103204     0.223427     0.190334     0.039003   -0.0811641    -0.146536     0.300798    -0.276004     0.103364   -0.0808838    -0.203939     0.140581   -0.0517446     0.333504    -0.339169
    0.115726    -0.151298    0.0963675    -0.261948    0.0376048    -0.245121    -0.546531    0.0794675      0.11357    -0.209201      0.13242     0.157609     0.028599    0.0148714    0.0932097    -0.223655      0.31852     0.124154   -0.0863494    -0.130718     0.102265    -0.279843   -0.0893688    -0.169248      0.25084     0.403861    0.0570526    0.0624063    0.0599075    -0.127666     0.121945    0.0931456
    0.161915   -0.0482248     -0.11793   -0.0777496     0.169013     -0.20005    -0.197412     0.270025    -0.190956     0.317449     0.158598    -0.197252       0.5193     0.356044   -0.0274272    -0.386271     0.443667    0.0566366     0.239007    -0.235329    0.0705181   -0.0426628     0.420542    -0.081505     0.272698       0.1721    -0.136657      0.15211     0.426605     0.130335    0.0145231   -0.0986571
   -0.328174    -0.144895    -0.267949   0.00481378      0.34765     0.330762     0.212985     0.141204   -0.0653947    0.0325421   -0.0841189    0.0774511   -0.0604245     0.211361    -0.176598     0.311657     -0.19467   -0.0275732      0.32289    -0.310684     0.479578     0.279682   -0.0134044    -0.124729   -0.0156518    0.0177825    -0.257728     0.325492    -0.289718    -0.119951    0.0837335    0.0390903
     0.19737    -0.109723  -0.00488089    -0.538208    -0.195081       0.1018     -0.32091    0.0358779    0.0651609     0.256582    0.0105231     0.123112      0.22688   -0.0683033    -0.133925    -0.215451     0.787113    -0.251452   -0.0950828    -0.297396     0.157176     0.137446   -0.0477478    0.0953818   -0.0732865    0.0151466    -0.171269   0.00391398    -0.202081    -0.424935     0.119525    0.0899139
  -0.0795704    0.0315718     0.352061      0.42077     0.656604    -0.294941    -0.211306     0.114648     0.206507    -0.278023   -0.0646051 -0.000154532    0.0607751     0.112215    -0.472867     0.104412    0.0731723     0.135007      0.40247    -0.431193   -0.0552531     0.162739     0.435377     0.271278    0.0416202     0.224637     0.276144    -0.199306    0.0366232   -0.0601365    -0.109756     0.080076
    0.138821     -0.18878     0.128155    0.0969366     0.284651    -0.170329    0.0267977    0.0880583   -0.0995663    0.0533882   -0.0672664    0.0593054   0.00952049   -0.0596827    -0.069126     0.164709    0.0424497    -0.177595     0.162009   -0.0715203    -0.199044     0.232897     0.313887     0.230997   -0.0717158   -0.0836398   -0.0626209     0.280811   -0.0194149     0.106299     0.221737   -0.0963358
 -0.00998737   -0.0593895     0.225917   -0.0768895     0.267562    -0.179723    -0.413973    0.0922337    0.0379319    -0.187101    0.0236669     0.423112    -0.276058    0.0574025    -0.308457    -0.503042     0.134507     0.287613    -0.150037     0.110481     0.192852   -0.0154449     0.130376   -0.0219106     0.173588     0.153381   -0.0601746    0.0408375     0.272232    -0.441086     0.263492    0.0656365
  -0.0387656    -0.464781     0.155838   -0.0771478     0.202666    -0.106384    -0.272524    -0.332915     0.118354     0.169561   -0.0142088   -0.0402593   -0.0083608    -0.213467    -0.132855     -0.18711     0.106301     -0.44088      0.13532   -0.0182431    -0.242542    -0.283951     0.216649    0.0239753     0.278804     0.297747    -0.232807     0.104086    -0.339713     0.104907    -0.365326    -0.110613
    0.494433     0.174131     0.204789    -0.436393    0.0230217    0.0379846    -0.877312     0.472594     0.073794    -0.275611     0.196623   -0.0237019    -0.139199   0.00318635    -0.245268    -0.281485     0.797027     0.310681   -0.0283754     0.314449     0.121666     0.399261     -0.21875  -0.00811814    0.0874462     0.220816    -0.272728    0.0191547    -0.336831    -0.397207    0.0136082    0.0555689
   0.0130321   0.00424147     0.264075    0.0537264     0.231517     0.172958    -0.461562   -0.0555649   -0.0234519   0.00340929    0.0505064    0.0609012     0.030556     0.147987    -0.367919    -0.365776     0.114693     0.027369     0.117324    -0.226034     0.412409   -0.0782471     0.237938     0.490619     0.172339  -0.00930258    -0.174731     0.273192   -0.0282799   -0.0290794    -0.190016    -0.212246
   -0.135933     0.138224     0.308051  -0.00988273     0.223084    -0.126695    -0.185241    -0.205534    -0.132441    0.0457828    0.0545637   -0.0631475    0.0139579     0.074558    -0.217076    0.0934171    0.0689812    -0.189138     0.061906     -0.12458   -0.0191888     0.366501    -0.145087   -0.0703906     0.205804   -0.0357677   -0.0275699    0.0130501    -0.191824   -0.0769553   0.00692994     0.297785
   0.0354166   -0.0121929    0.0650572   -0.0109657    -0.408029     0.101465     0.139048    -0.231531    -0.150595    0.0662628   -0.0948203   -0.0919756     0.230817     0.445871    -0.277262    -0.145939    0.0208089   0.00970375    -0.418276   -0.0709112  0.000984247    0.0390183   -0.0605477    0.0404786   0.00275394    -0.196355    -0.032024    -0.116891    -0.159094     0.154031      0.14016      0.12606
   0.0114888   -0.0447899   -0.0235414    0.0118553   -0.0286361    0.0619414     0.271207    -0.107277    -0.179286     0.119119    0.0329884   -0.0724473    0.0708913   -0.0367662    0.0219856    -0.022988    -0.142204   -0.0902912    -0.172082    0.0350043    -0.097569      0.15264    -0.196889     0.186617     0.317668    -0.455857    -0.303142    -0.118498  -0.00692338   -0.0431813     0.231863   -0.0847432
-0.000770814    0.0513779     0.143758    -0.542304    -0.210138     0.155896   -0.0497869     0.105497    -0.228348   -0.0667977    0.0299084     0.115932    0.0430307   -0.0283735    -0.122211    -0.378342     0.207215   -0.0795872    -0.200025   -0.0717477    -0.147837    -0.463777    -0.212794     0.193281    -0.121435    0.0520423   -0.0130216   -0.0935943     0.188478     0.404546    -0.167916   -0.0805227
  -0.0620065   -0.0700524   -0.0238566     0.243538    -0.113568    0.0719854    0.0633114    0.0353661    -0.203277    -0.445745    -0.182296    0.0958861    -0.619594   -0.0645126   -0.0797782    -0.198922    -0.103106    -0.199291     0.246393     0.237255    -0.331218     0.189053    0.0941843   -0.0418225    0.0761183    -0.199068    0.0951115    0.0522156   -0.0978091     0.763311    -0.204777   -0.0123315
  -0.0651027   -0.0587672    -0.175087     0.199139     0.208465      -0.2774    -0.218267     0.335378     0.114444    -0.254535    -0.065258    -0.225598   -0.0621046     0.320649    -0.278671   -0.0887905     0.364893     0.194986    0.0465608     0.103433     0.083316    -0.194665     0.216825   -0.0969139     0.410108    0.0707433    -0.237056     0.356116    -0.327364   -0.0668227   -0.0713595    -0.120548
  -0.0624796 -0.000790975    -0.100732    -0.270534    -0.232499    -0.264483     0.097952    -0.040672   -0.0943192    0.0701953     0.166424     -0.23314    0.0771086    -0.126184    -0.247273   -0.0857477   -0.0865068     0.149893    -0.206653     0.103364   -0.0563798     -0.22546      0.31567     0.137561    -0.030271    -0.121851    -0.229857    0.0616548    -0.141641    -0.221085    -0.440719    -0.150931
   -0.107052     0.277947   -0.0662923    -0.160619     0.108827     0.201091    -0.890215     0.191683    -0.094864    0.0461321     0.170491    -0.227978    -0.108019     0.440767    -0.268441    -0.392707     0.879632     0.185927    -0.131824  -0.00893754     0.208027      0.31348    -0.221032     0.065804    0.0383607    -0.244911   -0.0718275     0.350136    -0.325066    -0.127304     0.145983    -0.320214
-6.28789e-05     -0.40786    0.0393152    -0.366678    0.0807793    0.0364168       0.2467     0.342143    -0.152383   -0.0385908    0.0292918    0.0400405     0.227465     0.136906  -0.00412653     -0.27312    -0.104625     0.156824   -0.0660924     0.153977    -0.120643      -0.3036     0.222279     0.109289      0.21922    0.0641987    -0.107226    -0.125054   -0.0578641   -0.0250763    -0.171129    0.0105792
   -0.408611     0.181333    -0.113902   -0.0185007      0.26662    0.0282615     0.128788     0.278063     0.151131     0.136959      -0.3729     0.130466     0.102574     0.014238    -0.399819    0.0667429     0.041137     0.161471   -0.0579729     0.439911     0.019441     0.211863    -0.213705    -0.117544     0.206122     0.421842    0.0959211     0.464124    -0.131514    -0.742522   -0.0576061    -0.109502
   -0.272733    -0.324291      0.39503     0.165035      0.35987    0.0849747    0.0501742    -0.498979    -0.152995     0.350941      0.42373    0.0827619   -0.0744971    -0.225695    -0.320117     0.236062     0.310883    -0.241281    0.0114421    -0.187758    0.0398725   -0.0690276     0.388277    -0.284612    -0.210129     0.241506     0.035513     0.255991     0.507256    -0.300862     0.392375    -0.087746
   0.0599458    -0.205791    -0.141703     0.386419    -0.104408   -0.0414028     0.318027      0.33461    -0.161742     0.285652  -0.00844288  -0.00903846    -0.141639     0.021943    -0.227598    -0.362815    -0.206508    -0.505755    -0.322522    -0.173684     0.179597     0.413941      0.18967     0.184062    0.0214806    -0.163195     0.038232     0.398434    -0.535226    0.0822543   -0.0808331    -0.254919
   0.0620342    -0.392007     0.347334    0.0705725    -0.246017    0.0992596    -0.389926   -0.0863741   -0.0773177    -0.155635    0.0770457   -0.0169565      0.22578   -0.0801068    0.0540731    -0.221164     0.232636    -0.448555    -0.311739     0.175326     0.196414     0.177936    0.0239816    -0.190853     0.643872   -0.0919853     0.334214   -0.0339981    0.0772089    -0.286488     0.157932    0.0343708
    0.108432      0.30811   -0.0900694     0.128017     -0.15215    0.0288872     0.253498    0.0836562      0.18746    -0.353348      0.32989   -0.0825812    0.0147305    -0.208529    -0.127564   -0.0565782    -0.131037    -0.126121   -0.0410148     0.134518    0.0377239    -0.105748    -0.112402     0.054319    -0.199833    -0.223719     0.159719    0.0375662    0.0985787     0.275501     0.296212     0.557863
   0.0247608    -0.144337   -0.0375004    -0.286539    -0.273429    -0.236361    -0.122049     0.324612    -0.098989    -0.068287    -0.108329     -0.17745   -0.0756969    -0.177089    -0.153739     -0.66753     0.470808   -0.0983433    0.0317458   -0.0725541   -0.0489829    -0.167967     0.134063    0.0995063  -0.00831837    -0.231741   -0.0763419   0.00894191    -0.242362    -0.289347    -0.306776   -0.0118695
   -0.100308     0.285915   -0.0270416    -0.377308    0.0056841    -0.121109    -0.482413     0.316026   0.00806316      0.21728    -0.222007     0.222685    -0.198567      0.25079    -0.265008    -0.467587      0.12327     0.183662   -0.0161147    0.0528938    -0.158632   -0.0898339   -0.0810944   0.00434978      0.21797     0.145563    0.0487251      0.38614    -0.252697   -0.0692885    -0.180668    -0.112317
   0.0814732    0.0627706  -0.00969908     0.162712     0.170684    -0.091359     0.244342    0.0811455     0.278378    -0.101708     -0.28328   -0.0379791   -0.0306835   -0.0517905    -0.129454    -0.160747    -0.141382     0.232913    -0.312551     0.178699     0.247914     0.108652     0.237377    -0.195591    0.0932735     0.139362    0.0441298     0.506419    -0.121452     -0.10367    -0.252863    0.0820593
   -0.101203    -0.241233     -0.10408    -0.381081    -0.142017    0.0272723   -0.0462306    -0.340354     0.185032    -0.274876     -0.15045     -0.51963    -0.548279     -0.17586    -0.151319     0.094502     0.152878    0.0959031    -0.147062    -0.227151    0.0201445      -0.1271    -0.239125   -0.0271189   -0.0892126     0.018602    -0.146069    -0.128797     -0.14943    0.0365688     0.420508     0.287132
    0.142084     0.096592    -0.251875     0.293303     -0.33244     0.121887    0.0265908     0.331899   -0.0384078     0.569021    -0.533949     -0.11083     0.148844      0.11001     0.268023    -0.161242     0.133745   -0.0380506     0.184765    0.0483863   -0.0406744     0.314168     0.119173     -0.19883   -0.0103073    -0.329647    0.0565639     0.324052    -0.245622    -0.091397    -0.330264   -0.0493434
    0.130434    -0.105756     0.104634     0.194256    0.0978493     0.309258     0.323465   -0.0734279   -0.0257066   -0.0497522    -0.321527    -0.109089     0.379615     0.137939    -0.172827   -0.0579825    0.0863373    -0.187784     0.107016    -0.156707    -0.306681   -0.0570072     -0.20743    0.0563601    -0.168656     0.200457    -0.122157   -0.0798063   -0.0769506    -0.180524    0.0459995     -0.31758
   -0.135312    -0.033406    0.0278727     0.154711  -0.00574102     0.243684     0.180655    0.0136705     0.037299     0.297965    0.0450691     0.288337    0.0882061    -0.110524    0.0604705      0.27194     0.312626    -0.599639   -0.0727034    -0.324639    -0.234074    -0.172289   -0.0882532    -0.166444     0.270412    0.0527382     0.134143     0.189101   -0.0757584    -0.211019  -0.00184568    -0.478032
   -0.397145    -0.375774     0.263974     0.120587    -0.170075     0.219326     0.210019    -0.286602    -0.090234   -0.0548946     0.219203     0.122508     0.378503     0.359608    -0.202177    -0.129282   -0.0111669    -0.131264    0.0142458     0.113539     0.194565   -0.0744224     -0.13453     0.260922    -0.378633    -0.047369     0.369685     0.110859     0.414906    -0.125307     0.280633    -0.217617
   0.0401565   -0.0825832     0.110065     0.175218     0.349105   -0.0627708     0.195394    0.0137104     0.520925     0.499779    -0.423962    -0.230447    0.0707522    -0.502083    -0.192764    0.0598282    -0.302581   -0.0407265    0.0551131     0.162964    -0.223215   -0.0991308     0.202746     0.200589     0.115488   -0.0940978     0.508836     0.285889     -0.35118    -0.359815    -0.123409    -0.373854
    0.224174    0.0895204    -0.207858     0.198542    -0.468413     0.436173   -0.0876048  -0.00655473    0.0280394   -0.0229856   -0.0457386    0.0859354     0.325213    -0.226754    0.0421024   0.00361085    0.0143815   -0.0275894    -0.016666    -0.103794     -0.13844     0.147345   -0.0877307    -0.102661    -0.185571    -0.142546   -0.0985334   -0.0200911    -0.243484    -0.323792     0.250947     -0.11159
  0.00970869     0.158317    -0.359313     0.231156     0.168734     0.249662     -0.21704   -0.0706193 -0.000815363     0.265344     -0.28443   -0.0606653    -0.022135    -0.037396    -0.511548     0.163171     0.449202    -0.152365    -0.104588    -0.296574     0.105032     0.115374     0.305438      0.18423   -0.0914002     0.199201    -0.319231    0.0308244    -0.260441    0.0966349    -0.116346    0.0476101
   0.0689052   0.00336316    -0.148017    -0.378012   -0.0703673    -0.116037    -0.512601      0.18756   -0.0881314     0.217482   -0.0909965    -0.141192   -0.0684851    -0.162316   0.00507073    -0.600061     0.594504    0.0319002     0.133588      0.14482    0.0241021   -0.0625364    -0.311931    0.0742031     0.141961    0.0770592   -0.0757717   0.00980369    -0.365707     0.195329   -0.0692425    0.0627902
   -0.110554     0.049017   -0.0665179    -0.102428  -0.00895879    -0.037422    -0.393173     0.132076    0.0535241   -0.0855866   -0.0454953    -0.228464    0.0457849     0.471103    -0.188975    -0.240339     0.278449    -0.118553    0.0308485    -0.108057    -0.293495     0.112007    0.0197673    -0.376424    -0.223128   -0.0191405    0.0557406    -0.245977     -0.28046   -0.0756431    0.0031857     0.121623
   -0.145301     0.104974    -0.318372    -0.241991    -0.442708    0.0662567    -0.163836    0.0589389   -0.0197964    -0.165687     0.321884    0.0755626    -0.240025    0.0613219    -0.055061     0.109831     0.370585    -0.192212    0.0567816    -0.317882     0.306338    0.0978473    -0.182132     0.180672     0.187852    0.0405437    -0.282373    -0.237285    0.0126224    -0.252766    -0.159742    0.0689596
   -0.204975     0.224885     0.282798     -0.25003   -0.0252313   0.00786013    -0.175609   -0.0868055    0.0736154      0.06251     0.329261     -0.24395   -0.0249218    0.0517166    -0.163362     0.145953    0.0527038      -0.2175     -0.43209   -0.0895275    0.0278851    -0.216039     0.141443     0.264843    0.0179028    -0.402104  -0.00172731    0.0187331    -0.124761     0.152671     0.235247     0.104858
    0.307917    -0.134789   -0.0790373    -0.264242     0.479683   -0.0580936   -0.0450505     0.176322   -0.0320762    -0.164061    -0.262781      0.16245     -0.21018     0.189939    -0.315941     -0.41524     0.543399   0.00929583    0.0145043     0.146003    0.0332254     0.378951     0.117498      0.32863    -0.177559     0.104836    -0.340521   -0.0812332    -0.427295    -0.115936    -0.176027  -0.00915687
   -0.133675   -0.0685552      0.38889     0.339361     0.285167     -0.15864    0.0945911  -0.00620246     0.128009    0.0774841     -0.12377    -0.139095      -0.4829    -0.333299    -0.190579   -0.0879175     0.209817    -0.387962     0.128925    0.0195362    -0.172718     0.178234     -0.28103     0.133328     -0.16446     0.274141     -0.30266    -0.106323  -0.00833614    0.0890576   -0.0378768    -0.133837
   -0.115556     0.326042    -0.145178    0.0868315    0.0825246    -0.109096    -0.548673    -0.042507    -0.037657     0.293023    -0.176134   -0.0559711   -0.0178619    0.0613315     0.151024  -0.00455348    -0.497873     0.216691     0.293082     0.272023     0.082226     0.439452    0.0803273     0.146263   -0.0871777   -0.0752055     0.130357    0.0732875    -0.185917    -0.270033   -0.0406321    -0.217997
   -0.182727    0.0413897     0.291823    0.0513615     0.342409    -0.170261   -0.0132637     -0.30912     0.312446     0.211256    0.0961175   -0.0122266    0.0451034      -0.3342    -0.390517      0.07788     0.150258     0.131704    0.0822254     0.067081   -0.0641198     0.156264    0.0168575    -0.128152    0.0757507     0.170022  -0.00250499     0.156539    -0.112122    -0.388313    0.0173671  -0.00882464
    0.186702    -0.139949     0.230105   -0.0771367    -0.298966    0.0803576     -0.39174      0.33458        0.234     0.657617    -0.196009     0.252352     0.291842     0.289607    0.0582852    -0.367082     0.293501    -0.229468   -0.0210641    -0.366009     0.440653     0.301609     -0.18343      0.31642   -0.0165131     0.202199    -0.314937     0.035803    -0.314934     0.101134     0.116885    0.0556034
  -0.0348247    -0.148549    -0.329039    -0.524844    -0.252676   -0.0547739    -0.505869    0.0601944    -0.289371    -0.311604    -0.184118    0.0643622    0.0629661    -0.308541    -0.284921    -0.653351     0.877566     0.186756     0.112984    0.0391902   -0.0135602    0.0151263   -0.0198942    -0.223869     0.260748    0.0324962    -0.163333     0.124523     0.225499    -0.279851    -0.182128    -0.397409
   -0.291492   0.00217335    0.0249016   -0.0604532    -0.315237      0.19818    -0.252488    -0.273708   -0.0166679    0.0860072    0.0763843    0.0205791   -0.0906327    -0.335553    -0.400896     0.218678  -0.00148584    -0.393485   -0.0719336    -0.334951    -0.187009    -0.167968     0.325287     0.456805    -0.192734     0.145665    -0.298428    -0.101343   -0.0764797     -0.13338   -0.0361374     -0.26448
   0.0208611     0.116823     0.184719     0.170045   -0.0113975     0.301987     0.274348    -0.118194     0.128153    -0.193183    0.0452758      0.20653    -0.116007    -0.117296     0.117726     0.404678    0.0277411   -0.0486028    -0.179769   -0.0271742    -0.157633     0.195611   -0.0131919    -0.640122     0.158477    0.0358154     0.166897     0.173912     0.048635   -0.0774753    -0.128107      0.12951
   -0.104182    -0.107141    0.0093188    0.0759691   -0.0919774    0.0999703     -0.29161     0.183137      0.20877     0.377732    -0.386526    0.0698876    0.0681399  -0.00221299   -0.0556628    -0.138477     0.509366    -0.303987   -0.0367054   -0.0589655   -0.0682184     0.288634     0.421162    0.0687512   -0.0752336     0.078564    -0.125026     0.451452    -0.123524   -0.0078026    -0.307056    0.0440114
  -0.0183433     0.126462      0.45416     0.295408     0.247401     0.359269    -0.167736    -0.378782     0.484472    0.0558707    0.0283617     -0.44213    -0.347025    -0.716061     0.140187     0.448708    -0.175955   -0.0742618    -0.119805    -0.272979    0.0949962    -0.859022     0.548942     0.318145    0.0633214    -0.125456    -0.437463     0.640851    -0.230227    -0.378423    0.0801281     0.223986
    0.321656    0.0267124   -0.0651716   0.00207239     0.221164     -0.34498    -0.578609     0.282628    0.0648124    -0.176146     0.108559     0.345874     0.051016     0.110022    -0.326384    -0.482907     0.171305     0.218784    0.0755144     0.285695    -0.122379   -0.0870504    0.0788723   -0.0735017     0.158473     0.127832    -0.248403    -0.228583    -0.369982    0.0829434    0.0711729      0.10512
   -0.174493    -0.160209     0.117802    -0.331621    -0.124972    -0.101543    -0.133159    0.0973653   -0.0156731     0.251044    -0.157823    0.0900636     0.173842    -0.024859     0.348526    -0.116453     0.374542   -0.0129514    0.0439228     0.319871    0.0825342    0.0549287    -0.292515   -0.0718167     -0.20889     0.251998      -0.0725    -0.164798     0.154719    -0.271015     0.187572    -0.077509
    0.242123   -0.0807221    -0.122352     -0.23998    -0.102333    -0.259482    -0.186819     0.331744     0.266889   -0.0263439   -0.0650882    0.0644325  -0.00485582    0.0852783     0.200275    -0.180854     0.168045   -0.0825729    -0.104806   -0.0779727     0.386996      0.34383  -0.00917188     0.262289   -0.0449207    0.0125035   -0.0262246   -0.0339539    -0.459468   -0.0256763     0.105259    -0.213069
    0.398119    -0.264164    -0.201103    -0.220289    -0.460704    0.0834539     0.193386     0.651475    -0.150802    -0.139876    -0.127836      0.29569     0.206915     0.533212     0.100721    -0.486473     0.325939     0.206958      0.51681     0.364813    0.0271335     0.251663     0.121149    -0.190948    0.0785076    -0.108676     0.242907    -0.199941     0.504899   0.00419918    -0.274352     -0.27911
   -0.303865    0.0200663   -0.0253802    0.0759667    0.0603648     0.324194   -0.0285712     0.250524     0.234369    -0.230899    -0.295805   -0.0551221    -0.246348    -0.226688     0.338342    0.0966813   -0.0482471  -0.00158956   0.00331699    0.0807856    0.0171373   -0.0170264    0.0769585    -0.231782     0.107039    0.0699761    0.0354926     0.130651     0.168054    -0.103783    -0.136158      0.32899
   -0.262253   -0.0681542    -0.265773    0.0161076    0.0562568    0.0388191    -0.306956      0.20991     0.191742     0.189573    -0.380844   -0.0903559    -0.178519      0.26798     0.067125    -0.384282   -0.0910476   -0.0334477     0.015725    -0.427847    0.0359302     0.273477   -0.0120753     0.173697     0.142752    -0.125637    -0.335549     0.177107    -0.218366    -0.132551    0.0420921   -0.0999367
   -0.148201    -0.417962     0.108742     -0.22915   -0.0197245    -0.219609    -0.385833   -0.0710979     0.161144     0.376618     -0.23594     0.293364   -0.0934571    -0.073212    0.0507079    -0.411841     0.236902   -0.0315246   -0.0457159    -0.136646     0.344205     -0.18669    -0.319943    -0.277296     0.356378     0.118789    0.0934247    -0.155122   -0.0870872    -0.252282    0.0674211    0.0320417
  -0.0756252    0.0130061   -0.0811655    0.0169213     0.774056   -0.0876299    -0.212765    0.0160936     0.335395      0.16006    -0.394415    -0.114946    -0.102319     0.214679    -0.358109      0.20985     0.230465   -0.0825599    -0.072141    0.0404149     0.123201   -0.0749287      0.14776     0.146511     0.281477   -0.0924782    -0.100491    -0.103432   -0.0996389   -0.0954944    -0.368585    -0.024285
    0.133388     -0.13101    -0.419956    -0.393313     0.617634    0.0532136    -0.272477     0.129481    -0.709241     0.202365     0.181994     0.143028     -0.53521     0.164766   -0.0622941     -0.19782     0.321187     0.204861     0.252627    -0.415834    -0.588661      0.50269   0.00682488    0.0572516     0.314255    0.0885192    -0.318876   -0.0706126    -0.370383    -0.369301    0.0887567    0.0141995
    0.216916   -0.0716774   -0.0837569      0.32368     0.164238    0.0637784    -0.118745     0.276984   -0.0777207    -0.164234   -0.0924523   -0.0601259   -0.0896307    0.0612051    -0.112895    -0.202338    0.0212477   -0.0704509    0.0537121      0.22171   0.00219144    0.0175308   -0.0748383    -0.284351    -0.388382   0.00208966    -0.165583     0.266344     0.472603    0.0161252   -0.0290438    0.0759209
   -0.108697  -0.00496295    -0.197827    -0.103729     0.361927     0.274505    -0.249279   -0.0471506    0.0848361     0.340656   -0.0980758    0.0796605   -0.0850534   -0.0897808    -0.151804    0.0169574     0.755529     0.110048    0.0597942    -0.399923     0.159593    -0.163342  -0.00645885    0.0586382     0.040982    -0.172156    -0.401566     0.379273    -0.193432    -0.587334    -0.218456     0.169625
    0.196481    -0.469978    -0.204648     0.232251      0.15303    -0.273542    0.0855366     0.529671    0.0938281   -0.0636603     0.027668    0.0181056   -0.0131694     0.408169      -0.4169     0.202764     0.227204    -0.221864    0.0662739   -0.0774182    -0.240005    -0.175488    0.0328745     0.336199     0.214387     0.162832    -0.274924      0.24608    -0.232393   -0.0904355     -0.56205    -0.244285
   0.0260367    -0.174116    -0.221902    0.0698881     0.342732    -0.114527     0.181464     0.138505   -0.0844633   -0.0311764    -0.108476    -0.140307     -0.26301     0.281053    0.0556067     -0.07531     0.010105    -0.232517    -0.210375    0.0735875     0.133079     0.111152    0.0646736      0.31198    0.0104763    -0.305597     -0.11649   -0.0539546     0.173473    -0.177783     0.253061     0.166301
   -0.321262     0.066063     0.042191     0.112336      0.12358    -0.381227    0.0405535    -0.289823    -0.175441     0.197013    -0.316621    -0.127132   -0.0278075    -0.161099    -0.138766    0.0973093     0.105103    -0.122229     0.224007    -0.131672    -0.076669    -0.176515     0.181531    0.0547298     0.323911      0.16372   0.00163347     0.219027      0.15871   -0.0147651    -0.407894     0.189185
    0.167026    0.0182773     0.132199   -0.0616213     0.139662   -0.0481374    -0.252773      0.19838     0.330461    -0.157937    -0.125728     0.140107   -0.0931979     0.196058    -0.119693    -0.225948      0.35836     0.102264    -0.247032     0.231259    0.0450497   0.00109524    0.0316018    -0.165783    0.0476863   -0.0702684    -0.139891     0.343922   -0.0900415    -0.287925    -0.425851     0.179412
   0.0693103     0.308094    0.0168777   -0.0269663    0.0145278    -0.119679     -0.38238   -0.0134479    0.0586168     0.350766    -0.230512   -0.0336772    0.0121138     0.188061    0.0963133  -0.00537112     0.153228     -0.45943     0.130693    -0.494851     0.175752    -0.265847     -0.15689   -0.0372449     0.358033    0.0785218    -0.470694    -0.181006    -0.232217    0.0666442    -0.320141    -0.143021
     0.23049     0.204577    0.0268232     0.229392    0.0573012  -0.00210413     0.221353    0.0280411     0.237396    -0.219334    -0.278044   -0.0498718   -0.0918629     0.364899   -0.0836842    0.0131756     0.428735   -0.0847077    -0.137614    -0.253098    0.0627933     0.365653   -0.0753647     0.138127      0.42159    -0.313443    0.0933515    0.0922441    -0.255726   -0.0959051    -0.181353   -0.0975986
   -0.324302    -0.196479     0.215582      0.23507  0.000136662     0.100119   -0.0326537   -0.0486589    -0.206198    0.0581169    -0.132295   -0.0904209     0.250579     0.157362    0.0402076   -0.0145743    -0.164088    -0.325482   -0.0459371    0.0848806     0.162476    -0.118189     0.261061     0.140928    0.0222536     0.240228    0.0147074    -0.111046    -0.427794    0.0743911     -0.31115    0.0510245
