  -0.179735
   0.931528
    1.25805
  -0.748965
   -1.75903
  -0.987651
   -1.59796
  -0.876475
    1.25504
   -1.29931
   0.383537
  -0.495828
    0.04722
    0.42726
  0.0431024
  -0.526638
  -0.614999
    1.00737
 -0.0153118
   0.611593
   -1.72784
   0.559992
  -0.484587
   0.172535
  -0.819951
   -0.69068
  -0.759855
   0.751112
    1.28571
  -0.209087
 -0.0846039
    1.52836
    0.83658
  -0.705233
  -0.923764
   0.657123
  -0.509646
  -0.410395
  -0.335488
  -0.184956
   0.616962
   0.171565
  -0.122614
    1.86122
  0.0969994
   0.715862
-0.00035027
    0.21793
     1.1029
   0.940669
   0.163006
   0.232445
  -0.309189
    1.87108
    1.06083
   0.544105
  0.0419872
  -0.114902
  -0.058856
  -0.196203
   0.324504
  -0.238001
  -0.214638
  -0.174062
   0.221514
  -0.892517
   0.439338
     1.1175
   -1.81747
   0.944469
  -0.792237
  -0.297555
  -0.741121
  0.0458839
   0.669071
   0.367274
   -1.13813
   0.323914
    0.50148
   0.964899
 -0.0646968
    0.24797
   0.891454
   0.426642
  -0.339131
  -0.261953
   0.367628
    -1.1188
  -0.206808
    1.22587
   -1.49101
   0.404718
     0.4957
   -1.61737
   0.636972
   0.916236
   -0.60692
   0.446366
   0.404595
   0.590262
   -0.40299
   0.370368
   0.121552
   -0.38797
   0.544015
   0.621653
  -0.884896
     1.9965
   0.205729
   0.425974
  -0.273836
 -0.0150553
  0.0591937
  -0.141729
  0.0312541
   0.485125
  -0.608402
   0.708968
  -0.404887
   0.419256
 -0.0521996
    1.08841
   0.614057
   0.429859
 -0.0911059
   0.519855
  -0.225456
   -1.01512
