  -0.298036
   0.944718
 -0.0151579
  -0.262961
   0.438716
    0.44186
-0.00978538
   0.265041
  -0.688191
  -0.665126
   0.314646
   0.470333
  -0.129943
   0.246059
  -0.454807
  -0.498591
  -0.191995
  -0.518247
   0.230077
    0.13017
   0.634504
   0.262626
  0.0561973
   0.722644
  -0.469639
   0.156929
  -0.404939
   0.218481
  -0.348341
 0.00355923
    0.31887
   0.103795
  -0.494826
  0.0759441
    0.05784
   0.161083
   0.133544
  0.0809759
   0.368473
  -0.169977
  -0.194661
  -0.218159
   0.383847
  -0.597973
   0.328941
-0.00688095
 -0.0225805
   0.117516
   0.387015
   0.427672
   0.344482
  0.0916002
  -0.441261
   0.229161
  -0.258604
  0.0487767
  -0.312603
  -0.223707
   0.577535
   0.464036
    0.40895
   0.527878
    0.53491
   0.371603
   0.136459
    0.18002
  0.0240517
  0.0388926
  -0.568635
   0.558577
   0.106787
  0.0842698
   0.458795
   0.330972
  -0.581618
 -0.0774285
   0.349769
   0.157544
  -0.305378
  -0.195523
   0.395211
  -0.402136
  -0.509477
  -0.166959
   0.300813
   0.293064
  -0.172765
   0.167576
 -0.0973378
  -0.109417
  -0.213435
  -0.197011
-0.00107619
  -0.520216
  -0.377667
  -0.199947
  0.0589059
   -0.19118
  0.0590906
  -0.234789
   0.398059
 -0.0563361
   0.106056
   0.484989
    0.14651
  -0.378923
   0.621008
  -0.132468
  0.0914837
  -0.144864
  -0.472957
 -0.0165063
  -0.677393
   0.298258
   0.654509
  0.0679736
  -0.165483
  -0.265954
    0.12813
 0.00760375
   0.162852
    0.68442
   0.484903
 -0.0994669
  -0.114257
   0.668577
  -0.170953
   0.340264
