    0.292049     0.137846    -0.111191     0.657025   0.00704691     0.316124   -0.0423527   -0.0149898   -0.0168915     0.102398     0.264272      0.26563   -0.0855537     0.134206   -0.0590947     0.199035     0.126525      0.49943    0.0782164      0.44802     0.259733    -0.134383    -0.248466     0.385686    -0.383679  -0.00532986     0.964439     0.944074      1.02579    -0.915816     0.114702      0.24382
   -0.251813    -0.619099     0.656305    -0.296195    -0.245226   -0.0696194    -0.267667    0.0293197     0.507362    0.0324416    -0.400809    -0.278458     0.179566    -0.470155    -0.811104    -0.731179    0.0273038      1.05459    -0.311637     0.803103     0.110289    -0.468695     0.396372      0.44705    -0.227288     0.104313    -0.257823    -0.173073    -0.280527    -0.281903    -0.395006     0.838848
    0.726106     0.217092     0.464987     0.321018     0.118308    -0.059073     -0.32761     0.422161    -0.527922     0.519902    -0.226638     0.352417      0.19383      0.22254     0.154968    -0.305036     -0.40285     0.426194   -0.0716142     0.170156     0.199297     0.175008    -0.293601    -0.107822     0.296508     0.548604     0.322404    0.0582289    -0.296572    -0.367964    -0.500524     0.409597
   -0.135131    0.0139068     0.295026     0.456188     0.073834     0.200143    -0.052853     0.612088    -0.135546      0.28402    -0.799797  -0.00588754     -0.11116   -0.0553581     0.175574     0.371286    -0.401652     0.231898   0.00769591      0.47593   -0.0913591    -0.221089     0.360891  -0.00327185    -0.235086    -0.319675     -0.32399    0.0634693     0.150127     -0.13059    -0.190121     0.183847
     0.47947     0.144788    -0.117421     0.455435    -0.179428     0.265624    -0.203615     0.302156     0.152661     0.632231     0.132254     0.797144    -0.273776    -0.136731    -0.116739     0.199837    0.0992224    0.0967125    -0.424132     -0.19082     0.470461    -0.129977    -0.045627   -0.0337746    -0.332723    -0.188257    -0.305218    -0.166713     0.252439    -0.338489     0.359122    -0.102233
   -0.143414     0.192293   -0.0777681    -0.106706     0.114771    0.0766738      0.07411    -0.513036    -0.172688    -0.262261    0.0567468     0.306241     0.606641   -0.0916684    0.0971854    -0.488782    -0.077538     0.277015   -0.0230794  -0.00146911     0.428061    -0.274817     0.287336     0.550852     0.250767     0.190659     0.239566   -0.0589503    -0.686298    0.0356879     0.422435    -0.561517
    0.741647    -0.736829   -0.0640857     0.209184     0.420237      0.25666     -0.28295     0.184447     0.209026     0.394173    -0.362913    -0.579065     0.225441    -0.308309    -0.341419    0.0162216     0.845256    0.0589845     0.432202    -0.314299     0.614639     0.313774      0.29389      0.27562     0.425765     0.286377    0.0568159    -0.342021    0.0739626   -0.0137343     -0.41232     0.149664
    0.407509    -0.373295    -0.733726     0.574601     0.473595      0.44515    -0.526806   -0.0942213    -0.440209     0.760149     0.626438     0.233923    -0.344504   -0.0140551    -0.201165     0.854076     0.413492    -0.149087    -0.173213    -0.996379    -0.653371      0.41982    0.0875533    -0.201168     -0.35095     0.305241    -0.178707     0.278855    -0.403546    -0.502655     0.238823    -0.357486
    0.162705     0.168687     0.632645      0.15184    -0.344423     0.405259    -0.507755     -0.36026     0.113045   -0.0594343    -0.210868     0.114339    -0.681449     0.251136     0.155539    0.0699896    -0.211978     0.226516    -0.329664     0.290456     0.634006    -0.391156    -0.123767     0.549479     0.225388    -0.267408     0.754418     0.540593   -0.0837029    -0.145915    0.0459625     -0.46555
    0.137248   -0.0776054    0.0599977    -0.035878   -0.0991731     0.312437    0.0775455    -0.585486     0.157034  -0.00203493    0.0132124     0.119881    -0.323308     0.259734    0.0175495     0.124627     0.113415   -0.0193667     0.418105    0.0229294    -0.424857     0.223325     0.161094    -0.021605    0.0234482    -0.241203     0.535083     0.123968    0.0659747    -0.150786    -0.177722     0.534387
    0.157987    -0.369294    -0.325658    -0.259819     0.264865    0.0344269     0.153917     0.682021     0.315704     0.342895     0.583812     0.167499     -0.56752    -0.191453   -0.0379581   -0.0104952     -0.30429    -0.275576    0.0595127    -0.580703    0.0989188     0.591859    -0.214852     0.561352    -0.100118     0.170324    -0.447845     0.370192     0.404525     0.313038     0.210411    -0.400061
   -0.549087    -0.324974     0.203389     0.532692    -0.635378     0.421792    -0.584762    0.0923681    -0.785265    -0.342704    -0.167629     0.197481     0.441679    -0.140334    -0.234228    0.0609726    -0.245302      0.31196    -0.140782    -0.510985    -0.645099     0.555139   -0.0980411      -0.2656    -0.123879   -0.0735538     0.256991   0.00135655   -0.0323854     0.168385      0.51328    -0.651975
   -0.372051     0.353782     0.291863     0.332129     0.124663    -0.437875     0.225077    -0.224368    -0.171616    0.0105515    0.0673525     -0.47076    -0.109772     0.185373     0.243685    -0.062417   -0.0892722     0.359757    0.0681924   -0.0188067    -0.250651    0.0964378    0.0261006    -0.226851    -0.563867   -0.0503029     0.479269     0.257432     0.918691    -0.470209    0.0175132    -0.590684
    0.352309   0.00733947   -0.0745545     0.563656    -0.381487    -0.123266   -0.0556948     0.322188     0.139033     0.120812     0.208064     0.457455    -0.298157    -0.339471      0.17992     0.204754     -0.31821    -0.221325     0.770915     0.308225    -0.119149    -0.298396    -0.138593     0.397797    -0.294167     0.297511    -0.132425   -0.0997412   -0.0337961    -0.408757     0.482533    -0.406265
   -0.288967    -0.524912    0.0675007    -0.583846    -0.742668     0.387465    -0.244009     0.403612    0.0383912     0.333272     0.166138     0.440751     0.172066     0.381233    -0.119541     0.169227     0.288607    0.0216872     0.738667      0.33306     0.396489   -0.0407428     0.102237    -0.458094    -0.403916      0.34148       0.2888     0.199448     0.280484    -0.362628     0.254286    -0.370703
   -0.304194    -0.429982     0.327191   -0.0388376     0.147124   -0.0960863    0.0301879     0.189033   -0.0278557     -0.10206    -0.128176     0.731284     0.159182     0.570866     0.456804    0.0877154   -0.0757053     0.342582     0.264718     0.181151  -0.00521194     -0.11613     0.196255    -0.130079    -0.382641   -0.0668079    0.0283739      0.19872    0.0838283    -0.930235     0.063259     -0.67024
   0.0999166    -0.259265    -0.190358   -0.0392307    -0.537545   -0.0466304      0.11963    -0.593399     0.320626    -0.236923    -0.356477     0.352685    -0.164961     -0.10905   0.00835703      0.42313    -0.030775     0.299901    0.0123435     0.491359     0.786079      0.39338    -0.196199   -0.0448466    0.0800661     0.452026     0.653212      0.14556    -0.254452     0.141262   -0.0117037    0.0077047
    0.557138    -0.777237     0.418342     0.642259    -0.185824   -0.0263143    0.0525887     0.415859    -0.336439    -0.293482    -0.266627    -0.573795    -0.161067   -0.0424156     0.183528     0.704472    0.0623343     0.298506    0.0373673   -0.0360527    -0.683762      -0.1081    -0.218835    -0.372148    -0.226793       0.3646    -0.452943   -0.0477439      1.16113     0.431321     0.178627    0.0672812
   0.0109284    0.0319809   -0.0895107     0.436578    -0.319459    0.0295891   -0.0936254    -0.166054    0.0106099     0.298272    -0.305046       0.1454    -0.527651   -0.0584376     0.404287       0.4257    0.0399838   -0.0893702    -0.289353    -0.149426    0.0705897   -0.0766757      0.10725    -0.338343   -0.0549847    -0.631777     0.142442     0.189218     0.489869   -0.0241301     -0.27348    0.0155221
   -0.423199    -0.227092    0.0697984    -0.267435    -0.297106    -0.126092    -0.055535     0.362023    -0.167856    0.0225514    -0.140448    -0.218376     0.375264    -0.491323    -0.411622      0.06406   -0.0653269     0.386071      1.28575    -0.356776    -0.388206     0.358035     0.242983    -0.397007    -0.582066    0.0563014      0.43991   0.00368692    0.0192042     0.179745    -0.192536    -0.141731
    0.539992   -0.0487199   -0.0284599     0.103117    -0.193558  -0.00403586     0.152636     0.246036    -0.105413    -0.302169     0.174241     0.187144     0.466843     0.354077    0.0397573      0.21709     0.515263     0.162629     0.140513    -0.310473    0.0563671     0.236539    -0.278105     0.658747    -0.375388    0.0546663    -0.338156    -0.163666    -0.205461  -0.00861293     -0.17481    -0.556663
   -0.415487    -0.150004     0.299115    -0.200548     0.621294     -0.26423   -0.0231952     0.066779   -0.0164961    -0.251461     0.276978   -0.0299588    -0.314294    0.0595862    0.0905509    0.0205422   -0.0140374   -0.0354633    -0.404392     0.443198     0.304894     0.190674   -0.0181855    -0.125067     0.239008    -0.434921     0.448466     0.207079   -0.0478396    -0.227604    -0.165468   -0.0148064
   -0.504875     0.512896      0.32591    -0.164032     0.136547   -0.0730127     0.338141     0.537173     -1.04518    -0.128423     0.285248    -0.157321     0.253522    -0.727448   -0.0541316    -0.424287     0.305347     0.537769    -0.154021     0.139497   -0.0760401      0.13145     0.432457    -0.165896    -0.744089    -0.466351    -0.114578     0.242081    -0.114495    -0.146666    0.0314397    -0.100924
    -0.44659    -0.562482    -0.360454     0.338533    0.0401056    -0.172351    -0.483786     0.541128     0.158914      0.42899      0.37455  0.000231897    0.0134134    -0.509707    -0.272653     0.340073    -0.425701      0.36985     0.422893     0.222338    -0.221768    0.0286508     0.225735      0.49778     -0.79098   -0.0710092   -0.0498665     0.455032     0.511226   -0.0723928     0.350917    -0.263676
  -0.0341006    -0.227343    -0.136738     0.456848     0.568618     0.291825     0.611899     0.349661     0.322783  -0.00870924     0.442874    -0.500062     0.342264    -0.189989    -0.270046     0.299526    0.0110084     0.012017     0.115216    -0.803486     -0.38361     0.535382   -0.0960831     0.296234    -0.285188    -0.021428    -0.351663     0.617565        0.591   -0.0306721    -0.507147    -0.576817
    0.411835    0.0994028     0.162597      0.21207   -0.0809243    0.0924022     0.302015   -0.0774821     0.165529    -0.098186     0.361478    -0.116478    -0.494583    -0.323548     0.606096     0.153509     0.183445    -0.560233  -0.00876068     0.155478     0.193106      1.00845     0.168827   -0.0243469      0.22769      0.20071     0.501254     0.531338     0.187358     -0.23083     -0.25883     0.183499
   -0.182396    -0.245782   -0.0598467    -0.452665     0.323979     0.847336     0.198031     0.440616    -0.518566     0.267558     0.350301     0.176292     0.195918    -0.278564     0.548036    -0.221907    -0.399844     0.366081     0.381919     0.811157     0.111396    -0.543252     0.464109     0.424635    -0.755207     0.164709   -0.0754322   -0.0103743     0.024817     0.133539     0.309225     0.474015
   0.0846065     0.216689     0.122792      0.67036    0.0185306    -0.521492     0.153158    -0.233372     0.331784     -0.27459    -0.374188    0.0575315    -0.613987    -0.281051    -0.675386     0.426054     0.347694      1.05603      0.20379     0.155327     0.144416     0.549498    -0.787755    -0.423998     0.389791    -0.309656      0.33289     0.209705     0.991727    -0.798079     0.441814    0.0918878
    -0.60612    0.0437879    -0.167059    -0.402637     0.262881     0.118853     0.148017   -0.0480853    -0.454859     -0.12267    -0.139192    -0.132883    -0.299146     0.235283     -0.10507    -0.326248     0.506395   -0.0322878     0.706771     0.235925     0.153175     0.952897    -0.242178     -0.56569     0.023229     0.215214    -0.155913    0.0357552     0.688375     0.247549     -0.43654     0.146901
   0.0303514    -0.909427    -0.367819    -0.132707     0.603414     0.346261    0.0686445     0.555657    -0.422803     0.121945     0.232542     0.355969    -0.408993   -0.0428499     0.299917     0.366727      0.16989     0.318376      0.23471    -0.429892    -0.457522     0.983575     0.709657     0.249434    -0.104579    -0.191627    -0.521783     0.219859     0.564758    -0.383154    0.0520445    -0.812586
   -0.160815     0.290979    -0.103321     0.154914     0.105517    -0.325889    -0.459698     0.198379  0.000556719     0.024112     0.605119      0.52948     0.581111    -0.697819   -0.0599106     0.169628     -0.15508     0.219029     0.549026     0.244986   -0.0173292     0.533233    -0.212723    0.0505799     0.136585    -0.497795    0.0893773   -0.0294802      0.27611    -0.433536   -0.0537976    -0.240687
   -0.844568    -0.143032   -0.0470189     0.183024    -0.109467   -0.0747425   -0.0838426    -0.353125     0.203477    0.0896333     0.346789   -0.0842531    -0.372925    0.0109443    -0.413103    -0.524009    0.0654306     -0.38796   -0.0311473   0.00452841   -0.0965266    -0.227856    -0.328015    -0.557769    0.0249935    -0.556355    0.0138547    -0.396107     0.339409    -0.582173     0.449833     0.796917
   0.0516026      0.27357    -0.188854   -0.0876775    -0.165648     0.112551     0.118753    -0.244073   -0.0376595     -0.38964    -0.129453   -0.0883145    -0.413627    0.0180619     0.170204    -0.147932   -0.0807238      0.19502     0.218563   -0.0817174    0.0793916   -0.0665988   -0.0711088    0.0962434   -0.0147726    -0.445516    -0.150068   -0.0994954   -0.0695848     0.164658   -0.0318781    0.0675384
    -1.00958     0.258407     0.315065    -0.378374     -1.14461     0.234814     0.570691     0.251416     0.116213     0.449373    -0.159685    -0.239784     0.262492    -0.087695     -0.13932    -0.276856    -0.344664     0.118719     0.730852     0.611541     0.122967     0.356363    -0.524238     0.304656    -0.977989     0.521512    -0.336705     0.420535      0.64768     0.513914     0.319615    -0.207902
     0.70454    -0.343879   0.00467239     -0.07413      0.21867  -0.00260945     0.184513     0.237182     0.153085     0.104006    -0.250754  -0.00319258    -0.460323     0.427262    -0.262493    -0.331985      0.66371     0.366409    0.0777138     0.133839   -0.0051694     0.202692     -0.17533     0.410854    -0.426014  -0.00649655    -0.117382     0.314487   -0.0989486    -0.507409    -0.219807    -0.891466
    0.007251    -0.107818    0.0199595     0.148642     0.348952    -0.499639     0.318761    -0.382311    0.0258391     0.128063    -0.440762     0.232582     0.456677    -0.459879     0.495112     0.497733    -0.404952    -0.236134     0.478555    -0.364065     0.277243     0.542276    -0.192866   -0.0605875     -0.20512    -0.401722    -0.397111   -0.0415426     0.313156    0.0801105     -0.48783   -0.0760114
    0.365482     0.555401    -0.330056     0.233053    0.0715924    -0.586295    -0.140755    -0.141467     -0.16276   -0.0799952     0.375482    -0.157833      -0.2906    -0.561863    -0.275544     -0.17774     0.531272     0.331669    -0.392403    0.0947754    0.0568262   -0.0724351    -0.147496     0.404828    -0.214383     0.164471      0.29665     0.342341     0.196267    -0.558129   -0.0330397     0.354271
    0.467434   -0.0538448  -0.00989349     0.109501   -0.0391631     0.174028   -0.0707648     0.793591      0.13061    -0.434464    -0.736062    0.0478138   0.00368787 -0.000581178    0.0252412    -0.400537     0.190405      1.07802     0.630941     0.465554   -0.0151427    -0.996836     0.605276     0.183486    -0.146293   -0.0694912   0.00711609    -0.604151    -0.577406    -0.397967    -0.203674    0.0516898
   -0.482502   -0.0503281    0.0515255    -0.579997     0.135012     -0.18373    -0.199234    -0.429113    -0.143539     0.270192     0.359255   -0.0834614    -0.511346     0.191024    -0.135446     0.062508     0.220575     -0.41818    0.0941609     0.268375    0.0694697     0.528307    -0.332918     0.101771    -0.185722    -0.297599   -0.0241962      0.08361     0.155534     0.093437    -0.137421   -0.0689162
   -0.111103     0.565799    0.0942748    -0.206355     0.402225    -0.128491     0.102484    -0.558869     0.484801     0.433459    -0.356166     0.431935   -0.0568321    0.0196975   -0.0673765    -0.165121   -0.0534532     0.632062     0.406018      0.82875     0.179451    -0.256299    -0.255161     0.404066   -0.0176128   -0.0626912     0.147907    -0.556363     -0.58879    -0.706104    0.0960994     -0.22317
   -0.239915     0.762382     0.367085    -0.133347   -0.0285377    -0.297696     0.182479     0.107651    -0.402733    0.0560193    0.0946692     0.170171   -0.0544542      0.21039    -0.147074    0.0296312    -0.207529   -0.0303649   -0.0438298     0.197703    0.0138275     0.111229    0.0672519    -0.157153    -0.583272     0.435611     0.551351     0.150301    -0.218221     -1.22671     0.404177    0.0937629
    0.473687    -0.253063     0.524242    -0.621166      0.23141     -0.33847    -0.048214    -0.203543     0.468018     0.584329    -0.488415    -0.139245    -0.213552   -0.0374248     0.434949     0.459798     0.213265     0.832009     0.247829     0.350273    -0.125846    0.0289722     0.400282    -0.373011    -0.316808     0.289565    0.0262147    -0.119248     0.662052     0.012136     0.114827     0.162231
   -0.127069     0.153305     0.190864    -0.400335    -0.476167     0.620024    -0.248578    -0.295933    0.0797763     0.735061   -0.0568605    -0.274719    -0.258294     0.275159     0.282561    -0.516454    -0.481833     0.492738    -0.384834     0.980016     0.122771    -0.663942      0.28236   -0.0333821    -0.841207     0.705548     0.127136    -0.211031     0.211667   -0.0487423    -0.600095       0.1665
   0.0546939     0.156545     0.427629     -0.30053    -0.324514   -0.0357118     0.375562     0.503906   -0.0235498   -0.0362866    -0.256867   -0.0384514   -0.0465877    -0.138595   -0.0730269     0.300657    -0.390739     0.119576     0.494702    -0.225445     0.386853    -0.145578    -0.357009    -0.322422      0.17517    0.0205716     0.243173   -0.0352884   -0.0719906    0.0838848     0.217147     0.486594
   -0.237034     0.861877    -0.326941     0.493358    -0.374986     0.171756    -0.066363   -0.0503875     0.132692     0.261956     0.151729    0.0365775    -0.616193    -0.448678    -0.332571    -0.260511     -0.25267     0.591108  -0.00685801     0.983438     0.790486    -0.530507    -0.754111    -0.977205     -1.21212      0.83245      0.22843     0.274083    -0.853658     0.247175     0.652026     0.204477
  -0.0846842    -0.359211     -0.21385    0.0725444     0.262077    0.0203651    0.0724765     0.244788    -0.392129     0.242005   -0.0522855    0.0918486     0.398763    -0.244976     0.177357     -0.16536   -0.0712438     0.637443     0.183858     0.205081     -0.11852     0.244503    -0.402727    -0.557805    -0.450422     0.110109      0.49153    -0.383225     -0.11499     -0.15193     0.425509     0.206431
   -0.202435     0.282883    0.0724722     0.148811     0.219338    -0.145476     0.193707     0.155229   -0.0205044    -0.410459    -0.310751  -0.00683969    0.0407319     0.336737    -0.285368     0.231599     0.399869    -0.768838    -0.235069     0.324476    -0.395184    -0.393161    0.0169281       0.3538    -0.240008   -0.0585907     0.381247   -0.0309096     0.487271     0.208625     0.163179      0.18792
  -0.0587674      0.34355    -0.645723     0.930534      1.00177      1.01947   -0.0986607     0.273394      0.29222    -0.546843    -0.417235    -0.444924    -0.254642     0.176458     0.396053     0.117813    -0.513648     0.709122     0.400975    -0.359584    -0.270056    -0.429966     0.534325     0.655782    -0.938158       0.5472    -0.185909    -0.345722     0.652346   -0.0115699    -0.206803    -0.965966
    0.295632     0.347737   -0.0353184    0.0226108    -0.344105      1.00367     0.608721     0.307275    -0.127631    -0.865027     0.199649    -0.645824    -0.173537     0.275471    -0.165757    -0.588666   -0.0904348    -0.386938     0.052514     0.154911     0.113272    -0.989483     0.592469    -0.351963    -0.267416     0.384306    -0.217209    -0.122426    -0.572404    -0.739509    -0.373755    -0.116425
    0.128459    0.0420173     0.452428    -0.306413    0.0432583     0.693865     0.213415      0.27724     0.723752    0.0108425     0.504102    -0.299693    -0.136346     0.836008     0.222829    -0.239534    -0.225644     0.114824    -0.289198    0.0780223     0.481096   -0.0769574    -0.033931    0.0618522    -0.227002     0.265406    -0.134516     0.367569     0.165081    -0.172892    0.0434292    -0.254918
 -0.00925917     0.390274    0.0961878     0.127359     0.419461     0.464031    -0.162524   -0.0420594    0.0818926    0.0539939     0.215616    -0.258814   -0.0934452   -0.0560157     0.277621      0.45239     0.194251    -0.336949    -0.317936    -0.133169      0.43086    -0.568971     0.370907     0.662285     -0.13785     0.564129    -0.312512     0.201555     0.125544    -0.431209    -0.505481    0.0109999
   -0.531407     -0.22859     0.195931     0.419578     0.206096    -0.476527      1.18966      0.09287  -0.00300377     0.829783     0.450293     0.364612    0.0519193    -0.350597     0.325962    -0.135579     0.642306     0.522713     0.777969     0.360332    -0.319073   -0.0706948     -0.58625     0.899548    -0.340649    0.0495487     0.767968     0.547422   -0.0342721    -0.473142   -0.0573927      1.03727
   -0.378124     0.393848    -0.575015     0.343515    -0.222777     0.328253    -0.146318    0.0404503    -0.517884    0.0883154    -0.225337    -0.250286    0.0889829     0.340769     0.106391    -0.211939    -0.204497    -0.270195   -0.0566274     0.496271   -0.0710941    -0.350613    -0.273855     0.136381    -0.358963     0.547325    -0.176184   0.00552292     -0.63811    0.0979211    -0.110796     0.410288
   -0.109563    0.0815126   -0.0947151    0.0520999    -0.535539    0.0184523      0.12697     0.627206    0.0292012     0.589161    -0.152606     0.227085   -0.0732018     0.277103     -0.65604    -0.317789   -0.0599344    0.0150211    -0.455316     0.390441    -0.451105     0.248046    0.0362212     0.215357    0.0912323    0.0675866    -0.176588  -0.00220629    0.0601081   -0.0536455     0.306886      0.27601
    0.219213      0.28058     0.326148     0.338003     0.177825    -0.560179     0.298587    -0.440625    -0.240549     0.259349    -0.662224    -0.316395    -0.392607     0.149086     0.513217     0.244266    0.0871496     0.583069     0.720675     0.429965    -0.621355      0.34639     0.221808      0.53311   -0.0217406    -0.402016    -0.388994    -0.308662     0.245755    -0.323895    -0.106707   0.00777952
  -0.0786009   -0.0368505   -0.0425735     0.672993     0.131924    -0.112738   -0.0205041    -0.678994    -0.807603     0.633878     -0.15929     0.682695    -0.622546     0.531202     0.192423      0.11083    -0.491708     0.468698    -0.192898     0.658119   -0.0473402    -0.161377    -0.685759    -0.232381    -0.327877    -0.379658      0.61773    -0.434475    -0.159106    -0.485293    -0.249404  -0.00535117
   -0.208418    0.0882895     0.422363    -0.294738    -0.133644      1.25982   -0.0424923     0.343008     0.887131    0.0711191    -0.144848    -0.451975    0.0209236   -0.0318252     0.316778    -0.543461    -0.422205     0.887058    0.0547179     0.247595   -0.0856451   -0.0391633    -0.270167     -0.53012     -0.77707     0.166748    -0.362834     -1.05989     0.606358     0.371876    -0.532024    -0.785773
   -0.172541     0.173761     0.929045    -0.146277    0.0597071     0.168981      0.26048     0.108196   -0.0566103    -0.122192    -0.208208     0.245481     0.849626     0.203429     0.218433    -0.439364     0.530969     0.484414     0.111824     0.366419   -0.0606947    0.0902065    -0.220056     0.123973      -0.8095    0.0880228    0.0916102    -0.719632     0.591583     0.217784    0.0240312      0.60687
    0.103922    -0.161186    -0.136108   -0.0789479     0.577329     0.173418    -0.439601     0.104081     0.297828    -0.369443    -0.201972    0.0428807     0.174555   -0.0244938     0.197807      0.40134    -0.370774     0.150286    -0.502325     0.347767    -0.113461    -0.751227     0.874252     0.405513    -0.626042     0.436585   -0.0907587    -0.386657   -0.0412856    -0.569103    0.0952019     -0.29585
   -0.339591    -0.293273  -0.00853489    -0.179752    -0.293809    -0.113655     0.231392   -0.0244457      0.24227    -0.395913     0.600578    -0.682136     0.297267     -0.77478    -0.423601    -0.480151    -0.594534     0.109106     0.444127   -0.0592793    -0.125698     0.071317     -0.48352    -0.352271     0.715515     0.624208     0.400631    -0.238654     0.679783     0.224433    -0.513692    -0.079488
    0.136736    -0.165446     0.487927    -0.334219    0.0214832    -0.388214     0.137033     0.299206     0.260152    -0.226559     0.124653    -0.165933   -0.0850441    -0.185322   -0.0766632    -0.291725     0.160485     0.338847     0.150017     -0.17258   -0.0333449     0.108909    0.0250939    -0.435998     0.492843    -0.193562    -0.202237   -0.0987377    0.0645632     0.206587     0.185461    -0.146052
   0.0836304    -0.333065    -0.315806      0.21245     0.119694   0.00290806    -0.164888    0.0327654    -0.333452    0.0418313    0.0246662     0.379836     0.419556    -0.334905    0.0758261      0.19022    -0.484011    -0.435662     0.503113     0.100709    -0.197807     0.244578     0.380023    0.0222707     0.167924   -0.0827625   -0.0830049    -0.187516   -0.0287663    -0.155714    0.0974272    -0.238221
    0.408906    -0.295013    -0.239202   -0.0330042     0.266172    -0.195664   -0.0185625    0.0213804     0.247374     0.161172     0.268944    -0.274554    -0.173512   -0.0374581    -0.433856    -0.452414     0.323072     0.286095     0.549643    -0.252397     0.322379     0.434144    0.0157158    0.0281605    0.0265242   -0.0685753    -0.307031     0.209884     0.243774   0.00193299     0.507699    0.0167788
    0.116944     0.515768   -0.0998447     0.686617    -0.550277     0.507534     -0.19039    -0.280647    -0.474549   0.00601852     0.186909     -0.19766     0.192826    -0.685559    -0.268596      0.18571    -0.476067     0.035445    -0.252175      0.57216     0.704324   -0.0102044    -0.762022     0.418457     0.178154     0.311867    -0.137789     0.037504    -0.179855    -0.418033     0.386683    0.0438544
   0.0516057     0.148388    -0.295147    -0.206632    -0.351434     0.109226     0.089502     -0.45518    -0.189222     0.349217    -0.711459    -0.420195    -0.171304   -0.0220781    -0.213272     0.206284    -0.371046     0.114465      0.68088   -0.0965323    -0.297569     0.207209     0.633638    -0.613858    -0.352638    -0.179355   0.00326009    -0.135053    0.0740628     -0.46939      0.56966    -0.112052
    0.139025     0.203278    0.0624695    0.0255355    -0.251443     0.156546     0.120575    -0.342422    -0.313861     0.323733    -0.483378   -0.0468883    -0.212646     0.386946     0.214594    -0.406258     0.444121     0.250481     0.675329     0.175087     0.403159    -0.366227   -0.0119365    -0.775237    -0.527848     0.580085    -0.339027    -0.537812    -0.282675    -0.205068     0.279181    -0.579336
    0.550163     0.169104     0.157415     0.366494     0.120268      0.26222     0.140498     0.265262    0.0476844   -0.0379236   -0.0693134   0.00178042     0.220424    -0.418149    -0.239348     0.160892    -0.192915     0.280558   -0.0245863   -0.0107202     0.989235     0.449848    0.0306596   -0.0622359    -0.231819     0.658705    -0.294153   -0.0821923    -0.172581     0.466326   0.00745969     0.136873
    0.370081   -0.0709055    -0.162248   -0.0734942     0.191664     0.256029     -0.20623     -0.21725    -0.307527    0.0412072     0.291305   -0.0317705      0.24665    0.0674317   0.00962811    -0.310576    -0.735744    0.0724113    -0.129362     0.235108    -0.369066    -0.118022    -0.329003    -0.208057     0.340005     0.417044    -0.199642     0.170474     0.130083    -0.263817     0.262282  -0.00267475
   -0.365415    -0.191135     0.541412     -0.54701   -0.0924315     0.194445    0.0228068     0.056512     0.634424     0.180414    -0.196981    -0.510438    -0.150204    -0.416283    -0.228509   -0.0276163     0.829921    -0.262969    -0.108663   -0.0723629    -0.671815     0.272277     0.509931    -0.637368      0.14025    0.0538747    0.0209231    -0.376804     0.813368    0.0321384    -0.797362    -0.424349
    0.304825     0.310235     0.528571     0.210099     0.232502    0.0805209   -0.0779543     -0.18328    -0.449284   -0.0624915    -0.385372     0.700752    -0.398818     0.419527    -0.728711   -0.0711528     0.101361     0.129229    -0.378449     0.566431    -0.111133   -0.0335532     0.101264    0.0122793     -0.34498    -0.488611     0.446877       0.1908    -0.219252    -0.462548    -0.294703    -0.190284
    0.632812     0.386627    0.0187963    -0.306103     0.378844     0.377708     0.720543     0.260281      1.21872    -0.367412     0.309526    -0.894051      0.13828    -0.461719    -0.610621     0.126657    0.0306074       1.2882     0.938496    -0.224851      0.37248     0.129905     0.364051     0.342866     -0.27771    -0.182337    -0.794235     0.781973     0.881421     0.266686    -0.319164    -0.684236
  -0.0952784    0.0881337    -0.313971      1.03929     0.423499    0.0264508     0.839116     0.715683     0.379408    -0.629721    -0.318841    -0.491322     0.194986     0.288934     0.147021     0.113757     0.041057    -0.578525    -0.131127    -0.351221  -0.00394378     0.291193     0.457443   -0.0991738     0.214985     -0.14472     0.169584    -0.671101     0.776398    -0.773892   -0.0289017    -0.185032
 0.000802057     0.715503    -0.293995     0.423743     0.525428     -0.27626     0.514983     0.278691     0.661936    -0.264245     0.424194     0.120035    -0.746187     0.328819     0.468594    -0.214764    0.0564163    -0.160715     0.308929    -0.318978    0.0148871     0.628344     0.346266     0.249203    -0.772164      0.36615     0.497574    -0.150142     0.890969     0.764621     0.184149   -0.0595218
   -0.432591     0.327002    0.0163161   0.00400477    -0.412881     0.244918    0.0434392     0.772321     0.287418   -0.0695857     0.416791    0.0222597     -1.03634    -0.496418    0.0928874     0.477086    0.0749954     0.143621     0.580691     0.118423     0.131904     0.162092    -0.165548     0.529205     -1.18075    -0.585282    -0.833611     0.301473      1.24992    -0.350315    0.0641154    -0.672781
    0.219829    0.0985279   -0.0780103    -0.405869    0.0543657    -0.220476     0.378182     0.345898    -0.312892    -0.299916     0.160714     0.344005     -0.33154    -0.449639    -0.119039   0.00930937     0.288395    -0.253444     0.367772    -0.395803     0.227442      0.20312     0.202289     0.522947   -0.0209093  -0.00192366   -0.0662715     0.150319     0.678749      -0.3371     0.145457     0.446064
    0.266015     0.372208    -0.613439   -0.0417096     0.134393     0.309998    -0.151267     -0.17715    -0.254575     0.228927     0.615353   -0.0290648    -0.209698     0.422601    -0.164949     -0.46084    0.0866422     0.641575    -0.100812     -0.24915    0.0192474       1.0132    -0.115006    -0.360434    -0.493513   -0.0862122     0.123812     0.169387    -0.126606    -0.783699    -0.372831    -0.405203
   -0.408497     0.195963     0.252949    0.0694459     0.240687     0.055327    -0.815227    -0.179647    -0.211489      0.52925     0.348494     0.304813     0.670053   -0.0268614  -0.00182593     0.177311   -0.0603221     0.494576     0.522964     0.223477    -0.348879    0.0461972    -0.122247     0.896622   -0.0346011    -0.115667    -0.201664    -0.114164    -0.261808    -0.415869    -0.324422    0.0968872
  -0.0456641    -0.395112    -0.665415    -0.232943     -0.47598    -0.172517    -0.381726     0.209638    0.0810725    -0.446112     0.291704    -0.100723    -0.018628     0.218021     0.124652     -0.31953    -0.108333     0.168762     -0.37575   -0.0379684  -0.00415282     0.346844    -0.165087    0.0619756    -0.272561     0.296307     0.106371     0.399823    -0.270952   -0.0481012     0.525073    -0.204984
    0.332776     0.119789     0.124396      0.31164     0.387225     0.116045    -0.525084    -0.400108    -0.188639    -0.689767    -0.296409    -0.208147   -0.0032351    0.0408513    -0.427462     0.333557   -0.0283006    0.0618711      -0.1002    0.0402293     0.345978    -0.204829    -0.234767    -0.252154    -0.114997     0.577985 -0.000590299    -0.269975    0.0402416    0.0950471     0.117202     0.179157
  -0.0417664     -0.15177   -0.0432363    0.0291102    -0.144454     0.734004    -0.209077    -0.619856     0.175321    0.0713455    -0.499256    -0.105544      0.16348    -0.128447   -0.0465704    0.0528896     0.363963    -0.271641    0.0833018     0.364069    -0.147632   0.00208219     0.526852     0.270468    0.0843352    -0.240422    -0.436025    0.0597922     0.257759     0.367538    0.0319416     0.114611
    0.238048    -0.263961    0.0595923    0.0457744    -0.440757   0.00823841     0.455622   -0.0670736   -0.0318222    0.0354969   -0.0559699    0.0438583    -0.229686    -0.499132    -0.887168      0.23577    -0.107424     0.146933   0.00991246     0.134123    -0.117177     0.573585   -0.0884019    -0.664277    -0.345974    -0.129319    0.0318941    0.0584837     0.555457   -0.0515258     0.307946   -0.0719494
    0.526043    -0.638129     0.511665     0.502891     0.855886    -0.539768    -0.239198     0.368403    -0.354638     -0.33375    -0.182383    -0.123593     0.335222     0.493936     0.290743     0.229018   -0.0490693     0.831708      1.28731    0.0790362     0.193467     0.244003     0.327804     0.153605    -0.341321    -0.447111    -0.758551    -0.521677    -0.113201    -0.387329    -0.351049    -0.601639
   -0.264693     0.705343    -0.504096    0.0634231   -0.0268202    -0.110977   -0.0583698     0.109984     0.143161     0.350444     0.676108    -0.176849    -0.377089    -0.296615     0.107051    -0.280644    -0.401128    -0.664241     0.805492     0.111633     0.248282     0.513655    -0.443868    -0.105765     -0.22069     0.769908      -0.3254    0.0106537     0.526236    -0.254539     0.619523     0.723856
    0.162906     0.533094    0.0257207   -0.0533369    0.0931846     0.190259    -0.105612   -0.0323637   -0.0479592     0.025997    -0.688884    0.0442841     -0.54626    -0.735649    -0.214191     0.148108     0.325097    -0.777731   -0.0605902     0.551412    -0.373498    0.0642892      0.18091     0.059663     0.295122    -0.673512   -0.0139907     0.464543      0.14667     -0.50062    -0.426312    -0.414276
    0.165688     0.300248    0.0811208     0.213177    -0.640333    0.0618461     0.103206    -0.105989    -0.569767     0.348583    -0.215517    0.0782655    -0.146887      0.23695     0.313373    -0.215222    -0.289021    -0.190045    0.0708957     0.175728     0.484839    -0.144828      -0.5191    -0.427261    0.0601904     0.709828    0.0369067    0.0434658    -0.110216   -0.0653851  -0.00175282     0.534977
  -0.0801579      0.23605    -0.420156      0.10651    -0.281214    0.0352743     0.136256    -0.422033      0.26229    0.0251388      0.22688     0.192858    -0.501685    -0.213403    -0.315745    -0.253376    -0.107112     0.306249     0.672348    -0.153118      0.48478     0.144996    -0.275104    -0.189912     -0.93995     0.115796     0.145898   -0.0760289     0.170025    -0.103044     0.225301   -0.0348924
    -0.20317    0.0854777     0.149411    -0.221131     0.455141    -0.105947    -0.552365     -0.12956    0.0320558     0.793777    0.0915861     0.477668    -0.055105    -0.264638       0.1914    -0.139933    -0.495442    -0.320451    -0.133548     0.280429     -0.18109    -0.493294     0.409611     0.263649     -0.30538    -0.040675   0.00468219    -0.970595     -0.12155    -0.248925    -0.045534     0.222406
   -0.590892    -0.305047    -0.227016    -0.022468     0.492383    -0.356914    -0.691644     0.330133   -0.0163528     0.241469     0.128317     0.363587   -0.0140001     0.179933    -0.161375    0.0703195      0.50846     0.496014     0.323221    0.0750413    -0.358569     0.222639     0.115157     0.167002     0.127545    -0.204003    -0.359192   -0.0457702    -0.117593     0.223755     0.179629    -0.236216
   0.0126019    -0.816553    -0.152598     -0.47392   -0.0411098    -0.529962    -0.570129    -0.354884    0.0972979      0.15425    -0.121653    0.0430677    -0.443698    -0.215871    -0.170599    0.0641648     0.794147     0.298892    -0.452993    -0.900798   -0.0926244    -0.264938     0.329909     -0.31493   -0.0254756    -0.121976     0.410314    0.0210569      0.71412     0.214568    -0.318502    -0.356885
    0.730924     0.263694    -0.558102   -0.0631298    -0.190535     0.564434     0.147581     0.282266     0.174494   -0.0745763     0.154466     0.300097    -0.620052    -0.762451    -0.762505    0.0164614  -0.00442617     0.455431    0.0664638   0.00143123     0.063873    -0.740874     0.130457   -0.0295962    -0.175407     0.460951    -0.141642   -0.0116009     0.731303   -0.0456517    -0.188868     0.371173
     0.86039    -0.177029     0.353147    -0.021635     0.679132    -0.420812    0.0510517     0.659508     -0.27293     0.327881     0.113905    -0.185863    0.0937841     0.549241     0.219062     0.295724     0.106789    0.0555993    -0.251328     0.248433    -0.399546    0.0366015     0.387128     0.489187     0.195142     0.189339     0.228724    -0.254218     0.277523     -0.15198    -0.106168    0.0922069
  -0.0156594   -0.0514999    -0.168601      0.18746    0.0864629    -0.311097      0.15774    -0.438004     -0.50123     0.798817     0.088133    -0.341466    -0.549884    0.0353575     0.399558     0.346311     0.165392    0.0689544    0.0769844    -0.801258    -0.365787     0.744579    -0.203572   -0.0444924    -0.564488     0.799797    -0.750471   -0.0418932     0.570987    -0.620261    -0.880286    -0.124979
   -0.295029    -0.460912     -0.66087    0.0326142     -0.28313    -0.312426     0.145268     -0.23574    -0.689415     0.242207    -0.327291    0.0329645    -0.422286     0.678382    -0.333797     0.222864     -0.26827      0.76455    -0.103224     0.731349    -0.634187    0.0589708     0.268547     -0.44009    -0.935884   -0.0730483    -0.300196    -0.242112    -0.344808    -0.297174    -0.868466    0.0515636
    0.334765    -0.307404     0.281069     0.500258    -0.636971     0.432541     0.149598     0.258652     0.451965    -0.348631    0.0593748    -0.066706   -0.0341058     -0.90225    -0.143302     0.277365     -0.51501     -0.36438    -0.344877    -0.224935     0.394118     0.197147     -1.10964     0.922169     0.206233     0.449181      0.37147    -0.593537     0.539075       0.1911     0.017615     0.481607
   0.0895601   -0.0228844     0.330998     0.114309    -0.227275    0.0310824    -0.248568    0.0355281  -0.00642436     0.293806   -0.0588136     0.197023    -0.166709    -0.125211     0.202016    0.0769917    -0.496084    -0.151559   -0.0294512   -0.0665373    -0.322101    -0.183655    -0.597024   -0.0200323    -0.362486    -0.102007    -0.172812    -0.272011     0.231569     0.173728    0.0917747    -0.214776
  -0.0159301     0.413743     0.137134     0.134857     -1.02275      0.06196   -0.0183247    0.0432606      0.19819    0.0955215    -0.360379   -0.0450803    -0.584085     0.205153    -0.633302     0.621789     0.243629    -0.016807    0.0608128     0.498826     -0.44892    0.0163554     0.339309     0.467781   -0.0668309   -0.0971618     0.418395    -0.367438     0.063425    -0.216653   -0.0395908     0.178964
     0.23663     0.190167    -0.143292    -0.175182     0.309229     0.106778    -0.231677    0.0408806    -0.173642     0.166662  -0.00700416   -0.0331761     0.576431    0.0411833     0.140135    -0.335496    -0.128675     0.256217     0.443164     0.147824    -0.159558    -0.166887   -0.0120634     0.170389    -0.446215      -0.1428     -0.16173   -0.0542431     0.272183    -0.118729    -0.238921    -0.120202
   -0.101622     0.262196     0.179985    -0.819332    -0.287125   -0.0347721    0.0653565     0.150449    -0.121569     0.101731      0.41711   -0.0538943    -0.292882   -0.0590795    -0.092796     0.156125    0.0232729     0.259824     0.153654     -0.18516     -0.16355     0.203596     -0.11621     0.216646    0.0691898    -0.516968     0.220289     0.415998      0.24282    -0.284127     0.605109    -0.110379
   -0.382257      0.21667     0.110977     0.476381     -0.94327   -0.0912637     0.680513     0.211722    -0.189721      0.15825    -0.165658    -0.155807     0.250161     0.259814    -0.151609      0.51534     0.270635   -0.0601448      0.56421     0.460867    -0.273773     0.253052    -0.593426     0.488019     0.241154   -0.0130557    -0.469532   -0.0112687     0.577408    -0.579598    -0.181954     0.124138
    0.438021    -0.314156   -0.0845916    -0.591831     0.223715   -0.0189602     0.273198     0.385766     0.984291     0.414957     0.252871     0.256716    -0.248931     0.182107     -1.18939     0.646464     0.232105      0.47624     0.381037     0.195508    -0.119347    -0.192724     0.421191     0.514239    -0.588573    -0.514286   0.00661656     0.155265     0.662221    -0.381402     0.843652   -0.0933019
   -0.252893    -0.180526   -0.0850479    -0.299081    -0.471837     0.180742    -0.218227     0.609387     0.254117      -0.6421      1.03768   -0.0478384    -0.296146    -0.851368    -0.571789    -0.397984     -0.61103    -0.402037     0.133864     0.354325     0.308449    0.0957656    -0.531456     0.786922    -0.273329    -0.392739    -0.389775     0.256548     0.225446    -0.333514     0.539547     0.147664
    0.420865    -0.290343     0.386417      0.38509     0.459271    -0.198176      0.53553     0.235439     0.150679     0.625685    -0.261627    -0.220736     0.118319    0.0268707     0.250266     0.168687     0.201605     -0.08249     0.330248    -0.415023    -0.651629     0.242493     0.382468    -0.511158    -0.243218    -0.933123    -0.416709    -0.479033     0.568292    -0.467443      0.28479   -0.0738228
    0.533756     -0.36583     0.269346   -0.0723844     0.265962       -0.115     0.317487     0.350012     0.703867    -0.100245    -0.318592     0.266933    -0.440697    -0.161374    -0.446748     0.565444   -0.0106349     0.491387    -0.217271     0.184823    0.0675439    -0.192258    -0.107006     0.159149    -0.175577     0.224217     0.199821      0.26392     0.341898    -0.157329     0.293838    -0.345851
  -0.0721344    0.0462103     0.161175     0.335671       0.2736     0.492306    0.0242121   0.00585501    -0.154449      0.10942     0.777289  -0.00937127   -0.0832224    -0.462954     0.485072    -0.179907    -0.488638     0.442467     -0.24999    0.0501535     0.025555     0.186741   -0.0130114     0.203635    -0.242571     -0.26102     0.240824    -0.664094    -0.374196    -0.225539    -0.379412   -0.0991306
 -0.00961458     0.248489    0.0171654    -0.410189    -0.379121    -0.355584    -0.117809   -0.0525208     -0.36084     0.258349    0.0422873     0.151409    0.0431025    -0.775942   -0.0343651     0.351245      0.37446     0.455206     0.682481    -0.287781     0.227862    -0.340976     0.421369    -0.221258     -0.26244     0.328978     0.142285    0.0989815     0.759953    -0.935023    -0.186148    -0.162531
    -0.18157    0.0417172    -0.107366   -0.0503479    -0.293952     0.491069    0.0855439     0.331036     0.197826    -0.134067    -0.617247     0.332388     -0.20528     0.606438    -0.243571   -0.0222815    -0.560151    -0.183942    -0.215424     0.434006     0.261265    -0.121335    -0.183745      1.04638    -0.137907    -0.190805     0.473637    -0.642649    -0.442029     0.287641     0.281522    -0.214995
   -0.106512    -0.291699   -0.0372802    0.0952386   -0.0646818   -0.0419198    -0.174525     0.163301    0.0274199     0.344137     0.355439    -0.614912   -0.0369391     0.141676     0.598318   -0.0846881     0.204904   -0.0207175     0.202158      0.30832    -0.215086     0.679951     0.113342     0.188216    -0.152339   0.00829639    -0.546441    0.0873352     0.127018    -0.299616     0.168519    -0.456032
    0.486432     0.217312     0.367438     -0.67446    -0.342955     0.359646     0.613675     0.501927    0.0149935     0.432664      0.29267    -0.201191      0.78092    0.0655033     0.911578    -0.224831    -0.208284      1.25211     0.278355     0.313356   -0.0151203    -0.167932    -0.523344    -0.901762    -0.597785     -0.31677    0.0880964     0.141267  -0.00999692    0.0899184    0.0159701     0.514859
   0.0383968     0.260722    -0.415101     0.436662    -0.611374     0.332639   -0.0758165     0.176879    0.0378864   -0.0202801     0.162244     0.394418    -0.358015     -0.32351     0.215166    -0.259851    -0.290229    -0.301071     0.579185     0.391996     0.432218      1.33334     0.218081   -0.0996048    -0.720127   -0.0929601    -0.435783    -0.329736     0.415774    -0.120991    0.0759157    0.0507316
   -0.219764      0.23001  -0.00690814     0.403361     0.340214    -0.189791   0.00618641     0.342451    -0.147463     0.528163     0.514958     0.268538    -0.761085    -0.536963     0.186767   -0.0649877    -0.328541    -0.178432    -0.160331     0.273022     0.249072    0.0661268  -0.00718305    -0.529697     0.083848    0.0149573    -0.150925     0.148181    -0.097244    -0.116731   -0.0790345    -0.408517
   -0.486209    0.0393256     -0.30575    -0.239546    -0.297812   -0.0456814     0.218472     -0.16437    0.0779488    -0.626281    -0.112604  -0.00438172    0.0317206     -0.47121       0.3033    -0.377018     0.423448       0.1394      0.72406    -0.210007     0.104883     0.040447    0.0584919    -0.331291    0.0975858     0.399295     0.169299     0.496188     0.506652     0.301584     0.447075     0.196404
    0.159653     0.317966   -0.0199166    -0.363756    -0.243092    -0.133011      0.38492     0.226662    -0.352003    -0.256207     0.363689     0.453962    0.0741605    -0.171466   -0.0485757    -0.140475    0.0238047     -0.25941     0.501288     0.754105     0.477334     0.244019    -0.243025    -0.466095    -0.272942    0.0761246     0.227445     0.311705    -0.220718    -0.382821     0.689845     0.354379
   -0.286992   -0.0420292    -0.355773   -0.0552863     0.217092   -0.0827784    -0.871009    -0.109754     0.462398    -0.255172    -0.294613   -0.0771918    -0.237435     0.258914     -0.66865     0.212012    -0.224306     0.873545    -0.158748     0.429967     0.193694    -0.663387    -0.338199    -0.394903     -0.39924    -0.260401    -0.576192   -0.0951089     0.534386     0.415036    -0.286911    -0.278788
   -0.178202    -0.593098     0.409894      0.22697     0.242477   -0.0644914     0.329434     0.602471     0.123325    -0.119151    -0.058484    -0.594849   0.00983699     -0.79465     0.188681    -0.289988     0.302473     0.151005      0.56523    -0.110929    0.0206443     0.475312   -0.0455205     0.250767    -0.172781     0.157685    -0.248635    -0.265219     0.194027     0.390972     0.199996  -0.00113876
     1.20837    -0.208546    -0.550919    -0.504367     0.202639     0.539828    -0.158832     0.184067     0.183947     0.254908     0.701018    -0.752601     -0.09377     0.079237     0.857009      1.09484     0.300728     0.821778    0.0314172      1.25751    -0.501773   -0.0640974     0.761413    -0.478561     -1.52577     0.720949     0.342647     0.273761      1.86514    -0.563003    -0.502946     0.362427
    0.545188     0.116249       0.1988   -0.0361007    -0.220321     0.357194    -0.239822     0.385673    -0.326263    -0.114204    -0.020881    0.0938857    -0.588755     0.256144     0.770428     0.575145     0.155651     0.797023     0.163062     -0.34362    -0.828296    -0.234817     0.362556     0.387413     -0.14835    -0.352682   -0.0150981    0.0994537     0.136349     0.171708     0.222145     -1.08548
  -0.0195283    -0.120833     0.328837     0.470534    -0.348609   -0.0365571     0.306724    -0.157652   -0.0678909    -0.400055    0.0639194    -0.670312    -0.642629    -0.768358    -0.342419    0.0913137     0.133092     0.529059    -0.123485    0.0298944      0.41259    0.0874244    -0.364941    -0.199941   -0.0201788   -0.0255649    -0.183839    0.0824042      0.19238      0.25535   -0.0297011       0.7756
   -0.649351     0.222616   -0.0341655     0.627567    -0.194334     0.156719     0.561044    -0.085669    -0.107671    0.0973817    -0.184444    -0.754842     -0.69138     0.371416     0.303565    -0.179019    0.0480147     0.387188     0.501175     0.311883   -0.0709634    -0.693951   -0.0366423     -0.31758    -0.398019     0.231654   -0.0106751    -0.165522     0.262997     0.266182    -0.255117   -0.0959757
     1.55278    -0.252014    -0.256013    -0.301983   -0.0852865      0.90901     -0.16151    0.0514708     0.592434   -0.0629958    -0.243687    -0.429756    -0.302108     0.111607     0.200719     0.988989     -0.52201     0.843359    -0.144751     0.704912   -0.0870751     -1.16098    -0.250053     0.660273    -0.889892      0.72393    -0.303404   -0.0922738     0.451244    -0.243414    -0.597374    -0.239371
   0.0482196   -0.0729697     0.130579     0.508645     0.115028     0.429538    -0.517447     0.331017     0.543685     0.621389     0.539684     0.155814     0.339252    -0.312635    -0.261405     -0.10047    -0.224507     0.146922    0.0358533     0.249738    -0.312348     0.452277     0.240127     0.105439   0.00196455    -0.127544   -0.0983537     0.277853     0.583518    -0.589941     0.274688     0.129176
    0.795518    -0.503044     0.473661   -0.0434178   -0.0397317     0.412978    -0.166874   -0.0104026    -0.414256    -0.374235   -0.0778979    -0.625146     0.206654     0.396474     0.311318      1.06634       0.9285    -0.326619   -0.0494844     0.160527     0.353382     0.665032     0.276305    -0.516803    -0.455299   0.00671633    -0.111547   -0.0695355    -0.640583     0.569873    -0.157974     -1.02877
   -0.712402     0.601507     0.593079    -0.394359    -0.186962    0.0860832    -0.351062    0.0709158     0.207587   -0.0469966     0.194649    -0.101859     0.569229     -1.16737    -0.234012     0.172099    -0.126951     0.307812     0.338517    -0.150556    0.0667255     0.588949    -0.449698    -0.984433    -0.223268     0.390441     0.276895     0.680283     0.889363     0.200232      0.73399     0.439706
   0.0561889     0.440686     0.394111    0.0647187     0.262616     0.205281     0.435357     -0.29691    -0.329777    -0.168155    0.0158407     0.575824    -0.647471    0.0376711     0.131787     0.464277     0.269677     0.370637     0.250038   -0.0453469     0.341728   -0.0387725    -0.189386    0.0973281    -0.523246   -0.0299917     0.172038   -0.0333763    -0.658927    -0.659724     0.148756      0.32182
    0.252799     0.336803    -0.205569    -0.204844     0.117175   -0.0113845    -0.297571     0.082762   -0.0574796     0.833202    -0.491563    0.0813829     -0.27702     -0.25336    -0.600051     0.604368    -0.380324    -0.587506     0.592503    -0.158629     0.158653    0.0794801     0.117606    -0.464362     0.180455    -0.384146     0.489922     0.141712     0.408743    -0.662976    -0.114077    0.0214262
   -0.048746     0.131653    -0.279115     0.441306     0.468514     0.128954    -0.661713   -0.0895334    -0.178919     0.454563     0.299753     0.143416    0.0705809    -0.784294    -0.691024     0.455136    -0.312695     0.131827     0.321864   -0.0270313    0.0353441     0.595967     0.063675     0.258257    -0.478531     0.061588   -0.0488204     0.321129     0.175493    -0.216281    -0.107089     0.253608
   0.0830375      0.13905    0.0150273     0.400977    -0.481055     0.220714     0.685545   -0.0154252     0.356218    -0.839413     -0.25927     0.534399     0.316391    0.0349404    -0.422849    -0.243655     0.278245    -0.208615    -0.116054    0.0301274   -0.0973652    -0.264061    -0.344067     0.100486    -0.274926     0.539081     0.028143    -0.260026    -0.425865    -0.168237     0.243819     0.189139
  -0.0131832     0.231425     0.349782    -0.184388    -0.535067   -0.0263482     -0.23651     0.300504     0.575791    -0.388042     0.268431     0.223637    -0.659112     0.728657     0.103373     0.189437    -0.669456     0.461573     0.092714      0.08414     0.576616     -0.78353    -0.048647     0.406066     0.097937    -0.182642   -0.0625524        0.484     0.961311    -0.318584     0.328687   -0.0540103
    0.286458     -0.30808     0.037129    -0.899023     0.364889    0.0980939    -0.517301    -0.238025    -0.244491     0.291111    -0.346312   -0.0083891    -0.215311     0.292963     0.554774     0.245149    -0.200354   0.00389155     0.289932    -0.202606    -0.455847    -0.101473      0.38653    -0.219172     -0.59913   -0.0952205   -0.0253796    -0.316579    -0.383616    -0.293949    -0.195299     0.335059
