   -1.13442
    -1.0499
     -0.932
  -0.990424
   -1.04259
   -2.35262
   0.151498
   -0.66542
-0.00279557
  -0.138352
  -0.678208
  -0.747854
  -0.108735
   -1.06226
  -0.974665
  -0.938338
  -0.795384
   -0.47128
  -0.669886
   0.809217
  -0.918727
  -0.838352
    1.12689
   -1.36894
   0.939307
  0.0699763
    1.78578
  -0.882248
  -0.932143
 -0.0839546
    1.55811
    1.33271
   0.854623
    1.97529
  -0.294612
     5.2651
   0.001832
   0.933183
    1.14929
    -2.1123
  -0.916382
    2.50389
  -0.992811
    1.70819
   0.582417
  -0.348742
