 0.00531629
  -0.118717
 -0.0143488
  0.0251416
  0.0134498
  0.0352061
  0.0631951
 -0.0525205
 -0.0646371
  0.0915112
   0.130782
  -0.169149
  -0.173237
  0.0178703
 -0.0874382
  0.0349888
  -0.209687
   -0.26654
   0.104621
  -0.182228
  0.0317135
 0.00671474
   0.289035
  -0.319783
 -0.0224818
   0.134579
  0.0111728
  -0.100808
   -0.25229
  0.0512228
  0.0397901
  -0.056238
 -0.0427082
   0.271465
   0.177558
  0.0051294
 -0.0739408
 -0.0476063
 -0.0153102
  0.0634117
  0.0854839
   0.151585
   0.245112
-0.00903517
  0.0126213
  -0.229774
  -0.125812
  -0.141405
  -0.255542
   0.302784
  -0.105892
   0.255307
   0.190533
 -0.0317224
  -0.130737
   0.196425
   0.117498
 -0.0488876
  0.0290143
  0.0217715
 -0.0696252
 -0.0570564
  0.0707506
  0.0869451
  -0.180989
 -0.0181136
  -0.139293
  0.0518828
  0.0899484
   0.289421
  0.0202015
  -0.206313
  -0.368391
   0.108968
   0.136624
  -0.135708
    0.26304
   -0.25381
  0.0604535
 -0.0335452
  -0.089816
 -0.0482108
  0.0382795
  -0.228737
 -0.0225494
 -0.0206187
   0.373778
 -0.0922191
   0.333823
   0.226025
   -0.11712
 -0.0440661
  0.0040598
 -0.0646895
 -0.0639164
 0.00411674
   0.101685
 0.00650822
  -0.121059
  -0.134925
  0.0433337
  -0.327375
  0.0364868
  -0.211819
    0.15289
  0.0592423
  -0.253164
   0.133589
  -0.163459
   0.072425
   0.185229
  0.0673665
   0.335558
-0.00850673
  0.0564744
  -0.050335
   0.207293
  -0.122567
   0.251809
   0.168223
 -0.0703921
   0.353337
  -0.110587
  -0.252384
  0.0391342
  0.0247975
   0.121533
 -0.0473967
