  -0.0296279    -0.037731     -0.24843    -0.633171    -0.329161    0.0449177     0.399531    -0.152477    -0.189354     0.561219     0.437914    -0.235227    -0.108576    -0.850699    -0.415526     -0.40227     0.316023    -0.506898    -0.102393    -0.490631    -0.261918    -0.273293     0.455863  -0.00902889    -0.318676    0.0443023    -0.396135    -0.155068    -0.442635     0.205727     0.112554     0.285887
     0.31489    -0.153309     0.711724    0.0344533    -0.215616     0.423811    -0.258059     -1.23287   -0.0812619    -0.294062     0.948173   -0.0587877     0.385553    -0.134865   -0.0798103     0.311319    -0.554543     0.182435    -0.312328     0.124079     0.609758     0.255469      0.16167    -0.380286     0.430414     -0.52744     0.347344    -0.199017      0.57221     0.288272     0.539629     0.188337
   -0.277951    -0.147841    -0.278823    0.0219646     0.426735     0.213697     0.540541   -0.0802026   -0.0571691    -0.354331     0.121802    -0.213115     0.187059   -0.0742741    -0.386607       0.2503    -0.685775     0.065262    -0.050794   -0.0281813    0.0182508  -0.00534668   -0.0185944     -0.19772    0.0254607    -0.169111     0.055677    0.0152236     0.287284    -0.157713     0.325238     0.042222
   -0.102264     -0.20238   -0.0897786      -0.1609   -0.0449773  -0.00121413    -0.157659     0.521108    -0.124407    -0.569217    -0.074972    0.0443128    -0.123348      0.32607    -0.320918    -0.106738     0.429345    -0.424156   -0.0363517      0.54621   0.00595568     0.198772   -0.0381782     0.310462    -0.182491     0.622161    0.0926983   -0.0571975    -0.224903    -0.139372    -0.455245     0.210451
    0.412268      0.26284    0.0317783     0.200179     0.591333    -0.350552    -0.173351    0.0208762      0.07237     0.103984    0.0682832     0.242357    -0.259312     0.416757    -0.611703    -0.182055     0.165451    -0.371556    0.0709464    -0.110519    -0.104501    0.0134423     0.245844    0.0105697    0.0289091     0.314216    0.0707911   -0.0784172    -0.175889     0.238834    -0.197272    -0.211968
 -0.00256099     -0.09934    -0.160738     0.430997     0.571859    -0.304102     0.611455  -0.00867019     -0.16505    -0.394536    0.0641661     0.276848    -0.345664     0.485159    -0.292339     0.161976    -0.126779     0.572778    -0.260264     0.303565    -0.138832      1.20216    -0.222079    -0.434887    0.0979587    -0.116996   -0.0217594     0.332433     0.380027    0.0166379     0.434747     0.169028
    0.131796      0.15231     -0.39337     0.499792     0.229219    0.0367872      -0.2939     0.530754  -0.00731801     0.251358    -0.248272   -0.0197092    -0.166578      0.19351    0.0251598    -0.426208     0.503361     0.129442     0.122846    -0.155922    0.0101327   -0.0343825    -0.094548    -0.196873    0.0227452     0.255365    -0.236265   -0.0740095    -0.296996    0.0328553    -0.395429    -0.147908
   -0.221381     0.204573   -0.0624659     0.132034    -0.200649    -0.195628   -0.0455696   -0.0741906    -0.135693     0.300343    -0.864474     0.139276    0.0752735    -0.487219    -0.144863    -0.154195     0.655786     0.581359      0.68737     0.242838   -0.0404329     -0.20105    -0.364805     0.160165     0.261288   -0.0650858     0.649885     0.318658     0.203267    0.0989983    -0.204855   -0.0448158
   -0.532536    -0.488788     0.443596    -0.353971     -0.23924     0.105505     0.477628    -0.121976     -0.39433     -0.13978    -0.069547    -0.224116     0.226885    -0.908833     0.508071    -0.184975   -0.0540255    0.0886954     0.115566     0.483362     0.320294    -0.236204     0.134987     0.104903    -0.219252    0.0977134    0.0171106    -0.241053      0.30871     0.326714    -0.425006     0.215206
    0.762788     0.115293    -0.213297      1.28594     0.168326     0.702162      1.30845     0.912679    -0.585693     0.306911   -0.0379112    0.0571958     0.012652     0.776326     0.180981     0.389669    -0.539395    -0.318297     0.130576     0.197268    -0.303615   0.00105687     0.126977    0.0949042    0.0913405    -0.380522    -0.448168     0.736017     -0.54489     0.333674   -0.0610461   -0.0692815
     0.01095    -0.267899    -0.302786    -0.208472    -0.638579     0.576241    -0.119693    -0.345061    -0.353083    -0.690674     0.659931     0.252188     0.105356    0.0861754    0.0608365   -0.0552461     0.082454     0.383415    -0.106239    -0.237232     0.062863    -0.130296   -0.0852941    -0.399695     0.355966    -0.369535   -0.0752681    -0.554362     0.271827     0.274873     0.227747     0.483484
    0.091308     0.367108    -0.459317    -0.304793    0.0465984    -0.114183   -0.0469074     0.279728     0.224154    -0.386345    0.0506224    -0.266566     -0.98769   -0.0342888    -0.408618     0.555175     0.654544    0.0243189     0.257954   -0.0254258    -0.119616     0.470691    -0.213356     0.233057     0.449088     0.198736    -0.290084     0.236812     -1.10701    -0.200756    0.0876558     0.442509
  -0.0307445    0.0115789    0.0625311   -0.0873521    -0.314889     0.291941     0.435124   -0.0647709     0.335855     0.535353    -0.355867      0.10553     0.330275      0.10638    -0.392463    -0.200898    -0.276662    -0.138419   -0.0590698   -0.0372314    0.0667928   -0.0106647     0.179615    -0.171252     -0.45495   -0.0815056     0.325741     0.155038    0.0180535    -0.578293    -0.188716    -0.313129
   -0.166964     0.268978     0.256596    -0.237545     0.753725    -0.693186    -0.423292    -0.807132     0.550673    -0.601009    -0.769463    -0.177839    -0.189319      -1.8635    -0.518475    -0.182473    0.0399863      0.14004   -0.0611991     0.155005     -0.86997    -0.296144    0.0143063    0.0325528     0.525298     0.356805      1.07738     0.492558     0.213062   -0.0896265    -0.852083     0.186071
  -0.0718221    0.0479187   -0.0892005    -0.790844    -0.327263    -0.258639    -0.554601    -0.305865     0.227291    -0.324122     0.268597    0.0295783     0.232174    -0.891216    -0.117322    -0.655179     0.354443  -0.00656137     0.225423   -0.0567518     0.442617    -0.935419     0.247034    -0.370249     0.153165     0.336932     0.263649    0.0997485     0.512131    -0.394079   0.00160024   -0.0871432
   -0.292593    -0.224297    -0.165709    -0.620768    -0.248907    -0.042041    -0.485063    0.0283099      0.37251    -0.245743    -0.238846     0.186209     0.300998     0.366027    -0.555032    -0.902396     0.716477     0.156345   0.00806744     0.101342    0.0195083  -0.00178662    -0.208453    -0.513826     0.236231    -0.237067     0.318987    -0.329953     0.262304      -0.2116    0.0786346    -0.225237
     0.36483   -0.0984543    -0.117111     0.313878   0.00528183     0.163385   -0.0867401     0.169478     0.102106      0.14485     0.149357   -0.0680624    -0.180906     0.675687    0.0204992     0.065878   -0.0968479    -0.420331    -0.369506    -0.180468   -0.0925769     0.416417    -0.333298       0.1924     0.159656     0.057735    0.0316157    -0.312851    -0.249974  -0.00840145     0.225196    -0.376308
    0.180148    -0.243997    -0.119225     0.129604      0.33562    -0.420948      0.24135    0.0811444     0.304928    -0.379418    -0.522826    0.0471481     0.109905     0.471307     0.172028    -0.203202    -0.214949    -0.105804     0.270618    -0.197546     0.342983   -0.0223349    0.0159615    0.0684971     0.090664     0.602259     0.247051     -0.64281    -0.278857    0.0810471   -0.0476899    -0.434189
    0.290142     0.395465     -0.24965     -1.26621    -0.474116   -0.0386292    -0.846116     0.275491    0.0955971   -0.0860872    -0.309176     0.216519      0.64269    0.0258803     0.418898    -0.721462     0.823109     0.250984    0.0517006      0.16039    -0.171557      0.32266    -0.136174     0.047823     0.478948     -0.25617    -0.363324    0.0320861     0.292365     -0.31152    -0.680111     0.178436
   0.0797055    -0.187376     0.201838      0.58554    -0.707134     0.467918     0.671107     0.752967    -0.590354     0.153295       0.3112    -0.141879    -0.241982     0.260294     0.288821     0.360681     0.141926    -0.855836     0.141987     0.182829   -0.0346312    -0.188974   -0.0653748       0.2308     0.023026    -0.396938    -0.385946    -0.317161    -0.464843     0.214948   -0.0196415     0.266833
    0.624848     -0.25379    -0.427933     0.114118     0.210929    -0.198819    -0.716749     0.959426    -0.375514    -0.494291    0.0318144   -0.0676488     0.146963    -0.293865    0.0146363   -0.0985468      1.44182     0.456108     0.343268    -0.415067    0.0732941    0.0189734     0.254498    -0.421163     0.693183     0.702756     -1.08217    0.0353523     0.073881    -0.236139     0.503493     0.158617
   -0.116418     0.109722      0.24279    -0.140669     0.446716     0.171584      0.11552    -0.234074    -0.274011    -0.382952   -0.0058019    -0.206407     0.234593    -0.914035     0.179241     0.500689    -0.531716   -0.0598424     0.239129    0.0622268     0.478211    -0.340337     0.355376    -0.259244   -0.0323002     0.115141      0.21511     0.227748     0.348815    0.0508796     -0.10887    -0.376825
   0.0113463    -0.282364    0.0454967     0.161956     0.381839    -0.226942     0.149674      0.14639    -0.367094     0.215294     0.282771   -0.0362897     -0.63225     0.519664     0.238503    -0.431397   -0.0775122    0.0286155       0.2953     0.700787    -0.167873    0.0257642   -0.0274724    -0.349115     0.168559     0.113202      0.10752     0.238236   -0.0600081     0.137494   -0.0449725    -0.265026
   -0.605765      0.24314     0.099771      0.83026    -0.322434    -0.137194     0.651958     0.724517     0.290377    0.0202519    -0.602346     0.352251   0.00319781    -0.265085     0.745321    -0.103714    -0.116792     0.436305    -0.165163    0.0149555    -0.299427    -0.191271    -0.306729    -0.195847     0.368179    -0.196002   -0.0339952    0.0523117      0.79727    -0.316058    -0.226466     0.224931
    0.143862     0.392574    0.0777585   -0.0751105     0.257427    -0.446128    -0.542358    -0.342144     0.476652    -0.251695   0.00135357    0.0435226   -0.0534561    0.0789119    -0.329423   -0.0109439      0.18942     0.154205     -0.20196     0.522206   -0.0476522    -0.294189     0.172723    0.0396876     0.187779    0.0993427    0.0785034     0.274114   -0.0384312     0.187807     0.123302    -0.405983
   0.0317314     0.635647    -0.152063      0.58004    -0.566248     0.522307    -0.513825    0.0492408    -0.082325    -0.625772   -0.0360341     0.182977    -0.660046   -0.0345008     0.363968     0.955794     0.154804     0.881551    -0.455541     0.720491    0.0525391     0.895615     -0.62368    -0.530898     0.413162    -0.144871      0.83004    0.0807462    -0.562738    -0.145929    -0.219218     0.119699
   -0.157966      0.11977    -0.445442     0.278794     0.804623    -0.168426    0.0488272     0.171654    -0.239737     0.449093     0.202371     0.102318    -0.485153     0.124341   -0.0849593   -0.0154872    -0.431289     0.289399     0.258164    -0.233524     0.219782     0.985531  0.000905999    -0.549127     0.505853    0.0578273    -0.076783     0.234125     -0.16655   -0.0558732    -0.249027     0.380011
  -0.0982803     0.334683     0.348663     0.139859     -1.21266     0.483038     0.475519    0.0835456    -0.499038    0.0171933     0.371729    -0.132807    0.0599952    -0.544224     0.589115     0.513183    -0.432487     0.218745   -0.0589242    0.0521041    -0.212461    -0.253392    -0.423135    -0.531854      0.31823    -0.354097    -0.329218    -0.480349     0.239145      -0.2074      -0.0637    0.0810188
    0.042877     0.114786    0.0934241     0.233151     0.242475     0.574434    -0.120063     0.165927  -0.00188723     0.287862     0.170796    -0.076552     0.358697     0.762484    -0.198232      0.12422    -0.354195    -0.290462    -0.500506    -0.431491     0.115457     0.297291    -0.203145    -0.159429     0.214771     0.516085    -0.521228    0.0555416    -0.248904    -0.255246    0.0725949   -0.0615267
  -0.0727294   -0.0631674    -0.278354     0.755826     0.781145    -0.285102      0.20435     0.100574     0.533724    -0.684504     0.242336   -0.0141431    -0.432552    -0.510674     0.266513   0.00620788     0.301672     0.244252     0.127413    -0.375676   -0.0381094   -0.0395468   -0.0131293    -0.174696     0.118058     0.403257     -0.38745     0.346309     0.551346    -0.530365     -0.15253    0.0634855
   -0.316843     0.199349     0.347664     0.436807     0.193726    -0.168105   -0.0732084    -0.243132     0.744718     0.140002    -0.497316    0.0600505    -0.143855     -0.50361    -0.205007   -0.0891903     0.180611    -0.692463     0.255268   -0.0873202   -0.0756281    -0.055803     0.188245    -0.193293     0.329774    0.0986649     0.190286    -0.388424    -0.293283     0.282186    -0.296716    -0.394022
   -0.140302    -0.403153     0.132335    -0.667442     -1.25664    -0.216056    -0.816676     0.361691  -0.00833663      0.22713    -0.152035     0.113669     0.958692    -0.325546     0.101296     -1.08346    -0.331432  -0.00154155    0.0512294     0.170586      0.46998    -0.907316    -0.147323      0.52167    -0.234534   -0.0301625    -0.290307     -1.37164     0.507511     0.332805    -0.480516    -0.455918
    0.360536    -0.437769    -0.496332     -1.86016   -0.0993546     0.140889    -0.975467     0.142678     0.292987    -0.134594    -0.315131    -0.123697     0.157111     0.221688    -0.181979    -0.827822      1.11225     0.307791    0.0582635    -0.324039     0.473425    -0.191693    -0.433516     0.441137    -0.629502    0.0386162    -0.301542    -0.645287     0.282125    -0.260953      0.11148    -0.295881
  -0.0142663    0.0289152   -0.0800988    -0.369198      0.36316     0.273611    0.0263899     0.323798    -0.127596    -0.330256     -0.30901    -0.272383    -0.142129    0.0260978    -0.337894    0.0616967   0.00300061    -0.104279    0.0852527   -0.0872192     0.112467   -0.0700429    0.0749895     0.572854     0.185296   -0.0168487    -0.314199    -0.140433    -0.203423   -0.0239474    -0.164584    0.0445987
    0.214224     0.234051    -0.599679     0.130956     0.950008   -0.0598598       0.1583     0.813283     0.218953    -0.208933    -0.516004     0.204319    -0.270252   -0.0385191     -0.19559     0.591151     0.821405    0.0738352     0.222951    -0.759414    0.0932355    0.0771469     0.109867    -0.134676     0.229446     0.426671    -0.416914     0.394854    -0.658619    -0.665616    0.0844632     0.316376
   -0.154805     0.240752     0.117316    -0.466933     -0.82176    0.0822291   -0.0592144    -0.183773    -0.271736     0.147221    -0.332213     0.183383     0.194432    -0.101695     0.944599    -0.200936    -0.837662     0.131094     0.145143   -0.0894977    -0.110889     0.155651    -0.140779    -0.384831     0.163168   -0.0530053     0.322653  -0.00252262   -0.0679326   -0.0453234    -0.218646    -0.141074
   0.0742731    -0.447511      0.26471    -0.173217    -0.123647    -0.439193    0.0336623     0.172724    0.0195837     0.222395    -0.256184    -0.156637    -0.711018     0.275833     0.152761    -0.421584     0.487153     0.174372     0.386993     0.738052     0.279046     0.195393    -0.638539    -0.188215    -0.243258     0.313042   -0.0496759    -0.496543     0.227356     0.168621    -0.152939   -0.0782787
   -0.104018     -0.17502   -0.0514309    -0.110457    -0.238543     0.512642    -0.053028   -0.0122307     0.226605    -0.234356   -0.0837979    0.0309369     0.275569     0.181041   -0.0446754    -0.105572   -0.0963141    -0.203963   -0.0449359     0.119869   -0.0179676    -0.434806     -0.14986     -0.14247    0.0960332    0.0341698    -0.167995    -0.376577   -0.0487504     0.156376   -0.0802035    0.0678398
    0.323153    -0.201892   -0.0114131    -0.508172      0.85371    0.0652542    -0.161708     0.652708     0.267131    0.0246661     -0.37582   -0.0364439     0.267813    -0.362484    -0.457192    -0.223103     0.732523    -0.320541    -0.215114    -0.194118   -0.0108931    -0.141092     0.242904     0.757319    -0.193504     0.220726    -0.378175     0.416692    -0.495497    -0.315047   -0.0934203    0.0351638
    0.241873   -0.0705065    -0.102079    0.0765126    -0.688846     -0.20921     0.268877    -0.327138    -0.122257    -0.294766    -0.271791     0.256376    -0.190805    -0.180635    0.0873939     -0.05097    -0.557866     0.207178    -0.167796     0.420852   0.00192763    -0.147515   -0.0709152    -0.386561     0.274779    -0.241801     0.213058    -0.456364     0.775216     0.297174     0.214813   -0.0149933
   -0.328224     0.103946     0.114647    -0.189533     0.169412     0.176897    -0.226978    -0.150302     0.638139    -0.106101    -0.624763    -0.394516     0.168559    -0.514829      0.40115     0.264918    -0.287269     0.059626    0.0482996     -0.18816     -0.30427     0.173411    -0.205262   -0.0873833    0.0759861     0.176552     0.565032       0.3608    -0.405874    -0.104027    -0.780658    -0.207504
    0.538585    -0.233545    -0.539807    -0.171427    -0.714197    -0.142158    -0.318886    0.0455451     0.022858    -0.730689    -0.417982     0.395012    -0.262535     0.503471   -0.0654649   -0.0005381     0.708304     0.318803    -0.157142    -0.327859    -0.108716    -0.321101    -0.379323      0.16228      0.27974     0.102934     -0.13336     -0.36934     0.101031     0.460709    0.0101797    0.0558781
  -0.0767955     0.385293   -0.0610376    -0.111185     0.341275     0.215409     0.923066     0.245306    -0.385362      0.78313      0.19976    -0.481452    -0.275055     0.250801     0.173165     0.270996    -0.107731    -0.620149  -0.00734173    -0.189328   -0.0650891     0.283825    -0.140757  -0.00735408     0.124907    -0.479157   -0.0552973     0.292428     -1.53925    0.0426883    -0.472725    0.0406946
   -0.278013     0.298902    0.0983594    -0.325189    -0.497083     0.242253   -0.0127553    -0.714297     0.180239   -0.0655353    0.0359032   -0.0809726     0.407576     -1.16617     0.469979     0.116065     -0.65186   0.00502006    -0.210002    -0.409876    0.0792155    -0.884133     0.388086     0.245569   -0.0073197    0.0155968     0.508877    -0.230822     0.330126     0.112322    -0.205452  -0.00816813
    -0.44838      1.02707    -0.386023     0.917579     0.605522     0.926464     0.365029     0.429916    -0.069168    -0.384549    0.0691965     0.191654    -0.432871     0.416109   -0.0920698      1.34228   -0.0782803      0.15996    -0.358741    -0.557577    -0.287584      0.93569    -0.565912    0.0262805     0.067568     -0.11739     -0.64436     0.914105    0.0293403    -0.732697     0.203139     0.185394
    -0.22992    -0.396039     0.281944    -0.174955    -0.557869    0.0114423     -0.45913    -0.107031     0.133758    0.0433761    -0.199632     -0.22703     0.372383     0.288006     0.161152    -0.481897    -0.155865    -0.103667     0.302669     0.851455     0.169489     -0.72007      0.14491      0.29183    -0.460446    -0.278532    -0.211887    -0.238293   -0.0141338      0.60431    -0.446212     -0.31675
     1.27766    -0.137074    -0.603919    -0.874595     0.543648     -0.38161     -1.26825     0.554961    0.0156083    -0.270584   0.00356359     0.152759    0.0174393     0.631629     -1.07149    -0.891922      1.52353     0.415882     0.369496     0.285556     0.502631     -0.41601    -0.321921     0.607819    -0.339153     0.510641    -0.201262    0.0386666    -0.539519    -0.309498    -0.255871    -0.184054
    0.179967     -0.38421    -0.121901    -0.168758  -0.00202168    -0.416364    -0.604924     0.268196     0.242418       -0.235    0.0619241     0.142923    0.0760962    -0.196295   -0.0695042    -0.242371      0.67393     0.580339   -0.0496298     0.114859     0.204102     0.406937    -0.130227    0.0123816     -0.20437     0.259452      0.11788    -0.308597     0.370165   -0.0913854    -0.115979    -0.025951
   -0.506107     0.337999     0.688619     0.522859     0.073725     0.286418    -0.208479       -0.141    -0.162314     0.359698     0.319395   -0.0238798   -0.0297226    -0.254059     0.275131     0.710679      0.29535    -0.471366    -0.168613    -0.262368     0.193292    -0.521563    -0.363302     0.104658    -0.430536     -0.14273    -0.150386     0.813617    -0.348393     0.185101     0.230471    -0.223466
    0.115738    0.0615837   -0.0984439    -0.232165     0.183797   -0.0670775     0.149225     0.641534     -0.10519     0.438128      -0.4681   -0.0540551    -0.220439    -0.178399    -0.431961    -0.493474    -0.236358    -0.734183    -0.608496    -0.173828    -0.145284     0.443728   -0.0494082     0.146579    -0.273844    -0.312955    -0.376736    -0.327721    -0.833613    -0.185351    0.0901534     0.381879
  0.00942158     0.335309     0.380468     0.554967     0.140809   -0.0281533     0.906711    -0.456273   -0.0610308   -0.0372986     0.130731      0.16185     0.187371     0.428057    -0.501209     0.471193     -0.71892    -0.136701    -0.206596    -0.111865     0.223319    0.0535139     0.328757    0.0303164    -0.107357    -0.328163     0.143276     0.219933     0.550351    -0.414285    0.0761491    -0.394521
   -0.244418     0.038118     0.177744     0.588463   -0.0179763    0.0554311    0.0999259    -0.377621     0.197241    -0.945596     0.109916    0.0133807     0.478408    -0.239123     0.308404    0.0811261     0.048917     0.397395    -0.114056    -0.126931    -0.297702     0.471745     0.108534    -0.259168     0.596892     -0.24927     0.540077    -0.334956       1.0294     0.214704    -0.104683     0.498552
    0.337204     0.549554     0.033215     0.411738     0.629629    -0.220645     -1.08947     -0.39542    0.0924199     -0.23364   0.00580965   -0.0510194   0.00569403     0.401643     -0.31976    -0.457225   -0.0641858    -0.252517    -0.233305     0.693722     0.272193      0.23268    -0.396249     0.255101     0.279011     0.303459    0.0355424     0.801412    -0.742173    -0.282886     -0.17093     -0.56853
   -0.109506   -0.0253955     0.559169   -0.0962639    -0.157908     -0.11942   -0.0434162    -0.122288     0.298638     0.476795    -0.139451     0.307688    -0.276782      0.12205     0.273723    -0.301562    -0.555019    0.0910379    -0.419379     0.911061    -0.274404     0.946788    -0.221769    -0.433844    -0.574489     0.307507     0.334774    -0.695907     0.913874     -0.13307    -0.588652    -0.161732
  -0.0767704   0.00450885    -0.236339     0.230822     0.421567    -0.335734   -0.0460022     0.315953     0.239899     0.334833    -0.491088   -0.0318627     0.260509    -0.355612     0.314428    0.0357718    -0.109343    -0.260253     0.349062     -0.31556    -0.111259   -0.0576114     0.234213   -0.0988433  0.000773302     0.366067    -0.165912     0.685346    -0.105062    -0.192659    -0.516187    0.0125258
   -0.459965     0.398139    -0.141442    -0.252247     0.584914   -0.0873102    -0.460806    -0.115945     0.409301   -0.0105671    -0.314659    -0.250624    -0.251744    -0.498991     -0.30638     0.159659      0.36023     0.621925    -0.250566     0.082797    -0.440072     0.758678     0.115822    0.0408329     0.308167    -0.117235     0.168695    -0.120721    -0.461967    -0.417043    0.0600471    -0.020227
   -0.492121    -0.128634    0.0162168   0.00182297    -0.198566     0.138138    0.0458829     0.109848   0.00134429    -0.139281     0.227089    -0.210736    0.0778931   -0.0845402   -0.0013595   -0.0646643      0.36176     -0.12836    -0.423283    -0.291449    -0.178363    0.0763892    0.0399356    0.0715551     0.291017    -0.411025   -0.0182616     0.133022    0.0543864    -0.147921     0.512936     0.267904
   -0.674421    -0.427402     0.216671   -0.0593597     0.166589     0.178397     0.512626    -0.809743     -0.21307     0.165374    -0.230484     0.100396    -0.291592    -0.589488    0.0571574     0.134597    -0.866226    -0.213913     0.454769     0.519481    -0.243272    -0.375009     0.297568    -0.187389    0.0825248     0.258198 -0.000164324    -0.098803     0.799412     0.595648    -0.140008     0.127521
    0.593357     0.161261    -0.366626    -0.576194     0.249387    -0.472304    -0.499165     0.152803    0.0343573     0.222871   -0.0217446     0.262924    -0.670824     0.246578    -0.634906    -0.699971     0.374098     0.130775     0.106442    0.0101211     0.049418    -0.329273     0.208338     0.382165    -0.263684     0.241986    0.0702082    -0.034151    -0.347242    0.0244333    -0.357537    -0.512209
   -0.123771    -0.498662     0.262747    -0.464689    -0.248459    -0.491741     0.574201     0.473036    -0.324556     0.985534    -0.342851     0.173918     0.576673     0.275671     0.100713    -0.590164     -1.05176    -0.953449     0.028473     0.128826    -0.162137   -0.0223688     0.849782   -0.0897408    -0.428638     0.329107    -0.161739    -0.446108     0.667331   -0.0671213    -0.588043   -0.0350725
   -0.465189     0.611859      0.24644      0.32355    -0.429446    -0.130304    0.0135861    -0.417508     0.532765      0.31198    -0.441524    -0.113912    -0.359582    -0.189605      1.18068     0.191534    -0.313236    -0.279802    0.0734532    -0.222571      0.22728    -0.368405     -0.29135    -0.696885    0.0230489    -0.239704     0.446512    0.0898458    -0.536615     0.245331    -0.516481    0.0711005
   -0.316773   -0.0145141    0.0953348    -0.080426     0.127516     0.255123    0.0138964   -0.0243924    0.0800783     0.509346     -0.47333    0.0650117     0.118317     -0.46352     0.032909    -0.707382    -0.191912    -0.055102  -0.00694078    -0.219976    0.0710054    -0.222826    0.0771795    0.0629796    -0.330168     0.234887   -0.0225546   -0.0911701     0.328011   -0.0807085     -0.48034    0.0184532
  -0.0162608     0.277585    0.0405913    0.0190034      0.46155     0.373185      1.09644    -0.552465    -0.516768     0.592759     0.548574    -0.578283    -0.355588     0.294024     -0.17132     0.311857     -1.22737     0.230225    0.0500654     0.113389     0.344044      0.73777    -0.032239     0.254663   -0.0813286    -0.162659    0.0284508     0.186273   -0.0771914     -0.13416     0.407616    0.0386418
    0.357774    -0.125187    -0.548002    -0.706305    -0.277856    -0.156881      -1.2188     0.480681    0.0220687     0.465981    0.0625952  -0.00608539    -0.983728     0.303372     0.331861    -0.798445      0.73007    -0.342688    -0.211815    0.0376822    0.0900351     0.485555    -0.166712    -0.166914    -0.151874    -0.292457    -0.442397    -0.237624    -0.761109    -0.449468   -0.0663519     0.732459
    0.351729   -0.0778272    -0.763997    -0.517488    -0.207654     -0.30796    -0.137295     0.645095     0.408552     0.100564    0.0681594   -0.0946014    -0.364941    -0.108787    -0.688414    -0.675107     0.658389     0.287376   -0.0812403     0.167293     0.255812     0.413115   -0.0834119    0.0194736      0.19446     0.200639    -0.187452    -0.356987    -0.273361     0.156301    0.0293746     0.470722
   -0.105087    0.0503592     0.783906      0.44177    -0.433969     0.846299      1.18544     0.161877    -0.772858      0.86318     0.182825    -0.124879     0.271703     0.528902      1.06431      0.77008     -1.19048     -1.03824    -0.580442   -0.0812711    -0.150538    -0.781299    -0.152758     0.111196    -0.197996    -0.631924    -0.194386    0.0402359    -0.656782    -0.215699    -0.193747    -0.370893
   -0.352424    -0.168168    0.0831773     0.197841     -0.54631     0.215742     0.576965    -0.101922   -0.0476191      0.34271    0.0557216    -0.283692     0.416546     0.235578    -0.115147     0.231553     -0.57511    -0.175375   -0.0802435    0.0934595     0.219592    -0.761433    -0.148574    0.0425383    -0.186171     0.536621     0.168742    -0.580434     0.565762    -0.101316     0.178847    -0.457627
   -0.231922    -0.127326    -0.043734   -0.0102065    0.0629956     0.108333     0.578647    -0.116063    0.0486212    -0.275068     0.187506    -0.123959    0.0933405    0.0525666    -0.300961     0.180705    -0.377152     0.183588    -0.205757    -0.245824    -0.224872    -0.159407    -0.133623   -0.0612326    -0.233548    0.0258193      0.38936    -0.109127     0.173055     0.119811     0.274316    -0.509454
  -0.0519895    0.0766676    0.0995312     0.209565     0.173343    0.0212353    -0.610164     0.255218    -0.402228     0.235936      0.14419     0.230061     0.350911      0.13587    -0.912887     0.260117     0.472384   -0.0860389     0.450396    -0.116068    -0.298382     0.452937      -0.1576    0.0115454    -0.265297     0.461589   -0.0523052   0.00532278     0.282285      0.12433    -0.190063     -0.21547
    0.183216   -0.0267998    -0.534851     -0.33364    -0.175076    0.0649318    -0.609064   0.00168144    -0.322676    -0.149695    -0.261284    -0.293632    -0.131126     0.229501    -0.645616    -0.196359     0.538122     0.166372      0.14629    -0.229199    -0.204876    0.0111897     0.269012     0.302976    0.0237348     0.156991    -0.317355     0.409171    -0.688409   -0.0963606   -0.0941768     0.903185
   0.0126761    -0.067497   -0.0984822     0.158208     0.627812    -0.188151     0.349247    0.0951221    -0.213553    -0.117974    -0.319578     0.255986   -0.0924707    0.0925657  -0.00190001    0.0974506    -0.228538     0.113193     0.271916    -0.039561    -0.221785     0.162325   -0.0773453    -0.594456  -0.00235595     0.385967     -0.30859     -0.12072     0.414332    -0.108432    -0.159671     0.116473
   0.0500996    -0.456355    -0.298376    -0.453621   -0.0872932    -0.326994     0.117709     0.201694    0.0678317    -0.136141     0.426666    -0.371868    -0.124871     0.194379     0.590776    -0.340833    -0.403451    -0.130676     0.164264    0.0856145   -0.0836776     0.218371     0.172615   -0.0331293   -0.0916261    -0.213022    -0.260375    0.0635563    0.0501119     0.236871    -0.262371     0.580784
   -0.297167    -0.163751    -0.208948     0.257554    -0.848151    -0.103272     0.546574     0.953031    -0.301345     0.584187    -0.522817     0.377397     0.347036    -0.169784     0.462993     -0.61645    -0.497932   -0.0744432    -0.116936     0.401981   -0.0678629     0.639996    -0.141771     0.070381    -0.279163    -0.432769    0.0960203     -0.30053    -0.106311   -0.0145608    -0.569135   -0.0665777
   -0.338994    -0.332699    -0.201116     0.452342   0.00397769    -0.294458      0.10772    -0.222069    0.0838565    -0.464757      0.05884     0.123637    0.0190706     0.210808   -0.0803027   -0.0982214       0.1896     0.779141    -0.197663     0.788564   -0.0376052       0.6563    -0.385591    -0.709151     0.101707   -0.0578836      0.61874    -0.640467     0.717379    0.0366575   0.00865136   -0.0301128
    0.479408   -0.0107866    -0.288393    -0.413899     0.517293    0.0981654     0.506847     0.677487   -0.0583533     0.103393   -0.0621536     -0.30028    -0.508103     0.431282    -0.373182    -0.304206   -0.0647545    -0.162557    -0.205165     -0.23849    -0.313123      0.11781    0.0934267     0.336131     0.519936   -0.0613517    -0.303674    0.0872398    -0.667244     0.190808    -0.493127    -0.274991
   -0.220236    -0.445125     0.852528    -0.241355    -0.869341    -0.102314    0.0392881    -0.674256    -0.375296     0.103906     0.138054     0.435811     0.135383     0.109637     0.472215      -0.4031    -0.748743    0.0559106    -0.208395   -0.0121277    -0.258415    -0.263408      0.36961     0.378802    -0.579761      0.20084     0.229954    -0.789918     0.429559     0.890047    -0.367979     -1.10045
  -0.0354389     0.185314      0.22464     0.559064     0.861334    0.0234382    -0.439409    -0.280126     0.472022     -0.40573    -0.739282    -0.325623     0.228953    -0.417277    -0.640781     0.421686     0.314959    0.0922674    0.0228085   0.00775998      0.37086    -0.445001   0.00201692     0.460153     0.333433    0.0855477     0.438148     0.477838      0.32017    -0.430696    -0.277237    -0.637434
 -0.00127292   -0.0588419    -0.215108     0.148766     0.252934     0.536382    -0.592507     0.635742  0.000820873     0.246465    -0.683177    0.0919947     -0.20914     0.105502     0.569449    -0.232753     0.254099   -0.0132743     0.233682     0.111239     0.290568    -0.471905    -0.141471     0.382669   -0.0410691   -0.0589926    -0.421176      0.28866    -0.427511     -0.10264    -0.892505     0.164457
   0.0192742    0.0654561      0.46927    0.0811335    -0.320179      0.39966     0.410414    -0.341545    -0.310761     0.584691     0.181974   0.00974654    -0.142072    -0.071552     0.721924   -0.0254035    -0.756292    -0.170997    -0.160619    -0.389273    -0.169447     0.340163     0.240911    -0.140851  0.000841596    -0.602097    0.0275309     0.258274    -0.342334    -0.167372     0.280017   0.00273703
    0.528675      0.18192    -0.113973    -0.474111    -0.924855      0.12167    -0.142511    -0.093418   -0.0552483     0.392679     0.211852    -0.597321    -0.303599     0.776844     0.499518     0.225752    0.0957265     0.294784    -0.122622     0.240044     0.226608     0.193538    -0.818246    -0.141757     0.577687    -0.343227       0.2799     -0.68015    -0.621594     0.513537    -0.286669    -0.301908
    0.328161    -0.442068      0.30922    -0.121573    -0.983289     0.111344     0.165427    -0.251385     0.184433     0.614657    -0.400854   -0.0226815      0.60499    0.0371282      0.31867    -0.897596    -0.764188     0.400213    -0.049254     0.138575     -0.15686    -0.181632    -0.363426     0.341422   -0.0550492    -0.562921    -0.160754    -0.773509    -0.093658     0.119416     0.133123    -0.795173
    0.531055     0.117449    0.0306967     0.142385    -0.308026     0.333538     0.319318    -0.141701    -0.222125     0.270755    -0.262729   -0.0598912     0.303241     0.558322     0.236229    -0.932365      -1.3444   -0.0538809    -0.842925     0.125873     0.211575    -0.367931    -0.526142      0.25086    0.0512414     -0.35555     0.348937     -0.83926      -1.0168     0.589903    0.0526118    -0.552208
  -0.0867129    -0.337575    -0.143254    -0.315702     -1.12451     0.319336     0.407526   -0.0727803    -0.320666     0.655493     0.342855    -0.517629     0.141808    -0.179362    0.0672015     0.210015     -1.01393    -0.588661    -0.128861    -0.457582     0.348852    -0.307347     0.544523    -0.458973    0.0759724    -0.230729   -0.0763039    0.0762757     0.054649     0.181329     0.250093   -0.0769193
   -0.124979     0.202937    0.0754024     0.367886   0.00370801     0.234006    -0.613091   -0.0958772     0.308948    -0.481216     -0.22107      0.03197    -0.203608     0.644358    -0.358152   -0.0980672     0.276603     0.381781     -0.70312     0.540471     0.550014     0.751059    -0.268131    0.0646365    -0.354852     0.223334     0.409572    -0.024333    -0.208794    -0.231935   -0.0776145    -0.163293
   -0.106839     0.101491     0.107235    0.0748549    -0.056356   -0.0262238    0.0140045    -0.170084    -0.318145     0.117867    0.0851779    -0.110322    0.0346764    -0.235105    -0.223192      0.14985    -0.094622     0.116992    0.0191534    -0.213691   -0.0536303     0.051724   -0.0145692    -0.197453    0.0343281     0.316548     0.059789    -0.352623   -0.0406504     0.083918  -0.00710694     0.154174
    0.191025    -0.496977    -0.215968    -0.898363     0.209336   0.00296419     0.108765     0.303382    -0.200632     0.240442     0.137863    -0.235155    -0.224187    -0.421491    0.0848105    -0.745979     0.523915    -0.133942    -0.080776     0.111302    -0.178615    -0.515392   -0.0142432   -0.0831729   -0.0375713     0.667845    -0.470355    -0.701323    -0.228374    -0.116502    -0.806614       0.1011
    0.250487     0.200443    -0.132573    -0.113625    0.0963471     -0.20388    -0.242989    0.0395615     0.063424     0.357972    -0.101482   -0.0681059    0.0302017     0.307005    0.0493338    -0.462201    0.0166255     0.276968    -0.249463    -0.137589     0.267538     0.225115   -0.0277989    -0.253016    0.0859226     0.116135     0.292037    -0.185908     0.405662     0.468432    -0.427555    -0.127671
  -0.0896341   -0.0127176     0.191029     0.342048     0.305483    0.0510351    -0.412495     0.392297     0.374495     -0.33313    -0.659352     -0.45609    0.0634099    -0.704774    -0.212384     0.113007      0.42053     0.122269     0.461792    0.0636146    -0.189642     0.692206     0.119084     0.140866     0.186883    -0.174031     0.110787     0.613025    -0.109789    -0.040701   -0.0301722     0.379613
    0.097067     0.159596    -0.167433    -0.118845    -0.136795    -0.230198     -0.45349      0.59316    -0.108816    -0.178271     0.362108     0.129274     0.184479    -0.534725      0.11514    -0.303454    0.0491376    -0.165345    -0.475985   -0.0300165     0.274861    0.0036059    -0.035334    -0.381934   -0.0206425    -0.212787     0.222077     0.207715    -0.471426    -0.241695   -0.0329732    0.0448395
   -0.358883    -0.219066     0.513041     0.637924   -0.0702091     0.281454       2.1961     0.422642    -0.790505      1.15116     0.736879    0.0569082    -0.230157      0.57685      0.31422      1.14057     -2.70697     -1.03532     0.119775    -0.580838     -0.43395    -0.123299     0.111237    -0.822946    -0.546469   -0.0635024    -0.181144    -0.383286    -0.170728     0.343777     0.320426    -0.336172
   0.0357428     0.764074    -0.482006     0.338304       1.1074    0.0624336    -0.406996     -0.35798    -0.267439    -0.718022     0.557949     0.381747    -0.741688    -0.532317    -0.177123    0.0722748     0.686328     0.472079    0.0388704     0.202462   -0.0167894     0.148145    0.0352971    -0.677025     0.872542     -0.46038    0.0456716     0.458659     0.251751    -0.268119     0.193766      1.26389
   -0.201832     0.477177    -0.437468     0.144691   -0.0414167      0.02261    -0.363178     0.529336     0.147152    -0.619006    -0.468017    -0.390178    -0.737289     0.201451    -0.116245     0.499152     0.605539  -0.00187017    0.0629709   -0.0996791    -0.168152     0.371842    -0.378597    0.0830797     0.224234    -0.643973    0.0304818     0.228244    -0.624088     0.487008    -0.304959     0.643334
    0.504271     0.122688    -0.345571   -0.0497582    -0.267781     0.219057     0.542974     0.493786     0.109129   -0.0515546    -0.483517    -0.223447     0.252935      0.84291     0.686365     -0.10854     0.250579     0.476723    0.0041612     0.189362      0.18649     0.461923    -0.355119    -0.153042     0.199632    0.0938643    -0.410179     0.192212     0.168083      0.10201    -0.232351     0.557016
   -0.373764     0.288071    -0.329822     0.673651     0.606821     0.219149    -0.250022     0.324852      0.45797     -1.00141    -0.555926    -0.271261    -0.493589  -0.00855745    -0.091971      0.83538     0.802665     0.391971     0.122558    -0.186062   -0.0944317    0.0310979    -0.117964    -0.384955     0.249377     0.409861     0.164066     0.418623     0.150059     -0.29202    -0.146345     0.435608
   -0.292362     -0.41077   -0.0232024     -0.50728     -0.54053      0.39219   -0.0187397    0.0181702    -0.204348     0.235278    -0.199067    -0.141173    0.0897992    -0.173405     0.320589    0.0663112   -0.0776875    -0.331565     0.193367     0.238331   -0.0796084     0.117008      -0.4818   -0.0578728    -0.204872    -0.295427   -0.0956495    0.0718834     0.219989    -0.159673    -0.402586     0.279091
  0.00129015     0.155884    -0.137535    -0.655181    -0.339311     0.260749     0.284526    -0.526058     0.215448    -0.291001     0.028868    -0.234086     0.336114     0.128444     0.401267   -0.0704566    0.0774287    -0.268836   -0.0550778     0.229452     -0.21347    -0.411708    0.0482754     0.792918   -0.0616353    -0.635398     0.372919    -0.401407    -0.105948     0.602559    -0.139311    -0.395908
    -0.27643    0.0806056    0.0668005     0.493888     0.336765    -0.535923     0.626716   -0.0549286   -0.0459337     0.130799    -0.344012     0.200897       0.1942  -0.00108947   -0.0896133     0.170382    -0.132742    -0.078336     0.203573    -0.516334    -0.419334     0.218349     0.322297     0.399561    -0.388599   -0.0348442    -0.229901     0.267222    -0.168043     0.140175     0.323142    0.0474486
    0.252851    -0.115146     0.380144   -0.0969292    -0.868612     0.271836    -0.207586     0.280645    -0.196349       1.0105  -0.00184692    -0.199901      1.07917     0.487734    -0.725007    -0.377955   -0.0815846    -0.125127    -0.393993     0.253363     -0.15199   -0.0873912    -0.199446     0.210125    -0.428846     0.149173     0.071967    -0.227533    -0.130989    0.0477121    0.0844147    -0.769086
    0.116232     0.367411     0.126073    -0.425302     0.434004    -0.223634    -0.676001    -0.207198     0.128467     0.402253    -0.196333     0.141205    -0.446555     0.538619    -0.486179     -0.49373      0.55488   0.00476572      0.66808       0.3588    -0.156985    0.0236669    -0.320354     0.176681    0.0197997     0.420031     0.348403     0.045617    -0.373843    0.0888168    -0.580831    -0.341705
    0.299246    -0.481795    -0.143715     0.103086     0.431335     0.391803     0.277693     0.265623    -0.688727     0.400758     0.223097  -0.00808753    -0.368919    0.0509536    0.0697312     0.352455    -0.621532    -0.601968    0.0717449    -0.533039    -0.175516    -0.357341     0.384167     0.245718  -0.00651436    0.0235012    -0.359651    -0.163659    -0.344953     0.564161     0.104773   0.00730891
  -0.0612812    -0.317625     0.387939    -0.194801     0.183242    -0.319061     0.264126   -0.0282648    0.0618383    -0.038754     0.487407     0.422491     0.256622    -0.363251    -0.734431    -0.458118    0.0584226     0.314051     0.141673    -0.192316    -0.339373     0.705426   -0.0659176   -0.0866913   -0.0674089     0.168278     0.456091    -0.102409     0.972827     -0.41765     0.452542    0.0554191
   0.0209049    0.0181861    -0.240586   -0.0114125     0.346207    -0.238853      0.11435     0.319336     0.182276    -0.720869    -0.102032      0.31969   -0.0490934     0.241069    -0.591915    -0.485159    0.0491682    -0.382286    -0.409099     -0.22266     0.269215    -0.460532     0.390695     0.522451    -0.522668    -0.100183     0.251058    -0.323694     -0.28026    -0.121383   -0.0467147    -0.304202
  -0.0762963     -0.33269     0.258473    -0.161084    -0.236358    -0.309181    -0.181433    -0.481147     0.232235     0.378234    0.0477804    -0.435014    -0.290137    -0.637846    -0.199387    0.0347802     -0.15404     0.264146    0.0344367   -0.0399472   -0.0826222     0.125926    -0.126735     0.290052   -0.0700504   -0.0841956    -0.204104     0.225981    -0.537113    -0.392816     0.317502     0.294573
  -0.0053518    -0.412144     0.267247     0.112702    -0.600302    -0.125981    -0.109506     0.266833    0.0202281     0.464746    -0.605391     0.184833     0.221855     0.979468     0.832209    -0.375437    -0.699669    -0.538188     0.395785    0.0660906    0.0795369    -0.128992    0.0388958     0.136453    -0.290148    0.0325092     0.120112    -0.710216    -0.200494     0.594607    -0.645124     -0.62735
   -0.200777     0.107968    0.0978507     0.260577    0.0416318    -0.166971    -0.250704   -0.0117332      0.59957   -0.0185877    -0.317115   -0.0468754    -0.327039    -0.522897     -0.19282     -0.36151     0.281022     0.158328    0.0217576     0.385482  -0.00217572    -0.336149    -0.331177    -0.200305     -0.22424      0.25573      0.40397    0.0365484     0.423091    -0.363008    -0.469049  -0.00254685
    0.451121    0.0378614    -0.320501     0.114337    -0.382871     0.162126    -0.167593     0.159537    -0.313003    0.0454107     0.156063     0.528952    -0.195318    -0.161445    0.0926411    -0.659404     0.382317   -0.0435219    -0.171572   -0.0116293     0.234339   -0.0145003   -0.0773875     0.470896   -0.0327445   -0.0282079    -0.142663     -0.20823    -0.405842     -0.18961     0.189032    -0.147752
    0.326478     0.094449    0.0447462     0.347726     0.537469    -0.227126     -0.95368     0.289881   -0.0103034     0.327772     0.254467    -0.172828     0.322462    -0.123201    -0.286218     0.103216    0.0485737    -0.265214     0.266752    -0.202145    0.0289812    -0.872132     0.209785     0.310292    0.0976792     0.587516    -0.171682     0.273628   -0.0980716   0.00872546     0.015557    -0.454862
    0.111349  -0.00807501     0.307702    -0.141127    -0.038657   -0.0294123   -0.0556572     -0.36644    0.0227463   -0.0893702     0.186169    -0.257725     0.413393  -0.00340118    -0.118774    0.0840905     0.172945      0.13747    -0.110348     0.175971    -0.389691    -0.309902    0.0613744    -0.295298   -0.0838495     0.200811   -0.0294557    -0.213538     0.520361    -0.158117     0.270357    -0.199171
  -0.0150127     0.323118    0.0847653     0.233593     0.309452     0.407171    0.0743444   -0.0692079     0.293161    -0.555921    -0.446842    -0.187421     0.601996       -0.564    -0.744946     0.794455     0.302352   -0.0129734    -0.048467    -0.324264    -0.169101    -0.766617     0.493171     0.195333    0.0706619     0.478514    0.0161616     0.578593     0.591995     -0.11686     0.101161     0.188397
   -0.529223    0.0126639     0.259123      0.28219     0.411885     0.520361     0.652635   -0.0868117   0.00854202     0.177077     0.399028    -0.557716    -0.277126    -0.355167     0.240071     0.790203    -0.879022     0.344472    -0.892192    0.0174408    -0.297313      0.54596     0.567652     -0.35273     0.181649    -0.966116    0.0830288    0.0978106   -0.0623482    -0.101562     0.485038     0.788242
   0.0295179    -0.167615   -0.0396197    0.0137075    0.0814429    -0.172978     0.615753     0.909741     0.294321    0.0477014    -0.451308   -0.0359478   -0.0274487     0.185024     0.440344       0.2636    -0.602767    0.0592009     0.098945     0.221188     0.123647     0.128762    -0.201103    0.0735355    -0.226685    0.0840395      -0.2077    -0.228805    -0.195732    0.0717335   -0.0544437     0.078194
   -0.149201    -0.139231    -0.662231    -0.207226     0.342157     0.065097      0.36718     0.631767    -0.145319     0.435044    0.0103189    0.0494953    -0.157115    -0.528194     0.071082    -0.330762    0.0951228    -0.691057    -0.234194   -0.0328674   -0.0638948     -0.10169     0.138588   -0.0564818   -0.0111934     -0.49699    -0.306695     0.184429    -0.229106     0.196024   -0.0420448     0.634973
   -0.130151    -0.196099   -0.0183432     0.300371     0.252124    0.0146351     0.441817     -0.37718     0.116985    -0.499813   -0.0242795     0.055848      0.21289   -0.0345925    -0.174556     0.144661    -0.436168    0.0226618     0.167135    -0.180742    -0.279915   -0.0606245    -0.149372   -0.0317704     0.362725     0.318212    -0.062641    -0.377009    0.0986692     0.393891     0.052141     0.190748
   -0.187939     -0.44441    -0.130391     0.610171    -0.250659    -0.278493   -0.0417238    -0.309015    0.0676592    -0.586956   -0.0432369     0.137575    0.0548451     0.492929   -0.0771137   -0.0164636    -0.305444    -0.158338    -0.238479    -0.108735   -0.0422824     0.243661    -0.385394    -0.256724   0.00959463    -0.147106    0.0912597    -0.177971     0.291012     0.207806     0.256328   -0.0287362
    0.213301     0.363315  -0.00117242   -0.0748147    -0.251846    0.0244871     0.212703    0.0433227  -0.00872319   -0.0828035     0.094486    -0.180473     0.165056    -0.564824    0.0453307    0.0554297     0.114331     0.049554    -0.326225     0.308127     0.546593     0.613634    -0.277682      -0.2826     0.123973    -0.814096     0.123415    0.0480625    -0.107148    -0.391221     0.300976     0.171202
  -0.0366922    -0.111888    -0.549766     0.216744    0.0992299   -0.0720478     0.104094     0.606532     0.497827     0.573232    0.0240157   -0.0615142    -0.238834    -0.112658     0.176725     0.745962     -0.64077   -0.0448203    -0.623979   -0.0689378    -0.483025    0.0337818     0.049278     0.447547    -0.761034    0.0292193    -0.318094    -0.173659     -1.08589   0.00257417   -0.0645291     0.389208
   0.0635075      0.16821     0.233591     0.422663     0.517485    0.0264335    -0.416688     0.483954     0.335659    -0.341169    -0.404286     0.469231     0.454761     0.127287    -0.454252     0.341351     0.539081    -0.196036    -0.250774    0.0556913     0.317641    -0.483422    0.0113326   -0.0197193    -0.183929     0.595459     0.230725     0.648335     0.198728     -0.35557   -0.0979684    -0.215829
    0.572214   -0.0916099    -0.557593   -0.0344243    0.0354441    0.0525726     0.275755     0.701369    -0.369312    -0.691386      0.21479     0.198878    -0.760519     0.826573   -0.0425002   -0.0225483   -0.0544171    -0.351125    -0.492579   -0.0383217     0.216398      0.32373     -0.33881    -0.130408   -0.0471421    -0.376565    -0.683139    -0.171438    -0.649852     0.270347     0.570408     0.298296
    0.374064    -0.213109    -0.346591     -1.22684    -0.690892    -0.520175     -2.80467     0.132917     0.169401    -0.214577   -0.0468458     0.715359     0.098339     0.661024    0.0349197     -2.12047       1.3427     0.710928    -0.131401     0.530744      0.20274      1.28262    -0.940826     0.181346    -0.273137    -0.141178    0.0302585    -0.407216     0.348501   -0.0332993     0.318089    -0.357764
    0.424254   -0.0157192    -0.511307      0.22031    0.0741044     0.142956     0.352828     0.505093    -0.124597     0.399557     0.449007     0.111637    -0.577261    0.0477819     0.195708     0.550225    -0.101756    -0.304843     -0.28351    -0.431926     0.275513   -0.0197772     0.367036    -0.194251    -0.134877     0.185919    -0.296371     0.630487     -0.41101    0.0849398     0.215442     0.771886
    0.030904   -0.0829806     0.244928   -0.0605614    -0.439943     0.110285    -0.604325      0.34609   -0.0902935    -0.241594    -0.468759   -0.0182873     0.549864     0.355984    -0.387585    -0.368258      0.61611    -0.176839    -0.350755    0.0711894     0.187678    -0.585291     0.326047     0.650554    -0.352854     0.159561    -0.234542    -0.176902    -0.845691   -0.0769819    -0.211665    -0.500174
    0.208577     0.748086    -0.264547    0.0917604      0.33768     0.205115    0.0173697     0.341189     0.270526   -0.0395172    -0.282388   -0.0362673     0.224695     0.198345   -0.0532385    -0.339932     0.231634     0.521509   -0.0213632     0.414787     0.159411     0.193498    -0.245972   0.00923692    -0.258598    -0.429347     0.607384     0.341576    -0.364176   -0.0115143    -0.618923     -0.56051
   -0.200653    -0.289221     0.182459   -0.0931331    -0.364684     0.254104     0.228665    -0.232453     -0.16225     0.252574    -0.222099    0.0128334    -0.225381     0.455246      0.30897   -0.0731659    -0.374222   -0.0438648    -0.319081     0.476133     0.275242    -0.252194   -0.0985149     0.162158    0.0770538    -0.549014   -0.0832211    0.0646431     -0.47749    -0.513066     0.257767    -0.187305
  -0.0246888    -0.128063     0.120404   -0.0232438     0.686806    -0.400318  -0.00722823    -0.141708    0.0362845    -0.129065    0.0890151    -0.191348    0.0795359    -0.467682    -0.560022     0.245293     -0.48795     0.274495    -0.506983   -0.0987859    -0.113328   -0.0604495  -0.00337034     0.807773    -0.679849     0.190804    -0.783176    0.0169271   -0.0876955    -0.332912       0.1139    -0.151339
    0.162126     0.243871     0.139652    0.0832366     0.484298   -0.0682927     0.735406     -0.19808     0.041087  -0.00865269    0.0300888     -0.05522     0.326682    0.0103613    -0.181355   -0.0939789    -0.396093    -0.215519    -0.205855    -0.311867      0.31168     0.242586    0.0882723  -0.00355371     0.337206    -0.123749    0.0763924     0.421332    -0.105943    -0.390835     0.185784    -0.163965
    0.366789    -0.148329      0.51366    -0.619208     -0.68237     0.232608    0.0795437      0.52836    -0.613806     0.529523     0.658216    -0.258353     0.869534    -0.278041     0.228406   -0.0373949     -0.18707    -0.896015     -0.38651    -0.359758     0.718257    -0.534756      0.29919     0.330644      -0.6147   -0.0679008     -1.00572    -0.189265    -0.224725   -0.0853925     0.504468    -0.257877
   0.0957901     0.171613     0.401507    0.0955459    -0.551933     0.143732    -0.995474    -0.374248     0.180023     -0.22924   0.00298884   -0.0459668    -0.222177    -0.326228    -0.176852    -0.122986       1.2938     0.329674     -0.31741    0.0728263     0.116061     0.135167     -0.87219    -0.713853    0.0785418      0.38408    -0.372245    0.0229384    -0.363736     0.109987      0.16287     0.152788
  -0.0681756     0.627376     -0.13026     0.585194    -0.399183     0.132383     0.366815     0.901014     0.175921    -0.178517    -0.317267    -0.310354     -0.24664     0.297149      0.41549    0.0862379    -0.203847   -0.0874676   -0.0623671     0.265043    -0.417158     0.470083     -0.86354   -0.0924393     0.240484   -0.0578593    -0.279508     0.209644     -1.07849     0.421431    -0.517321     0.372907
