    0.295413     0.129851     0.554507      0.63924    -0.456264    -0.309091    0.0323252     0.102092    -0.279016    -0.102358     0.230861    -0.763817    -0.357917    -0.108238     -0.28054  -0.00593664    -0.438967    -0.443672    -0.419508   -0.0928047    -0.264761    0.0824241    -0.438999   -0.0990853   -0.0278795    -0.290226   0.00457148     0.129892    -0.107712    -0.176492    -0.202416     0.267749
    0.468565     0.232988     0.296584     0.139818     0.226153   -0.0927003    -0.419134    0.0326003     -0.14499    -0.186671    -0.582097   -0.0288567  0.000565365     0.167745    -0.331481     0.323168     0.162498    -0.358801     0.496138    -0.304012     0.294279    -0.426227    -0.132049   -0.0562412    -0.496859    0.0829031     0.633255     0.686806      0.04913     0.412928     0.309638     0.646583
    0.247795     0.349297    -0.324539     0.387431     0.571193     0.056306     0.469271    -0.181431   -0.0574481     0.103022     0.295447     0.310654   -0.0861606     0.181273    -0.418196   -0.0226803     0.621751     0.581561     -0.17548    -0.183984    -0.238164     0.614203     0.359531     0.348461    -0.183014     0.392826    -0.173343     0.152341     0.389862     0.317527    -0.169542   -0.0422321
   0.0345834    -0.188525    -0.453228      0.06009  -0.00908034   -0.0738763    -0.370365     0.480406    -0.402051      0.26679    -0.195566     0.211302    0.0816293    -0.167374     0.171585    -0.246174    -0.234535    -0.519195     0.181092    0.0168262    0.0903901     0.353625    0.0317611   -0.0107211     0.573585     0.251883     0.334779    -0.351731     0.137638    0.0951552   -0.0895686   -0.0456964
  0.00394461     0.353048        0.483     0.111297     0.187843     0.233462 -0.000653532     0.240894     0.233531    -0.204932   -0.0275803     0.352043     0.204766    0.0061171   -0.0885959    0.0739172     0.215122    0.0199024     0.021946    0.0167974   -0.0227734     0.266705    -0.408456   -0.0635518    0.0179159   -0.0981761   -0.0852945    -0.147494    -0.423098     0.633074    0.0434538     -0.51083
    0.434956     0.368819     0.552027     -0.41844    -0.112101   -0.0306486    -0.662446     0.717618     -0.17876    0.0817203    -0.492676    -0.716241     0.985161    -0.465458    -0.030648     0.090487     0.107338     0.429814   -0.0140205     -0.34302    -0.189549     0.242464     0.735937    -0.655848    -0.172536     0.337192     0.240098    -0.178218     0.326388   -0.0354391     0.249108     0.995117
    0.280062     -0.40688     -0.15469   -0.0685781     0.415904     0.181296    0.0595397  -0.00723449    -0.271997     -0.10363     -0.27398     0.347464    -0.523617     0.477518    -0.265008     0.281466    0.0783618     0.347289    -0.265067      0.34209     0.361147     0.211853     -0.01293  -0.00266465    -0.465419    -0.371553     0.408288      0.29898     -0.15652  -0.00823392      0.47633     0.450462
   -0.183005    -0.483654      1.05706     0.548531  0.000383616   -0.0910229     0.194147    -0.127858     -0.19384     0.210682    0.0998771    -0.356633   -0.0659925    -0.295147      -0.2302    -0.335158    0.0534108    0.0771907     0.181605     0.154632    -0.233993      0.53472     0.384036    -0.028635     0.472804   -0.0794152    0.0301973     -0.10824     -0.32578      0.34027     0.646802     0.472055
  0.00593714     0.242426    -0.194428    -0.242993     0.256043    -0.235675       0.4258     0.227281     0.107219     0.122631   -0.0198632    0.0032832     0.374633     0.212802   -0.0956739     0.190454    -0.155489     0.136964    -0.233773    -0.528451    -0.112737     0.270604     0.452089      -0.2708    -0.367411    -0.483762     0.285297    -0.220737     0.277407    0.0539494     0.686454     0.148459
    0.183023    0.0367924    0.0440417    -0.329297     0.135552     0.214554     0.709738     0.112856   -0.0142244   -0.0610663     0.289886    -0.171196    0.0587224     0.248876   -0.0927671    -0.405635     -0.17334     0.507888   -0.0772048    -0.197944    -0.454314  -0.00315113     0.210666     0.346771    -0.162821    0.0645353     0.198003       0.1839    -0.174257     0.309964     0.205255     0.328708
   0.0824315     0.421867      0.17784    -0.273131    -0.144108   -0.0747019    -0.393141    -0.379827    -0.533631    -0.244612     -0.16715 -0.000130435    -0.175734    0.0846741    -0.173044    -0.603887     0.486422    0.0341061   -0.0663178    -0.253428    -0.201095      -0.2895     0.077044    -0.349132    -0.541258    0.0648319     0.518504     0.061419   -0.0217365    -0.194967     0.070957    0.0934618
    0.135864      0.18488     0.205514    -0.036592     0.382913    -0.308125   -0.0811912    -0.560435    0.0670349   -0.0730838    -0.451009      0.30521   -0.0989445     0.430192    0.0598561    -0.320875    0.0130032   -0.0121466     -0.14112    -0.194861   -0.0942971     0.053745    -0.108246   -0.0413083    -0.282336     0.131826    0.0995375    -0.246725    -0.146235     0.253806     0.192265     0.480507
   -0.312336    -0.320249    -0.445054    -0.444377      0.43442     0.213143    0.0547292     0.296335    -0.576545     0.102356    0.0961496    0.0396187    -0.195942     0.490764    -0.189344    -0.205275    0.0353822    0.0401133     0.358619    -0.101761      0.21461    -0.300152     0.269099     0.425458     -0.46939    -0.378082     0.662997    -0.109525      0.02623     -0.11408    -0.145562     0.439356
    0.743635     0.622694     -0.63339    -0.446155    -0.103394    0.0600681     0.977395    0.0288206      0.29218    0.0152077     0.438525    -0.486757     0.988777    -0.533991    -0.222295     0.319284     0.683172    -0.251114    0.0146273     0.317246    -0.228225     0.764705   -0.0286983     0.210428     -0.20194   0.00986932   -0.0247807    -0.538222     0.787903     0.085241     0.526167     0.240296
    0.244333      0.26724     0.496548  -0.00641198    -0.266212   -0.0932672     -0.27948      -0.0727     0.402327   -0.0922798    0.0329532     0.124067    -0.103188    0.0196427    -0.288417     0.130234      0.28525    -0.326326    -0.198771    0.0343111     0.309431     0.089599    0.0333861    -0.198434   -0.0802866   -0.0451527     0.190432     0.301709     0.215583      0.26886     0.506341    -0.418496
   -0.118102  -0.00514797   -0.0438346   -0.0658497    -0.102008    0.0331225    -0.195999     0.307114    -0.563054    -0.399852      -0.2102     0.398038     0.101381    0.0726962     0.181936    -0.059684   -0.0167826    -0.329831     0.102494  0.000666043     0.372581    -0.146138    -0.145395    -0.229942    0.0911124     -0.35452     0.435815    -0.114836    -0.536256     0.453991    -0.568927     0.245828
    -0.42108     0.272473    -0.343508   -0.0328412     0.214402    -0.134837     0.467632    -0.140683    0.0568596     0.239067    -0.114947     0.317263     0.154353    0.0398384    -0.111822    -0.574506     -0.42748     0.305311    -0.302418     -0.38096    -0.192437   -0.0494234    -0.298364     0.586162    -0.160259    0.0845898     0.399514     0.130372     0.191694     0.242492      -0.4686     0.293237
   -0.230085     0.132419     0.500756    -0.347395    -0.120342      0.17111     0.316374     0.792583     0.498425     0.228674      0.16249   -0.0946139     0.408822    -0.259835     0.284606     0.468796    -0.307145 -0.000206877    -0.212993    -0.111412    -0.087018     0.608993    -0.182913    -0.144472   0.00392034     0.111316    0.0110339     0.281731    -0.243119     0.115847     0.563003    -0.183179
      0.3318     0.187791   -0.0718925    0.0081069     0.427659    0.0889467     0.640373     0.156701   -0.0573437    -0.109603   -0.0537771    0.0762659     0.325668    -0.155101    -0.574422    0.0559549     0.530892    0.0768334     0.290801     0.349995   -0.0596286      0.41649     0.285292     0.378634     0.224522   -0.0539826     0.171407     0.251651     0.158649     0.466537    -0.291995     0.308879
    0.568459     0.114082    -0.115469    -0.396675    -0.109976    0.0148398    -0.508391     0.409967    -0.476558     0.190173    -0.853987    -0.251624     0.822363    0.0983549    -0.197417    -0.235066   -0.0420144     0.201597     0.423382    -0.405001    -0.221226     -0.94444     0.511736    -0.152656    -0.730051     0.232912     0.378925    -0.255286    0.0934355    -0.203306     0.221627      1.01704
   0.0621553     0.110199    -0.105043     0.182846     0.332555   -0.0161573     0.153805    -0.300836    -0.434662     0.458485     0.151799    -0.231202    -0.446077     0.331488    -0.491123   -0.0313767     0.197971   -0.0377178     0.279021    0.0976267     0.128845    -0.276448    -0.166854   -0.0465649     -0.21739    0.0528006     0.501695     0.557417    -0.518743     0.183692    -0.380456     0.494452
    0.110019      0.45565    -0.028323    -0.124251     0.516589    -0.374708     0.458231     0.252784     0.776853    -0.212051     0.262076    -0.193435    0.0448981     0.152825    -0.147231    -0.142748    -0.111628     0.289722    -0.563931    -0.470583    -0.622603     0.253539     0.328537   0.00851702    -0.534525   -0.0922596    0.0452656    -0.252475   -0.0141586     0.171299     0.551556   -0.0211775
  -0.0206109    -0.118204    -0.126116    -0.151574    -0.336776   -0.0452337     0.479319     0.271639    -0.360116     0.233966     0.434807   -0.0272365    0.0959413    -0.245669    -0.223036    -0.315971     0.302875    0.0512821     0.154855     0.048049    0.0176648     0.048409   -0.0651367    0.0526639    -0.363665   -0.0944131    0.0541491     0.175497      0.14625      0.50534    -0.330929     0.147727
    0.168447     0.257918     0.498096    -0.158647    0.0250609    -0.326115     0.138354    -0.134652     0.229722     0.055839    0.0355784    -0.538252     0.597938    -0.473153    -0.197787     0.622645     0.237654    0.0880798     0.487614     0.851457     0.110555    -0.357099   0.00548276     0.147758    -0.129525     0.548531    0.0279859   -0.0887723     0.345717    -0.330028     0.354504    -0.423997
   -0.523398    -0.160281     0.044313   0.00248196     0.533928    -0.360593    0.0218278     0.150058     0.066497    -0.411997     0.125015     0.394758     0.187017     -0.36311     -0.12878     0.273991   -0.0653269    -0.340394   -0.0704923     0.375572   -0.0529491     0.264631     0.195124       -1.028    0.0268273    -0.124571     0.488135    0.0684802    -0.109036     0.328441     0.100086   -0.0670501
    0.576187     0.327061     0.414344    0.0819473     0.219456    -0.393031     0.297333    -0.191998     0.506219    -0.175668   -0.0959503    -0.300685     0.843078     -0.22637    -0.245445    -0.104515    -0.207919     0.231229     0.149687   -0.0485413    -0.460945    -0.506596    -0.539406     0.278357    -0.381102     0.119375    0.0959969     0.292685     0.344199  -0.00431697     0.324439     0.417992
   -0.454113   -0.0432789   -0.0276828     -0.35013    0.0267221    -0.279755    -0.654891     0.289589    -0.147266      -0.2383  -0.00518601    -0.216588     0.442623    -0.145299      0.38242     0.422507      0.16768     0.473224    -0.152193    -0.375874     0.058654    -0.116848   -0.0871796    -0.620209    -0.166594    0.0360516    -0.342923     0.100476     0.811499      0.30582   -0.0698699     0.362836
  -0.0357975     0.286914   -0.0536193    -0.214597    -0.811738     0.297905    -0.175637     0.160391    -0.105284    -0.197387      0.12425     0.151485     0.405427    -0.486998       0.4452    -0.466543    -0.253798     0.190851     0.101708    -0.875436     0.251563    -0.397889      0.42136     0.109225    -0.643985    -0.116236    -0.240851    -0.129316     0.087793    0.0365346     0.245537     0.153348
   -0.474708     0.101685    -0.291075     -0.43241     0.262322    -0.266152    -0.263712     -0.17927      0.12522    -0.174161     0.207341     0.426141     0.399351    0.0251705     0.108088    -0.338676     0.768369     0.219994   -0.0047876   -0.0511671     0.323258     0.108114   -0.0668911    -0.130477    -0.193652    0.0312948     0.444219    -0.570006     0.397698     0.235137     0.513156   -0.0794989
    0.457892     0.217294    -0.239731   -0.0847145     0.243684    -0.252059    -0.623079    0.0869726    -0.194122    0.0334337    -0.541732   -0.0655909  -0.00325829     0.353615   -0.0217647     0.462287    -0.152944     0.639474     -0.15403    -0.200595    -0.496791    -0.300954    -0.313064    -0.202762   -0.0819406     0.158711    -0.142751     0.241673   -0.0238131    -0.208329   -0.0767058     0.555744
   -0.485089   -0.0316688    -0.287617     0.434398    -0.147963     0.240517     0.193637    -0.234789     0.344625     0.198897    0.0499601     0.100825    -0.261662    -0.393152   -0.0172483     0.406241     -0.10982    -0.299055    -0.599101    -0.220703     0.359605    0.0669175    0.0724499     0.422198    -0.629747   -0.0961422    -0.800131    -0.120463     0.305262    -0.209355     0.341978      0.15752
    0.158861     0.119676    0.0438023     -0.47741    -0.258522    0.0442395    -0.457542     0.231365     0.645934     0.241911     0.315899   -0.0239349      0.65367     0.144831     0.256759     0.457383     0.536712    0.0771253   0.00867927    0.0369081    -0.132643     0.444725   -0.0601891     0.204905    -0.229708     0.600598     0.321424    -0.192072    0.0413081     0.225527     0.363552    0.0545795
