   0.255065   -0.109704    0.198688   -0.229045    0.314359  -0.0796517   -0.163042   -0.127596   -0.451054  -0.0856207   0.0627222    0.199932   0.0432655   -0.137197  -0.0681396    0.196583  -0.0393144    0.248189   0.0333054    0.205519   -0.245193    0.082007   -0.108299   -0.413917  -0.0656357   -0.144351   -0.399841    0.310262  -0.0481588   -0.187542   -0.295004   -0.395816
  -0.108208     1.27769   -0.257069  -0.0533767   -0.765734   -0.167266  -0.0817259    0.168022   -0.238521     0.10277    0.109529    0.227878    0.609269    0.443675     0.14806   -0.524766    0.511516   -0.301048   -0.280817    0.284402   0.0171245   -0.224195   -0.213838   0.0371975    0.104001    0.263593   -0.171804   -0.571677   -0.567944    0.538608   -0.387432    0.462587
  -0.199222     0.33165   -0.704428    0.193081    0.506822    0.148681    0.530731  -0.0411644  -0.0432723    0.298782   0.0608253   -0.453934  0.00389213   0.0402829   -0.180558  -0.0620833    0.205488   -0.337463    0.211472   -0.337955    0.380875   -0.218548   -0.082236  -0.0855994    0.314501    0.388036  -0.0858578  -0.0303708   -0.192087   -0.480081    0.685531   0.0201894
  -0.106235   -0.101691    0.321506  -0.0135731   0.0754652    0.252494    0.166605    0.464192    0.286311   -0.220839   -0.132111    0.120109    0.446229    0.477554 -0.00536949  -0.0278211    0.119805   -0.118005  -0.0527881   -0.101194   0.0601657  -0.0576798   0.0363577   -0.445056   -0.118361    0.029428  -0.0765002    0.306526   -0.167121   0.0808294    0.106947    0.163238
  -0.256745   0.0239247    0.288618    0.488014   0.0438792    0.192056   -0.273353    0.104576    0.107853   -0.275775     0.44229   -0.294589    0.193752    0.207088    0.446296    0.275815      0.2411   -0.547251    0.134299  -0.0434608  -0.0858299   0.0842727  -0.0877653 -0.00226059   0.0388313  -0.0939478   -0.546669    0.550425   -0.297449    0.281593    0.227862   -0.124139
 0.00918676   0.0528502    0.023271  -0.0431498     0.44963    0.795512    0.325977  -0.0824233   -0.239101    0.145193  -0.0795578   -0.117606    0.442886   -0.234327     0.19617    0.268002   -0.442458   -0.561832    0.270265   -0.250902   0.0369283    0.616636   -0.200935  -0.0499385    0.226006 -0.00990569   -0.250313    0.400754   -0.018158    0.125232    0.184167   -0.157405
   0.455145    0.571315    -0.46357     0.33389   0.0852898   -0.158665   0.0179079    0.360487  -0.0379128   -0.448289    0.140641    0.234675    0.272019    0.241293   0.0209007   -0.329372    0.519519    0.259603    0.281449    0.237065    0.275522    0.212267    0.150836   -0.184903    0.145668    0.168324  -0.0390174   -0.364711   0.0270671    0.132315   0.0676869   0.0842657
  -0.113118   -0.114741    0.153936    0.227796  -0.0110396   -0.501957    0.236969    0.181549   0.0550332    0.197003  -0.0419695    0.157445    0.256509   0.0218988    0.100995   -0.211863    0.126888  -0.0553416   0.0973423    0.160617   -0.126798   -0.267696    0.399293  -0.0448339   0.0953555    0.304708   -0.251408   -0.317535   -0.156427   0.0183669   -0.175397    0.230785
   0.272839    0.228803   -0.236011    0.164892   0.0252948   -0.198287   -0.500438   -0.123647    0.201628    0.247134  -0.0321088    0.158008  -0.0447886   -0.147012   -0.503821   0.0449455    0.192243    0.261751   -0.104092    0.419315   -0.264084   -0.557323    0.213199   -0.321006   0.0197026  -0.0666843   0.0564322   -0.522681   0.0928596    0.276275   -0.274593    0.235444
   0.279956   -0.112281    0.175559   -0.228116  -0.0161664   -0.414943   -0.290018  -0.0522496   -0.444389   0.0920425   0.0777644  -0.0420735    0.310575   -0.378431    0.352093     0.26028   0.0137889  -0.0439183   0.0940628  -0.0753101   -0.430137   0.0800033  -0.0704031    0.256053    0.202387    0.167898   -0.290539    0.510044   -0.037289   -0.175109      0.1714   -0.114506
  -0.113096    0.659768  -0.0117647   0.0274624   -0.154964   -0.176736   -0.449298   -0.136579  -0.0532329    0.283696    0.453497    0.177003    0.140752     0.32031   0.0925617   0.0517799     0.46216   -0.395657   0.0614208    0.293479    0.203492   0.0111798    0.299815  -0.0905339   0.0557395      0.3598   0.0518765   -0.371121   0.0327875    -0.12262    0.161412   0.0759729
  -0.341941    0.479692   -0.239591   -0.144718    -0.37939    0.478913   -0.122998  -0.0415944   -0.438241   -0.236391     0.10895   -0.413235    0.264575  -0.0197633    0.207682    0.314196   0.0680254  -0.0306128   -0.106625   -0.316045   0.0203447    0.219228   -0.127478   0.0952916    0.211009    0.105689  -0.0927981    0.229423   -0.175939   0.0946866   -0.194334   0.0806027
  -0.251238   -0.110375  -0.0498321    0.119555   -0.135099   0.0438283    0.134837   -0.229413  -0.0217327   -0.232478     0.22792   -0.216149    0.236141   0.0353799   0.0348417    -0.19106    0.245395    0.194416  -0.0559818    0.067576    0.150425   -0.134257   -0.350246   -0.305773    0.300449   -0.263185    0.172279    0.390975    0.221875   -0.026939   0.0952157    0.158256
  -0.215885    0.168788   -0.510038    0.179849   -0.340088   -0.515616 -0.00142267    0.257941   -0.160035   -0.308554    0.207864    0.402541   -0.289809    0.259105    0.327908   -0.691631    0.200249    0.271335   -0.887364   -0.120232  -0.0269765   -0.172008   -0.102946   -0.119507    0.175191    0.134435    0.482447   -0.637066    0.250348   -0.166768    0.144785   0.0613629
  -0.255173     0.25099    0.160056    0.101314  -0.0217474   -0.215418   -0.293982   0.0241532     -0.1518    0.355098    0.397754   -0.152648    0.149699  -0.0935496   -0.210544   -0.160349    -0.17005   0.0252809    0.235665    0.241701   -0.354037   -0.253897    0.214263   -0.197892     0.10316   -0.173136    0.286919    0.149347   -0.142177    0.295378   -0.024377   0.0219306
   0.246338   -0.136286    0.112913  -0.0928924   -0.192816   0.0207583   -0.236391   -0.158361    0.104508    -0.23378   -0.109633   -0.533223    0.201994   0.0454159    0.128595   -0.115469  -0.0540243    0.149869    0.122995    -0.16316   -0.216686    0.412077   -0.150272   -0.244991    0.229595    -0.15469    -0.17751    0.140404   -0.222868    0.104004    0.240827   -0.200316
 -0.0723773  0.00543759  -0.0898047    0.163468   -0.274318   -0.166291   -0.154481    -0.21128   -0.187252    0.289107     0.27051   -0.326153   -0.127129   -0.490187    0.192687   -0.270139    0.223711   0.0609031    0.341069  -0.0623422  -0.0202311   -0.115223   -0.075779    0.333712  -0.0361632    0.102091    0.235652   -0.192344  -0.0127902   -0.191009   -0.322564    0.225713
   0.293958  -0.0318866     0.15392    0.268215   -0.277116   -0.305758   -0.135581  -0.0080075   0.0327978  -0.0715415   -0.192781    0.279561  -0.0799008     -0.1741   -0.402464   0.0232465    0.218187    0.252435   -0.347838    0.485965   0.0740719   -0.533052   0.0370737    0.335498    0.209023    0.105066    0.197576   -0.308702     0.32736    0.202389   -0.105307    0.346021
  0.0216043   -0.474771     0.29191    0.169204   -0.133736    0.153433    0.292149    0.203841  -0.0402064   -0.249408   0.0293808    0.379177    0.146483    0.198542    -0.53257   -0.222691   -0.217312    -0.14792    0.386889    0.273713  -0.0689964    0.324664    0.189933   0.0112664    0.120605   0.0959814    0.155081    0.186763    -0.42687    0.233175    0.108335   0.0900271
  0.0811588   -0.264693  -0.0359402   -0.362877   0.0831599    0.411247   0.0443773    0.200538    0.392623   -0.306941   -0.135773  -0.0665774    0.492062    0.198629   -0.449109    0.325639    0.258783  -0.0369837   0.0367435   -0.628651  -0.0403139   -0.308011    0.276065  -0.0719885  -0.0872819    0.316258   -0.333361    0.481307   -0.325213  -0.0289836    0.225485    0.457276
 -0.0884127   -0.368667    -0.28541    0.368518   -0.524536   -0.198855   0.0439547   -0.334105   -0.198401   0.0747375   -0.369117     0.46932   -0.019405   -0.151099 -0.00295447    0.250868   -0.335581  -0.0665885   -0.340758    0.173295  -0.0383608    0.195473    0.352562     0.15695   -0.394498   -0.507207    0.046602  -0.0859176   0.0662735    0.138794   -0.160074   -0.151807
   -0.40078   -0.251236   -0.240144    0.241403    0.355933    0.287659    0.129558   -0.224158  -0.0510414    0.294698   0.0952499    0.489841   0.0554291    0.209775   -0.150148   0.0519009    -0.15763   -0.504471 -0.00868554   -0.414822   0.0576266   -0.355443   -0.385702    -0.51188  -0.0120379    0.247776   -0.426691    0.144404  -0.0279874   -0.469516    0.173168  -0.0708376
  -0.023234  -0.0471425    0.114503   0.0326374    0.149219   -0.102826    0.297904    0.223199    0.370921   -0.308465    -0.23942  -0.0690482   -0.386803  -0.0865221    0.285324 -0.00601681    0.252093   0.0816223    0.101437   -0.570801  -0.0940791   0.0765928  -0.0681698   -0.145056   -0.175249    -0.29673    0.408106     0.18983   -0.234556    0.150181   0.0565511    0.239401
  -0.131367   -0.108663   -0.194711    -0.38993   0.0421237    0.232272    0.299807   -0.356894    0.410511   -0.126901   -0.139035   -0.330814   0.0236449   -0.117455   -0.579299    0.252601   -0.174109  -0.0104011   0.0015081   -0.604317   -0.388011    -0.26456   -0.305416    0.234841 -0.00777726    0.284106    0.028466    0.574388  -0.0940763   -0.292093    0.171889  -0.0113753
   0.457021   -0.349761   -0.327895    0.242576  -0.0487128   -0.150942   0.0505435   0.0960195    0.174276  -0.0501692   -0.306313   -0.240444    -0.17753   0.0277828     0.28122   -0.278996  -0.0483712    0.110166     0.40828   -0.183014  -0.0113141  -0.0201642    -0.18772   -0.147562    0.313229   0.0241965   0.0688845   0.0757411    0.369496    0.168451   -0.267271  -0.0698719
 -0.0922876     0.50552   -0.296503    0.085836   -0.597438   -0.181545   0.0754549   -0.157084   -0.157013   0.0983702  -0.0502032   -0.394659  -0.0835808  0.00138115    0.112122   -0.262003   -0.138045  -0.0123142  -0.0524576    0.123752   0.0444501     -0.7332    0.140783  -0.0858384   -0.144791   -0.138469   -0.356181   -0.344307    0.306053    0.198249   -0.436127 -0.00665083
  -0.173194   -0.113053    0.088624   -0.425085    -0.50625    0.195199    0.123282   0.0449672   -0.109659    0.100564  0.00877706  -0.0772759    0.134975   0.0274134   -0.143089   0.0680557    0.130641  -0.0622191    0.077485   -0.308045    0.103319    0.115097   -0.137004   -0.267589    0.387268   -0.442089   -0.149431    0.378873   0.0997223    0.145915   -0.195655    0.245129
 -0.0676592     1.51401   -0.119063     0.15583   -0.311059    0.658165   -0.551545   -0.174495   -0.503299  -0.0959429     1.22817    -1.10183     0.21523   -0.395295    0.740131    0.356167   0.0744367    -1.14779     0.39894   0.0313718    0.185785    0.190148   -0.365447    0.446853   -0.105357    0.796877   -0.171137    0.599436   -0.663693    0.242159  -0.0761193   -0.187435
  0.0784548    0.126973   -0.169005     0.21084   -0.177591  -0.0193554    0.158376    0.250067    0.327033    0.025725   -0.180347   0.0141233   0.0868075    0.394372    0.196007   0.0430713    0.105889    -0.48018   -0.189647   -0.171227   -0.252127   -0.203495  -0.0361161   -0.115885  -0.0569358 -0.00393656    0.107519 0.000189548   -0.541726   -0.290347    0.160248   -0.189478
   -0.26542    0.219258  -0.0825669   0.0596025  -0.0974275   -0.179578   -0.238297   -0.106467   -0.321631    0.306899    0.154084   0.0288215   -0.130206    0.144664   -0.145599   -0.305283    0.351937   -0.214804  -0.0395965     0.16662   -0.109733    0.318043  -0.0681382   -0.263016   -0.211618    0.322539   -0.102059   -0.131905   -0.118844    0.186317    0.152973    0.249659
   -0.12754   -0.217102    0.319294   -0.408365 -0.00553885  0.00108395    0.302356   0.0996687    -0.24366   -0.304414    0.426238   0.0331293    -0.18993   -0.398087   -0.293917     0.36546  -0.0987765    0.183457   0.0830028   -0.255786   -0.303782    0.119481   -0.350313   -0.234873   0.0643057   -0.579691    0.196818   0.0523342    0.215959 -0.00778951    0.419011    0.316094
   -0.12293   0.0470221    0.225275    -0.14366    0.371675    0.138896   -0.324497    0.203733    0.325214  -0.0944406    0.121525  -0.0308187    0.294524   -0.262714   -0.340212  -0.0815331    0.341473    0.104371    0.206384   0.0477675   -0.174756    0.395015    0.143335    0.130128 -0.00896255   -0.227093   -0.251481    0.147941    0.180427  -0.0505292    0.239482    0.124628
