    -0.23039   -0.0506733     0.401067    -0.241328     0.288286   -0.0112474     0.276379    -0.151028    -0.162091    -0.155815    -0.136655     0.376253    0.0576001    -0.657357   -0.0808143     0.186761   -0.0421916     0.115168     0.274617    0.0743695    0.0490231     0.114825     0.204399   -0.0609698     0.244691   -0.0913062    0.0484248   0.00739043    -0.158597    -0.155735    -0.145109    -0.112669
  -0.0812131    -0.104209     0.226087   0.00378327   -0.0248782     0.406351    -0.238017    -0.145158   -0.0858047     0.179777    -0.109405     0.294945   -0.0907752    -0.265184    -0.181594      0.39406    -0.101113     0.262638     0.326839     0.108243     0.231548   -0.0862946     0.124821   -0.0368833    -0.207938    -0.312471    0.0239442     0.604264   0.00563156    0.0136884   -0.0612961   -0.0760087
     0.38647    -0.298972     0.357643     -0.19087    -0.181874    0.0830967    -0.179654   -0.0108951    -0.458785    -0.181138    -0.168105    0.0769501    -0.296585    -0.383541    -0.403229     0.363734    -0.277542    0.0402419    0.0441924     0.399588    0.0742086     0.042554   -0.0114082    -0.212513     -0.47068    -0.212199    -0.137642   -0.0177442    -0.141188    0.0781035   -0.0584189    -0.349864
   0.0195952    -0.164133    -0.133739   -0.0293813     0.335057    0.0881423     0.169483    -0.127026    -0.155211    0.0842712    0.0548205     0.177166    -0.289136      0.16162    0.0912024     0.293286   -0.0790838    -0.653799    -0.271323     0.552874    0.0708539    -0.552731    -0.201997    -0.182955    0.0354599    -0.223155    -0.223142   -0.0692161    0.0461462    -0.362587    -0.105469   -0.0173811
  -0.0119175    -0.279643    0.0941127    -0.260522    0.0995444     0.015714   -0.0522506     0.150517     -0.16753    0.0531782      0.23693    -0.405015    0.0124755    -0.117022   -0.0290534    -0.140534      0.34183    -0.303251   -0.0450862   -0.0554465     0.191488     0.165819  -0.00109601   -0.0832652    0.0842971     0.292874     0.126502     0.453671   -0.0312525    0.0893469    -0.282038     -0.06592
  -0.0692927    -0.245326   0.00680808     0.145012     -0.12652     0.312116    -0.146009   -0.0726347   0.00129963   -0.0957073   -0.0355633     -0.29656    -0.171902   -0.0409309   -0.0827964     0.016135   0.00435581    0.0939704    -0.409832    -0.377353     0.274247    0.0897345   -0.0194187     0.138498    -0.103082     0.140779    0.0245883   -0.0556601     0.185837     0.202785    -0.166744   -0.0430273
    0.178634    -0.145048     0.185797    -0.309614    -0.225889    -0.142728     0.217549     0.362037    -0.133691     0.241239    -0.316122      0.46867    -0.109053   -0.0462835    -0.462557    -0.250605    -0.267949      0.21357   0.00550999     0.100983   -0.0953255      -0.1081     0.132631    -0.520499   -0.0495002   -0.0853171    -0.163742    -0.524857     0.100732    0.0770433    -0.131176   -0.0327153
   0.0291237    0.0806998   -0.0311061    -0.202542     0.247497   -0.0184531    -0.134581    0.0334498     0.113709   -0.0321899   0.00148749   -0.0380139    -0.144376   -0.0873356     0.180895      0.40923    0.0682559   -0.0909413     0.222705     0.175118   -0.0798492     0.131388     0.200298    -0.127243    -0.205895   -0.0461308     0.126948     0.122085   -0.0961009  -0.00537048   0.00577276    -0.178749
   -0.047305    -0.200306     0.102964     0.174554     0.193363    -0.185912    0.0677631    -0.065136    -0.447764     -0.16954    0.0560678     0.103815     -0.08724    -0.131998     -0.19904     0.331203     -0.20949     0.337435      0.25065      0.38918    0.0125885    -0.114449     0.124981     0.294663   -0.0704301    0.0380133     0.191173    -0.159759    -0.161105    -0.193275  -0.00861485    -0.375053
   -0.197917    -0.477896    -0.159606      -0.1152    -0.242254    -0.302832    0.0757513      0.24742    0.0607534    -0.167355    -0.181601     0.496947    -0.346593   -0.0602275    -0.237241      0.40374    -0.664598     0.274533     0.151258     0.276504   -0.0108693    -0.367895    0.0958046    -0.282345     0.033431    -0.248893    -0.288706    -0.293431       0.3086    -0.142806      0.22652     0.281471
   0.0965343     0.084108    -0.102704    0.0475922     0.261752   -0.0585854    -0.222366    -0.193556    -0.199098    0.0787905     0.223495      0.46765      0.34357     0.220198     0.138577    -0.235954   -0.0398115    0.0697942    0.0542129     0.221984     0.079133      0.24072    0.0952655     0.198721     0.276505     0.363005       0.2477    -0.105091   -0.0977718     0.302741       -0.139     0.101139
   0.0250324    -0.207521     0.241076    0.0961568    0.0300035     0.444329     0.117997   -0.0535744     0.230026    -0.106016     0.158899    -0.371629    -0.117037     0.158222     0.112541   -0.0714896     0.120565   -0.0596575    -0.315098    -0.336452     0.143895    -0.336115     0.493816    -0.208877     0.217529     0.169796    -0.365006     0.702837  -0.00149588    0.0857773   -0.0654874   -0.0300376
  -0.0651801    0.0545185    -0.150268    -0.194739    -0.125866    -0.311948    0.0494087    -0.461594    -0.386187     0.376894   -0.0354409    0.0453564     -0.18003     0.121383    0.0501852     0.107889   -0.0483722     0.202688     0.241748     0.224954    0.0105135    0.0750297    -0.207469     0.122745     0.133913    -0.184793   -0.0507513    -0.110338    -0.141617   -0.0496483    -0.113532    -0.141754
   -0.288682    -0.202941    -0.189277     0.365978   -0.0407329    0.0605558     0.174336   -0.0426085    0.0975197     0.127308    -0.164412     0.235683     -0.13483   -0.0317153     -0.18761   -0.0426112   -0.0567225     0.381589    -0.041714    0.0273686  -0.00479482    -0.557753    0.0954794     0.107124    -0.316991    -0.289604     -0.25457    0.0548606     0.162385    0.0328837     0.204955   0.00987861
  -0.0251138    -0.006671     -0.16856    -0.215748     0.270981  -0.00793184     0.177642    0.0489002    -0.165158    0.0337398    0.0207222    -0.020376     0.241929  -0.00266312     0.509206      0.41195    0.0266714    -0.101999     -0.17256      0.34436     0.168976    0.0486329    -0.017888    0.0326728    0.0332042   -0.0929748    -0.130224    0.0415318    -0.157322    -0.391913   -0.0207497    0.0598462
   -0.003395     0.369595     0.556656    0.0546569     0.295858     0.426448     0.203225     -0.26764    -0.426902    0.0958227     0.286802    -0.025561     0.157173    -0.450067   -0.0987232      0.65373    -0.159249     0.296242     0.671344     0.169271    -0.145992     0.176333    0.0742762    -0.217648     0.297939    -0.301509    0.0282818    0.0855104    -0.327123   -0.0909878    -0.597864     0.194425
    0.154839    -0.107508    0.0355264    -0.148607    -0.171228    -0.125518    0.0670224     0.198608    0.0102569     0.064488   -0.0102277    0.0327742   0.00305914   -0.0582875    -0.124718     0.145429     0.312645     0.152745     0.402118     0.266458     0.118667     0.216923    -0.185182     0.131866    0.0414262   -0.0802926     0.186136    -0.188886    0.0822791     0.171219    -0.259627   -0.0681807
    0.135238   -0.0639784   -0.0457511   -0.0653365     0.282054     0.307304    -0.193215     0.334108     0.138406   -0.0154761     0.254089   -0.0392092     0.221989    0.0239501     0.405181       0.2231    -0.137651   -0.0280524     0.319149   -0.0033978    -0.214954     0.282513   -0.0339447   -0.0268001    0.0549076     0.338091    -0.356912     0.651511    0.0138703    -0.213647      0.10865     0.134498
   -0.231834     0.539824     0.343878  -0.00711582    0.0243667     0.376208     0.151046    0.0905119   -0.0254037    0.0964511     0.186479     -0.27484    0.0377354    -0.580541     -0.10738    0.0742344     -0.29421    -0.106012     0.499912    -0.170169    0.0310674     0.434186    0.0905056    -0.448821    0.0400415    -0.188993    0.0433705    -0.140519   -0.0914655     0.137579       0.1188    0.0938944
    0.179666     0.132468    -0.355171     0.160951    -0.311106    -0.155976   -0.0649834    -0.048775     0.432802     0.193768     0.185058    -0.127409    0.0323084 -0.000606977     0.391752     -0.48124    -0.250568   -0.0479538    -0.348668     0.155014    -0.220341    -0.389764     0.017408    0.0289715    0.0787227     0.300706     0.146592     0.029821     0.062244    -0.258741     0.259353     0.224434
   -0.128778    0.0509141   -0.0781942    -0.296392     0.470315     0.394527   -0.0421952    -0.270027     0.032288   -0.0100056     0.111657   -0.0938545     0.131516    -0.179131    -0.137027   0.00826738     -0.14284    -0.191511    0.0115188   -0.0901471   0.00677439     0.155888     0.400164     0.227791   -0.0537148    -0.295869   -0.0351436     0.447447       -0.218     0.253774    -0.217726    -0.419161
    0.241601    -0.551811      0.32192    -0.295445     0.260605    -0.528687    0.0402223    0.0459468    -0.436024     0.267229    -0.381689     0.507647    0.0520583   -0.0979504    -0.568342    -0.242309  -0.00876642     0.248961    -0.367246     0.548426    -0.577998    -0.467636    -0.111312    -0.448963    -0.285145    -0.286342     0.201342    -0.665829     0.147746    -0.033171     -0.19424     0.103145
   0.0391196    -0.541193    -0.305218      -0.3856    -0.478632   -0.0115287    0.0754648   -0.0699313     0.110758     0.112665     -0.38571    -0.071823    -0.214558     0.132398    -0.196717     -0.10987   -0.0614625     0.319958    -0.182393    -0.217296      0.32795   -0.0135503    -0.385271     0.157369     0.402343    -0.294018    -0.128211   -0.0061674     0.273229     0.256283     0.796285      0.15224
    0.472453    -0.350444     0.303141    -0.109246    -0.297918    -0.110539   -0.0843869    0.0535058   -0.0328202     0.262248    0.0822616     0.416165    0.0639604    -0.613028    0.0436562    0.0665542    -0.717641    -0.165185   -0.0465719    -0.113094    -0.307906     -0.11802    -0.368409    -0.189182    -0.193472     -0.63619    -0.112293     0.112505     0.505697    -0.332529     0.121639   0.00172125
    0.108117     0.321765    -0.208879    0.0552761     0.102014     0.297885    0.0414508   -0.0022367   -0.0497329    -0.117408     0.137306   -0.0499454    0.0835103    -0.283537    -0.180236   0.00108313    -0.018099    -0.338358    -0.118789      0.25424     0.283044    0.0266421    0.0712544     0.100756   -0.0797894    -0.350921     0.161836   -0.0795201    -0.069882     0.301564    0.0981108     0.339507
    0.178673    -0.155251    0.0211997     0.367071    0.0480509     0.326005    -0.582339   -0.0585863     0.296412    -0.314363    -0.274566    -0.262193   -0.0832997    0.0265998     0.206931    -0.333199     0.127118     0.307103     0.169442    -0.210112    0.0239719      0.37656     0.381322     0.188873     0.329251     0.104384     0.269404    -0.103267   -0.0391068    0.0991782    0.0612211    0.0530083
    0.220341    -0.188574    0.0692626    -0.161339      0.15793    -0.183287     0.074989     0.208516    -0.236103    0.0453823   -0.0238804     0.363201     -0.36838   -0.0450846    0.0827253      0.26233     0.169366    -0.163773     0.258541    0.0628151     0.121496    -0.299213    0.0283695    0.0754435   -0.0322004   -0.0507746    -0.141729    -0.138186   -0.0159035   -0.0844867    -0.185621    -0.339836
   -0.422034    0.0844074    -0.399611    0.0549593    -0.340874    -0.384238     0.235801    -0.161358   -0.0414737    -0.257178    -0.136979    -0.211741     0.369292    -0.328521    -0.368754    0.0977637    -0.524651    0.0685743     0.574259    -0.186303    -0.234315   -0.0332853     0.186984      0.33781     0.263242    -0.181301    0.0544027   -0.0777314     0.106208     0.440779     0.111871     0.239705
   0.0654145    -0.034247    -0.256182     0.315025     0.369259     0.146241    0.0684222    -0.243532   -0.0628163    0.0630304     0.249913   -0.0123785    -0.475165   -0.0682532    -0.273161      0.19192    -0.253535   -0.0139607    0.0354282     0.458796     0.143754    -0.260367     0.228278    -0.485515    -0.123781     0.362077   -0.0459009    -0.162211    0.0340209    -0.141371    0.0705454    -0.211546
  -0.0212335     0.174199     0.387461    -0.184496     0.248439     0.543981     0.123883   -0.0925897    0.0957775     0.354114    -0.249914     0.419415     0.149451    -0.650638    -0.115541     0.177551    -0.456486     0.036028     0.177567    0.0957476    -0.348149    -0.256019    0.0791119    -0.184463    0.0941951    -0.414701    -0.552893     0.152815    -0.192286    -0.218298     0.114479    -0.115434
   -0.138664    0.0243457     0.104136     0.200155   -0.0175354    -0.327927   -0.0457966     0.161637     0.439396     0.387741    -0.144964   -0.0642805    -0.181499   -0.0491537     0.204515    -0.073305    -0.260924      0.29113    -0.170513     0.095881    0.0376804    -0.218136   -0.0795111    -0.441314     0.140971     0.144013   -0.0263054     -0.38723     0.311981    -0.302019   -0.0557898     0.106724
   -0.460925    0.0434452    -0.169402     -0.20287     0.246214    -0.237747    0.0676069    -0.439445    0.0763501   -0.0349359   -0.0576565    -0.194078    0.0544772    0.0236375     0.728028    0.0479116    -0.224491    -0.126606    -0.233055    0.0883135     0.139925  -0.00703308     0.084551     0.159206    -0.251291      0.20389     0.132852   -0.0686512    0.0577662   -0.0925275     0.372006     0.577092
  -0.0615196      0.63332     -0.09927     0.153774     0.392697   -0.0435675    -0.261612    -0.542647    -0.503384    -0.112408    0.0945774    -0.534981   -0.0639777    -0.374681    0.0562194     0.267958    -0.234207   -0.0520322     0.472638     0.359656     0.541765     0.278627    -0.182488     0.259566    -0.176543     0.119516     0.424665    -0.103402    -0.376803    0.0396138    0.0874985    -0.118883
   -0.215228    0.0685832     0.124354    -0.076603     0.147704     0.665374     0.178604     -0.21368    -0.103905   -0.0249393    -0.324057    -0.197279    -0.162716    -0.290215    0.0579852     0.107873    -0.518834     -0.29125    -0.134622    0.0256719     0.036022     0.151343     0.317349   -0.0607715   -0.0457127    -0.276894     -0.34628      0.08305  -0.00160836     0.158724     0.299693   0.00497826
   0.0498458    -0.293591    -0.485193     0.062754    -0.276204      0.51666     0.127114     0.463157    0.0822306   -0.0678502    -0.297227     -0.28101    -0.325335     0.234831     0.143619    -0.385397     0.172231    0.0730066    -0.348048    -0.535192     0.412132    -0.445985   -0.0731265    -0.153673     0.195009     0.383971    -0.239704     0.279728     0.545227    -0.327962    -0.207494     0.400694
     0.28731    0.0856268    0.0742993    0.0265647     -0.18495   -0.0502514    -0.149982     0.483273  -0.00645519    -0.306744     0.044565    -0.161433    -0.178266   -0.0647603    0.0116531    -0.154963   0.00242587    -0.125052    -0.318958     -0.14036     0.394263    0.0600922    -0.177481    0.0974957     0.144771    0.0218202    -0.183576   -0.0610015   -0.0385237     0.149228     0.249136    -0.251807
     -0.1374   0.00811098     0.209203   -0.0541375     0.130464     0.222628    -0.124925   -0.0431589    -0.152481     0.222896    0.0142869    -0.487187     0.371724    -0.197683     0.345125     0.413249   -0.0741606     0.158536     0.591829    -0.117537     0.319261     0.599204   -0.0929114    -0.116485    -0.175661    -0.325986    -0.294177     0.584758    -0.162368    0.0415149   0.00351023    0.0252438
    0.354791   -0.0766591     0.349612  -0.00636166    0.0616788   -0.0448527    0.0980895     0.155518      0.10599    -0.116272    0.0398291    -0.113132     0.269338    -0.314451   -0.0851646    -0.102071     0.330903    0.0509062     0.126562    -0.412131   -0.0791971    0.0591779    0.0175293    -0.353605   -0.0438825   -0.0149176    -0.344189     0.172334     0.131665   -0.0286622  0.000187439     0.154443
   0.0296785   -0.0235371    -0.138732   -0.0130411     0.431583    0.0209352    -0.124413      0.11581    -0.408304     0.110297    0.0714712    -0.264354   -0.0363052    -0.190703     0.376355    -0.426971     0.120512   -0.0838143    -0.103106     0.379003    0.0875469   0.00161758    -0.196199    -0.128789  -0.00732845     0.145396      0.24432   -0.0776067     0.283095   -0.0491915    0.0463621     0.252654
  -0.0699093    -0.122409     0.190401    0.0549687     0.794069    -0.467634    -0.223238    -0.238517     0.286675      0.27883    -0.321917     0.691803    0.0395367     0.113282    -0.630535   0.00218375    0.0993008    -0.217524   -0.0925569      0.53125     0.187538     0.113766     0.080165    -0.298361   -0.0156548    -0.259516     0.174889    -0.227427     0.321311     0.209012     -0.02185    -0.136591
   -0.182559     0.393454     0.225766    -0.183098     0.170338     -0.03566   -0.0421431    -0.228793    -0.447508     0.361188   -0.0899558    0.0330238     0.509691    -0.156282    -0.275846     0.378612    -0.018523     0.196736     0.172141   -0.0959319   -0.0881245    0.0929765    -0.131068    -0.326896     0.244381    0.0485613   -0.0654291   -0.0785065    -0.274895    -0.140623     0.288485     0.159076
    0.223805     0.223491    0.0835892     0.187272    0.0546222    0.0231618     0.179299     0.190537     0.143779   0.00655566    0.0297822     0.150754   -0.0373763    0.0920179     0.226952   -0.0995051     0.234379     0.161968     0.372352    -0.168943    -0.231616     0.314911     0.157136    -0.450469    -0.272439     -0.17137   0.00761165     0.288251    0.0998237    0.0425846     0.106538   -0.0213445
   -0.199153     0.488245    -0.116107     0.252533      0.25046     0.174411    -0.224571   -0.0621627    -0.135212     0.233251     0.260498     0.145936    -0.281959    -0.137909    -0.399395    0.0705936     0.484886    0.0339994     0.366115    -0.267867    -0.204591     -0.03024    -0.238162    -0.211857   -0.0145787   -0.0502301     0.108592    0.0363054     -0.17696    0.0154202     -0.25982    -0.505877
   0.0363045    -0.413234    -0.353083    -0.073833    -0.156516   0.00699885   -0.0577611     0.126619    -0.154021     -0.24758    -0.149141    0.0321261    0.0443328    -0.262264    -0.207186    0.0244598     0.270439     0.154615     -0.21196   -0.0774232     0.091252     0.332297    -0.270032     0.142002    -0.163856    0.0302897   -0.0519688     0.197485     0.143216   -0.0858542   0.00708982    -0.227751
    0.128144      0.45343     0.249758     0.251346    -0.256494      -0.0988    -0.120282     0.284393     0.200957    0.0128179     0.261865    -0.317611    -0.313178     0.223901     0.172842    0.0085409    0.0179676    -0.154694     0.417517     0.399028   -0.0714787   -0.0364634   -0.0411173     0.324189    -0.141897   -0.0321272      0.09839    -0.416471    0.0888046      0.22711    0.0470601     0.132009
   -0.411819     0.066237   -0.0999948     0.193118     0.512835    -0.480645    -0.259029    -0.170315    -0.253836    0.0523265     0.333329    -0.123173     0.237426   -0.0841304    0.0895779     0.260748     0.047469    -0.243386     0.146724     0.204869     0.123063     0.234598   -0.0758673     0.268974   -0.0888386   -0.0495463     0.329573     0.150781    0.0208486     0.424552     0.455823   -0.0197967
   -0.450437    0.0121464     0.103571    -0.194386   -0.0280501      0.57914     0.152114   -0.0215651    -0.212896    -0.184137     0.110087     0.122181     0.263039    -0.312956     0.266869    -0.271378    0.0960178    -0.202851     0.293848     0.100344     0.205419    -0.137443    -0.110222   -0.0724581    0.0114829      -0.1699   -0.0303416     0.295531    -0.179891     0.110461    -0.113083    0.0183214
   -0.484631     0.774167   0.00904339     0.150688     0.553336     0.146507   -0.0891693    -0.362429    -0.230682    0.0418519     0.116704    -0.488434     0.128906     0.152133   -0.0720219       0.4868     0.159915    -0.269129     0.123031    -0.348217     0.355342    -0.137118   -0.0356372    -0.286076    0.0103186     0.215447    -0.180189     0.622394    -0.630989    -0.113975     0.533546     0.146816
   -0.372449    -0.195436     0.488692     0.220475    0.0624874     0.126452    -0.217306    -0.215142     0.147201    0.0772596      0.28392    -0.137131     -0.26806    0.0451485    -0.157479     0.230675    -0.178554    0.0442115     0.232774     0.261386     0.084984    -0.159006    -0.445336    0.0796917   -0.0746215    -0.411895    0.0323824   -0.0623488    0.0139578   -0.0125626     0.201714    -0.242913
   -0.273403    0.0888244   -0.0790643     0.472182    -0.179116     0.339972    -0.131837    -0.183441     0.098435       -0.159    -0.235915    -0.193938    -0.109012    -0.144262     0.124377     0.255985    -0.317299   -0.0735426    0.0860954    -0.221398    -0.552415     0.144253   -0.0654823   -0.0600011    -0.148135    -0.367587    -0.156234     0.735005     0.175065    0.0478719    -0.142626     0.293905
   -0.143557    0.0852021   -0.0233083    0.0676559     0.280901     0.329535     0.145964   -0.0368086    -0.251866     0.102098    -0.249964       0.3343    -0.230993    -0.101963    -0.044607    -0.144381    -0.247055   -0.0965661    -0.142514     0.102026    -0.295609   -0.0316366    0.0248261    -0.263472    0.0182193     -0.27816    -0.232832    0.0518429     0.126944     -0.17814   -0.0959611    -0.174421
    0.203887     0.623667    0.0641522     0.265094   -0.0130265     0.554007   0.00348831    -0.182052     0.279036    -0.197002    -0.199221   -0.0233016    -0.224195    0.0536027    0.0508656    0.0466102     0.145786    -0.639156    -0.132095     0.032143     0.115057    0.0278696   -0.0511273   -0.0514721     0.100915      0.35741    -0.473756     0.063918   0.00459619     0.245993   -0.0484578     0.679131
    -0.25757     0.304179     0.142721    0.0126934     0.571156    0.0967906    0.0642443    -0.114016    0.0277266  -0.00608529     0.122074   -0.0579102    -0.028565    -0.140198    -0.215523     0.346321     -0.34844   -0.0788906    -0.146702     0.243923     0.299049     -0.12057     0.231406     -0.37929  -0.00839851    -0.392974     0.114399    -0.107033     0.212246   -0.0415832     0.340477    0.0049868
   -0.346954     0.454722    -0.278593   -0.0196546    -0.545575   -0.0446567   -0.0194761     -0.12476    -0.128078     0.196292    -0.157306     0.513424    -0.240956    -0.270592    -0.153154     0.295403    0.0454029     0.529205    -0.303617   -0.0262257      0.10655    0.0878151     0.164806     0.108389    -0.154743    0.0817381   -0.0234347    0.0946743    0.0993605     0.577025    -0.539775     0.198947
   -0.313505    -0.378891    -0.275178     0.228905    -0.397875     0.461154     0.178138    -0.216908     0.587268    -0.109174   -0.0926621     0.323903   -0.0446885    0.0604515    -0.638652    -0.130558     -0.20928     0.248836     0.125768   -0.0845168    0.0251239    -0.119937     0.579941    -0.178731   -0.0485099    -0.255828    -0.507972      0.43585     0.108846     0.238821     0.192536    0.0038357
    0.297414   -0.0792176     0.226752    -0.285917     0.264761   -0.0721388    -0.111194    0.0127431    -0.265265    -0.117889   -0.0761257    -0.248268    0.0375316   -0.0798696    -0.262094      0.21424   -0.0832601      0.17035     0.010882      0.03871       0.2464    -0.339195     0.100467    -0.429748    -0.096678    0.0850552    -0.379543    -0.283932    -0.222198    -0.222323    0.0409799    -0.185907
    0.123909    -0.129283     -0.45897   -0.0107024    -0.108227    0.0329757   -0.0610992      0.15657    -0.294454     0.199239     0.069906    0.0695666     -0.21454    0.0808054   -0.0762761    -0.131848    -0.231905    -0.306861   -0.0216677     0.426403     0.204149    0.0101183    -0.156462    -0.294522   -0.0637812      0.39571   -0.0490056    -0.476715    -0.224573    -0.079209     0.240725    -0.450248
   -0.196537    -0.113897    -0.481987    -0.717467    -0.129918    -0.402754    0.0386089   -0.0488623     0.084009    -0.382688    -0.242179   -0.0889853     0.113141    -0.226613    -0.409535   -0.0896023     0.266065    -0.217723    -0.176334    -0.218393    -0.282476   -0.0458736     0.181672    -0.359184      0.12851    -0.151743      0.24895   -0.0853506    0.0723103    -0.100413    0.0755492    -0.315646
    0.182301       0.1182     0.355952     0.158438     0.133826     0.223553    -0.369348    -0.110977    0.0755952    0.0195028    0.0210114    -0.111944     0.265811    -0.385641    -0.377411     0.211681    -0.121615    0.0812987     0.756212    -0.150926     0.068853     0.270952     0.288456    -0.170179    0.0022555    -0.515285    0.0829191     0.668623    -0.225078     0.337852    -0.182216    -0.151587
    0.424349     0.256535   0.00470469    0.0420677    0.0455778     0.248647   0.00900436     0.192042     0.402558     0.463516     0.127297    -0.161283    -0.332697     0.123747    -0.381171     0.199488     0.418535    -0.061708     0.248904   0.00133234     0.433814     0.708406    0.0762903    -0.012188     0.284656     0.231321     0.142545     0.228947     0.239974    0.0743716    -0.344103    -0.145733
   0.0610741    -0.182367  -0.00175061     0.285041    -0.257091    -0.536119     0.021672     0.239905     0.119413      0.16534    -0.196386     0.227634    -0.169308     0.520751    -0.165058    -0.211291     0.285519     0.307094    -0.376515     0.150899    -0.224837    -0.581344    0.0771862    -0.180358   -0.0264717     0.149661     0.484263    -0.467416    -0.094492    0.0794026     0.167338    -0.191002
   0.0072483     0.142548   -0.0195312     0.127585   -0.0879682    -0.050651    -0.230419    0.0803474    0.0239099    -0.222568    -0.175434    0.0355749    0.0788057     0.186418    -0.132843    -0.161159    -0.143456   -0.0183544     0.279389    -0.309767     0.226137     0.211832    -0.166349    -0.285726    -0.324504   -0.0758643    -0.422841    -0.161014   -0.0123643    -0.158772     0.133907    0.0182197
-5.89947e-05     0.339407     0.295739     0.295444   -0.0162332     0.507438    -0.226571     0.158008   -0.0375091   -0.0409439   -0.0091941    -0.129434    -0.179995     -0.31124    0.0753177     0.152408    -0.299581   -0.0512827    0.0349779     0.215484    0.0837782    -0.138472   0.00619583    -0.191133    -0.116254     -0.10418    -0.199716     0.360598     0.185266    0.0235819   -0.0637313    -0.101557
   -0.215071    0.0464362    0.0966709   0.00776224   -0.0115215    -0.363608     -0.09793    0.0233212   -0.0341222    -0.261685    0.0522005     0.272774    -0.137869     0.109396     0.293859    -0.230064     0.172388     -0.34539    -0.162624     0.287418     0.227296    -0.018356     -0.35516      -0.3092     0.530202     0.324458   -0.0473928   -0.0111658     0.032565    0.0349359     0.180233    -0.141803
   0.0952545     0.363909    0.0855011    0.0618598    -0.104844     0.360948    0.0753433     0.227095   -0.0305166   -0.0210883   -0.0409944     0.208465      0.13703   -0.0613815    -0.520986  -0.00692195    0.0908478     0.247919     0.281808    -0.128985    0.0704901    -0.427209     0.114985    -0.463572    -0.110184    -0.321861     0.225892    0.0994963     -0.31225     0.021713   -0.0341667    -0.056704
   0.0257481     0.306578    0.0948827     0.243379    -0.180149   -0.0233974    -0.202281   -0.0948759     0.365681    -0.233234     0.112819    -0.158002  -0.00863353      0.14746     -0.17588     0.366295   -0.0527963   -0.0848766   -0.0387452    -0.315743    -0.328623   -0.0165927    -0.376747    -0.100241    -0.245025    -0.169759    -0.199492      0.78814    -0.166902    -0.139339     0.306803      0.33256
   -0.137366     0.263192   -0.0265748     0.851149     0.225358     0.572931     0.179657    -0.423302   -0.0913671    -0.170266    0.0240631    -0.412628     0.385723    0.0414253     0.282625    -0.115084    -0.332891     0.184886     0.558168    -0.241173     0.359828     0.168022   -0.0450556   -0.0646539     0.100881      0.16825     0.179889     0.187382    -0.102587      0.18143   -0.0874513     0.232905
   -0.151062     0.164393     0.273144    -0.244383     -0.17886     0.128667     0.456007     0.209384    0.0584647    0.0963901    -0.155204  -0.00549335     0.183395    -0.021784    -0.302812     0.102417    -0.250372    -0.248738    -0.629738     0.190029    -0.338887    -0.527973    -0.176353    -0.278518    -0.259488   -0.0261101     0.182548   -0.0892961    -0.191344   -0.0900548     0.463936    -0.277749
 -0.00464376     0.320565      0.44102     0.387366     0.890171   -0.0206769    -0.160727    -0.375237     0.355813     0.117041    -0.464878     0.385382    -0.105329     0.446673    -0.673096    0.0855029     -0.20288     0.402263      0.27414 -0.000592022    -0.306772    -0.570259     0.777021    0.0196694    -0.131149    0.0432746     0.269621    -0.347091     0.204004   -0.0644791   -0.0667436    0.0338461
    0.111915     0.129114     0.229044     0.159046   -0.0114696  -0.00138029     0.275407    0.0795421   -0.0821799    0.0483325     0.117166    -0.062168    -0.054461     0.107128     0.316912   -0.0547208    -0.271335    -0.172836     0.333839    -0.143258     0.015384    -0.105999    -0.119571    -0.184813    0.0604569     0.194173    0.0489866     0.236213   -0.0354729   -0.0953968    -0.184709    -0.300801
   -0.226432      0.34614     0.342231    -0.305871     0.347944    -0.379622    -0.143587     0.499405    0.0136416     0.156917     0.136748     0.175291    0.0528154    -0.390506     0.105569    -0.117344    -0.416021    -0.512843    0.0869542     0.182216     0.498183    0.0415284    0.0604698  -0.00299012     -0.11796  -0.00439939    -0.302052     0.622008   -0.0821225    0.0952778    -0.473842  -0.00584677
    0.308671    -0.778305   -0.0222068    -0.541085     0.563926    -0.196961     0.224785     0.583249     -0.32931     -0.12146    0.0464723   0.00358817    -0.155531   -0.0438165     0.113893    -0.141782     0.241673    -0.215322    -0.579101     0.593313   -0.0663659    -0.187634     -0.42199    -0.354051     0.565368    -0.241659     0.261192   -0.0881922    -0.110044     0.351048    -0.207699    -0.453927
    0.129562    -0.102984    -0.231306      0.39106    -0.204665    -0.325844   0.00963383     0.378555     0.667569   -0.0906947    -0.232252     0.104973    -0.165544     0.847013   -0.0985549    -0.404056    -0.170513     0.091715    -0.594244   -0.0508636   -0.0379549    -0.195828    0.0971857    0.0234199     0.365448     0.210116     0.315164     -0.53669    0.0953326     0.291504   -0.0537434     -0.23428
   -0.249349    0.0333388   -0.0100053    -0.631198     0.184059     0.333167   -0.0499827    -0.180505    0.0284844     0.252302    -0.064828     0.514042     0.172094    -0.207261   -0.0781096    -0.158841    -0.135094     0.135186  -0.00699891    0.0542588     -0.67502     0.098662   -0.0786144    0.0835517    -0.078573    -0.309457     0.152005     0.422239      0.17309    0.0640119      0.43739    -0.031749
  -0.0125661     0.303619     0.236611    -0.471386   0.00991206     0.208543     0.210512   -0.0547537     -0.33154     0.584163     0.307846    -0.146229   -0.0556182     -0.27913     0.198193   -0.0694373    -0.168772    0.0157716     0.128377     0.778407     0.360506     0.200251     -0.12158    -0.105073  -0.00492498    -0.355853   0.00337988    -0.107623    -0.099621     0.267723   -0.0377616    0.0314105
  0.00251454    0.0149597     0.279139    -0.137741     0.184252     0.397562     0.122757   0.00251058    -0.188917    -0.436095     0.386203    -0.370542    -0.322106    -0.361602     0.136444    0.0811642     0.605213    -0.251966    -0.209922      0.23589     0.218067   -0.0505349     0.118256     0.244647    0.0799859    -0.147393     0.076072      0.41531   -0.0826123      0.18116    -0.147621   -0.0458275
   0.0850744     0.345274     0.101414      0.13207     0.268124    -0.055687     -0.19075     0.159825    -0.264283     0.104206       0.1882    -0.648783    -0.342274    -0.148597     0.125574     0.149918   -0.0553717    -0.240841    0.0573735  -0.00795765     0.426896     0.396044    -0.212811    -0.128746   -0.0202091    0.0774633    0.0456259     0.356177      0.20704     0.193363    0.0122693     0.221563
   0.0355611     0.322712    -0.145899    0.0518852      0.50717    -0.244673     -0.20573    -0.319867    -0.169714     0.362262    -0.116642    0.0301763     0.245288    -0.200556  -0.00480906     0.351663    0.0765721    -0.177837     0.163418     0.342388    -0.447529     0.109009    -0.130198     -0.52287     0.324086    -0.263539     0.281757    -0.343735    -0.077949    -0.167501     0.333468     0.174144
  -0.0235982     -0.33181    0.0849352   -0.0864042     0.104163     0.225042   -0.0466193    -0.234338   -0.0495484    0.0922135    -0.210008     0.187653    0.0548547     0.018721     0.191361   -0.0137751    -0.226164   -0.0874463    0.0967352   -0.0385076     0.226416    -0.251814    -0.244677   -0.0665891   -0.0836444    -0.358608    -0.247913     0.368803   -0.0835913     0.199504     0.199847      0.47772
   -0.260695    0.0346421     0.208383    -0.208554     0.359898    0.0654313     0.174976    -0.452886   -0.0744511      0.16305    0.0390962     0.213418   -0.0512816    0.0656642    0.0328398   -0.0549341    -0.438199     0.250252   -0.0792622      0.18726    -0.011599     0.054923     0.236929     0.156454   0.00425002    -0.196289    -0.163609    0.0771532     0.153299     0.209558    -0.189632   0.00594842
  -0.0297128  -0.00666192   -0.0288628     0.393234    -0.414676    0.0128871   -0.0216562    0.0329988     0.212707    -0.286044     0.041496     0.237478   -0.0014065     0.354292    -0.161393   -0.0914647   -0.0852952    0.0738282    -0.543532     0.238731    -0.414997    -0.378783    -0.202952    -0.196813   -0.0357261     0.101529     0.291088     0.145675     0.158857    -0.352903   0.00282184    -0.139944
   0.0833412     0.110158    -0.106913    -0.287082     0.485167    -0.255363    0.0301629     -0.16129     -0.41808    0.0625398    0.0138494    -0.198709     0.359714    -0.635453    0.0628309     0.334361   -0.0466562    0.0526468     0.652881     0.700424     0.236194     0.416968     0.133503    0.0665223    -0.166684   -0.0305818    0.0743067    -0.376271    -0.339729    0.0564437      0.16097    -0.402036
   -0.188843  0.000131949     -0.28588     0.416999   -0.0530293     0.038488   -0.0677211     0.297675    -0.203754     0.297749    -0.195049    -0.245505    -0.118636     0.105447    -0.053723     0.121367     0.119838    -0.168837      0.36655     0.245653     0.429395     0.382531     0.214815   -0.0486575     0.296862   -0.0630151    -0.209666      -0.1936     0.213557    0.0220523     0.391175    -0.176904
    0.141471    -0.599314    -0.499845     0.248292    -0.194853    -0.305769     0.435558    0.0712352    0.0828632   -0.0722177    -0.294961     0.326981    -0.265978     0.524336    -0.352777    -0.152412    -0.338005     0.665176     0.270957    0.0634465    -0.226338    -0.294924     0.228902   -0.0419095    -0.290377     0.130042     0.278742    -0.542733     0.250142  -0.00226734     0.108066   -0.0420958
   -0.213922    -0.150237     0.238938    -0.174404    -0.394795     0.308416    -0.322093      0.10125     -0.10202     0.342652    -0.122529   -0.0768689     0.232351    -0.163452     0.144254    -0.312114    -0.228567    -0.157584     0.146093   -0.0400426    -0.380722     0.180602    0.0163207     0.318662    -0.214617     0.406484     -0.25333     0.390943   -0.0102252   -0.0351437    0.0105671    -0.358652
  -0.0582818     0.186007     0.225124    -0.347479     0.283129    -0.364895     0.370254   -0.0931453     0.136876    -0.232996     0.118393   -0.0592586    0.0709623    -0.312485    -0.378768   -0.0897748    -0.259903    -0.353303    -0.149535     0.425185    -0.296167   -0.0671737   -0.0453313     0.302778     0.214031    -0.337697     0.159353     0.170842     -0.39984     0.151491   -0.0375326    -0.186391
    -0.09874     0.122964    -0.130786     0.316486   -0.0373633     0.404381    -0.126214    -0.131146    -0.123339     -0.26413    -0.197808    0.0481395     0.261684    -0.239984    -0.403112     0.231616     0.277368     0.134028    0.0140831      0.17037    -0.218255    -0.188678   -0.0119313    -0.667939   -0.0988895    -0.263883     0.057178     0.314498    0.0457569  0.000193122      -0.2212    0.0553134
   -0.259304     0.341528     0.118319   -0.0974043     0.191806    -0.298567    -0.127239    -0.102748    -0.322853      0.16761    0.0948821    0.0204829      0.53131   -0.0201121    -0.164947    -0.193327   -0.0737576     0.102706     0.223176     0.254242    -0.141527     0.121855     0.141804   -0.0272605     0.246337     0.101376     0.105484     0.156126   -0.0730286    -0.101664     0.246145    -0.291526
     -0.3123    -0.202758   -0.0996211    -0.100508     0.195444     0.149703  0.000394061    -0.281177    -0.133737    -0.202998   -0.0799308   -0.0558796     0.018813     0.213449  -0.00475598     0.193084     0.200171  -0.00981041    -0.235656     -0.25202     0.361286    0.0230101  -0.00723635    -0.202072   -0.0867211     0.118635     0.142212   -0.0418169     -0.21754     0.093194     0.156909     0.207182
    0.150501   0.00544564    -0.172897     0.298439      0.19476   -0.0788298      -0.1236   -0.0263457    0.0812945    -0.204809    -0.121242     0.162191     0.284283    0.0282108    -0.412634    -0.185362    -0.197795     0.358704     0.127809    -0.269573    -0.206114     0.136194     0.143562     0.187992    -0.117588    0.0834028    -0.155363     0.212597   -0.0701463    -0.222742    0.0591451     0.178211
   -0.185769    0.0321737     0.116141   -0.0918767     0.147547     0.196875   -0.0257146     0.356278    -0.222708      0.07904    -0.145075    -0.195732    -0.186049   -0.0139154     0.152332    -0.351098     0.161873    0.0563432    0.0396343     0.103343     0.423155     0.129738    0.0737328    0.0192029    -0.129021    -0.158757    -0.277789   -0.0875996     0.231873    0.0501813     0.238034     0.222016
  -0.0458384    -0.146947   0.00596082    -0.331372    -0.190103      0.18212    0.0336419    0.0291434    -0.408571    -0.160343    0.0104215   -0.0422972   0.00560854    -0.247572      0.51059    0.0867098     0.444181   -0.0210502     0.471036    0.0798743     0.439361    -0.155595    -0.248601    -0.123054    -0.300686     0.312534    -0.203232     0.247345     -0.13054   -0.0655566    -0.156802    -0.148159
    0.177001     -0.44437    0.0856224    -0.103291   0.00815796    -0.131779    0.0109052    -0.021359     0.167775     0.408087    -0.140682     0.328214     0.312722    -0.110475    -0.336624     0.196313    -0.317018    -0.300586     -0.38664    -0.144077    -0.405871    -0.329286    -0.117255    -0.332436    -0.030764   -0.0694238   -0.0492156     0.150353   0.00403884    -0.159521     0.174925    -0.103812
   -0.559516     0.380599   -0.0460647    -0.105496    -0.377138       0.3707   -0.0392204     -0.21134    -0.017378    0.0471574     0.252103    0.0612879     0.190324   -0.0398014     0.012636    -0.334707     0.131602    -0.190928     0.115617    -0.521577    -0.153814    -0.357593     0.348344    -0.349899    -0.178136    -0.102124   -0.0459983   -0.0663745   -0.0308979     0.254291    -0.222446    0.0808631
     0.32481    -0.324556      0.13325    0.0256216    -0.181503    0.0783315    0.0233378   -0.0162379    -0.477503    0.0207654     0.132956   -0.0895589   -0.0360511    -0.845396  -0.00823863     0.451979   -0.0497065     0.424717     0.570913     0.950785     0.634433     0.230078   0.00155674    -0.328064    -0.251625    -0.560306    -0.391391     0.457006     0.234522     0.344149    -0.107803   -0.0556226
   -0.438904     0.323137   -0.0620882      0.10454    -0.451563   -0.0716717    -0.151588   -0.0350077    -0.154439    -0.236686    -0.129277    -0.069365     0.313978    -0.392925    -0.124348     0.198248    -0.108014      0.37443     0.208828    -0.258635    -0.123936   -0.0377539     0.456599    -0.102155     0.147167     0.203946    -0.164648    -0.274892    0.0385743    -0.224129   0.00949275   -0.0231012
-0.000430647   -0.0439601    -0.167554   -0.0754272    -0.171953    -0.178212    0.0948303     0.123885    -0.187549    -0.348042    0.0625865     0.163161    -0.332957    0.0437152    -0.153108     0.205378    -0.198751    -0.024341    -0.244437   -0.0194355    0.0778261   -0.0919072    -0.107954     -0.13168    0.0592232    -0.208799    -0.128306    0.0297588   -0.0547257    -0.469921     0.071948    -0.165366
     0.25525    -0.347914    -0.128468    -0.096986  -0.00238025    0.0421686   -0.0241382     0.259595   -0.0436483   -0.0469173     -0.21059   -0.0483826    -0.106594    0.0587209     0.166163    -0.254823     0.288007   -0.0971641    -0.193866  -0.00802295     0.224859    0.0827582     0.206771    -0.160985    -0.148194    0.0596186    -0.480915     0.192859    -0.244127     0.103572    0.0752003    -0.118277
   -0.412847    -0.177018    -0.256213     0.466684     0.184215   -0.0303083   -0.0674186    -0.339632    -0.148048      0.13834 -0.000246667   -0.0477613    0.0772295    -0.149439     0.338959    0.0637411    -0.258854     0.107827     0.172982     0.331363     -0.26428   -0.0658017     0.108603    0.0834194    -0.025199   -0.0918547    -0.222725    0.0979268     0.426453     0.242568    -0.120546     0.379333
   -0.121856     0.537324   -0.0409213  -0.00374369    -0.528522      0.13476   -0.0729482    -0.471844    -0.499349    -0.138743    0.0920249    -0.269972     0.706713      -1.1275     0.248697    -0.111944    -0.224092     0.207854    0.0826372    -0.196285    -0.270839    0.0722227   0.00390137  -0.00542483     0.126505    -0.165851    -0.284489     0.310854    -0.243441     0.370582   0.00190594     0.374403
  -0.0124987    -0.289896      0.15148     0.297074     0.228449     0.386036    0.0446048       0.2213     0.157115     0.106962    0.0615911   -0.0406872    -0.218333    0.0508211   0.00993953    0.0860185     0.127707     0.356505     0.258787    0.0413495     0.226902     0.096602     0.021048    0.0486579    0.0581593    -0.354706   -0.0436904     0.493256    0.0400746    -0.278928    0.0573457   -0.0933753
   -0.252901     0.070429    -0.174362     0.100557  -0.00711111    -0.266481    0.0644076      0.42869    -0.331006   -0.0367934   -0.0252551     0.108892    -0.325437    -0.156135   -0.0570385     0.178175  -0.00440704     0.320652    0.0521717      0.39588     0.334718    -0.109145     0.148758     0.311968    -0.319046    -0.170058    0.0852788    -0.629193      0.10847    -0.196579 -6.24091e-05   -0.0806647
   0.0446223    -0.150271     0.041327    -0.141534     0.244876    -0.229966      0.21184    0.0115886   -0.0117351     0.278702     0.256059   -0.0716709    -0.022272     0.130793     0.156595     0.229299    -0.202508   -0.0894914    -0.162361     0.329995     -0.37161    -0.375694     0.213994     0.307786    0.0525683    0.0804711   -0.0480713     0.167017    -0.100992     -0.14852    0.0348601    0.0651662
  -0.0678461     0.206891   -0.0341331     0.133935     0.249043     -0.23675   0.00171247     0.102599     0.249603   -0.0340897   -0.0718756     0.360248    0.0819892    0.0424384    -0.120076   -0.0612696    0.0850017    0.0137757    -0.257658     0.378449    -0.362025    -0.280896   -0.0186631    -0.211211   0.00563251   -0.0690679    0.0238222     0.027019    -0.074623  -0.00432795     0.397578     0.189707
  -0.0124223    -0.428386     0.265708    -0.392638   -0.0891144    0.0514357      0.52299   -0.0270027     0.180761     0.240876    -0.285937   -0.0198899   -0.0295711    -0.486402    0.0229365    0.0132534    -0.144298     0.472984     0.180106    0.0303736    -0.589678    0.0733223     0.223182   -0.0605197    0.0118714    -0.311949      0.15847   -0.0463332     0.087634    0.0997655   -0.0287224    -0.337716
  -0.0734764    -0.118896   -0.0848356    -0.264827     0.306449   -0.0814948    -0.310955     0.461814    -0.105142     0.346042     0.121352   -0.0379766    -0.138661     -0.12175     0.144565    -0.234423   -0.0225239    -0.206584    -0.338541    -0.440343     0.406232     0.152761    -0.249705  -0.00255511     -0.07667     0.461336   -0.0275179    -0.235439     0.357444     0.136953   -0.0938959    0.0884501
   -0.231673       0.2144    -0.070786     0.289292     0.282106    -0.344461    -0.138464    -0.570152    -0.645427     0.371377      0.47741   -0.0738192    -0.127402    -0.207541     0.175274    0.0711803   -0.0619374     0.486995    0.0966585   -0.0567349     0.367525     0.171386     0.162176     0.105017    -0.363001      0.17601     0.268331    -0.347972    0.0276453    0.0636589    -0.088421     0.236588
   -0.148721     0.374701  -0.00236424     0.104843     0.233087    -0.590097     0.140129   -0.0542252     0.136226    0.0489941      0.21319     0.142162   -0.0540826    -0.460846    -0.684848   0.00520862    -0.143984     0.149187     0.108921   0.00633899    -0.154108    -0.595184     0.386929    -0.153698   -0.0911975    0.0225554      0.27422    -0.793685    -0.155083   -0.0576524   -0.0179522    0.0283441
    0.378418   -0.0541055     0.115591   -0.0308717     0.139618    -0.219937    -0.339806   -0.0457127    -0.559853      0.17337     0.235265    -0.224501    -0.159048    -0.165871   0.00571724      0.37856      0.37714    -0.157889     0.362942      0.38931     0.572123     0.201751    -0.229446    -0.121169   -0.0766988   -0.0425587     0.172999    -0.148716   0.00442013     0.174365    -0.416846    -0.279789
    0.154901     0.181227     0.314497     0.310017     0.256924    -0.138783    -0.375228    -0.111859    -0.131413    -0.184336    0.0062548     0.464725     0.149968    -0.257462    0.0658541    0.0560505    -0.299429   -0.0517866     0.141051    0.0120686    0.0113062    -0.329105    -0.222715     -0.35022    0.0277974    -0.218186     -0.44247      0.06863    -0.194183    -0.119848    0.0182071   -0.0799055
   0.0392789    -0.231717     0.216038    0.0337387    -0.204094   -0.0455878    -0.140083    -0.218955    -0.353179     0.216133     0.291595     0.122049    -0.285658    -0.212562   -0.0790236     0.101641    0.0219102   -0.0689085    0.0851595     0.245929    0.0962998    0.0328853   -0.0450259    -0.119483    0.0141316    -0.352622    -0.290565    0.0785331     0.549714     -0.24145    0.0426227     0.170371
   -0.222866    -0.184208   -0.0621897     0.152478     0.216723    -0.192389    0.0942315     0.263305   -0.0608025   -0.0617969    -0.167099   -0.0465134     0.146547   -0.0606046    -0.041176   -0.0310209   -0.0129891   -0.0454215    -0.178601    0.0260115     0.242143     0.179938    0.0670447     -0.14346    0.0850889     0.048874     0.191938    -0.450749    0.0440052     0.048733    0.0320279   -0.0406616
    0.134994     0.147508    0.0706338     0.605319    -0.196897     0.339063    -0.157199    0.0653321     -0.14784       -0.102     0.209787     0.130308    -0.403621    -0.414281    -0.410666     0.108092   -0.0669241      0.34174     0.463495     -0.10402     0.104437    -0.383548    -0.053721    -0.265322    -0.164758    -0.576962    -0.130583     0.310196    0.0982566   -0.0275973    -0.293642    -0.160902
    0.390291    -0.193825     0.349249    0.0470757    -0.442932     0.158971     -0.15248     0.152823    -0.130059    0.0797285    0.0613694    -0.234764   -0.0655619     0.245429   0.00785608    0.0541066      0.10251    -0.106228     0.359433    -0.289929     0.202811    0.0473724    -0.313242   -0.0109771    -0.080588    0.0777707    -0.306975     0.186723   -0.0360007     0.255844    -0.216647    -0.151913
   0.0504972     0.315675     0.341756    -0.138328     0.483747    -0.107404     -0.18632    0.0121153    -0.440244   -0.0850686     0.120092     0.298206     0.184726    -0.118394     0.202077   -0.0960636     0.240892    -0.143111      0.01715    0.0907977     -0.05289     0.258862    -0.266454     0.273051     0.521796    -0.145336     0.268992   -0.0736796    -0.358133     0.241851    0.0772572    -0.265175
  -0.0406876     0.113497    -0.350827     0.206687   -0.0877891    -0.110518    -0.152776    -0.387244   -0.0420688    0.0699418    0.0107857     0.216295     0.251818     0.253407     0.117625    -0.598841     0.111597    -0.214945    -0.415155    -0.493095    -0.322389    -0.326718    0.0760929    0.0580229    0.0861735     0.378975     0.317607    -0.296261     0.176864    -0.109484     0.479315     0.180054
    -0.16514    -0.375376   -0.0305978    -0.427875     0.443897     -0.28234   -0.0315515    -0.146327    -0.662801     0.265251     0.206871    0.0966583    0.0170496     0.125998     0.357411   -0.0692901    0.0224798    0.0175484     0.582825     0.406705     0.167828     0.540339    -0.141305      0.33109     0.197763   -0.0236543     0.283412    -0.129592     0.449512    -0.242103    0.0535994    0.0129899
   -0.201175     -0.25041    -0.342387     -0.40664    0.0281477     0.264587    0.0925221     0.345128     0.179846    -0.312473   -0.0576089     0.178896     0.075151    0.0268168    -0.172466    -0.236638    0.0530056     0.215523   -0.0948801     -0.49171    -0.195023   -0.0754601    -0.363687    -0.188086     0.156016    -0.244812     0.131654     0.426533    -0.018198     0.167511      0.16184    0.0771204
   -0.101504    0.0556426     0.222327   -0.0637097   -0.0918106   0.00859486     -0.30892     0.121702    0.0333821   -0.0848109     0.283909     0.043465     0.276847    0.0225576    -0.529985     0.156631     0.134652    -0.105529   -0.0467234    -0.430234  -0.00678131     0.342601    -0.379907   -0.0180311     0.318833    -0.553337     0.113503    0.0707259    0.0103235     0.119934     0.165745    0.0167835
   -0.175497     0.762428    -0.345517     -0.71903     0.470703    -0.213012    -0.347337    -0.185728    -0.241661   -0.0881427   -0.0991797   -0.0637578     0.494947    -0.406152    -0.122128    -0.260853    0.0977105    -0.340168  -0.00422408   -0.0730674     0.066919     0.199425     0.575773    -0.680732     0.570586    -0.087767     0.145838   -0.0333674    -0.295982     0.112106     -0.26326     0.464886
   0.0752716     -0.18906    0.0439665     0.260065    -0.132668      0.13581     0.214032      0.35699    -0.188395     0.118822    -0.128542     0.261826    -0.173518    -0.323611    0.0227995     0.205087   -0.0274939     0.407526    0.0269295     0.210914    0.0227406     -0.20991     0.143928    0.0661898     0.183547    -0.330526     0.443168    -0.029702     -0.16308     0.138369    -0.215233    -0.148872
   0.0264102    -0.342402    -0.307058    -0.160461     0.524126     -0.28561   -0.0333876     -0.14241    0.0490022     0.347651    -0.142209     0.464216   -0.0204842     0.314151     0.102156    -0.236167     0.186827    -0.322374    -0.441145    0.0175901    -0.148654   -0.0650892     0.208899    -0.524575     -0.33519      0.37963     0.336718    -0.289494     0.582157    0.0411205     0.348268    -0.226437
   -0.295912     0.357354     0.154965     0.302285      0.17842     0.529431     0.319463    -0.256517     0.136205   -0.0689543   -0.0994392     0.192937     -0.53062    -0.209623    0.0276588   -0.0582446    -0.162368     0.495044    -0.386373    -0.314629   -0.0904426    -0.239052   -0.0107912    -0.456101    0.0585845    0.0899561    -0.252333     0.238419    -0.210398        0.125   -0.0497624   -0.0390761
    0.169913    -0.264441     0.367125     -0.43533     0.265731     0.130342   -0.0819287   -0.0372938     0.153958   -0.0450963     0.324265     -0.13891    -0.194637    -0.387002     0.260315    0.0666575    0.0547068   -0.0748216    -0.073391      0.16004     0.122429     0.409421    -0.052286     0.125765   -0.0262366    0.0465605   -0.0176192     0.224351     0.119369     0.105003    -0.155237    -0.118894
    0.246236   -0.0219045    -0.303062    0.0540677    -0.451213    -0.276915    -0.195987     0.272042   -0.0818343    -0.125253    -0.251711     0.678505    -0.107814     0.399113    -0.396328    -0.486954   -0.0503238   -0.0482071    -0.255914     0.239932    -0.229502   -0.0608469    -0.127383   -0.0198997    -0.162662     0.327961     0.282301    -0.587947     0.214153     0.135767     -0.11536    -0.301499
    0.763812    -0.329806     0.328538     -0.17294     0.518029    -0.803298    0.0901873     0.398367     0.249037      0.31165    -0.034358   -0.0132769    0.0326165    -0.273865   0.00351168    0.0463898     0.165886   -0.0627078    -0.477342     0.242167   -0.0513295   -0.0192242     0.134714    -0.268178     0.132024   -0.0722031     0.351567    -0.480967    -0.287332     0.157346     0.108372    -0.109366
   -0.209211     0.327529    0.0139002     0.268561     0.164612     0.518872    -0.278004    -0.151277  -0.00483646   -0.0650458    -0.160616     0.274278     0.104539     0.217635     0.216753    0.0932404   -0.0271808    0.0372376       0.1433   -0.0122635    -0.325388    0.0875101     0.210241     0.219815    0.0793134      0.29243     0.179878     0.202895     0.271943     0.156898   -0.0242184     0.231569
   -0.100028      0.27953    -0.209708     -0.18158    -0.213191   -0.0437525    -0.249792   -0.0737388     0.176601    0.0034043   0.00605769     0.296257    -0.389287    -0.229533    -0.141983    -0.217396     -0.23361     0.170239     0.192266    -0.238776   -0.0737077   -0.0653499      -0.3515    0.0709474     0.228718   -0.0879133     0.152607    -0.129754     0.300149   -0.0180952    -0.238092     0.253266
