 -1.20248
  -1.0631
 -1.30009
 -1.47496
 -1.00415
-0.990735
 -1.44962
 -1.62248
 -1.01498
 -1.36283
-0.903559
-0.886402
 -1.10312
 -1.25385
 -1.02933
 -1.07477
 -1.09318
 -1.02548
 -1.00843
 -1.05944
-0.952976
-0.903395
 -1.16785
 -1.08586
-0.978485
-0.911014
 -1.02449
 -1.35025
  -1.1257
 -1.31094
 -1.09627
-0.733917
 -1.04339
 -1.11978
-0.871433
 -1.44043
 -1.17573
-0.986812
-0.858292
 -1.03808
-0.779126
-0.955301
 -1.39501
 -1.34812
 -0.94993
-0.935744
 -1.46386
-0.808834
 -1.30441
 -1.23102
 -1.05401
 -1.01999
 -1.06218
-0.889516
 -1.14335
 -1.08433
 -1.18737
 -1.17978
 -1.12808
 -1.10783
 -1.46875
 -1.27861
 -1.01139
-0.905751
 -1.03595
 -1.05666
 -1.41982
  -1.2269
-0.846106
   -1.422
  -1.0488
-0.731133
 -0.82538
-0.955167
 -1.04573
 -1.04343
-0.954285
 -1.10885
 -1.21361
 -1.76192
-0.872452
 -0.92948
 -1.33732
 -0.90455
 -1.23859
 -1.43755
 -1.14297
 -1.08473
 -1.18807
 -1.31775
 -1.29434
 -1.23487
 -1.23006
 -1.25373
-0.909866
 -1.15683
 -1.72295
 -1.07795
-0.905923
-0.870048
 -1.12017
-0.858304
 -1.02617
-0.957914
-0.897506
 -1.05413
-0.889217
 -1.42479
 -1.36624
 -1.41157
 -1.58178
 -1.73715
  -2.7439
 -1.20667
 -1.60285
 -1.22946
 -1.07117
 -0.68591
 -1.32245
 -1.07588
-0.877945
 -1.18677
 -1.00398
-0.988631
 -1.02362
 -1.02551
 -1.00315
-0.810259
