  -0.566174
   0.254293
   0.563745
 -0.0696432
 -0.0746775
  0.0377937
   0.406409
  -0.129654
  -0.232417
   0.200483
  -0.548842
  -0.153481
  0.0126355
  -0.105793
  -0.245547
  -0.144467
  -0.525632
   0.104169
   0.394993
   0.356125
     0.6434
  -0.195117
  -0.292627
     0.4259
   0.663956
   0.136938
 -0.0517793
 -0.0306001
 -0.0212588
   0.109843
   0.311969
  0.0277614
   -0.60439
  0.0168024
   0.225342
   -0.33401
 -0.0102887
  -0.255099
  -0.252492
-0.00758825
  -0.176241
  -0.254254
   0.153914
  -0.133921
  -0.457323
   -0.16733
   0.175264
    0.43213
  -0.120123
  0.0969787
  -0.390937
   0.216318
  -0.109105
   0.209109
   0.252428
  -0.277695
  -0.263079
  -0.174762
   0.393295
    0.21438
   0.735763
  -0.170058
  -0.113007
  -0.201604
  0.0907425
  0.0617794
  -0.179205
   0.336302
  0.0559725
  -0.209941
   0.469818
  -0.121026
   0.265882
  -0.410574
   0.237679
  -0.061266
  -0.424382
 -0.0869734
 -0.0467766
 -0.0920734
  -0.152868
  -0.456676
  -0.237478
   0.218462
 -0.0943811
 -0.0532985
  -0.201737
   0.213689
  0.0196856
  0.0191511
  -0.571268
  -0.626943
  -0.214875
  0.0155963
   0.566179
  -0.671216
  -0.104837
  -0.332896
   0.267238
  -0.290035
  0.0322267
  0.0985206
  -0.187601
  -0.335674
-0.00182194
  0.0798834
    0.05383
    0.46044
  -0.106812
   0.565828
   0.714048
  -0.276545
   0.160444
   -0.42255
  -0.172437
   0.212787
   0.217106
   0.266026
   0.341089
   0.160441
  -0.271113
   0.187579
   0.137932
  -0.231577
  -0.233292
  -0.262629
  -0.134161
  -0.229027
