 -0.616523
   0.95608
  -1.13156
  -0.29447
  -1.37812
 -0.364059
 -0.723573
 -0.973344
 -0.778265
 -0.394006
 -0.125343
 -0.646397
  -1.21134
 -0.555213
  -1.39098
  -0.63249
 -0.334072
 -0.371788
 -0.513016
 -0.300596
  -1.41449
  -1.04386
 0.0206804
 -0.824041
  -0.25286
    1.0865
 -0.449236
 -0.824955
  -1.47347
 0.0348657
 -0.649084
 -0.417587
 -0.405547
 -0.966801
 -0.646859
 -0.376683
 -0.191088
-0.0130502
 -0.578019
 -0.592477
 -0.582107
  -1.50984
  0.660016
 -0.587571
  -1.08136
 -0.946988
 -0.789788
 -0.593169
  -0.78905
  -0.65118
 -0.926317
 -0.571292
 -0.318168
 -0.464432
 -0.852992
 -0.494455
  -1.22888
 -0.649151
  -1.10448
 -0.340845
  -0.93954
  -1.18479
   -0.7632
 -0.714771
 -0.587299
 -0.820828
  -1.20619
  -1.74465
 -0.747587
 -0.621922
  -1.25902
 -0.976432
 -0.404297
 -0.946493
 -0.306922
  0.758565
 -0.928171
 -0.759305
 -0.463341
 -0.981579
 -0.501431
 0.0719233
  -1.42315
  -1.32433
 -0.628304
-0.0186754
 -0.802941
 -0.862571
 -0.382674
 -0.863034
   2.39361
 -0.584427
 -0.530137
    -0.822
  -1.26296
 -0.148084
 -0.262953
 -0.123982
  0.316198
 -0.250637
 -0.045436
  -1.21009
 -0.227134
  0.612868
 -0.829009
 -0.658282
 -0.526241
   -1.0826
  0.135031
 -0.844902
 -0.425027
   1.13439
   0.62084
 -0.454704
 -0.739695
   1.76504
 -0.769109
 -0.696911
-0.0160372
 -0.194776
 -0.518037
 -0.471884
  -1.52696
 -0.605636
  -1.52574
 -0.765529
  0.180161
 -0.508106
