  0.36299
-0.618315
 -1.47885
-0.557094
-0.836448
 0.530168
-0.576938
-0.473196
  1.05403
-0.746803
  0.28841
  1.03198
 0.135337
-0.116843
  1.11687
-0.234027
 0.139211
-0.676865
-0.684301
-0.122741
  0.51533
   2.0386
 0.594667
  0.62909
 -1.06364
-0.275139
-0.304636
-0.356253
 0.576382
 0.459056
 -1.06392
-0.763196
 0.754953
 0.180167
  0.29731
 0.532229
-0.858649
0.0973703
  1.18326
  1.65432
-0.718519
 0.635821
-0.376031
 0.158952
 0.668538
-0.369722
0.0315121
-0.306741
  1.48501
 0.310642
-0.267511
  1.11662
0.0751421
  0.50707
 0.280756
-0.272583
  0.73992
 0.990437
 0.380916
 0.822799
-0.602778
0.0769527
 -1.10427
  1.36236
 0.313319
 0.761324
  1.15591
 -1.49741
 0.148924
  1.05605
 -0.97166
 0.330628
0.0724115
  0.77946
 0.306104
-0.600731
  1.04761
-0.258647
-0.315194
0.0610298
 0.133549
0.0195152
 0.957971
-0.237266
 0.302419
 -0.58903
0.0427824
  0.63533
 0.933945
-0.571548
-0.909343
 0.583451
 0.270012
-0.593098
 -1.86523
  0.48738
 0.399636
 0.996284
 -1.16436
0.0332589
  -1.0049
 -0.28881
-0.337516
  1.25638
 0.203848
0.0128422
-0.105903
-0.565536
 0.398288
 0.270292
 -1.42459
-0.137639
-0.396598
 0.972521
 -1.41794
0.0295307
 -1.06053
-0.326113
-0.455861
-0.113017
 0.798838
-0.400928
 0.466645
 0.366356
0.0581162
  -0.0546
-0.539424
 0.512385
