   0.012541
  -0.159584
  -0.477142
  -0.542013
  -0.851046
 -0.0430316
  -0.290927
  -0.750396
  -0.838799
  -0.877335
  -0.449009
  -0.526186
  -0.387221
  -0.505424
   -0.85096
  -0.362112
  -0.623645
  -0.589333
  -0.577802
  -0.783474
 -0.0521162
  -0.700405
  -0.802785
  -0.330517
  -0.263188
  -0.509538
  -0.766856
  -0.462786
   -0.44576
  -0.133222
   -0.62533
  -0.638941
  -0.759022
  0.0340767
  -0.518949
   -0.79929
  -0.861137
  -0.449805
  -0.554742
  -0.500527
  -0.103354
  -0.340524
   -1.10346
  -0.473548
  -0.514286
-0.00861264
  0.0124029
   -0.62609
  -0.343992
  -0.639813
  -0.334848
  -0.643251
 -0.0362677
  -0.627354
   -1.00905
  -0.548406
  -0.646535
  -0.626298
   -0.62563
  -0.632882
  0.0246556
   -0.47309
  -0.484328
  -0.547532
  -0.305495
  -0.507403
  -0.581168
  -0.460655
  -0.612895
   0.489914
  -0.342943
  -0.383084
  -0.507032
  -0.790571
   -0.47988
  -0.516163
   -1.08413
  -0.647061
  -0.679078
  0.0623521
  -0.759424
  -0.649596
  -0.771451
  -0.472601
  -0.601492
  -0.419123
-0.00439995
  -0.467312
  -0.643674
  -0.992526
   -1.02291
  -0.672635
   -0.45789
  -0.918632
  -0.549463
  -0.543082
  -0.198419
  -0.404243
  -0.226615
  -0.529048
   -1.04648
  -0.655093
  -0.307736
  -0.190007
  -0.423487
  -0.873524
   -0.49535
  -0.722049
  -0.147956
  -0.722345
  -0.991922
  -0.326141
    1.44735
  -0.865804
    0.72873
  -0.656996
  -0.534324
  -0.473236
  -0.768841
  -0.250012
  -0.408762
  -0.136629
  -0.312569
  -0.917514
  -0.553474
  -0.239043
  -0.739029
  -0.329849
