   0.0305108    -0.199374    -0.055682   0.00872221   -0.0633905    -0.200534     0.174347     0.547125    -0.651354     0.261185   -0.0307905    -0.326007    -0.296695      0.44436     0.165641     -0.20353     0.483856   -0.0399071    -0.642669    0.0716195    -0.443999     0.349486     0.146962      0.17432    -0.435185    -0.056776     0.240796    -0.141034     0.670068    -0.267104     0.110389   -0.0697429
    0.616215     0.637122    -0.158123    -0.220995    -0.152174     0.164967     -0.36718     0.028988   -0.0807135    -0.453414    -0.277637    0.0240982   -0.0335176    -0.552048     0.089631    -0.120451     -0.17032     0.269855    -0.381659     0.386953     0.148855      0.35491    -0.230431    -0.231455     0.312467     0.241781   -0.0596069     0.408749     0.339682    -0.542542    -0.285159     0.337076
   -0.128715    0.0218432   -0.0821411     0.154574     0.302096     0.339628     0.122844     0.244433    -0.677563     0.440293    -0.275723     -0.66049    -0.512723     0.132105   0.00939363     0.309346    -0.340457     0.135718    -0.123115    -0.016516    -0.105663    -0.249481     -0.12578    -0.312057     0.104883     0.482217    -0.123771     0.205659     0.624038     0.101065     0.155393   -0.0162821
   0.0784028     0.170987    -0.217576     0.135866    -0.343146     0.275308   -0.0621769     0.181097    -0.187395   -0.0298894   -0.0118589    -0.160047    0.0106834   -0.0970412    -0.297209    -0.244387   -0.0469225    0.0729117    -0.073843     0.295666    -0.127567     0.255948    0.0641939     0.307401   -0.0969907    -0.161525   -0.0799466    0.0356314     0.183167    0.0651826   -0.0420312   -0.0696618
   0.0927188    -0.178064     0.197872  -0.00048099    -0.248513      0.50671     0.139336     0.204208    -0.192049     0.272183      0.21438    -0.508101    -0.186945     0.100032     0.724052     0.337598   -0.0409778    -0.228885    -0.838518     0.563939   -0.0981922     0.350417     0.123553    -0.372349     0.269668     0.161622     0.103807    -0.270143      0.39963    0.0553443    -0.212959     -0.18523
  -0.0629735    -0.381325     0.048026     0.154338   -0.0357469     0.422617     0.138777      0.27983   0.00958619    -0.254154    0.0202106   -0.0314448     0.450361     0.139094    0.0517276    -0.212055    0.0271372     0.300734    -0.036326     0.573716   -0.0681969   -0.0125388     0.036639    -0.286023     0.457974     0.244765   -0.0599991     -0.37477     0.825254    0.0341794    0.0674436     0.135033
    0.137909    -0.183571    -0.300231     0.478554    -0.227741   -0.0157975      0.17882     0.095468     -0.53763   -0.0206833    -0.192657    -0.183042     0.228527     0.134514     0.163785     0.168086    0.0637343    -0.107157    -0.514725     0.566958    -0.105053    -0.105067    -0.140144    -0.232008    -0.116796     0.208093     0.348773     0.145934     0.347519     0.232177      0.13749    0.0810914
    0.446519    -0.148686     0.263926   -0.0759599    -0.118346     0.117732     0.295782     -0.13215    -0.465336      0.18668     0.148036     0.154628    -0.626601    -0.304079    -0.228926     0.432056     0.369128   -0.0455527    -0.095289    0.0902569    -0.121079     0.257999     0.266049    0.0643182    -0.188889     0.236116     0.133871     0.050916   -0.0979247    0.0224647    -0.243756     0.113773
    -0.12296      -0.3404    -0.323544     0.325435     0.241902     0.309322    0.0885408     0.169357    -0.193616    0.0325225    0.0959546    0.0183047   -0.0979431     0.489966   -0.0999583    -0.197647     0.169326   -0.0861002    -0.133323     0.501918    -0.209051     0.054214   -0.0821277    0.0931672    0.0690191     0.516591     0.278946    -0.309543     0.286613      0.16004     0.334487    -0.394134
    0.167957     -0.23749    0.0638699     0.418023     0.199259     0.117993     0.326072    0.0662237    0.0484491    -0.158081    -0.120223    -0.123594     0.303695     0.697323    0.0730235    -0.196644     0.505228     -0.40317    -0.206117     0.207123    -0.461109    -0.294795     0.147604   -0.0220474     0.244689     0.396258     0.716984    -0.097984    0.0266517    -0.128733     -0.12052     -0.13589
       0.156    0.0629874     0.625382     0.209808    -0.262073   -0.0441885     0.615139    -0.249614     -0.11982    -0.111161     0.271333     0.004425    -0.225249     0.685131     0.217577    -0.200921     0.365799      0.45873    -0.124213     0.322758    -0.115869      0.20273    -0.238844    -0.302333     -0.48688    0.0164434   -0.0258481    -0.381076     -0.17794    0.0262942     0.201505    -0.291114
  -0.0528941    0.0440705     0.130644     0.022241     0.172021    0.0527069     0.135545      -0.1221   -0.0388222    -0.152357   -0.0848421   -0.0817111    0.0734106    -0.118243    0.0396388    -0.019343     0.217126     0.103123    0.0141739     0.269809   -0.0599585     0.103834     -0.34592     0.337434    -0.100477   0.00699307       0.1406    0.0625142    -0.222915     0.297804    -0.165096    -0.075246
    0.276159    -0.139666     0.128395     0.133606     0.667068     0.435146     0.222159    -0.525897    -0.129574     0.210772   -0.0559805    -0.279587     0.495873     0.223461     0.344579    0.0340733  -0.00186089     -0.19714      -0.4418    0.0699042    -0.251173     0.347723     0.108206    -0.281003    -0.164426      0.24515     0.416495    -0.168571    -0.130918      0.39374  -0.00948388     0.101922
    0.322634   -0.0367564     0.315806     0.166394    -0.156824    -0.266168   -0.0920174    -0.167479   -0.0377315    -0.129906     0.237917    0.0317308   -0.0975075   -0.0512922      0.43171     0.330711    0.0100096    -0.166308    -0.201761     0.214644   -0.0714151      0.62923    -0.129681    0.0153077     0.235047     0.330655      0.13845   0.00568631    0.0506025     0.225178    -0.261342     -0.32432
   0.0912054     0.186045   -0.0292981    0.0689822    -0.141003   -0.0326602    -0.506752       0.2014   -0.0169051     0.244155     0.131454   -0.0485728  -0.00632177     0.281049     0.230035   -0.0077076     0.173394    -0.246537    -0.689532    0.0338895    0.0100001     0.184278    0.0210274    0.0199592    -0.145089   -0.0891576     0.402122    -0.275687    -0.189704   -0.0617388    -0.407145      0.24651
    -0.19234    0.0524535     -0.16399   -0.0866892    -0.137539     0.544439     0.232713  -0.00166388     0.400509     0.370742     0.200929    -0.230953    -0.311337    0.0119946     -0.64242     -0.23391    -0.177419     -0.25043    -0.124269     0.143461    -0.157417     -0.41031   -0.0290151     0.478291     -0.66535    -0.137529    0.0593943    -0.213943     0.759773    0.0211954    -0.252401     0.184846
  -0.0170127     0.325774     0.291317    -0.252954   -0.0679314     0.251367     0.249066    0.0910105    -0.135728  -0.00620578     0.217791    -0.377267      0.50276    -0.149463   -0.0128175   -0.0589708    0.0741656    0.0505911    -0.169012     0.184436   -0.0417224     0.144104    0.0890469    0.0441894    -0.143002    -0.122041    -0.140674   -0.0358849    -0.215175    0.0858811    -0.206238     0.151409
    0.111991   -0.0456778     0.241984    -0.186156    -0.470806     0.319061     0.319367   -0.0552719    -0.239516    -0.154562     0.061745   -0.0172126    -0.205832    0.0584984     0.391292   -0.0648934     0.383121    -0.111809    0.0821078    -0.158729    -0.398536   -0.0700028     -0.13688     0.255311    -0.350368     0.120987     0.321351      0.18256     0.150963     0.129599   -0.0678374    -0.345189
   -0.494628    -0.555995      0.16562   -0.0887832     0.251025    0.0350539     0.190316     0.102361    -0.305409    -0.161572   -0.0287405     0.226287    -0.179626     0.186876   -0.0680168     0.062457    0.0306112     0.296732    0.0657392   -0.0234929      0.26427   -0.0402918     0.148473     -0.44127    -0.298845     0.266337     0.137839    -0.516561     0.138698     0.244248    0.0176311    -0.173092
  -0.0854456    -0.141745    -0.473186     0.104129     -0.20144    0.0982826     -0.17125     -0.17885    -0.547815     0.381672    -0.353983     0.193646    0.0186891    -0.128003    -0.364778   -0.0885476    -0.129514    -0.108731     -0.28497     0.362863     0.303587    0.0209356     0.848616    -0.388283     -0.02874    0.0906691     0.365093    -0.292529     0.213074     0.106889    -0.720557    -0.174972
   0.0959529    -0.479174     0.174203     0.190232    0.0303273     0.240135     0.198836     0.164259    0.0536831     0.399646    0.0306548    -0.303799     0.123967    0.0828729     0.612528     0.187284    -0.199198     0.348035     -0.27982    0.0619651    -0.243453     0.521094     0.225669     0.149309     0.138347    -0.128502     0.246258   -0.0723784    -0.181413      0.27802   0.00237775    -0.208984
    0.467603    -0.300986    -0.524982    -0.305373     0.364753     0.641223    -0.365843     0.215131   -0.0578149      0.62857    -0.547406    -0.319602    0.0877574    -0.652183    -0.398353    -0.555726     0.297734    -0.295204    -0.464723    0.0698411      0.12103    -0.120246     0.606006    -0.209563     0.294319    -0.369803    -0.190028     0.263746     0.360263   -0.0420181     0.160042     0.308394
   -0.130931   -0.0419681  -0.00481154     0.441425    -0.283283     0.160986   -0.0806154    -0.223834     0.566847    -0.209094    -0.105198     0.205963    0.0981215    0.0124094    -0.189112   0.00772576    -0.306598     0.110669     0.255004   -0.0809492    -0.164565       0.1569     0.463107   -0.0253759     0.331521     0.200692    -0.140009    -0.131723   -0.0809702      0.73626     0.170552   -0.0984877
    0.149077    -0.750072     0.042148     0.531621     0.094434     0.460125     0.394521    -0.354699     -1.23632    -0.201123     0.142254     0.539774    -0.521695     0.590558    -0.147226   0.00982985    -0.137052     0.230998    -0.401675     0.686803    -0.361186    0.0615167     0.381454     0.192378    -0.249981     0.156014     0.304162    -0.683032    0.0854093     0.323014     -0.43752    -0.351504
    0.144128    -0.695481   -0.0123729     0.120089    -0.265458     0.217141     0.659129    -0.274367    -0.158724     0.145902    -0.514258     0.367819    -0.625718    -0.156567   -0.0326172    0.0958458    -0.244457     0.171039    -0.159821    0.0281541    0.0577399     0.120277     0.393983    -0.141323    -0.580811     0.593751     0.142923    -0.512301    0.0104062     0.593475   -0.0716862    -0.160849
    0.112664     0.163601     0.281756     0.199803     0.562439     0.104334    0.0382937     0.135606     0.382608   -0.0666522    -0.136568    -0.117798    -0.199208     0.520137     0.188916     0.206867    -0.153543     0.296086     0.524327      0.49297    -0.329719     0.526635   -0.0953768    -0.675592    -0.351597     0.583418     -0.49788   -0.0389434     0.191768   -0.0274371   -0.0393682     0.447443
    0.258285    -0.568816     0.156627     0.613862    -0.250231      0.27041     0.500527     0.453277    -0.717235     0.499694    -0.237941   -0.0691865    -0.215221     0.104254     0.343709   -0.0382496     0.198646     0.146473    -0.396175     0.241785    -0.395057    -0.377672    -0.200109    -0.373954    -0.180676   -0.0386022     0.436907     -0.52503     0.136744     0.102896    0.0459187     0.250267
    0.484325    -0.273614    -0.252302     0.442589     0.166437     0.371545    0.0589526    -0.178049    -0.515757     0.404978    -0.222002    -0.120368      0.23521    -0.433111    -0.130777    0.0388049     0.187137    -0.227857    0.0235836    0.0169647   -0.0715955     0.243344   -0.0858479     0.166276    -0.274067    -0.210812      0.45371   -0.0660347     0.654647     0.214114    0.0648417    0.0905446
   -0.071516     -0.37208    0.0574432    0.0600124    -0.207419     0.323177   -0.0273685     0.188723     -0.18589     0.292136    -0.122642     0.466727    -0.163477     0.329617    -0.083472     0.114334   -0.0404284   0.00948657     0.337302     0.106482    -0.584267     0.337645    -0.172888    -0.408888    -0.180646    -0.088705     0.326162    -0.330712    0.0806394     0.302749     0.229194     0.217049
    0.212143      0.35565   -0.0526848     0.337532     0.217507    -0.177721     0.352535    -0.248831     -0.40696    -0.368579     0.392885   -0.0907532     0.155342     0.344268    -0.237189    -0.155457     0.331753   -0.0753506    -0.430033     0.129428     0.256914     0.591909   -0.0351872     0.535976    0.0781816     -0.40038     0.386915  -0.00948429     0.188302    -0.171427     0.224998   -0.0183191
  -0.0619897    -0.329367     -0.27777    0.0603123     0.184766    -0.300449    -0.148664     0.162845   -0.0759873     0.380252    0.0595558    -0.318237    -0.113195    -0.036082    -0.505308   0.00603476    -0.402432   -0.0324974    -0.419183    0.0424281    -0.208854    0.0820872     0.389372   -0.0576906   -0.0759671      -0.1586      0.13826     -0.33203     0.464953    -0.137113    0.0517387    -0.067418
 -0.00563064     0.085428     -0.20858     0.299281   -0.0370583     0.274468    0.0366734    -0.127366     0.420769     0.150339     0.248157     -0.34051     0.236344     0.181704    -0.367772    -0.521509     -0.56368   -0.0150514    -0.162124     0.523172      0.33557    0.0792496   -0.0520969    -0.754997     0.233314    -0.225723     0.185501    -0.382497     0.623506     0.185691    -0.268348    0.0857706
    0.481888    -0.591401      0.18809    0.0647593    -0.273442     0.192162     0.292793    -0.176746    -0.204566     0.158014   0.00214187    -0.185868    -0.133055    -0.327004    -0.134572     0.515169     0.086515     0.264495    -0.332884     0.352161     0.161196    0.0787114   -0.0458721    0.0088797    -0.338018    -0.387371     0.397004    -0.503934     0.353084      0.14183      0.10146     0.151203
    0.249565    -0.462862    -0.132314     0.737298    0.0450721     0.115697     0.195391    -0.180799     -0.70395    -0.151199   -0.0979078    0.0393604   -0.0935406    0.0874719    -0.153794     0.266241    -0.425403     0.387555    -0.219598      0.12471     0.097525     0.416291   -0.0263904    0.0866181    -0.548113    -0.143779     0.703118    -0.185396     0.228669     0.366316    -0.271772     0.184355
    0.199348    -0.186675     0.367486     0.156771     0.121407    0.0556944     0.149983     -0.32087   -0.0632582    -0.170046    -0.409647    -0.266997     0.113903    -0.292342     0.191651    -0.159446     0.331911   -0.0249528    -0.435249     0.341134    0.0611652     0.216014     -0.15028   -0.0511823    -0.174765     0.407692      0.28972     0.174261     0.145071     0.255529    -0.278716     0.332894
   -0.248387   -0.0512166     0.123865     0.377769     0.504354    -0.314924     0.347469   -0.0860335     0.268367    0.0468866   -0.0695846     0.437869     0.158162     0.270759     0.102526     0.349848   0.00392012    -0.146063   -0.0237465     0.270395   -0.0626685    0.0629509   -0.0943785    -0.266256     0.150649     0.552759    0.0697902    -0.124344    0.0643368     0.454125    -0.299617    -0.117486
    0.517844   -0.0504247    0.0519804     0.367997     0.377236   -0.0199026  -0.00357069     0.566729    0.0373913    0.0991329   -0.0149937    -0.622381     0.343319     0.428343     0.185231    0.0175516       0.6138   -0.0271205    -0.360755     0.291586     0.264485     0.491922     0.118154     -0.25692    -0.292705    -0.106839     0.229704     0.207871     0.162174    -0.147523     0.565329    -0.317696
  0.00323288    -0.089347    -0.381972     0.278487    -0.161505     0.131568   -0.0996127    -0.176376    -0.395713     0.452598    -0.367779    -0.155809    -0.284644   0.00660332  -0.00806791    -0.537791     0.409875   -0.0147582     0.293938    -0.205026    -0.172517     0.215128    0.0481139     0.267829     0.264395     -0.13147     0.422552   -0.0472232     0.343263    0.0728173    -0.198251     -0.17955
    0.272357    -0.377813    0.0975663     0.248123   -0.0939056     0.524167     0.107574   -0.0709093    -0.383629     0.388615   -0.0522145     0.286946    -0.271586     0.472983    -0.132944    -0.507359     0.473126    0.0495167     0.117602     0.526975    -0.288082    -0.302429    -0.197962     0.142463    -0.388474  -0.00936373      0.55436    -0.132908      0.34369    -0.468128   -0.0299996    0.0633111
  -0.0643162     0.173331     0.448199     -0.20884     0.148412     0.172937     0.409974   -0.0443297    -0.469922      0.39462     0.590363    -0.261412   -0.0774038     0.137286    0.0457585   -0.0694083    -0.136837     0.120118    0.0173331     0.969435     0.101099     0.119522     0.312779      0.30304     0.356417     0.376864    -0.102494    0.0848204    -0.551016     0.142307     0.381488    0.0351231
    0.194731     0.127964     0.504633   -0.0562146    -0.115225    0.0701685   -0.0381974    -0.145228    -0.529149   -0.0657008    0.0169465    0.0986692     0.219179    -0.345528     0.274671    -0.403666    0.0805314    -0.402007    -0.234031    -0.135785     0.211085    0.0201303    -0.144432   -0.0466713    -0.372554     0.306623    0.0370454     0.386491     0.265632    -0.149069    -0.261738    -0.024125
    0.183117   0.00792673    0.0207401    -0.290181     0.327501   -0.0958628   0.00908956   -0.0607458    -0.343793    -0.143438   -0.0606437     0.110758    -0.103461    -0.178332     0.373248     0.382127     -0.39296    -0.512605   -0.0150633    0.0660724    -0.058688    -0.168686     0.109457    -0.467663       0.2541    -0.260288    -0.338655     0.208362    -0.415337  -0.00477833    -0.259572  -0.00800317
  0.00618604     0.222446     0.153039     0.320959   -0.0547514      0.10409     0.381665    -0.261545     0.260818    -0.237659   -0.0390328    -0.182152     0.553412    0.0923052     0.512188     0.178747    -0.153705    -0.393322    -0.398634     0.134416    0.0768278   -0.0320034   -0.0978127    -0.105223    -0.157728    -0.161717     0.425141    -0.206563     0.443713      0.45564    -0.138835    -0.433011
    0.291306     0.145451   0.00958623     0.279146     0.141987     0.153811     0.138115    -0.352195    0.0707275    -0.101849    -0.180757     0.234366    0.0404682    -0.157272     0.189325     0.271082    -0.189661    -0.172404    -0.255813    -0.310148     0.513573   -0.0705691    -0.233596   -0.0688889    -0.270017    0.0326904     0.124398    0.0818496    0.0982133   -0.0132788    -0.240956    0.0961686
 0.000366183    -0.733112    -0.464293    -0.242719    0.0130822   -0.0291233    -0.262306     0.600934    -0.601352    -0.250902   -0.0194479     -0.24501    -0.210206    0.0658482    -0.140592    -0.376827    0.0107464     0.525145      -0.2186    -0.294832    -0.427078    -0.551147     0.374403    -0.232099     0.386423    -0.296929     0.584845     0.193979     0.464831     0.284947     0.148855    0.0110697
  -0.0290616    -0.270291   -0.0265856    -0.023915    -0.111261   0.00985932    -0.124992   -0.0977991   -0.0689513    -0.158285   -0.0868281   -0.0702368    -0.176557    -0.183058     0.216993    -0.378135     0.239487    -0.453786   -0.0802431     0.271429   -0.0975725     0.268315     0.244038     -0.43013    0.0641918    0.0647667     0.338841    0.0380892    0.0220337     0.197968     0.228161     0.177593
   -0.160993     0.107158     0.435621     0.191929    0.0872794     0.248972   -0.0151782    -0.215369     0.317037   -0.0896232 -0.000739434    0.0735127   -0.0558425     -0.38169     0.239034     0.193757     0.417158    -0.111371    -0.352192    -0.111719     0.202179    0.0237224    -0.258349    0.0634686    -0.135163      0.17289  -0.00927822    -0.101803     0.145052    0.0258302    0.0730741    0.0292806
   -0.422762    0.0395288     0.119926    -0.219334     0.214705     0.142726    -0.176719    -0.551673     0.245355    -0.522668    0.0915172    0.0824606  -0.00225933   -0.0312415    -0.167143    -0.239106    0.0892469    -0.413584    -0.640187  -0.00544322     0.159057    -0.118999     0.089726    0.0128426    -0.237791     0.187677   -0.0621325   0.00914382     0.120424   0.00094335    -0.760161      0.26097
   0.0798478  -0.00193453   -0.0597389     0.541758     0.565072     0.116521    -0.100406    0.0218577    -0.212989     0.448342    -0.222039   -0.0168328    0.0928948     0.352656     0.180111     0.359333    -0.278933    -0.388927    -0.068189     0.460665    0.0450225     0.463132    0.0575753    -0.551114   -0.0369475    0.0978286     0.212808    -0.366565     0.319289     0.700611    -0.041352    0.0167338
   0.0820856     0.152992   -0.0792606   -0.0932817     0.684266     0.543912    -0.208355      0.11399     0.263669   0.00585665     0.231004    -0.361678     0.605321     0.225419     0.428401   0.00204769    0.0557784    0.0407799   -0.0796516     0.378874    -0.140227    0.0851333     0.535321    -0.646798     0.235427     0.087185      0.27369    -0.528081     0.533063     0.270203    -0.138337     0.211455
    0.191405     0.381797   -0.0419712   -0.0976032     0.731416    -0.115099     0.180519    -0.397055     0.491879     0.246508     0.156526    -0.121765     0.147084  -0.00661085    -0.108479     0.398692    -0.373506    -0.411331     0.225326    0.0291094   -0.0374542     0.267052    -0.118249     -0.63386     0.113156     0.442977    -0.317668  -0.00713558    -0.220258    -0.305061    0.0571804    -0.052928
    -0.16093     0.155109     0.154829     -0.35189      0.31202     0.104423     0.123227     0.280604    -0.322727     0.346949    -0.109546    -0.264817    -0.476876     0.463363  -0.00472359    -0.225364    -0.349111     0.474197  -0.00872299   -0.0329755   -0.0431802    0.0418955    0.0477719     -0.17783     -0.38249    -0.365831     0.357934    -0.330237    0.0038717    -0.157952    -0.331871    0.0741156
    0.202992    -0.266656    -0.154759     0.120867   -0.0100545     0.109993   -0.0672575    -0.277797   -0.0937933   -0.0739348   -0.0965263    -0.168823     -0.14322    -0.174507    -0.255525     0.273575    0.0171861      0.32109    -0.053565      0.13324     0.520627      0.20146   -0.0399065     0.245911   -0.0306939     0.198238     0.231916   -0.0509489   -0.0633928     0.248815    -0.287817    0.0557267
 -0.00474968   -0.0467809    0.0294768     0.375304    -0.210327    -0.789509   -0.0978347   0.00910078   -0.0108943    -0.019109    -0.508349     0.524897   -0.0214562    -0.209124    -0.473449     0.226603     0.252602   0.00842101     0.335203   -0.0654209    -0.157133   -0.0988846    0.0295603   -0.0992291    0.0592443     -0.45475     0.115534    -0.389719    -0.235142    0.0231231    -0.106917     0.257738
    0.218773     0.373262   -0.0968358    -0.245985     0.183711     0.431653     0.216221    -0.306704     0.245319    -0.289761     0.222799      0.22325     0.232901   -0.0256698     0.612026     0.114844    -0.484888    -0.389057     0.273669     0.304135    -0.119612    0.0129947     0.135852    -0.350426    -0.114328     0.133756     0.315171     0.431496     0.264529     0.292914    0.0378561     0.103358
   -0.356722    0.0655929    -0.129821    -0.139603      0.27492   -0.0882074     0.242116    -0.109619    -0.204901    -0.580966     0.096792    -0.438755   -0.0645544     0.419153    -0.544568     0.116021    -0.524461   -0.0508444    -0.139867     0.166959    -0.151902    0.0358779   -0.0680631     0.293795    0.0650698     0.195083    -0.110719   -0.0203198    -0.340741     0.587221    -0.012735    0.0424703
  -0.0509241      0.20826    -0.131871    -0.447123    0.0638843     0.366311    -0.355762     0.327295     0.309502    -0.115518     0.271992     0.267119     0.126637   -0.0933002   0.00521044   -0.0332825     0.437175   -0.0060301    0.0142533     -0.22043    0.0495923    0.0488416    0.0951299   -0.0427977    -0.432897    -0.229093     0.025342    0.0924412    -0.186781    -0.280009     0.093331    0.0448381
    0.103665    0.0574381   -0.0530515     0.323614    -0.121354    0.0530605    -0.425365    -0.335466   -0.0457214     0.198223    -0.271509    -0.244781     -0.15174     0.124239    -0.142638     0.210532    -0.580528    -0.410301     0.267623   -0.0684587     0.141117    -0.162548     -0.43478     0.141982      0.51654     0.177163      -0.1122     0.123312    -0.417928     0.142874    -0.214602    0.0726572
   -0.129141     0.132326     0.210126     0.357847     0.056463     0.470918     0.296491    -0.228093    0.0392851    0.0139616     -0.17145     0.226729    -0.434667    -0.388498     0.677985     0.485175     0.147843    0.0112061    -0.460201     0.409168      0.25622      0.14713    -0.338966    -0.183961     0.149987   -0.0114691      0.20386    -0.216939    -0.107803     0.499563     -0.14649     0.252842
 -0.00624691    -0.690428     -0.38225     0.130567    -0.175667   -0.0331425   -0.0434849   -0.0594177    -0.197841     0.141463    -0.394014   -0.0449581    -0.107714   -0.0436892     0.307169     0.304709    -0.285522     0.222478      0.19475     0.297224   -0.0423723    -0.165757    -0.406663     0.184621    -0.459305    -0.153384     0.335429    -0.566837     0.129238   -0.0457098    0.0398187    0.0592181
     0.25245    -0.405238     0.224719     0.252922     0.108084    -0.359192      0.58827    -0.499128     0.178399    -0.105091     0.108218    -0.425798     0.232413     0.264486    -0.247794    0.0825772     -0.01182     0.409111    -0.314156     0.167691    0.0029139    -0.167626    -0.364443     0.174571    -0.140772     -0.55418    -0.342913    0.0537551     0.287824    -0.106001    -0.295117     0.140014
    0.117699     0.445311    0.0584283     0.124313   -0.0527281     0.167805   0.00313779    0.0271648   -0.0295762     0.186282    -0.129914     0.127081    0.0650357   -0.0465756     0.174179   -0.0899515     0.302432    -0.245374    -0.161778     0.270578   -0.0689147    -0.295999    0.0493551    -0.228596   -0.0503589   -0.0547112     0.247025    -0.393827     0.220968     0.203211     0.310207    -0.277024
   0.0033121     0.502661     0.169354    0.0908819     0.297743    0.0186836      0.21114     -0.44432     0.347308    0.0322385   -0.0908114     0.113816    0.0457584     -0.51277     0.424966  -0.00744179     0.133437    0.0815726    -0.429883   -0.0117178     0.115146     0.359286     -0.76741     0.132753     0.330253   -0.0442386    0.0977034     0.234422    -0.159449     0.319874    0.0237497      0.25337
    0.397674     0.067643     -0.07568     0.524257    -0.346097     0.118912     0.137811   -0.0998526    -0.372807   -0.0534566    0.0398233   0.00922483     0.253306     0.382042    0.0400441    -0.114195    0.0489091     0.600086    0.0584278     0.504062     0.288176     0.266332    -0.250492    0.0240473     0.050342    -0.348141  -0.00969664    -0.302692     0.413109     0.339682     0.402319  0.000652578
    0.141242     0.158354    0.0749491   0.00685889     0.185159    0.0523223     0.347311    -0.353467    0.0426406     0.103472    0.0958056    -0.106674    0.0075769    -0.236044     0.204924     0.224719     0.404128   -0.0105445    -0.409565     0.213027    -0.181907     0.341378  -0.00810092    0.0497501   -0.0638533   -0.0682972   -0.0963092    -0.299411    -0.131963     0.153927     0.161822     0.127567
   -0.111173     0.124554    -0.317607     0.497532    -0.511675    -0.372865     0.644518    -0.365954    -0.378681     0.478084    -0.741709    0.0480663    -0.293767    -0.200987    -0.645367    0.0470002    -0.928722    -0.230579       0.1975    -0.198939    0.0969873     0.152217     0.157525    0.0136236     0.393353   -0.0375306   -0.0497705     0.154836     0.347624   -0.0789535     0.146358   -0.0294551
   0.0531308    0.0137459    -0.285695      0.37714     0.613234     0.391271    -0.332651   -0.0702572     0.298911    -0.072095   -0.0662383     -0.40032     0.466626    -0.378559    -0.095379     0.153693    -0.543938     0.003525    0.0100441    0.0640014      0.21663     0.423443      0.28517    -0.242477     0.233431    -0.486616   -0.0284531    -0.737979    0.0768476    0.0714683    -0.203531     0.796642
    0.144484     0.176759   -0.0719615    0.0677755     -0.65488    -0.199746    0.0867239   -0.0340284    -0.402776   -0.0743079   -0.0919183   -0.0911418     0.195306    -0.301049    -0.464103     0.143932    -0.964905     0.444044    -0.209052      0.43252     0.651559    -0.129051      0.16928     0.271575    -0.307299    0.0454266    -0.212128   -0.0850285      0.21458     0.431812    -0.169435     0.323836
    0.619622    -0.797067    -0.103033     0.412037    -0.211782     0.665864     0.161702     0.182568     -0.77443     0.298299    -0.442187    0.0810514    -0.338653     0.514209     0.413568    0.0486132    0.0699492      0.42875    -0.990758     0.237765    -0.603107    -0.718537  -0.00506866    -0.873756    -0.842116     0.442188     0.740756     0.100801      1.00089   -0.0243066      0.17886    -0.268301
     0.40336    0.0328391     0.208822     0.196757   -0.0027498    0.0411298     0.370575    -0.116332    -0.247238    0.0542003   -0.0399568      0.25819    -0.170759    -0.176919     0.115097     0.328341     -0.12377   0.00856996    -0.362544   -0.0778359      0.17059     0.153156     0.372587   -0.0506689    -0.243888   -0.0962999     0.373419    -0.462042    -0.186209    -0.279976    -0.157156     0.242606
   -0.300122    -0.320575   -0.0513793    0.0105041     0.197783     0.193619   -0.0340155   0.00185309     0.348977    -0.539442    -0.174644    -0.363401    0.0932533     0.125752     0.380302     0.301268    0.0259443    0.0657315   -0.0922054     0.438607  -0.00859171     0.164634   -0.0638587    -0.152425     0.329991    -0.104805    -0.176733     -0.61096    0.0167057     0.507843    0.0473764     0.105631
    0.459955    -0.360227     -0.55871     0.710567      0.32985    -0.175846    0.0955827     0.152089    -0.374962    0.0286457    -0.413125     0.079803   -0.0309526     0.358485    0.0789639     -1.00594      0.37579   0.00319336    -0.717381    -0.288097    -0.182367     0.309582     0.219472     0.370213    0.0831582    -0.351306     0.210514    -0.552835      0.55403   -0.0266313     0.145454     0.107034
   -0.340996    -0.388614     -0.58859     0.472524    0.0740307    -0.113464     0.293978     0.110028    0.0905562    0.0607854    -0.258312    -0.192179    -0.247376     -0.40804    -0.239101    -0.286759     0.315393      0.55944     0.115907  -0.00787466   -0.0015962     0.018018   -0.0925332     0.118642    -0.100287    -0.143197     0.163548    -0.247031     0.529263     0.073334    -0.141475    -0.195409
  -0.0898345   -0.0838754   -0.0522483     0.406366     0.215529      0.10171    -0.128419   -0.0350517   -0.0644812      0.15938    -0.108145    -0.261367    -0.243592    -0.282739    -0.450264    -0.299953     0.239677     0.219656     0.301589     0.118927    -0.297183     0.142776   -0.0740352    0.0157609     0.218236  -0.00902309     0.258718    -0.597431     -0.18016    0.0928561   -0.0427119     0.144034
    0.269256   -0.0543275     0.213111     -0.11992     0.290715     0.205173   -0.0243904     0.407012    -0.265309     0.427671     0.603759    -0.194461     0.306958     0.422931     0.696567    0.0145618   -0.0688589    0.0930704    -0.114432     0.134003   -0.0363002       -0.233    -0.113378    -0.251835    0.0541077     0.287423   -0.0359601     0.383856    -0.436235    0.0751011     0.289951   -0.0669506
   -0.229356     0.127118    -0.292666    0.0464062     0.143269    0.0762278   -0.0857527     -0.12424    0.0768078     0.125051     0.263994     0.370676     0.550276     0.187936     0.311377       0.0558     -0.40653    -0.669656    -0.294169     -0.14049   -0.0395547   -0.0362248   -0.0221863     -0.30519    0.0647932   -0.0891335    -0.126427   -0.0853572   -0.0801585    -0.382748    -0.196959    0.0976302
    0.282802     0.221223     0.030927    -0.383462      0.49429     0.249023     0.168981     0.190247    -0.245504  -0.00792861    -0.149568    -0.371806     0.278134    0.0941985     0.709431    -0.307745     0.352152     0.185524     -0.17757   -0.0524006     0.156713    0.0159322   0.00361253    0.0686798    -0.214562     0.154586     0.446784    -0.235027     0.148331     0.067012    -0.170685     0.097987
  -0.0955688      0.15354     0.153998     0.712917     0.496074    0.0165509     0.427719      0.13293    -0.034179   -0.0260867    -0.119085    -0.127954     0.268939    -0.250482     0.108268     0.277009    -0.042596    -0.100458     0.176453    -0.142591    0.0584175    -0.133836     0.116683    -0.630968    0.0708813    -0.502453    -0.205317    -0.172733    -0.037486    -0.474098      0.22287     0.127261
   -0.116928    -0.308214     0.195832     0.433654    0.0357955    0.0261327     0.533392     0.241344    -0.215284     0.196051    -0.134245    -0.154107   -0.0550278     0.121046   -0.0254074    0.0419378     0.115204     0.273169     0.114394     0.129853    0.0861319    -0.118658    0.0198481   -0.0484127    -0.373534     0.295358    -0.228319    -0.393384   -0.0218163     0.320057    0.0964775   -0.0316411
    0.224009    -0.146559     0.216499    0.0376513     0.288895     0.137214     -0.01746    -0.332464    -0.083579    -0.217502    -0.129086    -0.560387    -0.248457    -0.271217     0.652266     0.417761     0.223323     0.476849    -0.159182     0.681249   -0.0661749     0.416403     0.108027   -0.0424652    -0.218227    0.0380439     0.357941    -0.641404     0.010405     0.327422   -0.0789061    0.0733969
  -0.0717972    -0.116009      0.15591     0.028495     0.234162    0.0926262    -0.218788     0.345039    -0.262842     0.016966    -0.129384    -0.193857    -0.236998     0.109596    -0.358596    -0.146684    -0.348371     0.417996    -0.328891     0.275005   0.00194149    -0.115427    -0.235066     0.233428     0.092254    -0.160438    0.0471655   -0.0039887   -0.0405363     0.251066     0.157904   -0.0209871
    0.264567     0.124999    -0.457831     0.325526    -0.306905   -0.0900951    0.0836497    -0.250571   -0.0103379    0.0568618      0.02326   -0.0227564    0.0308079    -0.196329     0.120145     0.100633    0.0186805     0.166732    -0.186433      0.64442    0.0209142     0.288776   -0.0758962    -0.297732   -0.0757598    -0.317062    -0.201941    -0.534532     0.016748    -0.142468    -0.164627   -0.0260049
   -0.306872    0.0159345    -0.409603     0.213838     0.339495     -0.29753   -0.0192751    -0.110528   -0.0994376    -0.167284   -0.0852015    -0.496085     0.169026    -0.144231    0.0493862    -0.296867     0.134863    -0.245624     0.222505    0.0306214     0.585399    -0.254637     0.157582    0.0210882   -0.0891464    -0.553651    -0.119211    -0.151881     0.238937     0.111327     0.354954  -0.00669415
    0.132294    0.0239876    0.0511774    -0.194839     0.401766    -0.115316     0.197935    -0.284378    -0.159839    -0.125606   -0.0265051    0.0981424    -0.265122    -0.261746  2.72119e-05    -0.428986    -0.302477     0.294128   -0.0826699     0.437665    0.0574673     0.205636    0.0341711     0.500307   0.00565624    -0.379434    0.0954982    -0.319848     0.248697    -0.133846    -0.551433     0.156891
   -0.319041    -0.200189   -0.0333482   -0.0155567    -0.315572    -0.328519     0.359111     0.148631    -0.146424     0.114201     -0.47872     0.220056     -0.25257   -0.0842291    -0.355304   -0.0134195   -0.0568276     0.155177    -0.100451    -0.441774     0.514579   -0.0413818     0.151485   -0.0643664  0.000220337    -0.237726   -0.0434804     -0.30458     0.138041    0.0925298     0.298819    -0.244188
    0.404062    -0.403602     0.163076     0.273663    0.0448994     0.361471      0.56605   -0.0969197    -0.420662     0.100305    -0.319173    -0.117655    -0.172608     0.267487   -0.0889349     0.430762     0.292896     0.157066    -0.517148     0.531665    -0.190985    0.0327924     0.113733     0.129755    0.0655149     0.262285     0.460624    -0.596976     0.523197     0.371571     0.117101    -0.107501
    0.319549     0.255813     0.194698     0.103916    0.0968273    -0.264178     0.235119   0.00179632   -0.0835129   -0.0851688   0.00457143   -0.0142138     0.203467     0.352761     -0.40771    0.0466115    -0.479859     0.293944    -0.288581    0.0861511  -0.00811334    -0.103646    0.0801421    0.0592166  -0.00159311      0.28358     -0.12913    -0.188064   -0.0463775   -0.0872549     0.204784  0.000518655
    0.317155     0.188721    -0.504103      0.37269    0.0225942     0.285035     0.178919     0.314625    -0.556267    0.0541776   -0.0801974     0.236121    -0.344756     0.128756     0.121446    -0.293392     0.591264    -0.242845     0.574588    -0.206815    -0.313936    0.0436951    -0.174892     0.147815    -0.331615    -0.515212    0.0118846    -0.191896    -0.236948     0.257167    0.0221214    -0.421012
   0.0319652    -0.296779    0.0215638     0.431978   0.00717834    0.0329535     0.256727     0.256511   0.00629062    -0.232453     0.290502     0.190184   0.00978901     0.390479     0.382221    -0.296535    -0.127321  -0.00117579    -0.460783     0.725913     0.342399    0.0429979    -0.304815    -0.225618    -0.270998      0.40075     0.155042    -0.244423    0.0575813    -0.128609    0.0556343    -0.271608
   0.0382768    -0.213716      1.06669     0.235943     0.669762     0.733502     0.192722    0.0139507    -0.184773      0.29737     0.217815     -0.30818     0.180572      1.11751       1.5582     0.272971    -0.255294    -0.288539    -0.977895      1.25176    -0.829128     0.292645    -0.236238    -0.496181     0.415628     0.289087     0.313274     0.134902    -0.302084     0.774306    -0.408772      1.00826
   -0.123462     0.496929    0.0745875      0.14587   -0.0483187    0.0522491     0.231835     0.354899     0.338992     0.111336    0.0754585    -0.141837    0.0744819    -0.240455    -0.281752    -0.186889    -0.293235    0.0316956      0.13334    -0.230411    0.0715449    -0.220755     0.170015    -0.477254   -0.0618449    -0.302021    -0.687046    -0.198336     0.252363    0.0134566   0.00547466      0.05588
    0.107833    -0.336876  -0.00842984     -0.15252     0.443637      0.31829     0.356931      0.10999    -0.172746     0.682887   -0.0969891    -0.286142    -0.149839     0.295277    0.0309075     0.280609     0.264344    -0.264393    -0.384069    -0.168225    0.0867204   0.00963003    -0.191245     -0.27075    -0.730466     0.137236     0.467819    -0.058949     0.553212     0.165731    0.0714471      0.08409
   0.0302705     -0.20809     0.171198     0.227492    -0.307427      0.18425     0.843812     0.261063    -0.442408      0.19168   0.00554499     0.403762    -0.497301    -0.160046     0.024487    0.0853233     -0.28345     0.345418    -0.438827     0.145459    0.0550382   -0.0818013    0.0840845    -0.268354   -0.0435825     0.173778     0.127187   -0.0884969     0.342351     0.495551      0.12269      0.25107
   -0.110752    -0.485408      0.45556      0.48183    -0.596284     0.227876     0.291823      0.70144    -0.354802      0.33888     0.455817      0.28327     -0.13625    -0.389977    -0.426871     -0.27055     0.222918     0.115611     0.139706     0.334444   0.00844382     0.220957    -0.137327    -0.109161      0.14535    -0.147274   -0.0332137     -0.16631     0.502648     0.253923    0.0504965    -0.120856
    0.247908   -0.0486189    0.0441218      0.25012    0.0879904      0.44197   -0.0796036    -0.210121   -0.0171241     0.352758    -0.146333    -0.168796   -0.0245835     0.561004     0.123079     0.384802    -0.548317   0.00398443    -0.581916     0.756104     0.174207    -0.118001    0.0410984     0.352642     0.440627     -0.17928     0.745841    -0.794906     -0.57199   0.00623298    -0.265793     0.356466
    0.412604   -0.0998593    -0.223585     0.141275      0.25943    -0.226452     0.503352     -0.24207     0.236673       0.4162     -0.14487    -0.321287     0.467328   -0.0106842     0.169744     0.268555    -0.113842    0.0106137     0.132309     0.490418    -0.174979    -0.279391    -0.021951     0.163519    -0.352194    -0.134208      0.57355    -0.689371   -0.0825103     0.174011    -0.154026   -0.0185559
   -0.125104   -0.0555154     0.781106    -0.248699     0.159115     0.323113    0.0258752     0.064507    0.0148324     0.169888     0.230795     0.336302    -0.239779    -0.608154    -0.183208    0.0867836      0.21684    -0.221516    -0.208126    -0.184289     0.224096     0.564059     0.517385    -0.113695    -0.124068      0.19268     0.231158    0.0103573     0.235103     0.408019    -0.332469     0.226323
    0.345246    -0.043772   -0.0734582     0.393879      0.54149     0.192548   -0.0470776    -0.379655      0.11326    -0.235778     0.184488    -0.226725     0.259502     0.469355     0.390219     0.772602    -0.579922     0.325863    -0.829766     0.634606     0.291132    0.0446177    0.0472512    -0.215913    0.0949728      0.69836     0.104946     0.293863    -0.105824     0.486781    -0.859351    -0.143118
    0.186005   -0.0686177    0.0385836     0.114357     0.594781     0.128501     0.238666    -0.335095     0.455176     0.182934       0.1156    0.0444922     -0.54209    -0.087705     0.164723     0.317944      0.52876    -0.659631    -0.423981  -0.00859904   -0.0580986     0.242527    -0.167721    -0.164727     0.108924     0.391439     0.382773    -0.415235    -0.338193    0.0747014    -0.223896     0.079505
  -0.0535369   0.00789003     0.258831    0.0437248     0.381105    -0.443851     0.562673    -0.437703      0.57798     0.156156    0.0708911     -0.24665     0.696501    -0.224642     0.463271     0.438412     0.248664   -0.0129451     0.098182     0.498353    -0.176307    -0.244043    0.0275891    -0.138711    -0.178164    -0.191766   -0.0374988    0.0573646   -0.0640339     0.329567     0.295207   -0.0791282
    0.236994     0.117222    -0.350713   -0.0937529    -0.398727    0.0187557    -0.395792    -0.251751     -0.28948     0.371177    -0.108885     0.103338     -0.22973    -0.140224    0.0285352    -0.125696      0.13442   -0.0673655     -0.11032    -0.474598     0.317862      -0.2507     0.183135   -0.0851653    -0.280713   -0.0817206      0.34901    -0.391245     0.583058    -0.117358    -0.132725     0.060264
   -0.184245   -0.0814913     0.438955     0.319551    0.0158712    -0.021666    0.0430796    -0.133854    -0.572844   -0.0768641    -0.313082     0.320152    -0.257104     -0.37622   -0.0700532     0.145251      0.13209   -0.0130561     0.320076     0.212744    0.0139937     0.590365    -0.130663   -0.0754711     0.118262    -0.228112    0.0527445    -0.408309    -0.159876    0.0985924    -0.200765     -0.27795
    0.113985   -0.0449173    -0.270369    0.0576793    -0.236211    -0.234987   -0.0890093     0.137729    -0.305222    0.0450516    0.0577681    -0.220304    -0.346197   -0.0449373    -0.356618     0.104996    -0.202494    0.0804442    -0.553753    -0.069537     0.415678     0.204456     0.326508     0.028777     0.267042    0.0251868    -0.128912    -0.498911     0.377664    0.0558358    -0.394739   -0.0588481
    0.075333    0.0463754     0.354716   -0.0578893     0.833027   -0.0558946    -0.521745     0.274612     0.213631     0.116431     0.893659    -0.330327     0.269669     0.204772    -0.154838     0.259662    -0.519627    0.0617886     0.333778    0.0542912    0.0950608     0.421594     0.280568    -0.208909     0.145776   -0.0910088 -0.000144691     0.166161     0.108469   -0.0727957    -0.353438     0.362195
    -0.16752     0.225862    -0.323257      -0.1321    0.0168978    -0.142372     0.490143    -0.521199     0.360788    -0.136067    -0.166703    0.0410305     0.284193     0.175866     0.209585     0.096728    -0.456722     0.282187    0.0788985     0.126226    -0.128628    0.0837832    0.0783618    -0.128071    -0.175788     0.271616    -0.195484    -0.584502    -0.110446     0.327741    -0.218313     0.413655
   -0.150505    -0.746663    0.0381545   0.00528563    -0.351944     0.287737      0.21959     0.214813    -0.613414     0.457268    -0.340039    0.0625548    -0.280988      0.27505    -0.390764   -0.0269048     0.701959     0.313693     0.110419     0.468709    0.0134504    -0.634672     0.154085    -0.630718    -0.106062 -5.34121e-06     0.286494    -0.220222      1.02376    -0.131307    -0.169191    -0.448401
    0.313369    -0.206163     0.630446     0.716818    -0.184932     0.155522     0.187152     0.565532    -0.385966    0.0511729    -0.186624     -0.10998    -0.409991    -0.200126     0.373329     0.126936    -0.340235    -0.239403   -0.0502991   -0.0172414     0.196017     0.017694    -0.182752    0.0917965     -0.45222    -0.433108    -0.197173     0.135231     0.553759   -0.0935986     0.535885    0.0897159
    0.226844    -0.317676    -0.212214     0.905238    -0.447696     0.210061    0.0799577     0.719436    -0.365706    -0.139041    -0.115295     0.864717    -0.161658     0.446084     0.270284    -0.202377    -0.265232     -0.18071    -0.276527     0.398291    -0.159591     0.181533     0.337684   -0.0480155     0.464472     0.342161     0.400243     0.103829      0.53889     0.173569      0.12237    -0.151739
   -0.030703    -0.323734    -0.262427    0.0203152   -0.0216914    0.0575856    -0.086427    0.0510755   -0.0985391     0.197665    -0.238731    -0.128651     0.538469    -0.231546    -0.154505    -0.184718   -0.0519604    0.0413222    -0.173803     0.384862     0.304275   -0.0934067     0.182056    -0.158456    0.0770276  -0.00690543     0.187213     -0.50082    -0.268468    0.0211403     0.155793     0.397528
    0.480714    -0.321583     0.229183     0.143528    0.0219887     0.282882    -0.251581     0.133991    -0.182778    0.0770531   -0.0692512   -0.0966553   -0.0386911     0.188912    -0.412026    -0.509515    -0.144454    0.0706703    -0.114512    -0.117945    0.0727671    0.0053528    0.0561138   -0.0715665    0.0576556    -0.220554     0.165194    -0.462752     0.200382   0.00429356    -0.168521   0.00386636
   -0.176977     -0.64503    -0.237458      0.06258    0.0255062     0.188537    -0.587985    -0.142391    -0.148315     0.355247    -0.269456    -0.143951   -0.0538953    0.0719274    -0.704157     0.182502    -0.017166    0.0530703      -0.4692     0.197543     0.295211   -0.0994296     0.385266    -0.210876    0.0435718     0.104097    -0.180712    -0.696753     0.177916     0.334959      -0.2747   -0.0775491
   -0.338368    -0.118305    -0.147657    0.0799251     0.686797    -0.223061    -0.104539    -0.363001     0.327216     0.249603    0.0539143     0.253481    0.0881918   0.00593594    0.0861398    -0.124423     0.380174    -0.194287   -0.0566647   -0.0536802   -0.0110465    0.0464722     0.364149    -0.500108    -0.157265    -0.186916     0.214744     0.085367     0.115429      0.22478     0.029277    0.0932634
    0.535867    -0.123369    -0.482543    0.0615939     0.250677   -0.0347922     0.243097    -0.163663   -0.0978093     0.491863     0.151802     -0.54878     0.397341     0.304704    0.0521184     0.425023     0.494504      0.11961    -0.516346     0.154585   -0.0217064    -0.306346    -0.113475    -0.384368    -0.435415   -0.0371552   -0.0741572   -0.0717795  -0.00390944    -0.160958   0.00316484     0.292659
    0.286174     0.434427    -0.265699    0.0854194   -0.0655515     0.222919    -0.221635    -0.267074    -0.275806    -0.310772   -0.0484706   -0.0265155  -0.00254802    -0.268451    -0.322165    -0.396245     0.192344    0.0434724     0.173144     -0.13767   -0.0537074    -0.298306   -0.0698428     0.653021     0.342696    -0.370939    -0.298701   -0.0166526    0.0797007    0.0398866    -0.111032     0.152819
  -0.0947201    -0.242083     0.444486    0.0752655    -0.249007    -0.130427     0.278217    -0.387302   -0.0474207    -0.103018    -0.958553     0.269264   -0.0608304    -0.420311    -0.401891       0.1617   -0.0600325     0.176408    -0.277954     0.357821    -0.183612   -0.0205756    -0.182014     0.496247     0.181809    -0.153761    -0.383032    -0.233571     0.505865     0.388786   -0.0896203     0.361294
   -0.225868    -0.353532     -0.57898     0.196083     0.220013   -0.0630078     0.314081      0.45354     0.549661    -0.118745     0.273591     0.114086    -0.336553  -0.00576528     0.293205    -0.309461   -0.0454915     0.266038    0.0289377    -0.259608    -0.309603     0.262186     0.604954   -0.0636513       0.1078    -0.328385  -0.00999913   -0.0157762    0.0119556    0.0187422     0.221293    -0.245135
    0.532357    -0.456805      0.14862     0.451087     0.157551     0.391692   -0.0819473    -0.254891    -0.588168    -0.132745    -0.229751   -0.0109173     0.141055      0.34017     0.112725    -0.399142     0.431262     0.406552     0.356817     0.256667     0.190641     -1.10185     0.440181    -0.277627    0.0643977    0.0277518     0.393183    -0.354629     0.599094     0.194515    -0.175454    -0.231871
    0.263202     0.127789     0.312257    -0.283803    -0.399036   -0.0737091    -0.126668     0.130945    -0.309218     0.139768     0.413887     0.273207    -0.162818    -0.187282     0.123401    -0.103889    -0.466878     0.111783    -0.407077     0.415381   0.00169844     0.238006    -0.238016   -0.0522866     0.258302   -0.0677272     0.439063     0.239272    -0.165391   -0.0318004    -0.138336    -0.191142
    0.260269      0.02207  -0.00346587     0.395703   -0.0683915    -0.353331     0.167722     -1.13449     0.305502    0.0461809     0.296604    0.0317651    0.0222475    0.0955812    -0.188375     0.612544   -0.0483403    -0.301982    -0.472526  -0.00735456     0.424577     0.217866     0.257364   -0.0619961    -0.582771    0.0133394     0.324341    -0.261084    -0.467351     0.121334    -0.432478    0.0263648
    0.301366    -0.126183    -0.267406    -0.215808     0.576016   -0.0458172   -0.0571444   -0.0299273     0.197556     0.655765    -0.324394    -0.310732    -0.144378    -0.362128    -0.134989     0.379276    -0.105722      0.14361    -0.365587     0.351702   -0.0527654     0.188042    -0.225202   -0.0302534    0.0952191    -0.159701     0.692139    -0.474173      0.43519      -0.1276   -0.0847043     0.647754
    0.451462    0.0801152   -0.0507458     0.355379     0.316348     0.195434    0.0367471    -0.150718     0.107902    -0.209024    -0.204656   -0.0380016    -0.316726   -0.0349609     0.215121    -0.333353   -0.0704259    -0.163256    -0.220517     0.253004     0.142611      0.28213     0.190638    -0.118571     0.236475     0.320138     0.374373     0.159223    -0.229802     0.482633    -0.347549     0.177811
    0.160155     0.130873     0.153606     0.257956     -0.08293     0.088812      0.11273      0.43331   -0.0399324    -0.313239   -0.0783974     0.204933   -0.0585237     0.200057     0.116151    -0.278051    -0.042553   -0.0809196     0.209264     0.529778     0.208111     0.123153     0.251842     0.196792     0.644452    -0.117327     0.333099     0.238688    -0.132995    -0.191414   -0.0359179    -0.111701
    0.486147      0.21677    -0.370643     0.617251     0.226219   -0.0744905    -0.277141     0.422962    -0.115022   -0.0959755    -0.311296     0.289106    0.0418217     0.356835    -0.141782     -0.56132      0.50856     -0.14261    -0.234699     0.368837     0.104813     0.315772   -0.0827223     0.298126     0.960764    -0.325548      0.95009     0.231099     0.240437   -0.0411275    -0.186022     0.023555
   -0.111991    -0.361618    -0.011352   -0.0220177     0.237277    -0.024923     0.149418    0.0344316    -0.148949     0.127116     0.121804     -0.19355     -0.25481     0.610972     0.164824   -0.0183615     0.222736     0.126348     0.040033     0.325844     0.419057    -0.211144    -0.448981   -0.0366552    -0.568308     0.345285     0.744278    -0.153932     0.265777     0.104824    -0.177264     -0.11989
  -0.0544805     0.432269    -0.301368    -0.265434     0.120615     0.231175    -0.105615    0.0900351   -0.0962587   -0.0728728    0.0430486    -0.356138     0.246752     0.361398     0.504892    -0.155185      0.19404    -0.225737    -0.211479    -0.259782    -0.230562    -0.240593    -0.217114    -0.103168   -0.0964944    -0.162081    -0.168655    -0.141824     0.205413     0.497919      0.16964     0.053962
   0.0834241     0.312341   0.00553972    -0.136297    0.0817208     0.406096    0.0723827    0.0909852     0.301918    0.0848565     0.110022    -0.209242     0.287596     0.313175     0.564607     0.490269    -0.524236    -0.330229   -0.0354495     0.346075      0.16957     0.583303   -0.0740865    0.0486661    -0.184529     0.304405     0.298487     0.365173     0.041148     0.214719     0.105348     0.386034
     0.41401  -0.00572071     0.175799     0.338815   -0.0858812     0.098141    -0.104262     0.238204    0.0142548   -0.0479467    -0.127322     0.194323    -0.361393   -0.0482857     0.189181   -0.0748092     0.363043     0.112102    0.0685797    0.0691299   -0.0457017     0.285713  -0.00334089    0.0218728      0.10097     -0.16306     0.641238    -0.305276   -0.0344342     0.315801   0.00827394   0.00531909
     0.01772   0.00509234     0.264233     -0.20432     0.220241     0.205109      -0.2477    0.0639131    -0.054582    -0.152922   -0.0330998    -0.390674     0.102423    0.0166611     0.470916     0.293675     0.342203    -0.053432     0.120566     0.333616      0.52741    -0.315704    -0.255901    -0.516952    -0.141527    -0.230759    0.0275502   -0.0871491    -0.184448   -0.0477614    0.0804162     0.439416
