    0.208243   -0.0332588    -0.125554    -0.665652    -0.459876    -0.507584   -0.0928257    -0.200138    0.0832995    -0.312034     0.113501  -0.00107892    -0.409863   0.00533558    -0.295013     0.389306    -0.345087    -0.290485    -0.286328   0.00324156     0.123979     0.121191   -0.0157625     0.294301     0.488491     0.205033    -0.317769     0.218307    -0.687541    -0.291156    -0.634396    0.0427504
   -0.189651    -0.261357     0.445443     0.252793     0.092331    -0.477681     0.305986    -0.568848      0.51054     0.118152     0.216218      -0.4235    -0.267675     0.428717    -0.389462    -0.288464    0.0370333     0.248711    -0.135956    -0.626563     0.357233    -0.322882    -0.309233   0.00908864     0.349878    -0.217759   -0.0567039     -0.25241   -0.0762469    -0.157887    0.0514155     -0.12789
    0.017919    -0.222572   -0.0889689     0.472594     0.363532     0.196831     0.730592     0.220605     0.536484    -0.220966     0.783458    -0.289996     0.755327    -0.205797    0.0483376    -0.230076    -0.154813     0.446438     0.149458    -0.203025     0.204462     0.633611    0.0653528    -0.122388     -0.10064    0.0450317    -0.179755    -0.465915    -0.422534    -0.178771  -0.00738506     0.421693
   0.0371786    0.0782798    0.0219848    -0.286456     0.697587     0.109174   -0.0466414    -0.142342    -0.140882     0.349761    -0.169632    -0.209654     -0.15054     0.167121     -0.69524    -0.352337     0.100811     0.349667     0.502068    -0.264364    -0.317731     0.231567     0.108435      0.33755   -0.0521908     0.437939    -0.355233    0.0650458    -0.728274      0.20647   -0.0255306     0.268032
    -0.44373    -0.143616    -0.404823     0.177881    -0.378297    -0.124059     -0.19314    -0.114208     -0.29333     0.539623     -0.27263     0.106742     0.662679    -0.140272    -0.424612    -0.167149    -0.131384    0.0221795     0.187791     0.131802    -0.067434    -0.278329     0.673969    -0.245409      0.20164     0.162324   -0.0487161    -0.105816     0.112103    -0.386861    -0.198971     -0.19592
    -0.59974     0.402555    0.0373321     0.124271     0.727849    -0.353577    -0.449703    -0.348224     0.121975   -0.0188217    0.0317186    -0.066053     -0.10055   0.00107361    -0.391607    0.0994974    0.0771571     0.437845    -0.105425    -0.818361     0.147946    -0.119109     0.262634     0.405182     0.199167   -0.0402414     0.498886    0.0850758     0.380933     0.108023    0.0763995    -0.547845
   0.0904447    0.0498343    -0.479361     0.177197     0.105903    -0.143835    -0.105551     0.187922    -0.243474    -0.268392     0.205908    -0.230265    0.0800423     0.163582     0.144269   -0.0622618    0.0428073     0.165851    -0.205878     -0.22723     0.397322    -0.489974    -0.327844     0.171308    -0.100102    -0.228664     0.367597    -0.212645    -0.330192    0.0585438      0.23534   -0.0746003
   0.0245754    0.0341403     0.142965     0.208643    -0.135613     0.443433    -0.437453    0.0893846    0.0814368    0.0144923    0.0741969     0.471079     -0.08925    0.0354307    -0.100793   -0.0635554    0.0310801     0.187202   -0.0265177    -0.305083    0.0516784    -0.082763    0.0171018   -0.0670183   -0.0617584     0.282987    -0.318966     0.176217       -0.469    -0.271922      0.39946      0.25094
   -0.139056  -0.00301929     0.243087    0.0370022     0.444875    -0.196978  -0.00539375    -0.247424     0.300045    -0.252436     0.104649     0.314577    -0.282043    0.0925032    -0.203445     0.129239    -0.706832    -0.239095    0.0666741    -0.458341   -0.0225106    -0.354776     0.075715    0.0565111    -0.222557    -0.127496   -0.0829754     0.288826     0.313918    -0.211467    0.0288363     0.221218
    0.195166    -0.211914   -0.0118297     0.219516   -0.0323035     -0.26513     0.239346     0.634503    -0.330883     0.268902   -0.0362946     0.170719      0.52998   -0.0320982    -0.276432     0.373558    0.0316063    -0.318119     0.150393     -0.33985    -0.181898     0.235175     0.355121    -0.123072    -0.703632    -0.888439     0.368816    -0.188898   -0.0674381   -0.0259376     0.158762    -0.214858
   -0.262267     -0.29795     -0.27243    -0.502783     0.228427     0.107537    -0.305107     0.166081    -0.140223     0.201708    -0.606925    -0.374728     0.058197     -0.23367    -0.135384     0.255607    -0.331637   -0.0521837    0.0870737    -0.054219     0.140074     -0.11992   -0.0721672     -0.20151     0.114876    -0.128417    0.0485767     0.265793     0.342948    -0.141077    0.0449174     0.611325
     0.11803     0.116068    -0.441753    -0.207806     0.456275     0.218329    0.0670528     0.717523    -0.250317 -0.000982236    -0.284173    -0.362867     0.244483    -0.183143     0.289479     0.298203     0.291865    0.0105789     0.159861     -0.34671    -0.115575    -0.131179    0.0844765    -0.565791    -0.087315     -0.36018    0.0380213     0.150312   -0.0215554     0.149603   -0.0173535     0.130296
    0.232845     0.419332     -0.55273    0.0506241     -0.35377    -0.286424    -0.049596    0.0258713   -0.0648533     -0.53015    -0.228182     0.156994    0.0930896    -0.175294    -0.104102    -0.145265    -0.322199     0.200622     0.311949    -0.245367    -0.170486    -0.606472   -0.0968202     0.118827    -0.145182    -0.297815    -0.182533     0.281868    -0.304807    -0.185758    -0.099602    -0.178539
    0.231982     0.236528    0.0939302    0.0946702    0.0890122    0.0470611   -0.0139268     0.115355    -0.189697    -0.372643    -0.047748    0.0545604    -0.292577   -0.0147676    -0.487103    -0.388048     0.143734     0.113356     0.189636     0.174413    -0.262842    -0.116076      0.10346     0.184376     -0.01165     -0.28621   -0.0448342      0.38632     0.144986    -0.189917     0.493778     0.331067
   0.0522576    0.0267228     0.237882    -0.391454    -0.244568    -0.210441     0.615219     -0.34413     0.168569    -0.101005     -0.02305    -0.224745     0.209409    0.0858576    -0.405031     0.451362    -0.506769     -0.43208     0.356801     0.294586    -0.307969   0.00922652     0.219007     0.301271     0.253946     0.317708    -0.568067    -0.185018    0.0390287     0.203228   -0.0650671    -0.144224
    0.138715    -0.716885    -0.478455     0.231618    -0.432116   -0.0507765     0.119846    -0.218142     0.107824     0.392652     -0.43288    0.0937771    -0.305855   0.00487062    -0.126385     0.614212     0.317475     -0.10877     0.587139     -1.14179     0.246924      0.20488     0.423216    -0.354679     0.400888     0.218718    -0.455469    -0.679031     0.261429    0.0357225    0.0386538    0.0986063
    0.390635    -0.358634   -0.0178377    -0.162419     -0.35261   -0.0358444    0.0908627     0.403204     0.189224    -0.257103    -0.271436    -0.141666    -0.030867    0.0494149   -0.0111733   -0.0577812  -0.00747701     0.117707     0.125348    -0.219845    -0.294643    -0.730104    -0.364272    0.0288759   -0.0532677    -0.113357     0.068782     0.422525      0.18174    -0.366245      0.41394   -0.0995883
  -0.0666826    -0.557252    -0.282707    -0.231027     0.332798    -0.412343   -0.0920465    -0.114657    -0.368609     0.207283    -0.137215   -0.0785462   -0.0837049     0.243726     0.131776    -0.128569     0.366134   -0.0419327     0.609493    -0.234461    -0.314186     -0.39986   -0.0625645      0.32986     0.278411     0.419755     0.292126     0.105275     0.294888    -0.384339   -0.0744258    -0.264192
    0.144648      0.23459    -0.323822    -0.188777     0.423898   -0.0287933     0.126151   0.00975329    -0.167245      0.13609    -0.045369    -0.161419   -0.0543204    0.0265666    0.0259572    -0.567124    -0.160894     0.400101    -0.113715    -0.222368    -0.543893    -0.377527     0.181565   -0.0890637    -0.181406    -0.518927     0.235807    -0.214487   -0.0367275    -0.350471     0.135858    -0.189998
  -0.0585172    -0.256799     0.282508    -0.225718     0.489681    -0.471675   -0.0210076    0.0115123    -0.150512    -0.465685    -0.461188    -0.121815    -0.505443   -0.0551031    -0.166156     0.510739     -0.57247    -0.122699   -0.0829467     0.381264    -0.400009    -0.114959      -0.1873   -0.0262631   -0.0868673     0.189315     0.231648    -0.523766     0.238422     0.595909    -0.414477     0.340998
   -0.263278    -0.120662   -0.0677169    -0.097031    -0.460801     -0.16438    0.0080149    0.0477377      0.20306     0.106825    -0.182063     0.398928    -0.117953     0.162513    -0.199581    -0.190075    -0.333794    -0.350774   -0.0728264   -0.0506386     0.314013   -0.0816829     0.215268    -0.108134   -0.0956555   -0.0339132    -0.176955    -0.316705    0.0841514     0.593302     0.100167    0.0200758
    -0.13585    0.0879589     0.371649   0.00457459     0.226415     -1.31495     0.536015     0.244229    -0.092217    -0.239674     0.355854   -0.0567522    0.0421126      0.25359     0.478297     0.514353     0.290369      1.01926     0.245633     0.376865    -0.287523     0.344099    -0.732397    -0.226467    -0.101333     0.377401     0.639941     0.385529    -0.721039     0.135103    -0.263561    0.0366656
   -0.105244    -0.657046    -0.395974    -0.274621     0.196827     0.814566     0.590425     -0.56767     0.077247     0.183736     0.273571   -0.0759874    -0.194661    -0.712966     0.160237     0.198554     0.109184   -0.0396604    -0.327466    -0.367592      0.64452    -0.191924     0.199855    -0.474112    -0.130337    -0.227957    -0.571235    0.0807494    0.0372976    0.0503512    -0.524389     0.119053
    0.439779    0.0823981    0.0161186   -0.0803311     0.204927   -0.0532045    -0.157592      0.42106     0.412254   -0.0297945     0.809024    -0.391606     0.437488    -0.096458     0.713455    -0.217264     0.127849    0.0404009    -0.485524     0.411642    -0.104219    0.0867046    -0.466688     0.345678     0.524249    -0.405209    -0.318138    -0.149788    -0.171671    -0.157695     0.250526   -0.0936535
    0.375804    -0.184763    -0.322715    -0.373401      0.69341     0.353288     0.135719     0.221641     0.163625    -0.163619   -0.0956818     0.254287   -0.0921983     0.374982    0.0421758    -0.201976     0.346841     0.063467    -0.306748   -0.0548267    0.0380656     0.269206     0.392942   -0.0967048    0.0983774    -0.397689    -0.101432    -0.393946   -0.0851586    -0.479458   -0.0738653     0.582026
    0.314805    -0.329916    0.0170451     0.131458   -0.0650788     0.367764    -0.737093      -0.1196    -0.390313    -0.189258   -0.0465515     0.283765     0.613144    -0.153023    -0.248009     0.191216    -0.294557    0.0823312     -0.44736   0.00877314     0.182228    -0.285993     0.505509     0.197222    -0.234629    -0.430072   -0.0817935   0.00789751    -0.289101   -0.0311382  -0.00984556    -0.120511
   -0.105073     0.201145    -0.245199    -0.306193     0.074569   -0.0278256     -0.45537     0.452732      1.01815    -0.576187     0.320293    -0.121266   -0.0604178     0.383032     -0.09845    -0.041503    -0.343132     0.146879    -0.197423     0.107074    0.0502184     0.288119   -0.0824991    -0.732422  -0.00177392     0.220394    -0.202532     0.470516    -0.225938   -0.0813424    -0.261859     0.103967
    0.415504     0.143037     0.598915    -0.515409     0.757106    -0.371179     0.426378     0.295761     0.340254     0.209057    0.0128431    0.0725878     0.294579     0.227141     0.188546   -0.0989901    -0.106045     0.200126     0.423879      0.36993    -0.326016   -0.0487845     0.173735     0.284415     0.261776    -0.167663    -0.574745    -0.512449    -0.868861     0.159472   -0.0906865   0.00909811
    -0.36912    -0.567262     -0.56962    -0.123811    -0.371649   -0.0469083     0.168393    0.0857219     0.375452    -0.294373    -0.163613   -0.0912989    -0.292298     0.148951    0.0578229    -0.595226    -0.275212    -0.148581     0.635601     0.417874    -0.281075    -0.327679     0.284821    -0.282139    -0.209879    -0.118531     0.029036    -0.575696    -0.204954    -0.451143    -0.173438     0.646426
    0.221803  -0.00501235   -0.0879904    -0.561163     0.543517    -0.205347     0.443004    0.0789829    0.0856459     0.149493    -0.216525    -0.264611     0.190929     -0.18846     0.259911    0.0760612     0.690644     0.427082     0.364288    -0.374932   -0.0803608    -0.443837    -0.281593    -0.504635    -0.255999    -0.424475    -0.546995    -0.127122    -0.287363   -0.0158542      0.41866     0.202242
    0.214636      0.46398    -0.110056    -0.591327     0.433145   -0.0864924   -0.0171079    -0.227802     0.407599    -0.395189     0.478526      0.18534     0.241699     0.481612     0.116836    0.0717218    -0.126357    -0.384695     0.379753     0.273712     0.308844     0.246018    -0.301961     0.212079    0.0646022    -0.292595    -0.859232   -0.0690253    -0.443617     0.024557    0.0146856    -0.147107
    0.920651    -0.482446     0.026284     0.163947    0.0359579   -0.0916365     0.378623     0.251435     -1.07248    0.0989041    -0.311944     0.291948   -0.0906309  -0.00814726     0.309531     0.493395    -0.260961   -0.0732098    0.0185986    0.0451384      -0.2758     0.159967    -0.468253     0.530359    -0.131603     0.934818   -0.0659162    -0.156677    -0.163402    -0.200448   0.00451515    -0.173483
    0.329691    -0.263112     0.424734     0.101564     0.137947    -0.496377    -0.224888     0.128364   0.00719918    -0.218368     0.181789     0.355163   -0.0323263     0.457042    -0.120776    -0.128693     0.481794    -0.340451     0.202103    -0.345003       0.2193     0.308586    -0.399306     0.138086    -0.151734     0.512404     0.301749    0.0398411    -0.464379     0.238733    -0.210125   -0.0785514
    0.319901     0.324824     0.148019     -0.52252     0.189214    -0.215343   -0.0723034    -0.295925     0.512089    -0.348562     0.188993   -0.0141504     0.179526   -0.0846595    -0.116347    -0.253926    -0.502712    -0.182852    -0.193517    -0.117305    -0.126999    -0.711586     0.285309    -0.223594     0.114783     -0.33171     0.096464      0.10414     0.354244    0.0949386     0.445146    -0.189891
   -0.618994      0.56132      -0.2874   -0.0716936    -0.110349    -0.132264    -0.130998     0.481374    -0.431047    -0.175373    0.0695948    0.0586802    -0.193495    -0.352439    0.0884815    -0.477322     0.416151     0.221247     0.169572   -0.0569359     0.198766     0.146447     0.235745    0.0548727     0.211271     0.567584    -0.103584   -0.0628932    -0.457072    -0.159675    -0.208074     0.086232
   0.0649056    -0.223682    -0.525523    0.0521458      -0.6361     0.434045    -0.197319     0.187528     0.112691    -0.330487    -0.351632    -0.435326   -0.0328534     0.152314    -0.172773     0.190249     0.114826   -0.0964229    -0.187149   -0.0080937     -0.38263    -0.204373     0.179444    -0.375765    0.0579437     0.256811     0.188793    -0.129957   -0.0433919     0.404614  -0.00655092   -0.0711135
   0.0261329    -0.632547    -0.133851   -0.0958358   -0.0113431     0.227981    0.0359993    -0.339297    -0.281343     0.313973    0.0654007   -0.0450779    -0.448535   -0.0553212     0.159997    -0.436086     0.101391    0.0667224     0.375291    -0.322321   -0.0241035    -0.186183     0.178569    0.0720542     0.268844    -0.725974    -0.158199     0.243391    -0.048131     0.324197    0.0433043     0.144858
   0.0351247    -0.284702     0.233484     0.007226    -0.145447    0.0445899    -0.338309     0.616012      0.13091    -0.195846     0.340362     0.291127    0.0208606    0.0759562     0.156216     0.062118    -0.315113   -0.0261006   -0.0695134     0.162576     0.286418     0.456225      0.31058    0.0271181   -0.0867181    0.0737895    -0.565005     0.195958     0.488731    -0.157794     0.160439    0.0917343
  -0.0955457    -0.128298    -0.166728    -0.244423      0.27567    0.0359116     0.370699   -0.0301265     -0.13888    -0.424855     0.500264    -0.442861    -0.056504     0.133871    0.0114283     0.425637    -0.666232   0.00129502    0.0879297      0.14685     -0.32726     0.153873    -0.133789     0.137876     0.398718    -0.151477    -0.369422    0.0409468    -0.634323     0.145123     0.083468    -0.275428
   -0.775528     0.379409    -0.237144    -0.395984     0.255712     0.269908     0.742022     0.277539     0.356467    0.0537409    -0.219356      0.20179      0.38586   -0.0329703   -0.0743717      0.23126    -0.733433     0.806507     0.369237    -0.336004    0.0760353    -0.289958    -0.637038     0.163284    -0.601877     0.345318    -0.400265    -0.717937    -0.373001     0.109286    -0.220484     0.188754
   -0.459166    -0.056061    -0.600391     0.396511      1.00244     0.172224      0.49838     0.133299     0.378919    -0.120713    0.0479003    -0.404258     0.144615     0.719301    -0.261899    0.0800868     0.134917     0.715782     0.136463    -0.150223   -0.0999243    -0.640076     -0.11197     0.410355    -0.710432    -0.265653    0.0971013    -0.760786   -0.0527134    -0.170212    -0.365212     0.118065
    0.426537    -0.319986    -0.187937      0.46396      0.17913    -0.335335     0.207717     0.101261    -0.152691    0.0549364    -0.202371    -0.389475    0.0127348    -0.214676     0.366845    -0.307873    0.0834051     0.331786    -0.392021   -0.0491631    0.0878596   -0.0485305    -0.392869     0.424858    -0.245891     0.146513    0.0751571    -0.661841    -0.338128    0.0698732   -0.0310487     0.282124
   0.0151383    -0.753821    -0.139952    -0.171523     0.328946    -0.185599    -0.308295   -0.0440028    0.0956933      0.20398     0.174829    -0.670858    -0.594453    -0.124495     0.308872    -0.154968     0.278422     0.180643   -0.0470208    -0.401167   -0.0757772    -0.610016    -0.124637    -0.231823  -0.00271477    -0.171301    -0.252705     0.374382      0.10319     0.195094     0.480375      0.26094
   -0.226922    -0.251212    -0.665176     0.374794     0.094766    -0.183668     0.137772   0.00830665     0.337199    -0.448019    -0.226173    -0.304329    -0.114767   -0.0942776    0.0764653     0.159362    -0.697586    0.0961386     0.238983    -0.184324    0.0482166   -0.0373786    -0.102797   -0.0515682    -0.318798    -0.210273    -0.356296    -0.413483     0.334322     0.202638     0.104689    -0.173004
   -0.170403     0.355886    -0.209469     0.337636      0.51919     0.146355     0.490228    -0.227983     0.642387     0.243552   0.00782474     0.230808     0.838525     -0.20575    0.0569057     0.479586   -0.0124182    -0.154652    0.0336927     0.199316     0.202061    -0.175633   -0.0633189    0.0065427     0.404735     0.151568    -0.275355   -0.0222526   -0.0515788    -0.289498     0.375086   -0.0273362
   0.0993908    -0.112391     0.120901    -0.192332     0.372115     0.157207    -0.136688    -0.484392     0.319579     0.233258     0.209704    -0.167027    0.0327803   -0.0889855    -0.178083   -0.0124694     0.244935    -0.078751    -0.190395    0.0684846   -0.0292329     0.185268    -0.301437   -0.0873744    -0.215827     0.503674    -0.104655    -0.142608   -0.0916179    -0.275357     0.097824    -0.180877
    0.113691    0.0273779    -0.131432     -0.16089     0.100623     0.391922     0.089523     0.473064    -0.195798     0.130854     0.321639     0.423804    -0.140351     0.235078    -0.164565    -0.142022     0.648186    0.0608641   -0.0719293    -0.337589      0.12938    -0.224851    -0.367916    -0.693116     0.176403     0.221907     0.120187   -0.0601261    0.0637901     -0.18566     0.665909    -0.235307
    0.623583     0.140137    -0.250043     0.102098     0.159883    -0.268925    -0.332386    -0.308324    -0.628709     -0.53258    0.0924288    0.0794306    -0.266487   -0.0674599    0.0881232    -0.502634     0.520916    -0.472728     0.439614     0.368304    0.0240766     0.165459     -0.32962     0.226747    0.0692037    0.0712979     0.166443    -0.533634     0.319333    -0.422498     0.330038  -0.00181205
   -0.117193    -0.317089    -0.236079   -0.0221924    -0.269369    -0.116468     0.162216     0.521205     0.196092     0.440364    -0.188733    -0.390195     0.167682    -0.269027    0.0164373    -0.337757   -0.0196588      0.19567     0.456653   -0.0162784     0.150368    -0.299064     0.403771     0.177265    -0.340549     -0.45718      0.18755    -0.359787      0.49296     0.135661   -0.0839394      0.30647
  -0.0120633    -0.171352     0.144247   0.00150139     0.117065    0.0966279     0.405734     0.255655    -0.514781    -0.391641     0.025301    -0.227723    -0.421053    0.0691182     0.134667     0.771913    -0.519138     0.552699    -0.198699    0.0739637    -0.427334    -0.334433    -0.290843   -0.0370049    -0.560248    -0.168753    -0.298342    -0.186453    0.0165014     0.206045     0.691221    0.0368348
     0.19598    -0.139702    -0.619508     0.471054     0.503097    -0.513648     0.283608     -0.11464     0.315574     0.197816    0.0762745    0.0489842     0.150003    -0.189905    0.0700352    -0.329874    -0.218418     0.277691   -0.0158683    -0.242712     -0.32039    -0.112513    0.0715356     0.582406    -0.259072    -0.226313   -0.0583509   -0.0244752      0.11045     0.145306    0.0383839     0.434117
  -0.0236783    -0.340973    -0.246428    0.0389871    0.0338021    -0.310143    0.0459373     0.505635    -0.281612    0.0453363     0.144764     0.424623     0.613609     0.116154    -0.111541    -0.215965      1.03006    -0.205105    -0.146412     0.274479    -0.568645    0.0793165    -0.133809    -0.298281     0.199923     0.961275    0.0396595     0.211529    -0.443231    -0.628858     0.598547     0.297786
   -0.229866    -0.287367    -0.180671     0.210648     0.134945     0.386047     0.182151    -0.173856     0.425819     0.385177     0.672251    -0.050471      0.25275     0.244366    -0.374768     0.282469    -0.557412     0.184866   -0.0686291   -0.0285317      0.30596    -0.644522   -0.0347184    -0.360107     0.100888    -0.287677    -0.565518    -0.244568     0.182724     0.220983     0.126665     0.182395
    0.295459    -0.442435    -0.229427     -0.86434    -0.227388    -0.576519     0.310411     0.205869    -0.103283      1.20014     0.529179    -0.928315     0.038312     -0.48686     -1.44496    -0.260821     -1.06972      1.12889    0.0764265     -1.23817    -0.403043    -0.471111     -1.07079      1.39172     0.104761     0.170645     -1.15094    -0.893665    -0.325908   0.00915406     0.760781    0.0497267
   -0.329806    -0.466244     -0.68352    -0.129542    -0.126175     0.208885    -0.254627     0.338883     0.364825   -0.0169124     0.102633     0.103462    -0.827332    -0.255426     0.339596    0.0168242     0.309388    -0.258071     0.175216    -0.587897      0.15963     -0.40448     0.279677   -0.0889842    -0.110911    -0.129373    -0.436798    -0.115437     0.886409    -0.542498     0.281735     0.250364
    0.860733    -0.252023     0.580476     0.285001    -0.141827     0.495759     0.157786     0.153781    -0.549807     0.210058    -0.249786   -0.0392577    -0.363694    -0.175842      0.58484    -0.102918     0.331284    -0.154882     0.150048    -0.193391   -0.0830224   -0.0963637    -0.423122     0.409932    -0.208748    -0.198799     0.319961   0.00354285     0.205326   -0.0492125      0.27769     0.388213
   -0.396324    -0.492581   -0.0570074    -0.095227    0.0316339    -0.447188     0.886181     0.389011    -0.128025     0.562505     -0.12447     -0.17358    -0.331868   -0.0245633    -0.692949    -0.568239   0.00901346     0.143814   -0.0640673  -0.00230393   -0.0146843   -0.0422684   -0.0587494    -0.158961     0.595202     0.295922    -0.349074    -0.461146      0.10799   -0.0756119    0.0415211   0.00848443
    0.359859      0.21021     0.289274    -0.399752     0.458977    -0.224382    0.0462978     0.190808     0.294839   -0.0905099     -0.30202    -0.269388     0.156338     0.269568    -0.256502     0.591022    -0.692179     0.174729     0.781164    -0.120942    -0.260796    -0.479166    0.0994457    -0.153051     0.577067    -0.338298    -0.179385     0.112494    -0.118591    -0.539587    0.0944128    -0.405576
    0.138178     0.289307    -0.505975    0.0285945     0.068769   -0.0747339    -0.116601    0.0403118     0.320775    -0.135627    -0.491984     0.614758     0.301496    -0.256713    -0.458307    -0.212473    -0.082963    -0.354031    -0.177105    -0.334999     0.042513    -0.129058    0.0559693    -0.644585     0.441528    -0.106508    -0.458012     0.663482    -0.249008    -0.335408     0.374852    -0.203962
  -0.0365174     0.452308     0.213746    -0.188226     0.181791   -0.0257928     0.174797    -0.195787     0.596739    -0.771863     0.381146     0.320973     0.158518    0.0279589     0.336979    -0.409829    -0.266892     0.346337    0.0746563    -0.353161     0.264338     -0.70021    0.0409882     0.360785    -0.311841    0.0817017    -0.464698    0.0321489   -0.0904685    -0.381507   -0.0185922     0.259132
   -0.184124   -0.0928181     0.312119     0.523071     0.504393     0.691639     0.291193    -0.252012     0.641416     0.142638    -0.236425    -0.268577    -0.336504    -0.498578    -0.209924    -0.556838    -0.527918  -0.00825147      0.17114     0.212986     0.467518     0.151572     0.528118   0.00820472     0.445772    -0.029357    -0.344026    0.0668012      0.27939    0.0261065     0.351722     0.794109
    -0.11899    -0.336492    -0.591512     0.420746    -0.592066    0.0128441    0.0299833      0.31755    0.0498594   -0.0278422     0.161269     0.459173    -0.158615    -0.381669    0.0473923    -0.232378   -0.0992974   -0.0480863    -0.431692     0.257594   -0.0663398      0.34964    0.0288848    -0.121412    -0.117887    -0.415435   -0.0372527    -0.247286     0.692755   -0.0335399     0.585135    -0.182699
   -0.553617    -0.687352     -0.31565    -0.377547     0.284466     0.213581   0.00153846    0.0373283    -0.303157     0.204496     0.041615     0.077222    0.0364651     0.216966   -0.0329696    -0.283699    -0.653698   -0.0478357     0.112729    -0.185348     0.266641    -0.556441   -0.0537139    -0.318364      -0.3546     0.372897    -0.307827    -0.217629    0.0461948    -0.581783   -0.0171275     0.160751
   -0.321092    -0.360017    -0.092655    -0.294625    -0.203111     0.126455     0.116988    -0.609855     0.277694    0.0818336   -0.0503488    0.0366982    -0.432622     -0.48264   -0.0535403     0.311025    -0.726889   -0.0431944   -0.0695863   -0.0901621      0.46453     0.112077     -0.08749    -0.214145    -0.475061    0.0788541    -0.580837    -0.646841     0.109291    -0.322809     0.214651   -0.0459274
    0.258472     0.154317    -0.262318     0.400667     0.026858     0.387012    -0.132425     0.552373     0.233104    -0.167071    -0.483271     0.371808    -0.126997     0.768161    -0.390684   -0.0358091    -0.108084    0.0825471     0.795813     -0.11915    -0.235295    -0.173971     0.257058    0.0577109    -0.082986    -0.348396     0.140833   -0.0100072    0.0309612   -0.0455548     0.184921     0.234498
   0.0952898    -0.391255    -0.231362     -1.06176  -0.00773403    -0.724467        0.964    -0.207071      1.24897    -0.298372    -0.069566    -0.273282    -0.620257      -0.1549    -0.461037      1.62825    -0.840352    -0.324744    -0.206773     -0.43365     0.239738     0.447691    -0.441624    -0.622302    -0.214658     0.565925    -0.558261    -0.237417    -0.681603     0.411583     0.241256    -0.505874
    0.309021     0.236541    -0.642903     0.552144     0.470465     0.177996     0.333698    -0.307606     0.793418    -0.492341    -0.314981     0.695159    0.0718404     0.461595     0.324847    0.0259409     0.145768   -0.0216443     -0.34136      0.25146    -0.967395    0.0605212     0.303252      0.51563     0.188848     0.505797    0.0272086     0.192652    -0.415231    -0.288457    -0.156473     0.208267
 -0.00151701    -0.554114   -0.0985139    -0.458978     0.310019    0.0990589     0.418047     0.742938    0.0964633     0.064136    -0.134666    0.0403876     0.369552    -0.335509     0.650509      -0.2012    -0.373985    -0.276454    -0.207941    -0.596936    -0.164609     0.785655    -0.205541    -0.227503     0.410888    -0.379386     0.592504    -0.167395    -0.168034    -0.389994      1.01545      0.89232
  0.00551945    -0.348554     0.189601   -0.0872983    -0.362321    -0.483259    -0.507971    -0.576925     0.254197    -0.294618     0.520295     0.115187    -0.297577    -0.518108     -1.20594    -0.069416    0.0349934     0.466076    0.0712976     0.538739     0.559083     0.116321   -0.0903561     0.428921     0.496562     -0.35649    -0.186471    -0.321276     -1.12215    0.0483062    -0.184364     0.186171
    0.156864     0.323043    0.0139952    0.0890389   -0.0916685    -0.176716    -0.334503   -0.0116137    -0.398688   -0.0398603    -0.175515     0.278573    -0.165286    -0.169128    -0.326239   -0.0221143    -0.119254     0.336121   -0.0698207     0.616016    -0.154473   -0.0972262   -0.0956977   0.00798919    -0.198816    0.0658011    -0.425226     0.180877     0.107224   -0.0900868    -0.198886     0.234005
   -0.286452    -0.466582     -0.37886     0.149982     0.368408    -0.137537   -0.0949319     0.511159    -0.648225     0.239197     0.343614    -0.140351    -0.283813    -0.381568    -0.339346    -0.382021      0.30827     0.402606    0.0411042      -0.1233    0.0400825    -0.489374    -0.173247    -0.166861      0.52845     0.342949     0.197877    0.0786566   -0.0530036    -0.167116     0.259078     0.283418
  -0.0306905    -0.911299     0.986084    -0.756959    -0.215162    -0.581661      1.22255    -0.498621     0.277492    -0.126594    -0.413566    -0.300569     0.425361    -0.186886    -0.270692     0.421944    -0.803457     0.272585     0.528847    -0.534073    -0.655145    -0.188533    -0.114601    -0.174704     0.281926    -0.423776    -0.974002     -0.74931     -1.29683    -0.267341     0.184531     -0.46434
    0.288071    -0.279083    -0.156583    -0.113378     0.766124    -0.196774     0.601398    0.0328051  -0.00156792    0.0452082    -0.324779    -0.304869   -0.0033207    -0.214889    -0.280557     0.116107    0.0579128      0.39573     -0.57323   -0.0445931    -0.377783     0.515683     0.190683    0.0543003    -0.179686    0.0791925     0.325429    -0.657231     0.228166      1.08608     0.355935     0.740549
  -0.0889905    -0.562297   -0.0539814    0.0256431   -0.0399368    0.0860099     0.227595    0.0616252     0.131248     0.273491    0.0694575    -0.402684     0.115807      0.36482    -0.313395     0.478297    -0.113263     0.308364     0.157252    -0.322434     0.156988   -0.0570597    -0.184903    0.0338179     0.750674    -0.428436    -0.459787    -0.187324     0.366766  -0.00746378      0.33892     0.518499
   -0.189993    -0.280304    -0.174119     0.333891     0.484401     0.232448     0.325526   -0.0214651    0.0995395      0.18222    -0.504779   -0.0258915     0.411151    -0.335866      0.26255      0.38905    -0.713343     0.327916     0.070515     0.176885     0.129617    -0.155426     0.372126    -0.306556     0.230335    -0.157273    -0.560534    -0.160303    -0.031856     0.013618     0.413971     0.169349
   -0.256521    -0.028117   -0.0628314   0.00808428     0.409537    -0.107424    -0.300713     -0.59778    -0.101189      -0.2178     0.300035    0.0244153    -0.100911    -0.186881    -0.108366    -0.402999    -0.417971     0.245578     0.398427    -0.106846     0.037164    0.0195349   -0.0628144     0.492213     0.224091   0.00340156      0.33232    -0.230969     0.165632    -0.100501     0.183931     0.347478
  -0.0866789   -0.0949816    -0.312855    -0.138307     -0.36646    -0.216289     0.497801  -0.00482441    -0.583145    -0.364683    -0.180667      0.14428    -0.211195   -0.0579497    -0.340604    -0.137341    0.0541879     0.261718     0.428279      0.17131     0.555688    -0.124875    0.0353344     0.640956    -0.436244      0.05071    0.0556159     0.641851    -0.398761    -0.181971   0.00942064    0.0165927
    0.591307    -0.427057    -0.280943    -0.410289     0.654837     0.304531    -0.409965    -0.191966    -0.464485     0.289699    -0.166402      -0.3694   0.00783917     0.249455    -0.279766      0.30587    -0.732002     0.565891     0.387851   -0.0600877    -0.244868   -0.0191488     0.228038      0.67947    0.0539407     0.167394     0.506554    -0.172914    -0.144064     0.106341     0.362527     0.133011
   -0.292744    0.0277275    -0.727591    -0.155836     0.430594    -0.345469     0.242151    -0.187073    0.0344275    -0.147602    0.0628581     0.101095    -0.120174     0.488934     0.110117     0.178463    0.0315461     0.117397    -0.374479     0.297478   -0.0183677    -0.218904    -0.282127    -0.139834    0.0379272    -0.351185    -0.258904    -0.119281    -0.391898    0.0114302     0.147631    -0.291753
  -0.0961386   0.00817617    -0.377248    -0.407059     0.568176    -0.198877    -0.441277    -0.281076     0.194881     -0.37765   -0.0927033    -0.216292    0.0965104    0.0890165     0.252575     0.430812     -0.13275     0.184419     0.507755    -0.651586     0.254828    -0.505107    -0.205882    0.0485454     0.121214   0.00992465    -0.469369     0.318352     -0.64549   -0.0009553     0.128418     0.749715
    0.248143    -0.752781    -0.909439     -0.42797    -0.297658     0.156636    -0.547285     0.461525   -0.0217777      1.04737     0.350556     0.204021     -0.78285    -0.338513    -0.196813    -0.182144    -0.075592    0.0206651    -0.398986    -0.250992     0.470265    -0.619857    0.0703881    -0.284925    -0.525287     0.765775    -0.472603   -0.0469538    -0.861388     0.167654  0.000200424     0.444829
    0.142165     0.298305    -0.384692    -0.462112   -0.0696836    -0.446769    -0.273065    -0.324162     0.183912   -0.0160331   -0.0908263   -0.0708444     0.420787    0.0257187    -0.523614    0.0353107    -0.201143     0.284785    0.0681692    -0.617454    -0.112479    -0.124746   -0.0593473    0.0571794    -0.301909    -0.205205    -0.144508  -0.00565489     0.159111    -0.120136     0.284939     0.538416
  -0.0333084     0.161528    -0.428564     0.140132     0.519277   -0.0204261   -0.0823385     0.330635    -0.204451     0.548744    0.0685308    0.0122272    0.0439328     -0.57818    -0.439378    -0.945433    -0.715371    -0.424953    -0.136031     0.118996    -0.176654     0.304038     0.429703    -0.194228    0.0914454    -0.286063     0.257707     0.300808     0.223401     -0.44171   -0.0944125     0.332916
   -0.193821    -0.209077     0.255362    0.0586206     0.296777     0.100401     0.760074     0.708887     0.194725      -0.4809  -0.00942497   -0.0772864     0.232016   -0.0142257     0.454127    -0.232641   -0.0033581     0.215486      0.51159     0.228928    -0.274038    -0.366872   -0.0251708   -0.0998261    0.0905499    -0.489141    -0.160681    -0.562108   -0.0209216    0.0446754     0.164971    0.0258272
    0.568254    0.0640195     0.183067     0.349677     0.165008   -0.0844242    -0.174672     0.307761    -0.114443    0.0463088    0.0932562    0.0118701     0.249281     0.180872   -0.0536077    -0.262159     0.419817    -0.190267     0.256001     0.266864   0.00789023   -0.0931153    0.0760975     0.158505    -0.322359    0.0674082   -0.0428483   -0.0862543    0.0523859    -0.440639    -0.279324     0.252033
   0.0396739     0.268247     0.274962    -0.715891     0.112614    0.0730026    -0.155924    -0.240651     0.106173    -0.474558     0.120839       0.2158     0.302143     0.127271    -0.425063     0.315498    0.0150805    0.0187723     0.244329     0.471605     0.291083     0.288959    -0.618014     0.143952    -0.117436    -0.149588    -0.186586     0.360794    -0.410885  -0.00489923    -0.247225     0.278466
   0.0898516    -0.297293    0.0292771     0.273109     0.121729   -0.0467448      0.41315    -0.225227   -0.0742374     -0.15266    -0.265096    -0.193804    0.0315764    -0.151193    -0.354447   -0.0595601     0.198703   0.00221411    -0.251741     0.266343     0.234868     0.593049   -0.0356316     0.148128     0.140747    -0.555492   -0.0204607     -0.64106    -0.225641     0.360379     0.282955    -0.169128
   0.0370215     0.317499    0.0259057    -0.381407      0.16135     0.344312    -0.124468     0.726257     0.232075    -0.837304     0.720268      0.18294    0.0806051     0.709827   -0.0606575   -0.0739064   -0.0777763   -0.0373762     0.134776     0.167035   -0.0834583     0.207181    -0.123853     0.020828    -0.193199 -0.000329021   -0.0261321     0.105213     0.220117     0.720531    0.0308151   -0.0104307
   -0.187334    -0.360484    0.0420848    0.0527749     0.528505    -0.270222     0.439989    -0.592294   -0.0158538   -0.0561316     0.330934    -0.186006   -0.0937706   -0.0419623   -0.0396422      0.17454    -0.341852     0.461277    -0.274055    -0.200863     0.523268     0.330226    -0.057351     0.105196    0.0473519      0.19337    -0.268141    -0.471935     -0.36752    -0.256502    -0.451824   -0.0185271
    0.226921    -0.218155    -0.352682    -0.189861     -0.23551     -0.35368    -0.391655     0.526493   -0.0805461    -0.581014    -0.394809    0.0152566   -0.0565182    -0.416523    -0.129276    -0.317631    -0.022685    -0.159845     0.517708     0.108463     0.281627    -0.346809    -0.413292     0.385225     -1.04263    -0.124432     0.242399     0.204775    0.0194834    -0.119635    0.0709761    -0.203915
    0.572967    -0.478139     0.054893     -0.33847     -1.07546    -0.256853     0.548737     -0.41614    -0.385877     0.232133    -0.434379     0.303967   -0.0588425   0.00864988    -0.568652     0.159874    0.0489255    0.0576416    0.0937914    0.0881442    -0.213703    -0.110157     0.217194     0.186933     0.213539     0.639908     0.544519     0.378671     0.249033     0.414416     0.028668    -0.151877
    0.190528    -0.145324     0.143922    -0.253572      -0.4631   -0.0549213    -0.427713     0.327197    -0.129179   -0.0518454    -0.107674     0.178345     0.251257    -0.330543   -0.0813631    -0.726836   -0.0453062     0.288779     0.558356    -0.193231    -0.725561    -0.454755    -0.067086      0.23963     0.121548     0.404356    -0.208942    0.0335445   -0.0544411    -0.127315   -0.0864381     0.304463
    0.565968     0.289369    0.0115686     0.193281    -0.497309     0.185152    -0.184872     0.212554    -0.406989   -0.0260629      0.14865    0.0544982     -0.28332    -0.245703    -0.456496    -0.313696      1.06592    0.0933931     0.281287   -0.0866432     0.266374     0.155512    -0.358048     0.532594      0.64429    -0.231563    -0.034329    -0.838324    -0.244084     0.381517     0.452732    0.0783039
    0.296609    0.0300925     0.526819    -0.387346    0.0971969    -0.480399       1.0501    0.0382247    0.0567914     -0.10905     0.278704     0.309245   -0.0539031     0.148722    -0.537085     0.670063     0.224216     0.521428     0.472963     0.424231    -0.387336    0.0320156    -0.032896     0.236605     0.152489     0.439443     0.238307    -0.953724    -0.310561     0.288226    -0.393535    0.0612375
   -0.327061     -0.96791     0.036595     0.163414     0.613972     0.253427     0.566118    -0.109953     -0.33602       -0.664   -0.0464916   -0.0571416       0.6649    -0.309171    0.0899541     -0.81089    -0.137344     0.093533     0.263177    -0.304901     0.106249    -0.218405     0.124679    -0.186018    -0.432255     0.144022    -0.959383     0.879997    -0.339569    -0.415462      1.04386     0.268007
 -0.00504138     0.126939    0.0723362    -0.346673     0.107348     0.470287     0.184934   -0.0101538      -0.6125    -0.455145   -0.0669877     -0.10812    -0.717207     0.334323    -0.182408     0.562303     0.280797     0.465474     0.169409   -0.0858462    -0.048176    -0.338209    -0.411113      0.31163   -0.0985076    0.0385608   -0.0958067     0.230268    -0.187021     0.164006     0.395717    -0.266144
   -0.237832    -0.240359   -0.0641279     0.162629    -0.164552   -0.0811611     0.326379    -0.717332      0.11917    -0.360038     0.195251   -0.0104433   -0.0955471   -0.0502235    -0.565394    -0.357953    -0.180551     0.402417     0.862142   -0.0469957     0.143733    -0.194012     -0.36859     0.990417    -0.181826     0.163356    -0.168274    0.0468211    -0.341227   -0.0815546    -0.275169    -0.123133
   -0.543814    -0.171973    0.0309091     0.151387    -0.275817     0.176743    -0.437539    0.0844277     0.553026   -0.0581531     0.142373     0.225686     0.094031    -0.645358      0.87868    -0.229482    -0.327693    -0.364082   -0.0129295      0.18166     0.203439     0.219498     0.231506     0.452313       0.4111     0.361507    -0.578065     0.219849    -0.422705    0.0615157    -0.737265     0.225765
     0.52489    -0.100457    -0.225225     0.525249    0.0481986    0.0966001    -0.255888     0.443733   -0.0258523     0.399015     0.324553    -0.337382   -0.0502288   -0.0913396    -0.395579    0.0345632     0.231369     0.194553     0.329189      0.18196   -0.0700132     0.270382    -0.231583    -0.515156   -0.0371778   -0.0401991    -0.727723    -0.383128    -0.140547    -0.287311     0.246917     0.694258
  -0.0233531     0.172112    -0.511323     -0.64265     0.546362    -0.489604     -0.30328     0.401815    -0.453531    0.0693626    -0.471115    0.0667335     -0.28802      0.14427    -0.324649     0.109108    0.0994967      0.74875     0.476201    0.0772308     -0.89975    -0.105029    -0.263186     0.904787    0.0294708     0.439884    -0.387026   -0.0959815    -0.859128    0.0609548     0.345868     0.146954
  -0.0760001   -0.0151617   0.00836091     0.121255   -0.0476467     0.419274    -0.190723       0.2028   -0.0103954     0.129768     0.450512     0.343749      0.10126    -0.175086    0.0873542   -0.0827564    -0.274695     -0.11167   -0.0214611    0.0434573     0.422676     0.174523     0.241568     0.216401   -0.0402724    -0.076434    -0.102179    0.0679999     0.160324    0.0738603     0.225984     0.255365
    -0.20499     0.509259    -0.474209     0.293399     0.511467    0.0701132     0.132743       0.5144     0.269962     0.150055    0.0835057     0.336792     0.276545     0.196608   -0.0891332   -0.0781237    -0.540622   -0.0551634    -0.438698     0.456025     0.250934      -0.5835    -0.160684     0.187933     0.327553   -0.0808785    -0.436341    -0.356349    -0.176892    -0.640516     0.281943     0.203048
    0.715871     0.124724    -0.243249    0.0869898    0.0752317    -0.289346    -0.361603      0.21032     0.342118    -0.133146    0.0389791     0.224342     0.394666     0.250273    0.0237639  -0.00140534    0.0843061     0.133258      0.20389   -0.0860606     0.504361  -0.00344053     0.174085    -0.166106  -0.00667891    -0.464209     0.035216    -0.201219    -0.148944    -0.214086   -0.0117961     0.157747
   -0.318461   -0.0724065    -0.340559      0.22575     0.286494     0.798949     0.620637    -0.210396     0.267524    -0.130387    -0.345358     0.290004     0.168567    -0.590753    -0.105051   -0.0335198    -0.379544     0.462143     0.261669    -0.263011   -0.0524845    -0.107921      -0.1384     0.223498      0.76404     -0.66517    -0.213074    0.0300967    -0.521734    -0.219515     0.354652     0.343723
    0.070902     -0.59361     -0.62251     0.187066    -0.186851     0.313983   0.00404082     0.432364    -0.124372     0.163452    -0.199961   -0.0504922    -0.247614    -0.175958   -0.0167596    -0.328501   -0.0903922       0.4957    -0.419684   -0.0537022    -0.225324    -0.606446   -0.0501047   -0.0737367    -0.322704    -0.817729    -0.529014      0.28574  -0.00881184    -0.247146    0.0644283     0.640459
    0.156797      0.54282     -1.07636    -0.246905     0.561261   -0.0411117     0.305286    -0.503931     0.730338    -0.829901    0.0629504     -0.29545     0.582083    0.0283201     0.223509    -0.536972     0.214044  -0.00767033    -0.192542    0.0913487    -0.518264    0.0370862     0.344946    -0.294187   -0.0953011     0.262322   -0.0506966    -0.351091    -0.911736   -0.0510132    -0.261651    0.0673029
     -0.2335     0.188536      -1.1447   -0.0574485     0.612048    0.0695523    -0.238459     -0.50321     0.615093     0.257905     0.652587    -0.151978    0.0196841     0.265831   -0.0717893    -0.574299   -0.0174568    -0.592179    -0.189809    -0.818594     0.381123   -0.0756213     0.400715      1.09409     0.101537    -0.338485    0.0421964    -0.112188    -0.549821     0.452369     0.209124      0.71172
    0.120688     0.580212    0.0655226    -0.451151    0.0919077    -0.310137     0.339397    0.0572328    0.0223171    -0.448535     0.307124    -0.668503     0.187868     0.429607    -0.313716    -0.125655     0.317535      0.63094       0.1418     0.508491    -0.591003    -0.492006    -0.235906    0.0094978    -0.152421    -0.230719  -0.00806941     0.184079      0.11457      0.23314     0.193817      0.50247
  -0.0940444     0.401223       0.4501     0.259898     0.184408    -0.443611   -0.0437708      1.03687   -0.0308695    -0.984645     0.794885     0.410778     0.135573     0.148671     0.655629    -0.703063    -0.172104      -0.5265     0.184773     0.623848     0.133281     0.114493    -0.336756     0.447671     0.261625    -0.390771    0.0411398     -0.33963     0.520501   -0.0816167     0.253601    0.0494477
    0.110345     0.333329     0.207862     0.434682     0.318908     0.322702     0.576513   -0.0409682     0.229934     0.223522     0.298124     0.245556     0.031279     0.471548    -0.176959    -0.250401     0.788956     0.290457     0.284615    -0.129469    -0.349055     0.191538      0.17593      0.24697   -0.0256166    0.0877761    0.0693964    -0.587214    0.0194633     0.492819     0.107783    -0.542029
    0.178846   -0.0429387    -0.734008     0.192655     0.391264    -0.517233     0.482462    -0.216071      1.20688    -0.446443     0.261144    -0.178733   -0.0952948     0.285685    -0.100778    0.0313869    -0.900114     0.576044     0.528242    -0.295171    -0.112178    -0.519223    -0.163646     0.755453     0.659995     0.323228    -0.443581     0.201254    -0.455001    -0.345104    -0.190444    0.0783149
    0.110741      0.30683     0.065945    -0.212185     0.277809     0.015851     0.288313    -0.279924    0.0789366    -0.075411     0.445936     0.351021    -0.230838   -0.0369503     -0.14544    -0.593807     0.146316    0.0489353    0.0865646     0.606768    -0.166667    -0.232443     -0.24077     0.575115    -0.217419     0.431619    0.0686545     0.463148    -0.728099   -0.0913979    0.0233743     0.314823
    0.168346    -0.456383     -0.24554     0.354752    -0.315907     0.024027   -0.0537674     0.231376    -0.645373     0.301253    -0.263635      0.14453    -0.593606    -0.647104    -0.483283    -0.435877     0.239627   -0.0301894     0.336323    -0.858777 -0.000571527    -0.744984    -0.102269     0.425531     0.871565     -1.06548    0.0215105     0.573442     0.457659    -0.624113     0.741907    0.0342367
  -0.0303566    -0.330759   -0.0924015     0.315014    -0.803096    -0.136824     0.131193     0.128597     0.347668     0.298557      0.23825    0.0890229    -0.461723     0.194718     0.321514     0.280733    0.0394127    -0.309998     0.443793     0.231795    0.0415396     0.493986    -0.143996    -0.381865   -0.0265668     0.411134    -0.123928  -0.00225876    -0.364806   -0.0675301     0.246901    -0.513923
    0.566662     0.433985    -0.527449    -0.276447    0.0417407    0.0442907    -0.104212     0.644572    -0.195686    -0.189566     0.989128      1.07213     0.765272     0.457828    -0.168589     0.195599    -0.292179    -0.325724  -0.00892662     0.144418     0.274861     0.299772     0.339684      0.19091     0.372872     0.908847   -0.0716104     0.203791    -0.248319    -0.163061    0.0473413     0.119832
   0.0880755     0.629842     0.388975    -0.804768     0.367906   -0.0225075   -0.0302095    -0.519053    -0.043271   -0.0506258    0.0120471     -0.03842    0.0938703     -0.03336   -0.0230831     0.202037   -0.0450203    -0.165488     0.415814     0.208781     0.220065     0.586817    -0.249069     0.380734    -0.142262    -0.204117    -0.280131     -0.01331    -0.591047     0.112149     -0.23706    0.0396716
  -0.0664408     0.459623    -0.410431    -0.422714     0.148538     0.294368     0.170079     0.116821     0.306244    -0.557226     0.432097    0.0308508  -0.00778741     0.139074    0.0958005     0.105944      0.31335    -0.502743    -0.274882     0.526971    -0.319843     0.432624     0.228738    0.0894147    -0.015428     0.453339    -0.161922     0.508157    0.0043114      0.33424    -0.222511     0.170203
    0.165402    -0.353909     0.235494     0.108326     0.295026     0.172245     0.138004     0.383347   -0.0158821    -0.257888    0.0499463     -0.10067    -0.203422     -0.11498     0.206058     0.272594   -0.0210199    -0.228512    -0.201207    0.0647159   -0.0404305     0.132515     0.154692    -0.330182    0.0489931    -0.603418    -0.240265    -0.544862     0.771165   -0.0716731     0.180603     0.341604
     0.19998   -0.0111143     0.279574     0.238314    0.0927515  -0.00140905    -0.247178    0.0560269    -0.110007     0.246193    -0.212733     0.420513     0.487162    0.0325674    0.0134168    -0.114451     0.458608     0.335996    -0.054446    -0.194085    -0.510512     -0.46391    -0.263286    -0.206247    -0.188072   -0.0134075    0.0682138   -0.0473238     0.126566    0.0174212   -0.0762068    0.0234144
    0.398942     0.643301     0.462294    -0.718168     0.396069      0.46424    -0.247909    -0.500822  -0.00427439    -0.524645     0.791607     0.053311     0.840233    0.0527062    -0.309692     0.215039   -0.0345208     -0.23169   -0.0704861    -0.485347     0.156874    -0.585571     0.140413    -0.463846     0.357313    -0.288624    -0.489615     -1.04115    -0.779806    0.0993362    0.0811567     0.132503
    0.108947    -0.262321    -0.327553     0.123874    -0.432282     -0.56839     0.156335     0.268372    -0.542172    -0.260511    -0.201288    -0.232434     0.270292      0.31762   0.00871937      0.24791     -0.12168      0.38488      0.54583   -0.0679403    0.0989528    -0.364527     0.232706   -0.0152803     0.621361    0.0792153    -0.452654    0.0162879     0.229691    -0.239341   -0.0707334     0.224627
   0.0147963      0.22817    -0.264273     -0.45039     0.907239    -0.525561     0.603587    -0.638637      -0.1853    -0.146012    0.0744702   -0.0367818    0.0863985   0.00964538    -0.287941    0.0752064   -0.0473868    -0.315671    -0.307107    -0.659063    -0.228653     0.359638    -0.153843     0.288949    -0.477549     0.503277    -0.212025    -0.163703    -0.435509     0.171342    0.0683758   -0.0688581
   -0.250366   -0.0246312    -0.597454    -0.050687       0.4455      0.13563     0.452523    -0.535546      0.92361       0.4582     0.101286    -0.332725     0.161902   -0.0997149     0.367829   -0.0281707     0.629019     0.887635    -0.134327    -0.522077     -1.41736    -0.601101    -0.648437    -0.938705    -0.666826     0.572801    -0.510172    -0.362401    -0.332266    -0.434516     0.274709      0.35831
  -0.0185154    0.0935594    -0.301631    -0.513156    -0.186351    -0.176337     0.226518      -0.2528     0.219505    -0.138143    -0.212811     0.407511      1.04465     0.229929  -0.00631597     0.191942    -0.524732     0.251742   -0.0503507     0.717119    -0.169582     0.311056     0.576449     0.778074     0.388214     0.236818    -0.660611      0.27244    -0.182387     0.010695    -0.175227   -0.0376805
    -0.10827     0.194509    0.0311422     0.386037    0.0099736     -0.15964     0.111836     -0.35372    -0.423637    -0.454938    -0.123193     0.108784   -0.0955933     0.326562   -0.0990428    -0.241511    -0.185088    -0.219994     0.740779      0.41971     0.305268     0.373404  -0.00261452     0.576989     0.368437     0.284665    -0.541846    -0.252726     -0.37694     0.127529     0.123706    0.0818605
    -0.24657    -0.107461    -0.158406    -0.650066      0.49785    -0.249557     0.257317    -0.162084   -0.0792034    -0.716843    0.0588336    -0.426045   0.00500098     0.234568    -0.184644    -0.225041    -0.231047     0.699336      0.22099      0.69113    0.0311015    -0.538197   -0.0521678     0.427799     0.183776  -0.00612118    -0.500072   -0.0974275    -0.212026     0.788841     0.361402    0.0687967
   0.0198648   -0.0886692     0.104073   -0.0940801   -0.0553273    -0.297246     0.703093    -0.634389     0.307253    -0.411987     0.068022    -0.349564   -0.0755341     0.331275    -0.605135     0.395601    -0.319014     0.293008      0.31508   -0.0411461    -0.107371   -0.0134095    -0.157957     0.365393     0.122292     0.389087    -0.233102  -0.00477416     0.271164    -0.198085     0.234469    -0.175231
    0.506061     0.123008     -0.28421    -0.172932     0.240765     0.639789    -0.269857     0.108492    -0.193674     0.168426     -0.14704   0.00911807   -0.0935624    0.0787887    -0.333248     0.137625     0.411908   -0.0560434     0.280248    -0.380105    0.0863214   -0.0288696    0.0787854     0.186817     0.214441     0.703212    -0.392389    -0.153225     0.128486    0.0594012     0.464562     0.183044
