   -0.541537    -0.123421     0.217707    -0.128979     0.153266     0.202778    0.0742937      0.18043    -0.118949     0.127107     0.341229    -0.561413   -0.0128381    -0.213687     0.038512     0.273323    0.0566869     0.117731   -0.0499705    -0.133061    -0.167242    0.0734612   -0.0140314    0.0768713    -0.190218    -0.403552     0.031359     0.228065    -0.196725   -0.0843003      0.19733    -0.673906
   -0.508893    -0.322501   -0.0310801    -0.328539    -0.103997   -0.0596651     0.249868     -0.31067    -0.199144    -0.275906    -0.233134    -0.237558     -0.28742     0.261921    0.0283828     -0.31995     0.316228      -0.2016   -0.0179902     0.185284     0.471025     0.210648     0.329821    0.0624051    0.0097571    -0.774884      0.51439    0.0826592     0.282733    -0.327745  -0.00733691     0.161657
  -0.0920072      0.22786     0.187105     0.208505   -0.0378813   -0.0607229     0.525526    -0.083034    0.0421303   -0.0490279     0.167958    -0.387289     0.418935     0.237395    0.0729705   -0.0577216    -0.336631    -0.503346     0.273624    -0.364001     0.264377     0.647687     0.374971   -0.0380243    -0.231461    -0.397047   -0.0502349    0.0381613     0.104785    -0.158754     0.460207    0.0446992
   -0.683045   -0.0116058     0.286592    -0.114593     -0.13692     0.733766     0.523929     0.085718     -0.23134    -0.201334     0.151317    -0.129491    -0.243472    0.0376502     0.607528      0.26875     0.187726    0.0985266    -0.300363    -0.431745    -0.106924    -0.142888    0.0472787     -0.44898    -0.412466    -0.369272    -0.120883     0.359729    -0.275834   -0.0108791    0.0817334    -0.580014
    0.187521     0.090568   0.00896519   -0.0934214   -0.0510863   -0.0389762    -0.205989   -0.0159919    0.0540714   -0.0406266   -0.0102928    -0.169638     0.190084    -0.201345       0.3087    -0.143874     0.346689   -0.0193043     0.529536   -0.0598919     -0.23681    0.0986328     0.195082    -0.132986    -0.153459    -0.100167   -0.0866907    -0.256779    0.0610364    -0.234463      0.50028    -0.210768
   -0.432572     0.421981      0.20515  -0.00613213    0.0404273    -0.138143     0.381738    -0.105931   -0.0317116    -0.123083     -0.24596     0.532983    -0.258311   -0.0736188    -0.105793    -0.172248   -0.0616422    -0.203915    -0.139924     0.394688     0.148522    -0.048494     -0.14139     0.162428     0.495573      0.30046    -0.192002    0.0949262     0.137018      0.23502     0.353631   0.00105863
    0.392086    -0.104955    -0.303393    0.0062971     0.302229     0.150171   -0.0590611    -0.169626    0.0109048      0.06886     0.548605     0.138413   -0.0690429    -0.283321   0.00710704    -0.152033    -0.302377   -0.0542501   -0.0391365     0.115397      0.14928     0.161516    0.0156717     -0.25223     0.393831    -0.576739    -0.204313    -0.342036     0.778836    -0.251138   0.00144205     0.173065
   -0.287224    0.0834285     0.363374    -0.144199   -0.0195043   -0.0584475     0.125405   -0.0997753     0.154502      0.10876     0.116524     0.147403     0.255862    -0.157349   0.00615033     0.163432    0.0466627    -0.107768     0.133083    -0.040212     0.168353     0.160975   -0.0374977     0.326118   -0.0649983     0.119539    -0.100669     0.120336    -0.253472   -0.0257426     0.109792    -0.390462
   0.0235321     0.357087    -0.112592    -0.107734     0.310902     0.273619      0.28058    0.0492397     0.156345  -0.00315539   -0.0718305    -0.410553  -0.00992464    -0.425065     0.229095     0.265772     0.307825    -0.256343     0.185675     0.376396    0.0674892   -0.0896155    -0.452765    -0.127151     0.588514   -0.0923796    -0.246233    0.0889239     -0.27015     0.248556   -0.0627163   -0.0581861
    0.277725     0.222117    -0.185395    -0.266568    -0.320695  -0.00910674    -0.154316     -0.43104     0.108436  -0.00387956     0.482649    0.0911024     0.173582    -0.146368   0.00753709     -0.11094    -0.116796    -0.435989     0.249855     -0.37108    -0.402168     0.253725  -0.00964237    0.0919301    -0.281394    0.0354945   -0.0288892     0.253295   -0.0532709    -0.222778     0.677766    -0.364758
    0.044789     0.290058      0.36129     0.320676    0.0592923      0.12067    -0.244401    -0.496341    0.0721657    -0.133395     0.469409    0.0837094     0.218632       0.1616   -0.0992467    0.0512311   -0.0624041   -0.0733571    -0.313598    -0.135248     0.101373    -0.132637    -0.179927     0.283679     -0.18237     0.146676    -0.118732    -0.221603     0.318987     0.202544   -0.0628747    0.0708842
    0.209984     0.219004     0.139358     0.181914     0.195856     0.246018    -0.117185    -0.377758     0.450221     0.109027     0.684354    -0.402802     0.253226    -0.499444     -0.24594    0.0643456    -0.093409    -0.282796     0.113572    -0.079665    -0.105113   -0.0869739     0.180022     0.179717    0.0644488    0.0806488    -0.211361    0.0978231   -0.0112718   -0.0936683    0.0252713     0.111395
   -0.112998     0.835083     0.103259   -0.0399279    -0.299494    0.0427206    -0.130436    -0.133621   0.00455656    -0.400665     0.142177    -0.341156    0.0172101   0.00476179    0.0814561   0.00942616     0.244411    -0.170363    -0.355694     0.133121    0.0838106    -0.082669    -0.149931     0.303745    0.0393771   -0.0850259     0.356631    -0.207653   -0.0173367     0.455449    0.0691475    -0.137132
   -0.171293    0.0967865    -0.328443      0.46697     0.478832   -0.0454387 -0.000598035    -0.137078    -0.122167     0.462514    -0.141263   -0.0432677   -0.0259516     -0.26352    -0.117382    0.0577077     0.276634    -0.159446    -0.551384    0.0451972    -0.052749      0.08437    0.0590519   0.00329701    0.0482963  -0.00170437   -0.0283055     0.307325     0.391504     0.198483    0.0593461  0.000834207
   -0.569152   -0.0551695     0.196528    0.0252573    0.0993609    -0.121376   -0.0108255    -0.146985   -0.0392052    0.0140354     0.239269    -0.364262     0.396096    -0.473653    0.0400866      0.13611     -0.17419    0.0428173   -0.0993414    -0.331325     0.664344    -0.157116     0.206143     0.183756   -0.0309623     0.027966     0.299243     0.581114    -0.263087    0.0370818     0.402994     0.228686
   -0.116598    -0.135493     0.604283     0.169332    -0.286219     0.195981     0.794673   -0.0519512      0.14616    -0.186041    -0.258317     -0.75846    0.0347768    -0.482627     0.446151    -0.312998    -0.245813     0.482864  -0.00475052     0.372658     0.228116   -0.0209076   -0.0834807   0.00888964    -0.300899    -0.399141     0.227049    0.0416773    0.0225886    -0.258363    -0.424422    -0.857956
  0.00519777    -0.486411    -0.293006     -0.15558    0.0538555   -0.0239714   -0.0457937   -0.0661838    -0.184922  0.000232769    -0.330967    0.0621336     0.269499    0.0979752    -0.119304     -0.15316   -0.0618996     0.382832      0.15572   -0.0450213    -0.351641    -0.101294    -0.301377    -0.125115    0.0416229     0.371434    -0.200812    -0.305504     -0.24919     0.520463    -0.334932    -0.541655
   -0.429336     0.239613     0.342576   0.00712555    -0.334702     0.477701    0.0210579    0.0638181    0.0169084    -0.084907     0.170097    -0.189317    0.0362305      0.09277    0.0103028     0.319143     0.236132    -0.120181     0.161756     0.277621   0.00693798     0.175857     0.240416     0.094863     0.102587    -0.396025   -0.0806131    0.0633075    -0.384437    -0.112623    -0.186648   -0.0482803
   -0.235723    0.0707821     0.149219     0.373282   -0.0866047     0.323347     0.414068    0.0824271    -0.134861     -0.13773   -0.0269999    0.0554455     0.323481    -0.291013    -0.473252      0.32417    0.0756638    0.0605523   0.00225155     0.286477     0.159732    -0.124941   0.00872144    0.0791884    -0.156637    0.0475338     0.206674     0.190303    -0.130091      0.16604    -0.156181    -0.162414
   0.0112509    0.0538457    -0.026065     0.480668     0.234755    -0.116632     0.146587    0.0723687    -0.297866   -0.0110557    0.0469585        0.247    0.0609175     -0.12522    -0.230304   -0.0057361     0.461578   -0.0572862    -0.285233    -0.287059    0.0629176     0.067179   -0.0975533    -0.169948   -0.0614846   -0.0416824    -0.419529     0.264422     0.102135    0.0809954    -0.624217     0.132871
 -0.00559139    0.0936279   -0.0580896     -0.39501     0.164024     0.206449    -0.224842    0.0653876     0.233416     0.260247     -0.01304    -0.471417     0.141514    0.0569372   -0.0907554   -0.0545029    -0.315995    0.0436751     0.355691    -0.141051   -0.0279122    0.0717829   -0.0409226     0.543049     0.108756    -0.303194    0.0346039     0.238238    0.0933811    0.0877665    -0.314609    -0.135189
   -0.343806    -0.385799     0.183999    -0.270308    0.0891546    -0.518847     0.135254   -0.0815055    -0.111538    0.0568136     0.181813   -0.0592341    -0.324132     0.462375     0.141224    0.0230837     0.316846     0.229842     0.250038    -0.253478     0.114748     0.231218     0.144771    -0.455353    -0.450289    -0.410639    -0.301191    -0.321728   -0.0517128    -0.180435     -0.02757    -0.309331
    0.480185    -0.225154    -0.123017    0.0924915    -0.256635    -0.100555    0.0194368  -0.00582977   -0.0594756    -0.176701     -0.29664      0.89207    -0.437617    -0.322407    -0.217067   -0.0634645     0.304508    0.0817849     0.519057     0.037567   -0.0247079     0.110769     0.287589    -0.115466   -0.0884413     0.446691     0.160011    -0.105295     0.168299     0.142707    -0.360736    0.0595203
   -0.172737    -0.209533     0.403435    0.0260468    -0.174799    -0.406816    0.0851978    0.0595668    0.0226384    0.0515468    -0.530316    -0.277888     -0.29795     0.107591    0.0776451    0.0751004    -0.077262    -0.184266     0.364755   -0.0268072     0.456025      0.16878     0.042874     0.048402   -0.0525102      0.57726    0.0464352    -0.179706   0.00211307     0.148639    -0.167654    0.0406676
  -0.0442295   -0.0234752    0.0285857    0.0149875   -0.0431019     0.285541     0.465516     0.064948    -0.258137     0.300318   -0.0633383   -0.0893613    -0.208404    -0.608721    -0.202304    -0.284702    -0.439487      0.21875     0.146899    0.0734905     0.259935    -0.226485      -0.1715    -0.241555     0.207523   -0.0807663   0.00770306     0.302768    0.0222859   0.00184642    -0.371718    -0.149905
   -0.520193     0.423608    -0.692359    -0.152793    0.0894727    -0.431102    -0.432955     0.331617     0.216509    -0.118303    -0.125242     0.290899     0.577348    -0.300264    -0.205463     0.141407     0.249073    -0.406198   -0.0398351    -0.333658      -0.6468     0.295203    -0.189939   -0.0875923    -0.251358    -0.108599     0.158026   0.00367568     -0.33734    0.0349166     0.569744     0.158945
   -0.192536   -0.0783671     0.126247     0.236992     0.426833     0.135727     0.205349     0.366351    -0.193782    -0.209373    0.0113337   -0.0792353    0.0481187     0.565215      0.29445   -0.0288152     0.174901    -0.147883    -0.403937    -0.171471    0.0470587     0.375108    0.0703702     0.220586   -0.0799869     0.457424    0.0380201    -0.258462    0.0745311     0.327051     0.020411     0.260642
   -0.130369    -0.261865   -0.0148901   -0.0172123   -0.0921813     0.124849     0.247704   -0.0838128     -0.10111     0.054741   0.00140447     0.288646   -0.0600675    -0.517136     0.343074     0.155207    -0.039313   -0.0102182     0.392981      0.16718   -0.0052601    0.0714746     0.220635    -0.418468     -0.15143     0.112097   -0.0133296    0.0775395    -0.512068    -0.124398     0.119448    0.0752969
  -0.0530257     0.178936    -0.159142    0.0748351   -0.0890581   -0.0271992    -0.111767    -0.122329      0.07895    -0.299145     -0.20925    -0.214503    0.0833527    -0.103628     0.209267    -0.111668     0.421822    0.0204277     0.359044    0.0154888     0.131431     0.177817     0.180667     0.175251    -0.247163    -0.107621    -0.284855    0.0465117    -0.224039      0.20164     0.284865    -0.105715
    0.260335    -0.156183     -0.11479    -0.210004  -0.00170789     0.316157    -0.248565    -0.189593     0.188618    -0.149191     0.628997    -0.450006     0.709558  -0.00498077    -0.321995     0.355603      0.18129    0.0297489       0.1721     -0.47199    -0.197574    -0.176604     0.280854       0.1099    -0.113185   0.00365939     0.155759    -0.515371     0.397164    -0.271162    0.0552189    -0.369357
   -0.022213     0.152751     -0.51765    -0.135326     0.147797    0.0463407     0.140093    0.0566831   -0.0700892    -0.137324     0.115158     0.346491    -0.083684     0.209401   -0.0313448     0.159247   -0.0126988     0.305857   -0.0610688     0.107204      0.09969    -0.333269    -0.404605      0.07509    0.0635782     0.219833   -0.0507617   -0.0368724    -0.339282    0.0548868     0.340966   -0.0100786
 -0.00236957    0.0544938    -0.163683     0.333792     -0.55176     0.237209    -0.165013   0.00963116    0.0674332    -0.370097   -0.0890983     0.406826     0.186395    0.0809877    -0.147589    -0.189811  0.000889297    -0.221287     0.194058     0.373801   -0.0570097     0.352199     0.212239     0.590205    0.0582047     0.544691    -0.500644     0.253115     0.225917     0.233826   -0.0127511    0.0673489
   0.0758206    -0.230979     -0.56191    0.0567774    -0.140035     0.207207    -0.241705    0.0487196   -0.0263651   0.00501065    0.0697204    -0.321251     0.329339     0.275886    -0.161727    0.0133493      -0.0547   -0.0806372     0.309967   -0.0624023   -0.0316893    -0.142093    -0.242245     0.027009    -0.355925    0.0161447    -0.268673    0.0575252    0.0966631     0.295941    -0.140615    0.0479757
     0.10946    -0.194169    -0.191912    -0.079092      0.13014     0.360529 -0.000327259     -0.22099     0.274681     0.211202    -0.163869    0.0598713     0.207944     0.171673     0.198484    -0.147204    -0.129327     0.229754    0.0486281     -0.32396    -0.205696     0.385053   -0.0465234     0.102746    -0.603322     0.143957   -0.0384561     0.151911    -0.136319     0.157019     0.112745     0.547981
  -0.0681021    -0.285935  -0.00806585      0.14543    -0.134344    -0.167771    0.0653701   -0.0172306    0.0336486    -0.217881   -0.0504769    -0.147982   -0.0591468    -0.376484   -0.0199602   -0.0524726     0.441469     -0.27889    -0.159425  0.000948059     0.273415    -0.156109     0.309582    0.0406235    -0.264489    -0.286923    -0.308966    -0.340644   -0.0162253    0.0347107    -0.130139    -0.178382
   -0.267336    -0.279069   -0.0144602   0.00374853    -0.193123     0.018214     0.390529    -0.103019    0.0445526     0.153478    -0.242837     0.783499    -0.253477    -0.449025    -0.433466    -0.122773    -0.120891    0.0985845     0.134177  -0.00717005     0.331349     0.221822   -0.0191219     0.194858    0.0895587    -0.265634     0.195272   -0.0746762     0.411983    -0.288796       0.2372   -0.0744943
     0.22348     0.139427    -0.284253     0.185832    -0.486154     0.204369    -0.456239    -0.325062    0.0462599   -0.0908397    0.0434401    -0.428424     0.184617     -0.18657     0.225603    0.0122958    0.0580311    -0.112164     0.223902    0.0593037    -0.135205    -0.140927    -0.252517      0.23151    0.0387148     0.132282   -0.0462089      1.01519     0.381785     0.372026    -0.664998     -0.15852
    0.213523    0.0575428    -0.542604     0.046666    -0.182115    -0.139545    -0.201867    -0.295979   0.00405557    -0.169251    0.0203932     -0.10775     0.122468     0.220166   0.00913153   -0.0518855     0.116245      0.26375     0.231852     0.226203    0.0924867   -0.0902085   -0.0837991    0.0461013   -0.0541183   -0.0185871     -0.12891     0.121786    -0.188297    -0.342068    -0.039115    -0.463384
   -0.324613     0.375167     0.659802    -0.487746    -0.292516     0.120291    -0.269588    0.0943442     0.074831    -0.148388    -0.162488    -0.242347    -0.122929     0.144585    -0.241206   -0.0321855    0.0475457    -0.385776     0.171614     0.202784   -0.0421134    0.0603584   -0.0369568    0.0405675    -0.271557     0.261126     0.181277     0.252734    -0.794145    0.0870142   -0.0142375     0.432087
   -0.532879    -0.165859     0.275931   -0.0201251    -0.255719    0.0245214  -0.00987755    -0.324978    0.0534795     0.221674    -0.512433     -0.12931    -0.341202   -0.0444082   -0.0584214     0.293972   -0.0114064    -0.570748    -0.482896    -0.125722     0.458393    0.0602789    -0.244329     0.151953      0.25382     0.522051     0.269557     0.311254      0.13444   -0.0109671   -0.0133752   -0.0386045
   0.0687187    0.0400585     -0.21853    -0.219558   -0.0602171    -0.011524   0.00440306    -0.348566    -0.312942   -0.0227434     0.106237    0.0682157    0.0653111    -0.365117   -0.0851166     0.150557   -0.0982357    -0.162863    -0.160015    -0.179327     0.450659    -0.540235    0.0784402     0.446528   -0.0604302     0.370407      0.46168    -0.138601    -0.555681  -0.00431684     0.133522    -0.174588
    0.213847    -0.120884    -0.354821    -0.302059    0.0543371    -0.330748    0.0488398   0.00837134     0.161005    0.0523612    -0.219545    0.0116479  0.000145043    -0.170679    -0.220512   -0.0775788     0.112185    -0.158325   0.00880352     0.128804     0.224914     0.325334    -0.169828    0.0801724     -0.31035   -0.0712559    -0.278967     0.251074     0.222847    -0.102274    -0.102696   -0.0612776
  -0.0464758     0.174381     0.157298    -0.273698     0.052292    -0.197824     0.194736     0.338451     0.284772   -0.0824007   -0.0897507    -0.062384    -0.141964     0.798153    0.0978786     0.236306    -0.186439    -0.227647     0.509329   -0.0973725    -0.312039     0.316425    -0.465693    0.0394369    -0.359566    -0.285631    0.0681897   -0.0911393     0.216692     0.242859    -0.564701    -0.151893
    0.103793     0.220675     0.126414     0.365461    -0.189507     0.301203    -0.426191    0.0378127     0.133579    0.0785345     0.285217    0.0561871    -0.144654    -0.177908   -0.0888517     0.174499    -0.102641    -0.167165     0.228584   -0.0256289     0.155498     0.109939     0.147277     0.360568    0.0603129    -0.207102     0.197079     0.051279     0.180296    -0.138468    0.0255565    -0.034754
   -0.124039   -0.0704833     0.128365    -0.286496    -0.523676    0.0599127    -0.457963     0.265873      0.20503    -0.349451     0.189857    -0.426018    -0.337059    -0.123885    -0.402185    0.0374315     0.138819    0.0630401     0.236422   -0.0328721    0.0208558     0.183324     0.461789    0.0519851    -0.181333  -0.00904931   -0.0729223    -0.372004       0.1377    -0.323631   -0.0954072    -0.248784
   -0.267494     0.154832     0.400331    0.0243262    -0.254976     0.622903    0.0263622   -0.0350186     0.227199    0.0333231     0.114135    -0.249459     0.308353     0.163345    -0.431018   -0.0190581    -0.191058     0.464507   -0.0247407   -0.0484431   -0.0334882     0.126535     0.221193     0.529121     0.299376     0.371245     0.152357     0.106014     0.170933   -0.0762825    -0.613782    -0.185147
   0.0740158    -0.230996   -0.0824067   -0.0452694     0.232394     -0.10383     0.244995    0.0442323    0.0393634    -0.033374   -0.0152611     -0.28911   -0.0720159     0.393466     0.163907     0.271674   -0.0913208     0.129124   -0.0336308     0.109447   0.00657976     0.453286    -0.186564    -0.260458     0.261376    0.0929733    -0.206964    0.0391997    0.0251183     0.128697   -0.0895134     0.397968
    0.108526   -0.0372934     0.288119   -0.0721733     -0.12541     0.463205   -0.0771932    -0.286486    0.0957445     0.124089    -0.214736    -0.229828   -0.0547649      -0.3278    -0.232444     0.228446     0.177529    0.0511673     0.156891    0.0158741     0.291802   -0.0601518   -0.0261637     0.172857      0.32912     0.614662   -0.0466726     0.207481   -0.0845951     0.105766    -0.090738   -0.0434531
   -0.628297   -0.0285123     0.165521    0.0134357    -0.228763   -0.0399997     0.637441   -0.0343231     0.269353    0.0595582    -0.186741   -0.0286368   -0.0746727    -0.268819     0.182862     0.512917     0.371593    -0.436884     0.301228    -0.127464   -0.0481895     0.613848    -0.257722     0.178878    -0.155224     0.179969     0.120966  -0.00819841    0.0727583    0.0848876     0.210879      0.16858
   -0.163827   -0.0702464     0.224489    0.0192686    0.0608928    -0.484586     0.020105    -0.252171    -0.324461   -0.0449549     0.138859   -0.0443306     0.458625     0.201724     0.102849   -0.0133425     0.340206     0.103175  -0.00176413    -0.402663     -0.07583     0.135723    -0.482428    -0.220607    -0.791515    -0.257837    -0.298667    -0.242874 -0.000435519   -0.0326798    -0.256171   -0.0538562
   0.0811735    -0.203404    -0.275406   -0.0877442   -0.0214389     0.254798    -0.186218   -0.0691397     0.389539     0.201412     0.160923     0.326575     0.276647     0.107431     0.137026     0.212826    -0.215026     0.185154    -0.139216    0.0375105   -0.0830031    -0.142462     0.127948   -0.0838603     0.243917    -0.142326    -0.277803    0.0991384     0.247974    0.0906385      0.20707   -0.0966824
    0.647124     0.165899    -0.459837    -0.087942      0.27883     0.295026    -0.205074    -0.201372    -0.289335   -0.0832324    -0.113939    -0.199268     0.782751    -0.185448    -0.576416    -0.366327    0.0879768     0.391493    -0.241554    -0.192356     0.231253    -0.362092     0.215352     -0.21317    -0.167079    -0.210344    -0.885844    -0.436968     0.157959     0.129136    0.0216135     0.479045
   -0.107782     0.290573      0.20122     0.175328    -0.297428    -0.185719      0.36451    -0.435149   0.00136126    -0.263972    0.0921126   -0.0529533   -0.0678024    0.0583245   -0.0835841     0.157297     0.257009    -0.202714    -0.241198   -0.0264575    0.0422425     0.514549    -0.300023      0.54946    -0.220145     0.503144   -0.0365153     0.416134    -0.306749     0.268779    -0.181255   -0.0213918
    0.419088      0.31629     0.169308     0.182314      0.74234     0.727631     0.223627     0.109031     0.410501    -0.303375     0.430846     0.316627    -0.150476     0.133712     0.275825     0.103105    -0.136311     0.273272    -0.345082     0.465387    -0.274757     0.042846     0.172177    0.0514647     0.689454   -0.0452531      0.29159     0.157726    -0.285581   -0.0903623    -0.117648    -0.363431
    0.269191    -0.115705     0.107365     0.460385     0.165132     0.237214     0.377869     0.466626    -0.341972     0.121401    -0.514223     0.495929    -0.277742    -0.256066    -0.209635      0.16601     0.199981     0.117112    -0.084294    0.0503207   -0.0128436    0.0184383  -0.00167512      0.19974     0.208366   -0.0242581   -0.0812586    -0.442355     0.164186    -0.154175    -0.521716     0.284498
   0.0931292  0.000460062     -0.18752   -0.0886604     0.100715    -0.281104    -0.131055   -0.0799341     0.231807     0.222011   -0.0939446   -0.0850727     0.334024   -0.0985219    -0.182673      0.13218    0.0512141     0.443578    0.0864577     0.199597    0.0658429     0.467583    -0.306107    -0.192473    -0.200867     0.118583    -0.316598     0.165058   -0.0120587     0.316614   -0.0370953     0.114571
   -0.379285    0.0227617     0.217008    -0.557155   -0.0778313      0.23669    0.0365332    0.0770636     0.292364     0.108518    -0.396225   -0.0463067    -0.635912   -0.0218256     0.267557     0.183802   -0.0618672      0.16306     0.256872    0.0708492     0.059974    -0.145326     0.138379    -0.427445     0.139629     0.348584  -0.00583065     0.363334    -0.245654    0.0382799  -0.00343105     -0.33723
     -0.2395    -0.240389   -0.0352529      0.31331    0.0560449    -0.247335     0.329386     0.332048   -0.0598832    -0.158101    -0.398352     0.442651   -0.0686225   -0.0683086    -0.227228    -0.134261   -0.0769115    0.0987913    -0.324688   -0.0923494    0.0491317     0.140461   -0.0264494    -0.625737     0.428852     0.168042     0.347264    -0.157629     0.275557     0.412504    -0.217211     0.227941
   -0.136783     0.651614    0.0302349    -0.146862   -0.0541631    -0.167895      0.35292     0.175059      0.17085    -0.227905    -0.454219    0.0313566    0.0859747     0.245992    0.0652102     -0.19291   -0.0544477    -0.239977   -0.0844194     0.139045    -0.102624      0.15835     0.228992     0.168286   -0.0239217    -0.419118     0.297756    -0.206363    -0.172649     -0.18229     0.311466   -0.0143987
   -0.092377    0.0983879    -0.256226   0.00281399   -0.0859771     -0.29064    -0.238063     0.627391    -0.174388  0.000983434   -0.0685782    -0.136236     0.162448    -0.418009    -0.281707     0.183735  -0.00868897    -0.339483      0.33921    -0.172015    0.0154339    -0.125858     0.236671     0.307982     0.324844    0.0221356     0.262203    -0.360569  -0.00369327     0.215982    -0.101295     0.295785
    0.283445   -0.0921897    -0.158572    0.0258584    -0.103836    0.0158847    -0.145429     0.447753     0.183842   -0.0161171     0.341679     0.505655    0.0615844     0.118481    0.0569709    -0.188053    -0.184608   -0.0758201    -0.525254     0.143975     0.273982     0.112683     0.211776    -0.477833     0.285824    -0.139653     0.406639    -0.322622   -0.0291733     0.226982     0.553058      0.90421
  -0.0262008     0.312679     0.435942    0.0427795    -0.209971     0.227662     0.389197     0.171334    0.0224031   -0.0838205    -0.292329     0.178003   -0.0414147    -0.326115    -0.290489    -0.233263    0.0866436    0.0382596    -0.585473     0.522823     0.533586     0.543561     0.130468     0.048856     0.181496     0.278002    0.0375643    0.0719931    -0.113555   -0.0711733    -0.241108     0.491898
    0.082796     0.232867     0.136073    0.0420816    -0.112209    0.0491336     0.439923   -0.0886367    -0.171861    0.0210969   -0.0213398    -0.192795     0.156708     -0.11445     0.365044    -0.221462    -0.308551     0.197075    -0.187779    -0.363884    0.0559871     0.158813      0.13892     0.132105    -0.148115     0.349069    -0.230181     0.203707     0.311562     0.109705     -0.29494  -0.00175676
    0.130349    -0.441521    -0.131701     -0.06079    0.0101354     0.324596  0.000656913     0.195116    -0.172039     0.241854   -0.0757607     0.134312     -0.35841    0.0885758      0.10077     0.203258     0.111967    -0.272244     0.626681    0.0226371    -0.555379    0.0316739     0.171501    -0.163863     0.222855     0.662392      0.54991     0.202527     0.357664    -0.254349    -0.327258    -0.248604
  -0.0483045     0.147764      0.22525    0.0745614      0.27029     0.160295     0.257123     0.421605   0.00297632    0.0661795     0.158071     0.107324     0.034167   -0.0557248     0.396443    -0.229408    -0.175776     0.137876    -0.124515    -0.204132     0.243148   -0.0456741    0.0573495    -0.074203    -0.174533     0.139338    -0.362146   -0.0169697    0.0488901     0.236446   -0.0764549     0.325092
   -0.183227     -0.47821    -0.227862    -0.137001    0.0943301    -0.885646    0.0471389    -0.485595   -0.0603894    -0.156466    -0.249115   -0.0583655    -0.453931     0.142704   -0.0249539    -0.183099     0.144796     0.592569     -0.69689    -0.133436     0.567425  -0.00829101    -0.328004    -0.139102      -0.2454     0.196394    -0.317697   -0.0994027     0.239997     0.081871     0.085969   -0.0582506
    -0.10032    -0.128815    -0.602811   -0.0415464     -0.18559     0.126464     0.146221    0.0369459   0.00511971     0.183016   -0.0350844    0.0385077     0.377089    -0.164733     -0.38785    -0.213493     0.400152     0.021125     0.511988    0.0518605   -0.0642376    -0.132947   -0.0823159    0.0426141    -0.062687    0.0443788    -0.282982    -0.195833     0.418805    -0.296383     0.356297     0.223311
   -0.163393    -0.588553    -0.258289    0.0552343   0.00107806    -0.225196     0.239881    -0.519188    -0.518307     0.228472    -0.699875    0.0692277     -0.32053    -0.152734      -0.2514   -0.0350856     0.408679   -0.0904385   -0.0755045   -0.0582954     0.252911     0.511415    0.0682289    -0.301442     -0.48527     0.121378     0.193326    -0.182614     0.024685   -0.0371398    -0.130536    -0.220269
   -0.364847    -0.138336     0.161485     0.324737      0.28239    -0.427118     0.582064     -0.22994     0.225068     0.150508  -0.00600324    -0.626376    -0.149124     0.725554     0.278478    -0.185106    0.0935709     0.266853   -0.0245025    0.0284125     0.126703    -0.510883      0.13154    -0.104533     -0.30269   -0.0436621    -0.498009    -0.190246   -0.0370796    -0.154782   -0.0804565    -0.304426
    0.172524    -0.215795    -0.091388    0.0642544     0.130067   -0.0933303    -0.120111      0.16019    0.0800968    0.0365122     0.301653   0.00989463     0.147815     0.307031      0.12731    -0.294097    0.0282638     0.103674     0.206574     0.194166     0.293985   -0.0248646     0.244911   -0.0583658    -0.217898   -0.0585422   -0.0482564     0.186367     0.154803    -0.098151    0.0443682    -0.209687
    0.172325     0.273337    -0.121445   -0.0557941    0.0827861     0.256859    -0.296699     0.110032    -0.337281   -0.0863106    -0.140827    -0.231682     0.285103    -0.230018    -0.164928     0.210726    -0.245198    -0.204507     0.101613   -0.0282963    -0.205555   -0.0235295     0.194958     0.372573     0.475732   -0.0858701     0.356715     0.265373    -0.147342    0.0112873      0.30746     0.298011
   -0.165395    0.0383279   -0.0110118     0.109073    -0.257948    -0.272907     0.583905    -0.311171   -0.0980142     0.351265    -0.453241    0.0811949    -0.480488    -0.430878    -0.436253    -0.051908     0.213019  -0.00808366    -0.315767    -0.369413     0.282888    -0.277989   -0.0972547   -0.0214842    0.0183555     0.158979     0.682395     0.250035    -0.356354     0.330494     0.107321    -0.210283
   -0.144258    -0.240535    -0.331963    -0.178588    -0.015782     0.110006     0.214853     0.474984    -0.325918    -0.185632    -0.279703     0.761826    -0.814451     0.111399     0.202716     0.179843   -0.0604103     0.280857     0.170002     0.423202     0.158896    -0.292081     0.480496    -0.344117     -0.53693    -0.150116     -0.82328    -0.195475    0.0680499    -0.466578    -0.215868     0.429424
   -0.243391    -0.453302     -0.16734    -0.192188   -0.0634372     0.259195    0.0368046    -0.105575    -0.128765    0.0773843    -0.758331   0.00583566      0.23702   -0.0734491     0.305482     0.183766     0.122619     0.424008    0.0906988   -0.0828828     0.264372    0.0599943     0.220696    -0.315193   -0.0559413    -0.148863     0.284993      0.11481    0.0182698    -0.139986    -0.691914    -0.516732
   -0.133253    0.0678363     0.330846    -0.772794    -0.518682     0.402378      0.38156   -0.0884222  -0.00156829  -0.00668237   -0.0344637    -0.316688    -0.513985    -0.117246    0.0694331     0.171687    -0.135573     0.319569     0.136483      0.42335     0.275479    0.0937817     0.442147     0.114697    0.0574882    -0.142343     0.154888    -0.056983    -0.589423   -0.0683152  -0.00888491    -0.296776
   0.0674035     0.660597    -0.171352    -0.309728    0.0646646     0.258383     0.393563   -0.0674664    0.0416981    -0.119217     -0.31983    -0.205635     0.147658      0.10822    -0.180111     0.106435     0.518049     0.118828    -0.191883     0.315927    -0.530882    0.0900301   0.00380447     0.399896   -0.0202234    0.0732874     0.190131     0.450711     -0.27999     0.459423     0.141139      0.48882
   -0.257431   -0.0789338     0.213473    0.0777876   -0.0995674     0.318105     0.503167    -0.240395     0.061698     0.112844   -0.0562475    -0.237355   -0.0744343     0.256398   -0.0555891    -0.293599      0.25474     0.181611    -0.154867    0.0924675       0.1674    -0.103309    0.0612614     0.352113    -0.226987     0.098117     0.038799    0.0892493   -0.0755138    0.0148276    -0.737027    0.0228976
  0.00888115   -0.0630823     0.198001    -0.256097    -0.462521   -0.0379859    -0.132856     0.010699     0.449062    -0.135651      0.19183    -0.111095   -0.0580975   -0.0514793     0.156958     0.493018    0.0619006    -0.643314     -0.15192   -0.0134533    -0.133996    -0.242438    -0.460106    -0.189367     0.161053     0.293647     0.238404   -0.0477754   -0.0306796    -0.108137     0.488951   -0.0626286
   -0.244536    -0.048764    -0.110264    -0.179759    -0.565524    0.0692178   -0.0676375    -0.021643     0.490853     0.276508     0.122379   -0.0821682    -0.335692   0.00673644    0.0215606     0.195689    -0.115062     0.131089     0.142662       0.1789     0.211779     0.388624    -0.329739     0.187816     -0.26966     0.127972   -0.0552805    0.0469383   -0.0937972   -0.0415911     0.194429      0.13738
   -0.401622     0.581626     0.170456     -0.47347    -0.104487    -0.101606   -0.0919274     0.220093     0.372104    -0.172441    -0.153508    -0.194734   -0.0310944    -0.184473   -0.0764191      0.45345     0.456469    0.0355412    0.0900686   -0.0443581    0.0842486     0.113014     0.395108     0.152217    -0.216344     0.123346   0.00430634   -0.0734162     0.261096     0.413798    0.0520597     -0.15492
    0.195773    -0.352409    -0.201877     0.497758     0.661175     0.297793     0.755984     0.557893    -0.384418     0.300404     0.307093     0.176685     0.333805    -0.153208    0.0895565    -0.170809     0.185552     0.394088   -0.0542635    -0.342556    -0.590693    -0.294949    -0.338483    -0.583588    -0.355078    -0.263196    -0.505959    -0.341113     0.925034     0.427215    0.0447527     0.753928
   -0.265749    -0.124697    -0.052764    -0.153467   0.00691631    -0.274725      0.22716    -0.063456   -0.0456543     0.055621    -0.151054    -0.297297     0.069233   -0.0489558     0.293154     0.115572    -0.194906    -0.337786     0.102524    -0.131564     0.234798    0.0963902       0.0144   -0.0122329    -0.054673     0.137116    0.0439298     0.224862    -0.219569    -0.101786    -0.252124    -0.310961
   -0.206695     0.497306     0.253113   -0.0596162    -0.054907     0.309641    -0.383876    -0.111113   -0.0180266   -0.0390198     0.253729    0.0798632   0.00374574    -0.317966    -0.371222     0.148967  -0.00683142     0.392915    -0.656927   -0.0819907    0.0724737     0.319447  -0.00176923    -0.162984    -0.322157    0.0437603     0.137697     0.411195    -0.278141    0.0917595 -0.000369036     -0.41088
   -0.140643     0.378286    -0.201415    -0.245448    0.0457322    -0.201841     0.152389     0.238195   -0.0346517     0.267547     0.143216   -0.0110304     -1.02403    -0.348193     0.229711    -0.376409     0.283577     0.116156     0.108947     0.382772     0.156168    -0.354682     0.142089     0.144931   -0.0341426    -0.119063   -0.0540662    -0.126231    0.0189809    -0.326375    0.0773941     0.406919
  -0.0914398    -0.193626     0.238244   -0.0953475    -0.345421     0.202715    -0.138306    -0.189363     0.230238    -0.251322   -0.0658809     0.075917    0.0905905    -0.380605   -0.0697762     0.261491    -0.360191    -0.293604    -0.099414   -0.0861659   -0.0316061    0.0132123    -0.196116     0.109025     0.160785     0.194847     0.435358    0.0650375    0.0615604    -0.206941     0.204174     -0.33505
   -0.175086    -0.387934     0.207016    -0.109067    0.0489071    -0.291158     0.264946    -0.231751   -0.0393132   -0.0903761    -0.276709    -0.151686   -0.0618677    0.0939692      0.04501     0.211778    -0.327843    -0.426373     0.238163    -0.304055    -0.100408     0.156876    -0.377213      0.39311    -0.121672    0.0845169     0.170022     0.295842   -0.0605344   -0.0843736    -0.157752   -0.0901735
   0.0564933    -0.130436     0.285089     0.144784    -0.017382   -0.0295638     0.236576     0.184449    -0.113721    0.0782547    0.0978391    0.0840385   0.00483423    -0.163494     0.237922     0.111926    -0.172638    -0.151391   -0.0212202     0.225175      0.77556     0.379987     0.386722     0.246616   -0.0277609    -0.454186      0.32536    -0.115236   -0.0705119    -0.155499    -0.036557    0.0972966
    0.293404    -0.375645    0.0286085     0.321382    -0.211443     0.281528     0.261453    0.0156484     0.160984     0.167216     0.117625     0.104741     -0.11876    -0.122283    -0.182831    0.0677133     0.444618   -0.0523027    -0.414221    -0.196081    -0.442606   -0.0404788   -0.0499056    -0.209003    -0.158708     0.121755      0.27872    0.0694665     0.275595     0.378272      0.32263      -0.3545
   -0.150794   -0.0625558     0.545416     0.149691    -0.074688    0.0530002     0.470208    -0.205974    -0.226281    0.0902837     0.373111    0.0657153     0.218271     0.358172     -0.46874     0.149479    0.0949935     0.288326     -0.22687    -0.249228    0.0815506   -0.0455229   -0.0643685       0.2632     0.214698     0.564046    0.0566769     0.216706    0.0829995     0.249761    -0.626335    -0.119441
    0.387763    0.0377425     0.382052    0.0375663     0.235567    -0.027565    -0.162757  -0.00567497     0.217897   -0.0995609    0.0594594     0.343525    -0.170923    0.0379274     0.279427   -0.0621673    -0.304834     0.263602    0.0522326    0.0852593     0.327705   0.00156677    -0.148809    -0.137877      0.10198    -0.182554    -0.417761    -0.271503     -0.10218       0.3069    -0.293124    0.0240723
    0.417345   -0.0566326    -0.605921   -0.0590981    -0.398998     0.320749    -0.448693     0.231868    -0.197926    0.0986201    -0.282826   -0.0282893    0.0143128     0.021885   -0.0613727     0.119982    -0.398067      0.28936     0.125872     -0.15947     0.272338    -0.342726  -0.00479922    0.0235071     0.400852     0.607904   -0.0503623     0.527638    0.0195069     0.422184   -0.0514636   -0.0815422
  -0.0905417    -0.300808     0.270621   -0.0966592   -0.0971745    0.0520211     0.293901    -0.413256    0.0319261     0.208487     0.226384     -0.41309     0.270529     0.158762   0.00238465     0.194027     0.230993    -0.457492    -0.369783    -0.264673   0.00875258    -0.443934    -0.245146    0.0808966   -0.0297916     0.136172     0.327499    -0.035711     0.343134     -0.15915    -0.108764    -0.352344
   -0.119958    -0.226233    -0.201975     0.117945     0.238544     0.332542    -0.019127    -0.085096     0.249471     0.170399    -0.401235    -0.313682    -0.402498     0.206535    -0.102738     0.405379    -0.224772    -0.235174    0.0672138     0.360372     0.201736     0.474698    -0.297197    0.0390443     0.286639   -0.0445469     0.152903     0.234205      0.24265    -0.200979   -0.0449038    -0.461562
    0.243739    0.0592137    -0.456709     0.297842     0.207232   -0.0791791     0.510098     0.532301     0.186758    0.0560177    -0.291078      0.38379     0.153535    -0.149159    -0.322587    0.0748816    0.0323352    -0.143366      0.11537     0.421856    -0.263921     0.502811     0.190305      -0.3299      0.19918    0.0227107    0.0355015     0.211802      0.25488    -0.406064     0.259454     0.596048
   -0.144662      0.14888    -0.106727    -0.309826     0.117227    -0.219833     0.478925    -0.169412      0.42177    0.0339539   -0.0479498    -0.334906     0.570267    -0.363117     -0.41896    -0.276409     0.194424   -0.0430099     0.126724    -0.494463      0.18988    -0.128989     0.317684     0.220722     -0.93373    0.0450112     0.123697    -0.106155    -0.239658   -0.0617047     0.114473    0.0391292
   0.0100955    -0.407093     0.132863   -0.0107201     0.415685    0.0544847     0.280762   -0.0133298    -0.276536     0.163438     0.229548   -0.0175737   -0.0729904     0.223162     -0.13087   -0.0750048      0.23259    -0.199478    -0.157031   -0.0685531    -0.134865   -0.0860831    0.0500456    0.0606493    -0.172205     0.151722    0.0418743    -0.395798     0.292049    0.0656941    0.0454529    0.0364173
   -0.481406   -0.0506295    0.0839616     0.456442     -0.15024     0.016706    0.0459723     0.312061     0.508574   -0.0322614     -0.14182   -0.0669677    0.0991458    -0.284668    0.0642475    -0.101366   -0.0975407    -0.216598     0.145988    0.0523701    -0.193941     0.106545   -0.0126072    0.0138118     0.125752    0.0517479     0.347269   -0.0558601     0.544911    0.0368894     0.397229    -0.267902
    0.106742    -0.141543     0.170146   -0.0816869    -0.393053    -0.149162     -0.24161    -0.107718   -0.0853588    -0.230272     0.147422    -0.109437  -0.00462374    0.0130864    -0.101254   -0.0728697   -0.0740234    -0.127818    0.0198404     0.182627    -0.151349    -0.296794    0.0578112     0.148611   -0.0456154     0.137178    0.0648405   0.00768532     0.189249     0.511124    -0.313467     0.089602
    0.109962     0.118158    -0.100159    0.0174913    0.0310813     -0.10788    -0.105101 -0.000348125   -0.0104659     -0.46428     0.204377    -0.126926    -0.005512    -0.199919    0.0684554     -0.27521    -0.109516    -0.139713    -0.323529     0.134557    -0.057049    0.0051865       0.2896     0.208502    -0.133456    -0.411206     0.360141    0.0353012  -0.00434827    -0.227625    0.0461333     0.234724
  -0.0954799    -0.278993    -0.137451      0.21167     0.225711    0.0158615     0.544422    0.0839838    -0.332614    -0.341512   -0.0254625      0.41138     0.055792   -0.0370587   0.00631519   -0.0984077    -0.441235    0.0178879   -0.0745507    -0.257808    -0.303673    -0.291217     0.320522     -0.27917    -0.201914     -0.14689   -0.0909757    -0.591536   -0.0622147   0.00538466  -0.00127347    -0.331936
   -0.326744    0.0266513   -0.0359446    -0.130839     0.172755     0.206772     0.183969    0.0662521   -0.0637943     0.104623    0.0415752   -0.0809735    0.0577965    0.0637935    0.0689905    -0.241396      0.08701     -0.56882   0.00271757   0.00776288   -0.0022654   -0.0595982   0.00576482     0.256781     0.347471      0.50288    -0.125184    0.0280857   -0.0945983    0.0825132    -0.199293    0.0576538
    0.486829     0.556443    0.0309026     0.151079    0.0561944    -0.344028     0.256204   -0.0448115     0.357515    0.0744734    -0.011843     0.287602     0.451198    -0.486337    -0.261798     0.149707   -0.0689557    -0.280948     -0.23595   -0.0738313    -0.322491     0.114838  5.88282e-05      0.22834    -0.151983    -0.107794    0.0745553    -0.642304    -0.128195   -0.0409349     0.286849     0.153011
    0.076363     0.166048    0.0188807      0.41136    -0.220992      0.11604  -0.00868399     0.484155     0.125065    -0.177439    -0.043321   -0.0747973    -0.266491    -0.416537    -0.647021     -0.10748    -0.163585      0.12286      0.10983     0.185021     -0.43651    0.0278084     0.163977    0.0864133    0.0290245     0.446312   -0.0983288    -0.644268     0.139838     0.198728    -0.348653     0.463854
  -0.0401276    -0.469469    -0.179802     0.115309    0.0724905     0.155551    0.0730492     0.415871     0.306853    -0.405448     0.042872    -0.175166   -0.0781349  -0.00359142    0.0183691     0.451778     0.085713    0.0858899   -0.0544884    -0.434645   -0.0755274    -0.204531      0.35858     -0.14146   -0.0865874     0.389452     0.809261   -0.0275842    -0.109503    -0.190055     0.203095     0.342093
   0.0345008     0.189944     0.575216     0.360419   -0.0586462       0.3516     0.173938       0.2648    -0.152778    0.0191162     0.361605    -0.281246     0.215762     -0.42879     0.385964   -0.0290525     -0.17554    -0.229648     0.260195    0.0810282    -0.546481     0.352682    -0.239225    0.0989933     0.243494    -0.139208    0.0670072     0.228961     0.259961     0.028398    0.0431575    -0.042363
    -0.18759    0.0596643    0.0139906   -0.0436821    0.0663675    0.0713734        0.154    -0.161259      0.75616   -0.0403396  -0.00993649     0.222155    -0.155759     0.330416    -0.168087   -0.0864341     0.380431    -0.346454     0.914644     0.671343    0.0416234     0.463725     0.146474     0.459023    -0.024802   -0.0964925    -0.236097   -0.0482274     0.298307    -0.803633    0.0672602     0.155019
   0.0922402     0.253785    0.0412435     0.154435    0.0543272    -0.325545    -0.153723    -0.083872    0.0993326   -0.0193687    0.0107535    -0.151832     0.101523    0.0204788     0.107291     0.151489    -0.265669     0.271509    -0.334906  -0.00707941   -0.0568704     -0.35499    -0.562086    -0.213661    0.0522277    -0.228815    -0.134135     0.320743    -0.218912     0.388541    0.0551104    0.0249457
    0.040608    -0.106278    -0.451924  -0.00709914      0.23567    -0.157486     0.443694     0.159525     0.176434     0.139635      0.22463   -0.0987156     0.148521    -0.334589     0.137421    -0.172431    -0.209166     0.101116    -0.162779     0.135301    -0.394758    0.0129016     0.221169    -0.261971     0.317625    -0.145886     0.121804    -0.121776    -0.346253     -0.24891     0.479666       0.2497
   -0.175384     0.245221    -0.309143    0.0499028     0.229107    -0.156532    -0.223887    -0.190327     0.289333    -0.096536     -0.61813    -0.814541   -0.0197232     0.215748    -0.023534     0.227832  -0.00268474     0.193116      0.14983    0.0706378     0.280167     0.202003    -0.164505   -0.0682278    -0.317351     0.521286    -0.290886     0.246266     0.050216    -0.232881    -0.289017     0.161047
    0.242445     0.265196    0.0914318   -0.0600071   -0.0467817     0.463882     0.619396   -0.0593233     0.156389    0.0117418     0.335929    -0.289801     -0.12105   -0.0371648      0.08399      0.49491   -0.0803148     0.238601    -0.363047     0.119835     0.373281      0.24156    0.0325686     0.297545     0.383313  -0.00766737    -0.358554      0.10272    -0.355772    -0.553286     0.296298     0.412799
   -0.146447     0.444129     0.181217   -0.0115725    -0.125281     0.332725     0.786662    0.0456313  -0.00754418    -0.414663     0.101747     0.515793     0.215024   0.00845829    0.0941085   -0.0389226    0.0198698    -0.193306    0.0830262   -0.0696625     0.344751   -0.0258413    0.0797662    -0.226847    0.0511937    -0.372918    -0.307558     0.260054    -0.200189   -0.0359461   -0.0443381   -0.0486531
  -0.0573219  0.000996138     0.150514     0.181399    0.0741619  -0.00100485    0.0180676    -0.365313       0.3825   -0.0985377     0.349789     0.138782     0.223467    -0.139337    -0.135631    -0.105744    -0.149019    0.0287972    0.0720195    -0.289733    0.0409327     0.238497     0.480738    -0.126436    -0.139886    -0.138973    -0.175926      0.32365    0.0645085   -0.0542702     0.133629   0.00743704
    0.313124   -0.0183072     0.287437    -0.114622     0.295136      0.24881     0.426177      0.38621    0.0779454    0.0891262    -0.181097    -0.132562    0.0574391    -0.739109     0.445694     0.421411    0.0298849     0.570665     0.197325     -0.26394    -0.187067    -0.197738    0.0102358    -0.382049    0.0631889    -0.404258    -0.245552    -0.274097    0.0465603   -0.0500792    -0.631933    -0.479333
   0.0632471   0.00108399    0.0270741     0.235646     0.165829    -0.162001     0.386156     0.021327   -0.0601907     0.270698   -0.0900519    -0.191708     0.433046     0.314728   -0.0970324    0.0304951     0.272057    0.0284673     0.369601   -0.0961078    0.0863262     0.125783   -0.0760728    -0.371551    -0.260273   -0.0252302   -0.0336126    -0.244373     0.126422    0.0126922    -0.420188   -0.0143701
  -0.0471783    0.0760197     -0.24026   0.00785164    -0.257569    -0.183328    0.0454972   -0.0144489    0.0231913   -0.0504613     0.276931     -0.53521    0.0475572 -0.000176313       0.3969    -0.171797    -0.130944    -0.212656     0.209741     0.124988     0.455943     0.348311    0.0470888     0.532976     0.174108     0.584824     0.451159    0.0973136    -0.253187   -0.0522614   -0.0687547    0.0768072
    0.279502   -0.0995942     0.373661    -0.151979    -0.187071    -0.434319    -0.948398    -0.141533      0.65681   -0.0102775     0.489625      1.02101   -0.0892661   -0.0745154      0.15335     0.183223   0.00391306    -0.407379     -0.20463     0.185554    -0.105918     0.625044     0.142145     0.149846   -0.0728629    0.0648119      0.05726     -0.24193      0.36914    -0.253494     0.263968     0.396828
  -0.0942883   -0.0967264     0.413861    0.0777849    -0.304214     0.153594    -0.337622   -0.0635077   -0.0437961    -0.341879     0.452569    -0.297287   -0.0389097      0.22639     0.318834   -0.0673603   -0.0686627    0.0375302    -0.170542    -0.285168     0.252916    -0.393187    -0.199523     0.397266    -0.301204    -0.611812   -0.0816832   -0.0698874     0.133248    -0.102852     -0.76433    -0.158836
      0.1755     0.192228    0.0362821     0.233965    -0.226502     -0.22828    -0.310455    0.0918027    -0.155813    0.0115935   -0.0218971     0.609392    0.0169656    -0.126361    -0.105499    0.0618838     -0.06298     0.164668    0.0166735   -0.0936059    -0.257789     0.460487     0.111778    -0.319309    -0.324251    -0.322567      0.10051    0.0493479     0.515874    -0.120614     0.307041     0.449142
    0.181075    0.0741696    -0.252963     0.179803   -0.0973343     0.211673   -0.0278889     0.376589    -0.142347     0.100821     -0.18964     0.139329   0.00652527     0.118195    0.0101204    -0.051532    -0.215827    -0.202176    0.0770806    -0.101748     0.107156     -0.34606      0.22087     0.124074    -0.506741  -0.00201978   -0.0534398   -0.0469271   -0.0938185   -0.0900238    -0.424542    0.0613104
    0.215722     -0.16423      0.19994     0.281745    0.0652757   -0.0784386   -0.0337072      0.15771     0.142379    -0.377055     0.168898     0.174103    -0.126142     0.163525     0.194633    -0.152704    -0.531952     0.186233    -0.290055    -0.399277    -0.275151   -0.0712403    -0.147054   -0.0359493   -0.0290989     0.631291     0.217696   -0.0333634     -0.24805     0.209763    0.0525988     0.459232
   -0.153839    -0.037739     0.171459    -0.110699    0.0844165     0.398634    -0.116022     0.106617    -0.120697    -0.263842    0.0197699    -0.165369    0.0709764     -0.23849     0.472292     0.271766     0.304627     0.171377    0.0641044  -0.00944198     0.116035    -0.476508    0.0201418    -0.230285     0.130843    -0.420397    -0.184468     0.156387    -0.114973    -0.184972    0.0510872    -0.436784
   -0.521073    -0.486042    -0.134243   -0.0335578    0.0261228    -0.360875     0.083851    0.0250224     0.501947    -0.200652    -0.520119     0.211117   -0.0179551     0.603519       0.3964    0.0895334  -0.00824525   -0.0432039    -0.248042    0.0945521    -0.480078   -0.0155561    -0.338179    -0.138343     0.159883    0.0268623      0.01235     0.128926  -0.00829013     0.268531     0.512386     0.263577
     0.39497    -0.295288    -0.247379       0.4448    0.0340037    -0.254371     0.477044     0.624058    0.0391855     0.478782     0.494095     0.262442     0.469721      0.63106    -0.713442    -0.148499    -0.117586    -0.357858      0.49637    -0.403116    -0.626193     0.229769      0.16059    -0.194915    -0.224296     0.186196   -0.0544074   -0.0713921     0.590772  -0.00161375    -0.142384     0.551424
   0.0149285    -0.142599    -0.346731     0.126227    -0.292595   -0.0471925    -0.273738     0.035713      0.29494     0.113571   -0.0495675   -0.0386874     0.213136     0.147108     0.160629   -0.0918235    -0.441307    -0.311695    0.0565126   -0.0270104    -0.148798    -0.274136   -0.0444138     0.283879     0.284792      0.27382      0.49176      0.65151     0.101428   -0.0171324     0.327351    0.0203177
   0.0528943    -0.345419   -0.0964531   -0.0628068     0.132434    -0.585285   -0.0181197     0.106483   -0.0590228    0.0748712   -0.0563624     0.289248    -0.341616    -0.101768     0.213666     -0.22999     0.637556    -0.106415    -0.295441   -0.0165761     0.616083   -0.0682172    0.0839491    -0.138049    -0.649027    -0.313824   -0.0878319   -0.0887442   -0.0294345     -0.36537     0.219844    -0.171201
   -0.666891   0.00840387    -0.307201     0.202848   0.00368022    -0.168653     0.993332     0.414218     0.234509    0.0339287    -0.137024     0.173269    -0.756165     0.503029     0.200864    -0.306954     0.211083    -0.225934    -0.492706     0.238411      0.18213   -0.0594545   0.00527779    -0.270928    -0.078961     0.119547     0.218054    0.0082483    0.0198656    0.0363722     0.107502     0.035663
   -0.292278    -0.442787    0.0696037     0.356157    -0.173939    -0.178097     0.297359     0.341074     0.399495   -0.0206284    -0.138665   -0.0465835    -0.179923    0.0646213     0.247086     0.149759     0.162199    -0.447372     0.198187     0.232461   -0.0463431   -0.0568091    0.0678144    -0.454626     0.249003     0.105396    -0.315938    -0.336143  -0.00183809    0.0459265    0.0985813   -0.0420449
  -0.0721556    0.0158147    0.0059995   -0.0282643    -0.167466     0.318932     0.303652     0.322157    -0.258311    -0.324682    -0.224585    0.0520532    -0.416846    -0.578534     0.621493   -0.0457156    -0.172452   -0.0189237     -0.32182    0.0739701     0.106728    -0.301702   -0.0798124    -0.522783    0.0918457   0.00304818    -0.302429    -0.322753     0.370196   -0.0724033     0.138269   -0.0884865
