    0.391755   -0.0354852    -0.411987    -0.227991     0.483283    -0.134509     0.161996    -0.890935     -1.18082    -0.377923     -1.10451    -0.157883     0.421725    -0.175749    -0.320648    -0.515774       0.9226     0.143142    -0.450578      1.01925     0.417098    -0.220213     0.654583   -0.0625676    -0.392383     0.185871     0.550197     -0.80785    -0.620225     -1.46371    -0.789436     0.569651
   0.0573637     -0.36563     -0.32379    -0.941628   -0.0699769    -0.658322    0.0736106    -0.982359     -0.84408    -0.836618    -0.765089     0.262407   -0.0592613    -0.997582    0.0419647    -0.298893    -0.218724       0.1324     0.477911       1.2868     0.608496     0.344363    -0.368359    -0.279077     0.413163    -0.197836    -0.501929     0.161902    -0.270298    0.0124934   -0.0302356      0.90919
    0.595721     0.815977    -0.271961     0.472936    -0.404114    -0.289824    -0.119431    -0.709383     0.334751     0.505777    -0.857745     0.201503    0.0135207    -0.335092     0.375747   -0.0301564     0.146769     0.131303     0.671762    -0.120581     0.860172     0.259666     0.752716    0.0484538     0.487366     0.455005     0.261685    -0.318167    -0.170608     0.530283    -0.600839     0.141213
    0.113983    -0.439519    -0.598951     -1.10819   -0.0349734    -0.398327     0.383548    -0.455692      0.23664     -0.19498     0.433277    -0.305957     0.852445    -0.205714    -0.272837    -0.369209   -0.0932395    -0.170688     0.929236      1.19297    -0.301447      0.29386    -0.656657     0.208717     0.155737    0.0298551     0.384671      0.73979    -0.673161    0.0768363     0.582636    0.0379833
    0.335158     -0.28195      0.36297     0.219362    0.0950004      -1.0804      -0.1298    -0.966017    -0.471761     0.297022    -0.311992     -1.19697     0.861204     -0.17005     -0.43117     0.465503    -0.316254    -0.854536     0.344111     0.428799     0.151712    -0.800542    -0.881527    -0.237544     0.460508     0.211589   -0.0547441     0.277616     0.398425     0.384755    0.0647852    -0.348035
    0.314387    -0.162127     0.528188    -0.174887   0.00809571     0.489159    -0.204054    -0.700358    -0.325516    0.0149722    -0.350777     0.428161     0.306417      1.12075    -0.456197    -0.608757     0.286989     -0.11761     0.405339     0.293457    0.0872832    -0.464073    -0.747855     0.493333    -0.414629    -0.630021     0.534498   -0.0426222     0.616611     0.504046     0.173004     0.313945
   -0.114509     0.142428     0.662124      0.77891    -0.540885    -0.144143     0.444108    -0.102385   -0.0687722     0.870739     0.473379    -0.380199     0.199852     0.189543    -0.120514     0.314038      0.55927     -0.04618    -0.200685    -0.230753    0.0466998     -0.90689   -0.0777239     0.307317   -0.0969628     0.550463    -0.885353     0.169374      0.96023     0.986781     -0.49292     0.714084
   -0.590215     0.203035    -0.170928    -0.742362     0.173175    -0.444062     0.439213    -0.245949    -0.210473    -0.569415      1.06306     0.263783    -0.292472    -0.322567    -0.912353    -0.662049     0.783296   -0.0398171    -0.187253     0.731684     0.661726    0.0372504    -0.823759     0.211544    -0.681958    -0.219992    0.0600339     0.438706      0.29176    -0.496041   -0.0364949     -0.21282
-0.000210159    -0.474546     0.803016      1.31238    -0.389869    -0.438914    -0.292728    -0.646346    -0.165921     0.387303     0.309635    -0.602108     0.881017     0.349733    -0.113047     0.193085    -0.489472    -0.564364     0.708999    -0.653093    -0.425226    -0.652256    -0.246389  -0.00414494     0.372337     0.460622     0.575888    0.0937532     0.156552     0.106169     0.220717    -0.224841
    0.123415     0.175401     0.469162    -0.445803    -0.515229    -0.410929    -0.285579   -0.0155107     -0.21849    -0.304338   -0.0969395     0.269062    -0.333596    -0.240062     0.146948     0.017193    -0.235941    0.0557194     0.117382     0.154381  -0.00981916    -0.119089    -0.438721    -0.164787     0.278962    -0.378488    -0.153319   -0.0416472     0.546028     0.619266     0.237674     0.135058
   -0.466089     0.344405     0.125789     0.585711    0.0161113    -0.682127      0.60221     0.175876     0.548086    -0.184968    -0.203078    -0.227134     0.692014     0.274063    -0.122077     0.202282     0.634997     0.203406     0.441966     0.341734     0.800437    -0.317511    0.0280106    -0.171296     0.180868    -0.162819     0.336208     0.596724    -0.170772    -0.506313    -0.486386    -0.712574
   -0.586106    -0.408551    -0.456795   -0.0745148     0.784863     0.657687   -0.0565388    -0.832759    -0.811408     0.421926     0.244886     0.681593    -0.283354     0.548221     0.553374     -1.07048    -0.326006      0.57813     -0.32851      1.18604     -0.68839     0.255727   -0.0146179    -0.340682    -0.776352   -0.0752914     0.587283    -0.157767     0.109513    -0.505346     -0.21277     0.948474
   -0.664205     0.230167     0.408791     0.527897    -0.414122     0.323965    -0.164342    -0.358238     0.700528      1.38281    -0.237633    0.0401082    -0.240223    -0.206308     0.659378   0.00399936     0.460882    -0.371179     0.405059    -0.367821     0.314266     0.355186     0.626304    -0.734497    -0.183917     0.665021     0.269547    -0.152818     -1.26658     0.657889    -0.110763     0.147851
    0.114765    -0.659761   0.00860076      -1.3948     0.372932    -0.172849   -0.0931767      -0.4597    -0.732248    0.0927195     -1.04336    -0.487796    -0.941449    -0.989374      0.47265     0.165186      -1.1481     0.472374    -0.136899     0.383049     0.124019    -0.150954    -0.673985    -0.440022       1.2062   -0.0582392   -0.0990715     0.302625    -0.175848   -0.0528039     0.762186     0.257132
    0.786708     0.518854    -0.990865    -0.137513     0.766899     0.179196    -0.444952    -0.538827    -0.176737    0.0604782    -0.865584     0.300629    -0.386187     0.101404     0.110072     0.141884     0.266657  -0.00413344     0.819437     0.116062     0.837371     0.880372     0.101659    -0.842891     0.292093    -0.655533    0.0850033    -0.293186     -1.23193    -0.528002     0.321825    -0.838089
    0.137371     0.202621    -0.164976     -1.61695     0.140533     -1.23274     0.545927    -0.758013     -0.49583     -0.25955    -0.284339    -0.739842   -0.0767613    -0.565988    -0.163995    0.0560923    -0.280581     0.165757    -0.380278     0.740217    0.0717791    -0.426472    -0.847832    -0.173015     0.279157   -0.0461402    -0.815842   0.00622331    0.0727499    0.0779106   -0.0306927     0.555416
    0.146807   -0.0469633     0.145427     0.016623    -0.674507     0.205084    -0.947962    -0.140555     0.846819     0.303148    -0.627805    -0.226808    -0.603533     0.871261    0.0802748     0.611922    -0.118421     0.102669      0.32947     -1.45482     0.167776     0.328081      0.50496     -1.06951    0.0784612     0.180882    -0.021124    -0.390781    0.0149524     0.348905    -0.390084   -0.0600042
   -0.242362     0.967403    -0.287795    -0.217802    -0.787711    -0.224219     0.363022     0.336326     0.481508    -0.296529      1.10516       0.5159     0.457653    0.0922059    -0.324909    -0.342842     0.869837     0.667478   -0.0254693    -0.457035     0.111418    -0.347807    -0.262575     0.472448    0.0241902     0.629631     -1.00788  -0.00727542     0.436622     0.584375     -0.56063   -0.0155251
   -0.234512    -0.227732   -0.0891804     -1.53158    -0.807642     0.373657     0.649727    -0.363287     -0.31906    -0.610458    -0.316948    -0.183863     0.779303    0.0125978    -0.199773     -1.04425     0.415916    -0.283278     0.543948     0.461722    -0.302156    -0.299857    -0.390819    0.0655299    -0.352171    -0.195114     0.749436    0.0513256    -0.514199    0.0319693      0.20995     0.448453
   -0.704294      0.77688    -0.785948    -0.315776    -0.599819    -0.555756       1.2346   -0.0175231    -0.686107     -0.45459     0.665254    -0.460139       1.0713     -1.19232    0.0342319   -0.0250762   0.00468268     0.205704   -0.0452825     0.239818    -0.506529    -0.612788     0.440072    -0.213148    -0.251154      1.17226    -0.612204   -0.0963055    -0.375858    -0.658179    -0.529014    -0.170978
   -0.741504     0.320139    -0.161381    -0.738602    -0.832323     0.861917     0.304107     0.404118    -0.164578    -0.471065     0.885377     0.613893    -0.101455    -0.222311    -0.420714    -0.937276     0.859035     0.279491     0.306699    0.0522693     0.375944     0.527812    -0.294608     0.210262    -0.379615     0.441133    -0.427031     0.316193    -0.393529    -0.547273    -0.147784    0.0678913
   -0.158267    -0.492916    -0.627506    -0.107012    -0.313295    0.0220778     0.470155     0.219012    -0.515847    -0.632904    -0.346734     0.403957     0.142784    -0.753998     0.595125     0.545408     0.542915    -0.516783   -0.0519868     0.547855    -0.834172     0.230539     0.077373    0.0758596    -0.257565    0.0742912    -0.921926    0.0393502    -0.175466     0.230497   0.00118672     0.890751
  -0.0320342    -0.277182  -0.00336817     0.296453    -0.447134     0.810011    -0.450758     0.719559    0.0414999    -0.618137     0.797249     0.725263   -0.0696187     0.265336   -0.0261934    -0.124208    0.0817662     0.408806    0.0136484    -0.813273    -0.382152     -0.15686    -0.334778   -0.0600442      0.27509    -0.415911      -1.1198     -0.50787     0.364424     0.460791     0.234892    -0.489595
    -0.36048    -0.516515     0.561482      0.36046    -0.801641     0.565785    -0.757517    -0.257581     0.343892    0.0379215    -0.263243      0.80433    -0.679845     0.200292     0.248521    -0.550376  -0.00722928       -0.404    -0.107608     -1.16023    -0.456035    0.0111328     0.407866    -0.795186     -0.14576    0.0922381     0.173323     -1.24125     0.454988     0.188148   -0.0503583     0.436676
   -0.582361    -0.456516    -0.442636    -0.199657     0.344726    0.0459933    0.0563081      -1.3337     -1.18304     0.098825    -0.863921     0.230036    -0.616534     0.121615     0.298343    -0.521741    -0.253612     -0.14074   -0.0223081     0.207248     0.373853    -0.566688   -0.0335747     -1.17071     0.401852     0.131651    -0.148615     -1.37436    -0.555927    -0.529973    -0.718369     0.604814
   -0.348965     0.164852     0.607181     0.206816     0.192956     0.502358     0.289255     0.165481     0.209191       1.2621     0.592728    -0.105258    -0.465651    -0.450449     0.467493    -0.528257    -0.482473     0.470608    -0.257227     0.360491     0.140353   -0.0961439     0.348402     0.574782     0.615858      0.43047      0.29872     0.116156    -0.669044    -0.348639    0.0979896     0.254401
     1.02815    -0.195001    -0.488703     0.432747    -0.258185    0.0705513     0.572545    -0.509546      -1.1705    -0.990131     0.381055    -0.861316      1.51358     0.409086    -0.267755     0.493913      0.52077    -0.444412     0.953309     0.603536    0.0387034    -0.591583    -0.442877     0.295004     0.155718    -0.324164    -0.280477     0.265456     0.230662    -0.033649     0.464651     -1.09799
    0.418047    -0.279479    -0.502659     0.542493     0.899582     -0.21966    -0.658032   -0.0228546     -0.18029    -0.524507    -0.538244     0.875077    -0.430626   -0.0826752     0.347367     0.127187    -0.245448    0.0324389     0.334569     0.527431    -0.279942      1.12934    -0.524607     0.218692    -0.413602    -0.479501    -0.740871     0.280751     0.781995    -0.188518   -0.0288963     0.500438
   -0.323811      1.15523    -0.171633    -0.140068    -0.526898     0.675253    -0.267284     0.384718     0.465255     0.121533       1.6634     0.683572    -0.260114    -0.283298    -0.728523    -0.772753     0.870898     0.571846    -0.146281    -0.295687     0.905617     0.361966     0.154545      0.64653     0.368702     0.981866    -0.695857    -0.455708   -0.0657426    -0.493548     0.104862    -0.421538
   0.0948915     0.137765      -0.3671    -0.176814    -0.010797    -0.128329     0.473029     0.492065    -0.407699    0.0751264    -0.172957      0.68079    -0.573799    -0.619099     0.404713     0.637732    -0.130896     0.800966    -0.517195    -0.678328    -0.539617    -0.176792      1.03819     0.192207    -0.298115    -0.327926    -0.621424     0.181356    -0.387822      0.15986   -0.0101856    0.0864436
   -0.424021    -0.966023     -0.20841      1.01907     0.657697     0.183658    -0.300584    -0.995887     0.188671     0.510733     0.551865   -0.0917528     0.246575        1.101  -0.00193307     0.263465   -0.0938456    -0.554271     -0.15659     -0.24252     -1.42216      0.17668     0.160191    -0.461483    0.0237295     0.204351     0.930811     -0.25398     0.107758    -0.150611     0.113566     0.012043
   -0.199171      0.36675    -0.951192     0.141179    -0.367429     0.266046     0.404697    -0.313649    -0.070478   -0.0632164     0.864666    -0.741171      0.41502     0.874549     -0.49213     -0.11428     0.576807    -0.350828      0.57866      0.92506     0.158248    -0.158443  -0.00125659    -0.178822     0.141769     0.534045     0.616334     0.471737     0.436104     -1.09235    -0.267907    -0.832131
