    0.462678     0.253375     0.291343   -0.0305417     0.398245    -0.371485    -0.111958    -0.231199    -0.368152     -0.33035     0.389827    -0.134948    -0.156311     0.298755     0.640376     0.376687    -0.521917   -0.0476308    0.0761168     0.484149     -0.11553    -0.118118    -0.260946     0.167544     0.066755     0.235517    -0.167802    -0.293543    -0.293356    0.0995179    -0.254183     0.255498
    0.105103     0.126837    -0.218524    -0.704726      0.13492  -0.00210569     0.505182   -0.0125145      -0.6731      0.54557    -0.464024    -0.119551    -0.414367     0.189907     0.289988     0.226514    -0.234234     0.256979    -0.421174    -0.204998    -0.253782    -0.119605      0.01635    -0.531987    -0.720484     0.257991    0.0652304    0.0318343     0.429988    -0.511769     0.147115    -0.949755
    0.376928     0.444104   -0.0347479    -0.235359     0.342152      0.24449     0.377719    0.0626272    -0.311516    -0.180837   -0.0672855    -0.327666     -0.21187     0.444098   -0.0740059    0.0501767    -0.556995    -0.222587   -0.0863166    -0.255369     0.166112   -0.0570954    0.0856708     0.136697    -0.206328     0.430002    0.0629581     0.312752     0.291168    -0.198582    -0.203266     0.338628
   -0.183257     0.547332   -0.0394327  -0.00241005     0.215335     0.347648      -0.4972    -0.190369   0.00709454     0.133238    0.0282652    0.0914077     0.121749     -0.89478   -0.0971937    -0.237317     0.404194    0.0415753     0.626762     0.286098   0.00465219    -0.189353  -0.00382945     0.464467    0.0568549    -0.559114    0.0185935   -0.0262941     0.146575     -0.24638    -0.548839     0.285896
   0.0661423    -0.347235     0.644279     0.537073    -0.251524     0.435533     0.420613     0.242987    -0.058977     0.128425    -0.737385    0.0938702    -0.554431    0.0329891    -0.172133     0.163174    -0.332272    0.0950034    -0.466206    -0.233284    0.0318309    -0.168273    -0.554975    -0.482461      -0.1797     0.163857    0.0886221     0.523142    0.0430346     0.230309    -0.362377     0.145468
    0.292935     0.184939     0.402913     0.101486     0.128625    0.0974804      -0.3298    -0.776191     -0.33759     0.347913     0.957245    0.0766947    -0.149312   -0.0364503     0.467303    -0.109139      -1.2243    -0.367656     0.189314    0.0672075    0.0309979    -0.237262     0.777953      1.03146      0.11061      0.56308    -0.324993 -0.000527661    -0.635366     0.350538   -0.0635627     0.900423
   -0.132381     0.172446    -0.477616     -0.52104     0.141808    0.0222722    0.0154604    -0.257028    -0.025739   -0.0134978    -0.253063     0.349775     -0.10337    -0.611423     0.222482    -0.404947     0.439996     0.138666    0.0388645    0.0339937     0.406412    -0.159368     0.538163   -0.0225183     0.373652     -0.28684    -0.499894    -0.526537     -0.39499    -0.138107    0.0455325     0.533549
 -0.00577865     0.333486    -0.108943    0.0917798     0.231602     0.166556    -0.222281      0.31538     0.573702    -0.201824     0.217488    0.0121369   -0.0191907    -0.133154    -0.143445    -0.203234      0.45291    -0.244961     0.249672     0.047988     0.304486   -0.0777251    -0.155773    -0.173995     0.526932    -0.294263    -0.049688    -0.109717     0.170692     0.159269    0.0814177    -0.148052
   -0.344555     0.320263     0.108198      0.66146      0.11933   -0.0385472    0.0445175    0.0645153     -0.19492    0.0637594     0.310444    0.0726258     0.155752    -0.203221     0.257471     0.139288     0.383153   -0.0724506    -0.266476    -0.309584    -0.162886     0.252386    0.0830077    -0.339916     0.122808     0.194129    -0.147634    -0.580906    -0.165428    -0.514617    -0.109714    0.0432859
    0.675079      0.60156     0.276952    0.0281103     0.245121    0.0544266    0.0556771    -0.155781     0.311106    -0.448374    -0.314791   -0.0324332    -0.181309    -0.925548    0.0486499    -0.364528    0.0128753    -0.442541    0.0876553   -0.0165743    -0.162061    -0.268659    -0.617069     0.279305     0.554371    0.0778084     0.144522    -0.148167    0.0693126   -0.0312586    -0.672208    0.0153991
   0.0985127     0.367385     0.267747    0.0389112    -0.310164    -0.270827    -0.535951     0.202409     0.124117    -0.315235     0.179364    0.0908693     0.359238   -0.0931441    -0.555147   -0.0853584     0.543035    -0.175074     0.294882  -0.00289537        0.125   -0.0138895   -0.0771539     0.653997     -0.15415      -0.3083     0.439084      -1.1635    -0.257031    -0.145729    -0.208815   -0.0609628
   -0.353716    0.0474838    -0.326661    -0.106185     0.336264     0.113674     0.203218     -0.73535    -0.402182     0.351113     0.507013    0.0336246    0.0168115    -0.711031  -0.00636787    -0.368663    -0.428345      0.33962     0.713393     0.213161    -0.534896    -0.293322     0.197771     0.675183    -0.345137    0.0800542    -0.317827    -0.351555   -0.0660948    -0.190666    -0.117332     0.448241
    0.515995      0.24412    -0.317626    -0.426371     0.375213     0.139831      0.37807    -0.136418      0.27539   -0.0484659    -0.178758     0.231937    0.0499636    -0.318728     0.311027    -0.198013     0.030298   -0.0294644     0.226341     0.224206    -0.459942    -0.351584     0.131377   -0.0498262     0.207549     0.182244    -0.241033    -0.539464    -0.116113     0.132918    -0.339365    -0.255372
    0.638704     0.424704     0.258575     -0.22282     0.157647     0.540012     0.558488    -0.722911    -0.252532      0.49128   -0.0972357     0.849376    -0.367969    -0.190417     0.437698    0.0456916    -0.535695     0.678765     0.144819     0.272343    0.0794133     0.134757    -0.964664     0.322115    0.0562076   -0.0882209     0.582329    -0.516542    0.0881158    -0.491103    -0.418772    0.0159817
  -0.0642343     0.603127    -0.172384   -0.0210127     0.387806     0.638259   -0.0242352     0.343002    0.0918569    -0.157288   -0.0354676    0.0143121    -0.709838     0.349312    -0.358885    -0.484498    -0.125989     0.257353     0.195057     0.160428   0.00618019     0.459603   -0.0819986    -0.234702    -0.122776     0.253182     -0.31321    -0.205828    -0.143417    0.0465952    -0.462877     0.253473
   0.0309911     0.392241     0.370819     0.709702    0.0882784     0.763397   -0.0765481    -0.478637     0.435572     0.368894     -1.11384    0.0311504    -0.134147    -0.180318    -0.425951    -0.590466    0.0100771   -0.0259076     0.457181      0.34862     0.183249     0.198757     0.196072     0.663061    -0.361689     0.202929   -0.0149883    0.0170504     0.301645    -0.325207     0.319178    0.0136951
    0.136775    -0.608257     0.458138     0.665296     0.247787     0.242074     0.436123     -0.20588   -0.0275647    -0.559377      1.09263     0.184087   -0.0981618     0.116059    0.0122784   -0.0619784    -0.800808     0.256819     0.345387    0.0104346    -0.614976     0.470514    0.0836102     0.268252    -0.530466      0.61356   -0.0770519    0.0904007     0.289319      0.14511    0.0970224     0.517693
    0.126143     0.455655   -0.0225599     0.259673     0.153245     0.561334    0.0782158    -0.380382    -0.345816    -0.201121     0.482035   -0.0335145     0.298574    -0.456396    -0.110073     0.116578     0.324438 -0.000302092   -0.0335587    -0.254322     0.178645    -0.242175     0.411824    0.0786092    0.0725839     -0.11081    -0.543055     0.175096    -0.822038    -0.147119    -0.376739   -0.0752762
   -0.590861     0.278135    -0.296319    0.0347783     0.425375     0.128992     0.394854    -0.299257    -0.198966     0.379814    -0.581478    -0.258828    -0.113791    -0.122613     0.558417    -0.124668   -0.0964424     0.155795   -0.0335637    -0.333212     0.743984     0.323886     0.266034     0.429876   -0.0399939    -0.335448    -0.282603     0.479335    -0.171855    -0.210172   -0.0156756     0.165213
   0.0270253    -0.450616     0.499394    -0.142463   -0.0177761     0.299164    -0.229447     0.159351     0.416502     0.511904     0.589015     0.110334     0.344786    -0.396144    -0.219371    -0.156359     -0.23681     0.641662    -0.174838   -0.0474456     0.171855      -0.2708 -8.96529e-05    -0.201613   -0.0378363    0.0403309     -0.21697     0.220229     0.728593     0.181713     0.162794     0.435319
   -0.136389   -0.0543495    -0.261254    -0.274547     0.346671    -0.153576    0.0771471     0.560498     0.296228    -0.135075     0.406095    0.0432207   -0.0118946    -0.076482     0.585871    -0.329216     0.194056     -0.17761    -0.441201   -0.0556858     0.342102     0.310405    -0.123186     0.121045     0.714555     -0.18414    -0.172119  -0.00329096    -0.331001    -0.149972   -0.0307143    -0.333144
    -1.19301      0.10736    -0.845007     0.278937     0.153001    -0.388233    -0.763008     0.774539     0.625238    -0.235689    -0.501828    -0.967659     0.117414    -0.720765    -0.141175     0.474493     0.583228    -0.103429    -0.680514     0.110854      0.41245    -0.274729     0.652441    -0.185238    -0.299658     0.080375    0.0343513     0.575458    -0.381029    -0.289667      1.09151     0.597928
    0.489251     0.868444   0.00492128   -0.0189798   -0.0674165     0.192146    -0.323496    -0.346982    -0.206328    -0.195946    -0.020225    -0.482053    -0.397425     0.411333    0.0320031    -0.355099    -0.481647     0.222884     0.412545    0.0801648     0.347755    -0.206296   -0.0321727     0.340181     0.152027    0.0356882    -0.550477     0.685833    -0.144219    -0.326478     -0.34974     0.425787
   -0.496578    -0.207402   -0.0399172    -0.086862     0.127477    -0.109586     0.378174    -0.268645    -0.190543     0.634121     0.367396    -0.479793     0.266754     0.189299     0.256645     0.169477     0.311739    -0.355732    -0.327046    -0.227054    -0.148826    0.0981048     0.226201   -0.0232107    -0.126425     0.210743   -0.0747384    -0.273464     0.167477     0.119501   -0.0340931    -0.158163
    0.411436    -0.301873     0.298175    -0.542202    -0.023714    0.0741866     0.447877    0.0970997    -0.176245     0.055584    -0.257689     0.226889   -0.0999093     0.639892    0.0737468     0.690371    -0.347968    -0.324623    -0.454325    -0.400163     0.183807    -0.355912     -0.17903     -0.42647    -0.129123     0.293496    -0.439762     0.164128     0.348143     0.148915      0.11003    -0.545941
    0.387321     0.222125     0.263539     0.132691    -0.217019     0.113656     0.257871     0.182642     0.174597   -0.0470017    0.0808756     0.161634     0.337319    -0.158485     0.458621    0.0554998    -0.181642     0.395277   0.00582005     0.450511    0.0818698    -0.387307      0.59042    -0.135858      0.34095    -0.110891    -0.358368    0.0939097    -0.303203     0.525751    -0.335509     0.285521
    0.378707     0.545622       0.1784    0.0646816    -0.154551    -0.059059    -0.469575    -0.414036     0.451695    -0.482669    -0.239193    -0.230069     0.059244   -0.0160905     0.124109    -0.236988    0.0483259    0.0225487     0.290527     0.236217   -0.0555212      0.10986    -0.139323     0.212403    -0.141514     0.307732    -0.233784    0.0724969    0.0546109    -0.743907     0.176573    -0.457957
    0.180368    -0.633807     0.434548    -0.628154     0.093608     0.225515     0.213767     0.298533    0.0138837     0.275901    0.0191929   -0.0515928   -0.0273715     0.043913   -0.0345253    -0.521005    -0.473736    -0.112557   -0.0418218    -0.486659     -0.54489     0.535092   -0.0174334     0.198884    -0.405111    -0.182521      0.13929    -0.469933   -0.0970964     0.044461    -0.174015      0.24332
      0.9212      0.66674     0.415965     -0.16349    -0.218312     0.490797    -0.329217    -0.443981    -0.395392      0.19715     0.231102    -0.407716    -0.233249    -0.292131    0.0705828       -1.094     0.012591    0.0683374     0.589343   -0.0930493     0.235677    0.0896881    -0.180995     0.463504     0.364987    -0.204361    -0.544632    -0.301009    -0.231964     0.555582    -0.543006     0.536166
   -0.134718     -0.63262    0.0867445    0.0683273    0.0752617   -0.0859769     -0.47097    -0.200447    -0.188852   -0.0319902    0.0780149    -0.172109    -0.233167     0.238967     0.598095    -0.186783    -0.199236    -0.701858      0.16788     0.517483    -0.548126    -0.221128    -0.642509     0.129607     0.760269    -0.432186     0.245416     -1.12749     0.361783    0.0806586    -0.364984      0.81364
   0.0864328    -0.372881    -0.217241     0.542587   -0.0534892     0.509479    -0.049618    -0.216082     0.293609     0.190616    -0.456102    -0.358741    0.0631178    -0.172962    -0.395314    -0.275087  -0.00300774    -0.558387     0.358174  -0.00923094   -0.0832156     0.427589   -0.0273122      0.40539    -0.192052     -0.17214   0.00283838    -0.719682    -0.340939   -0.0369137    0.0101068     0.216508
    0.232123     0.497875    -0.193673    -0.239113     0.165286   -0.0579811    0.0927028    -0.141762    -0.459961     0.182344    -0.155216     0.195567   -0.0664768    -0.595199    -0.147683      0.55149     0.450112     -0.17239   -0.0252153    -0.408411     0.343749     0.329158     0.188581     -0.30532    -0.107951      0.43537    0.0724649     0.240924    -0.467724    -0.661707     0.530445     0.174863
