 -1.20834
 -1.02622
-0.851572
  -0.9716
 -1.35551
 -1.70864
 -1.50756
-0.834414
-0.779073
-0.690763
 -1.73685
 -1.98985
 -1.30896
-0.860095
 -1.37601
 -1.19481
-0.631905
 -1.15189
-0.992983
-0.936234
-0.824479
 -1.03952
 -1.11388
 -2.00971
  -1.2541
-0.493461
   -1.132
-0.991593
-0.900365
  -1.0615
 -1.05105
-0.996193
-0.836096
 -1.47169
 -1.03013
 -1.10202
-0.716244
 -1.46665
 -1.09225
 -1.06461
 -0.75048
-0.879455
 -1.31976
 -1.08015
 -1.39118
 -1.59055
 -0.56696
-0.982578
 -1.85949
 -1.49673
 -1.62406
 -1.43433
-0.824305
 -1.08365
 -1.57349
 -1.18269
 -1.19172
 -1.27147
-0.851223
-0.568152
 -2.18294
-0.608122
-0.979769
-0.435912
 -1.57686
 -1.34566
 -1.27776
 -1.07066
 -1.10894
 -1.48565
-0.677447
 -1.31129
-0.967076
 -1.26986
 -1.24399
 -1.59256
 -1.23503
-0.873686
  -1.3795
 -1.23911
 -1.42624
 -1.20193
 -0.75827
-0.819744
 -1.51821
 -1.04644
 -1.54286
-0.963466
  -2.1423
 -1.09683
 -1.32364
 -1.76934
  -1.0259
 -1.29918
 -1.95433
 -1.01322
 -1.30265
  -1.0872
-0.756258
 -1.15625
-0.689715
-0.574865
-0.809066
 -1.08055
 -1.21277
-0.979632
 -1.09095
-0.902185
-0.841164
-0.721005
  -1.3808
 -0.86066
 -1.34747
-0.966507
 -1.44703
 -1.24994
 -1.50852
-0.869096
 -1.48917
 -1.03979
 -1.05285
-0.489803
 -1.31148
 -1.27795
 -1.77189
 -1.09009
  -1.0137
-0.990097
