   -0.417342    -0.117074     0.235551    -0.293563    -0.567104     0.514883   -0.0857687   -0.0416921     0.184924     0.037179     0.440394    -0.160232    -0.180643     0.515992    -0.187887    -0.046957   -0.0731677    -0.418637    -0.525529    0.0799255    -0.205097   -0.0998469     0.731742     0.304436     0.154051     0.131175     0.195276     -0.10425   0.00772501     0.121615   -0.0380331    -0.308412
    0.136441    0.0924886     -0.34366    0.0857214    -0.328202    -0.132969    -0.423564     0.315098  -0.00281661    -0.478705     0.124646    -0.387683     0.350564   0.00896828    -0.591247     0.452385     0.379432    -0.292268     0.255748     0.502222    0.0850947    -0.159816    0.0560898     0.185841   -0.0940016    0.0128848   0.00845049     0.232924   -0.0580225    -0.539711    -0.242749    -0.118827
  0.00164572     -0.45859    -0.358505   -0.0692183    -0.379508    -0.225011    -0.127925    0.0311288     0.167034      0.24345     0.108819    -0.167725    -0.628146    -0.463532    0.0982647     0.328594    -0.211742    -0.657904     0.969239     0.248747     0.112586     0.450616    -0.539824     0.455333    -0.596058     0.384571     0.116771     0.156545    -0.207714   -0.0596094    -0.432488    -0.113763
  -0.0392262   -0.0514758    0.0578321      0.31295   -0.0259108     0.279419      0.31283     0.188298     0.254583    -0.320121     0.148373    -0.227697    -0.316198    0.0710813      0.41881    -0.164924    -0.439717     0.388043     0.216815     -0.79404   0.00378926   -0.0685364    -0.309912     0.153544   -0.0477957    -0.326179   -0.0488322    -0.042617      0.14835    -0.204524    0.0812321     0.152494
   -0.156039    -0.135771    -0.329941    0.0586299     -0.39707     0.314237    -0.193419     -0.27878     0.685302    -0.252953     0.381466    -0.217183     0.419173    -0.362785      0.45285   -0.0496389    -0.344025    0.0380742     0.460131    0.0557435     0.368833     0.314233   -0.0940849    -0.104893     0.249246    0.0477521     0.362742    0.0857458    -0.267078   -0.0837325     -0.05239    -0.381207
    0.122447   -0.0632726    -0.253054    -0.288424   -0.0718784    -0.202449    -0.479535     0.465825   -0.0820353     0.442963     0.593419   -0.0154517     0.205902     -0.39602     0.434021    0.0727248     0.447952    -0.275904     0.434412    -0.625933    -0.354889    0.0635919    -0.124362    0.0814083    -0.535236     0.272871    -0.469287     0.263399     0.304221     0.244364     0.104611      0.32791
    0.106902    -0.900345    -0.281993    -0.246953    -0.499485    -0.353097    -0.168232     0.374728   -0.0456307    -0.596583    -0.261245     0.195831    -0.310978    -0.397247    -0.129714      0.12188    -0.472431    -0.747255     0.568115     0.631147    -0.579006   -0.0379402    0.0267705     0.200866    -0.138338     0.399058    -0.075716     0.161444   -0.0658973    0.0751148    -0.616628     0.304171
   -0.443859   -0.0516905    -0.352833   0.00536246    -0.272376     0.296978    0.0846161     0.972787     0.532612     0.122518    -0.368073   -0.0102778    -0.361259    -0.419315      0.17724    -0.233198    -0.204566    -0.128438     0.466385     0.358318   -0.0453597    -0.309604     0.106001    -0.396283     0.168214    -0.083635     0.205087     0.098868     0.446726    -0.558564    -0.285568     0.114224
   0.0338614     0.235748     0.367356     0.136415    0.0837286   -0.0526601      0.19085     0.179314   -0.0302085    -0.388801     0.130499    -0.281932    -0.306871  -0.00965829    0.0680539    -0.616407    -0.264284     0.214139    -0.102177     -0.38293     0.391105    0.0421268    -0.303604    -0.153825     0.410223    -0.354195      -0.1128   0.00848755    0.0821009      -0.3738     0.261293    -0.126672
   0.0726269    -0.325727   -0.0507122     0.472684    -0.526457    -0.255903    -0.322592     -0.35159    0.0410127    -0.104609     0.259214     0.215637    -0.141299   -0.0978063     0.688446     0.328665    0.0478295    -0.460118    -0.276802    -0.237887    -0.702965     0.305581    -0.389302    0.0915953     0.232817     0.445122    -0.223713    -0.120807   -0.0437956   -0.0322159     0.315275     -0.14817
  -0.0874789    -0.129231    -0.319106    -0.111754     0.549539     0.369346     0.189183   -0.0504659     0.343295     0.173676   0.00767135     0.126717    -0.162631     0.255599     0.188015     0.168352    -0.137116     -0.15305      0.59974     0.608584     0.371716     0.155199     0.524705    0.0190475     0.454794    -0.453475    -0.121818    -0.172973    -0.255409  0.000889728     0.203091    -0.197293
   -0.295326      0.19822     0.106056   -0.0836946     -0.21918   -0.0510822     0.269329     0.352034    0.0261937   -0.0954999     0.138589    -0.155312    -0.335058    0.0972631    -0.116775     0.287283    -0.185673     0.106013     0.141351   -0.0166909     0.120178    -0.125599     -0.38754   -0.0450728   -0.0837698    -0.101818     0.295171    0.0148134     0.218336    -0.070909    -0.301345     0.225684
   -0.553468     0.879508    -0.515749    -0.277137     0.203242     0.146021    -0.443425     0.276607    -0.274595  -0.00172189      0.51236    -0.532834    -0.535575    -0.931747    -0.399482    -0.468283     0.233238   -0.0148917      1.18071    -0.125637      1.03155    -0.153995     -0.84615     0.197013    -0.860226     0.423659  -0.00346025   -0.0546048    0.0851875    0.0339643    0.0141383     0.783589
   -0.158996     0.312155     0.102479    -0.407814    0.0580551    -0.119986     0.213823    0.0977365     0.612672  -0.00631145     0.164241    -0.209634   -0.0918463     -0.26136     0.116711    -0.221143     0.110718    -0.105838   0.00854681    -0.185679     0.263328    -0.297808   -0.0879457   -0.0884156     0.385385    -0.290685     0.155903      0.13612    0.0454874     0.267745    -0.965926     0.192577
   0.0264449     0.799264    -0.602958   -0.0903838   -0.0716318    -0.324986   -0.0259998     0.417244     0.151719    -0.394726     0.193998    -0.350541    0.0481175    -0.154458    -0.233829    -0.157887     0.232768     0.155299     0.438728     0.288085     0.142501     0.152605     0.195659    -0.135854    -0.372009     0.275254      -0.2065     0.131314   -0.0816799   -0.0159523    -0.228641    -0.189027
     0.45556    -0.297209     0.207247     0.147946     0.276126     0.343198    -0.290343    -0.435077     0.796159    -0.285348     0.493816    -0.787719     0.331501    0.0388871  -0.00108672    -0.285491    0.0420038     0.811055    -0.197359     -0.97931    -0.212527     0.408418    -0.193281  -0.00226697   -0.0320378     -0.62723    -0.118788    0.0648654    -0.506671    -0.122596    -0.998038     0.230437
   -0.270696      0.47644    -0.483386    -0.244808     0.664119     0.322269    -0.336454    -0.322899    -0.689327    -0.211387    -0.389082   0.00952065    -0.154213    -0.347826     0.104648     0.404708    0.0123096    -0.281461    -0.195104     0.689867     0.335758     0.350238    0.0878388     0.411909    0.0492488     0.262013    -0.169792     0.233002     0.475374   -0.0140874   -0.0681929     0.686828
    0.186748     0.154506    -0.385363     0.435319    -0.250824     0.404054   -0.0115819    -0.320581    0.0967794     0.260334    -0.289504     0.263043     0.297528    0.0275158    -0.125226     0.237397    -0.287635    -0.034057    -0.301735      0.34628    -0.342548    0.0183532    -0.290412    -0.241766    -0.490482     0.359827      0.28487     0.320093      0.16252     0.161018     0.054282     -0.21536
    0.191096     0.213978    -0.464747   -0.0583982     0.133952   -0.0695867    -0.273209     0.197576    -0.148256    -0.588441   -0.0571255    -0.102695     0.173307    0.0969479    -0.448673    -0.170142    -0.215747   -0.0732094     0.385976   0.00212697    -0.161149    -0.113628     0.513142     -0.56026    0.0724821     0.108919    -0.327868    -0.272318     0.162891    -0.348789    -0.306615    -0.749576
   -0.403793     0.487803     0.243772    -0.236166   -0.0530807    0.0262786   -0.0911708     0.216891     0.291483   0.00598868    0.0683944    -0.036877    -0.332376    0.0642034   -0.0565418     0.120043    0.0941368     0.449762     0.553234    -0.480599     0.213542     0.148608   -0.0861995   -0.0575883  -0.00577847     0.164185   -0.0194825     0.276057    -0.164362     0.175612   -0.0416228    -0.376054
   -0.358862    -0.414296     0.528636   -0.0738629   -0.0691962    -0.228043    -0.140149     0.192688     0.463325     0.165099     0.541012    -0.803963    -0.427473    0.0757882   -0.0458056    -0.147857      0.26635    -0.245207     0.428461    -0.221386     0.299927    -0.193303    -0.328779     0.103265     0.386023    -0.293414    -0.103813    0.0737789    -0.286406     0.100981    0.0180498     -0.24781
    0.262785    0.0415371     0.234247    -0.166168     0.393925   -0.0211676     0.122301   -0.0381751   -0.0370667    -0.359708   0.00990117    -0.175999    -0.620219   -0.0522663    -0.101337     0.533791    -0.116665     0.212108   0.00911654    0.0156346   -0.0675733    -0.301292    -0.186693    0.0411335     -0.05135    -0.184904     0.270621   -0.0553718     0.173326     0.116121     0.325572     0.221378
   -0.492698   -0.0417343     0.296348    0.0672855    -0.416295     0.114415   -0.0627354    -0.383674     0.351732     0.285949    -0.425829    -0.125281    -0.129993    -0.221604    -0.106376     0.705156     0.277211   -0.0479592    -0.180096  -0.00669996     0.419898    -0.227188   -0.0605913    0.0428907    -0.351523    -0.503418    -0.376851    -0.095892    -0.329811    0.0820991    -0.204199    -0.829524
  -0.0646349    -0.218034   -0.0569297     0.334146     0.398415     0.368586      1.21864    -0.174397     0.122066   -0.0213492    0.0919278    -0.174081     0.142667    0.0822087     0.477589     0.362384    -0.020948    -0.178974    -0.135665    -0.131345   -0.0636859   -0.0808368     -0.26146     0.630981   -0.0205364    -0.438898    0.0441774    -0.185805     0.378974     0.293819     0.756537     0.109499
   -0.102966   -0.0225475     0.095412    0.0841216     0.301413     0.134754    -0.196536   -0.0383561     -0.17188    0.0398208    0.0631234     0.366045     0.126771      0.38363     0.285772    0.0562686    -0.393909     0.369532     0.280613     0.225337   -0.0906435   -0.0436799     0.231384    0.0876601     0.199113     0.196891    -0.291857   -0.0577222     0.183621    0.0603953     -0.08295    -0.177046
   -0.235253    0.0990788    -0.466773    -0.278151    -0.179342    -0.415332   -0.0299172   -0.0478673     0.465495     0.109713     0.271138    -0.691082    -0.421438   -0.0651703     0.267482    -0.337473     0.425412    -0.163426     0.740467    -0.089042     0.679005    0.0383862   -0.0454524    0.0593471     -0.69582    -0.487525    -0.376961    0.0667978    -0.472162     0.110781    0.0154696     0.142664
    0.267202    -0.366941   -0.0863647     0.218989    0.0997163     0.475441   -0.0218755    -0.128886     0.123965     0.120443     0.177988     0.213403   -0.0273917     0.225344    -0.244701   -0.0625798    -0.594106     0.371848      0.65745      0.20246    0.0783033     0.229807    -0.571462     0.164162   -0.0132421     -0.15834    -0.413257     0.237072   -0.0346933     0.274367    -0.283408     -0.44959
    0.372896     0.183523     0.304744    -0.268379     0.118781    0.0152247     0.351479   -0.0374422   -0.0889303    0.0101993   -0.0015606      0.29531     0.286585     0.102305    -0.274445   -0.0440957   -0.0705555    -0.356482    -0.764968    -0.287699     0.547646    -0.100731    -0.458236   -0.0703456    0.0765952     0.309414    0.0948511    0.0601685     0.285821     0.371864    -0.247662    0.0459434
    0.142836    0.0164978     0.437874     0.325746    -0.239933    -0.308376     0.207635    -0.293958     0.589153  -0.00948586     0.229307   -0.0113736    -0.378819    0.0364307    0.0906917    -0.557344    -0.271688     -0.19898     0.299705    -0.055325    -0.247925    -0.275585    -0.251653      0.20448   -0.0102677      0.13758     0.112184   -0.0210444    -0.380285    -0.285663    -0.475427    0.0747936
  -0.0660925     0.327008     0.220847    0.0907357   -0.0645286    -0.313022    -0.150226    -0.107275   -0.0175577    -0.268567    0.0322425  -0.00546354     0.237917    -0.267975    -0.174163    -0.481407     0.320261    -0.158172     0.381831    -0.140809     0.185745     0.201056    0.0216713     0.208698    -0.342864    -0.817257    0.0318452    -0.168215    -0.448276     0.157959     0.398881    -0.502538
    0.244287     0.127565     0.166666    -0.124853    -0.416592    -0.119211    0.0404244     0.191371     0.513393    -0.249397     0.212376    0.0350197     0.121732    -0.223352    -0.192204   -0.0147783 -0.000257341   -0.0490906    -0.113461   -0.0982449     0.463081   -0.0491754    0.0713704      0.25083   -0.0767509      0.13455    0.0997168   -0.0683175     0.101286     0.271982       -0.326    -0.201352
   -0.246546   -0.0124374    -0.225945     0.254939    -0.244524     0.197081     0.136017     0.274114   -0.0660294    -0.357809    -0.164043    0.0557137    -0.291939    -0.187129    0.0840031    -0.156772    -0.494238    -0.149132    -0.131106     0.215466   -0.0408793    -0.280702    -0.265573    -0.405535     0.295563    0.0523252    -0.453697   -0.0598814     0.266449    -0.414112   -0.0508634    -0.261488
   -0.125393     0.373409    -0.479277     0.506749    -0.653173    -0.116193      0.14964   0.00377259   -0.0734219     -0.43171     0.167977     0.164727    -0.393616     -0.35771     0.399596     0.476743  -0.00718842    -0.129474     0.278451     0.109676    -0.207651    -0.179994   -0.0115696    0.0135488    -0.468735    0.0333157    0.0390981    -0.282326    0.0432147    0.0578815   -0.0365859    -0.237498
     0.45829     0.475182    -0.211051   0.00862463    -0.438539    -0.238278     0.481837      0.04694   -0.0809104     0.126626     0.565414   0.00823791     0.570104     0.165946     -0.26616     0.222148    0.0889441     0.137461     0.100095    -0.403978   -0.0450178     0.423009    -0.492861      0.46108    -0.356301     -0.23594     0.239893    -0.335263     0.335806    0.0453584    -0.296099    -0.115494
   -0.485533     0.624497      0.17239    -0.284039    -0.428281     0.252276     0.230241     0.244581    -0.153135    -0.137284     0.193815    -0.301484  -0.00967899     -0.14619    0.0896514    -0.101128  -0.00650864    0.0638415     0.448533    0.0823227     0.182142     0.359245    -0.193116    -0.312642     0.175371    -0.373368    0.0519353      0.13346    -0.479352    -0.535636    -0.193942    -0.173045
   0.0356117    -0.331685    -0.277649   -0.0821451     0.393239    -0.354652     -0.22283    -0.313962    -0.497892     0.348379    -0.154712     0.364625   -0.0908308     0.330155     0.278124   -0.0712045   -0.0187808   -0.0334122     0.585559     0.320746    -0.510313    -0.087461     0.174836     0.128846    -0.434307    -0.491792  -0.00489049   -0.0109228    0.0198454    -0.162142    0.0652312     0.539614
   0.0942019   -0.0241607     0.133214     0.127166    -0.298118   -0.0568165    0.0084079    -0.276077      0.41591     0.232737    -0.353479     0.546036     0.196333    0.0710197    -0.640193     0.706555     0.158716    0.0634848     0.261833      0.71416     0.354927   -0.0576167     0.126555    -0.307532     0.140979     0.110975    -0.247955    0.0954899    -0.235151     0.214946    -0.141191    -0.211649
   -0.116812     0.434501    -0.195316     0.214475   -0.0944309     0.562584    -0.315728     0.205351     0.598334    -0.428692    -0.013408     -0.33712      -0.1352    0.0397953   -0.0597717   -0.0924615    -0.251005     0.361539    0.0695848    -0.277131     0.190133    0.0929111     0.219493    -0.531044     0.097857     -0.03393     0.331041     0.529546    -0.318552    0.0290621     0.059755   -0.0418133
    0.183037    -0.419896   0.00581685   0.00143896     -0.23864    -0.196103    -0.313872     0.225769    -0.524596    -0.648644    -0.134512    -0.167876    -0.563043    -0.255992    0.0471691    -0.184716    -0.386218    0.0247668     0.336407      0.52039    -0.313285    -0.502197     0.403605    -0.401345    0.0902546    -0.324405    -0.402449    -0.115696    -0.142709    -0.452432      0.10188    -0.629886
    0.162263     0.741798    -0.195221    -0.173865   -0.0874094     0.133466    -0.331011    -0.243311    -0.204336    -0.192804     0.420162    0.0119085    -0.235514    -0.175888    0.0197876     0.579044    0.0844816     0.212987   -0.0535934    0.0868456     0.274378     0.121409     0.313602   -0.0517117    -0.115962     0.445373     0.295283     0.025093     0.595004      0.12545   -0.0789089    -0.184129
   0.0854638     0.287008     0.186154    -0.233072     -0.13034     0.360881   0.00108575     0.391545    -0.192198     0.675453     0.027365     0.239531    -0.211933     0.238095    -0.180268     0.194857     0.285086   -0.0184187     0.184214    -0.333831   -0.0673746     0.291972    -0.493966    0.0570827    -0.057025    0.0802323    0.0151292     0.335685     0.351676     0.220488    -0.256399     0.132538
    0.284942    -0.444373    0.0533404     0.239905     0.369273     0.205646    0.0668603    -0.851644     0.385375      0.20152     0.292141     0.253047    0.0109152    -0.109708    -0.101326     0.558162   -0.0139988   0.00838195    -0.284184     0.303967      0.16973    -0.135363    -0.354403     0.422415   -0.0423427   -0.0719884     0.138333     0.210072    0.0392697     0.481975    -0.109028     0.287903
   -0.156028    -0.428216     0.154782    -0.109518  -0.00529892     0.186792     0.033803    -0.072307    -0.411882     0.162155    -0.208011    0.0954411    -0.259775    -0.210027     0.224393     0.266813   -0.0886222    -0.545795   -0.0174034    -0.106179    -0.343932    0.0826344    -0.256605    -0.184367    -0.343166    -0.222133   -0.0691282     0.272986      0.35021    -0.139266    -0.497726    -0.149172
   -0.448767    -0.092677    -0.300127     0.113622  -0.00432098   -0.0604871     0.159728   -0.0147712     0.250091   -0.0144889     0.139148    -0.115765    -0.247024    -0.108626   -0.0374067      0.20301    -0.169446    -0.227815    -0.169304  0.000893116    -0.453557     0.277832     0.287427     0.192022      0.52352    -0.063684    -0.251232   -0.0522654      0.39591      0.19357    0.0624165    -0.183479
   -0.331941    -0.449023    -0.718211   -0.0403778    -0.207404     0.214052    0.0879457   -0.0557499   0.00686225     0.698054      0.15695    -0.352785    -0.226732    -0.254676   -0.0439151    -0.104718   -0.0134571    -0.243033     0.315049     0.294212    0.0896127     0.165997    0.0844163     0.122049    -0.332391     0.355127     -0.46931     0.181592     0.442705    -0.142974    -0.131971     0.275346
    -0.10879    -0.056329    -0.137373    0.0479473   -0.0187746   -0.0928345   -0.0642251   -0.0049055     0.187901  -0.00977852    -0.231398    0.0469394    -0.309037   -0.0890579     0.101063     0.396608    -0.228864    -0.100885    0.0567409     0.423338     0.113628     0.221861    0.0867776   -0.0443176   -0.0109254    -0.147956    -0.123179   -0.0203548    0.0343322    -0.308524     0.207906     0.244813
    -0.27651  -0.00149857     0.224213     0.330915    -0.275304    -0.218817     0.307013     0.108549    0.0398583    -0.287632    -0.187783   -0.0311987     0.905032     0.235319    0.0588453  -0.00880601    0.0920176    -0.483766     0.287687    -0.201911     0.636301    -0.402095    -0.456008   -0.0914748     0.124524    0.0488916   -0.0616591   0.00484341    0.0479028    -0.271111     0.344567    -0.507992
   0.0711575     0.202142    -0.149463    0.0891439   -0.0144693     0.201844      0.17035   -0.0609285     0.512109     0.144836     0.314452   -0.0506914      0.36192    0.0371701   -0.0186394    -0.200098     -0.11865     -0.46745   -0.0686443      0.50277    -0.300767     0.159838   -0.0563266    0.0805536   -0.0976912     0.245914     0.111115     0.104386    0.0716925     0.135094    -0.103623    -0.344442
    -0.38604      0.43414     0.133121     0.225784    0.0586327     0.255514    -0.304516   -0.0354849     0.399743    -0.196706    0.0796921    -0.397522    0.0579129   -0.0486821    -0.262129    -0.501097     0.393635     0.421067     0.427326      0.68813     0.453213   -0.0962187     0.347811    -0.416648     0.368558    -0.131699     0.189759      0.18881    -0.243329    0.0121832    -0.437092   -0.0868509
   -0.241477    0.0198565   -0.0165583  0.000924473     0.189992    0.0180572    -0.237286      0.21441   -0.0285223   0.00305662     0.284482   -0.0472296    -0.523909    -0.262607    -0.120363    -0.505335     0.281382     0.164787    -0.248728   -0.0449708     0.238838     0.205566    -0.170473     0.420739     0.175843   -0.0419876    -0.268581   -0.0307145    -0.175239    -0.152486      0.12337   -0.0415095
   -0.180916    -0.117121   -0.0364518    -0.247977     0.474125   -0.0902847     0.119914      0.30564    -0.205196    -0.560913   -0.0652819    -0.353726     0.082981    0.0329304     0.203025   -0.0231516     0.214315    -0.176407      0.43847     -0.10427     0.143053   -0.0350233     0.260151    -0.185364     0.125565   -0.0434296    -0.442067     0.111355    -0.169998   -0.0801398    0.0406344     -0.56987
  -0.0343067    -0.475602     0.428094    0.0976893      0.24192     0.294913    -0.205819     0.348759     -0.29154     -0.61945     0.181102    -0.418635    -0.539855    -0.205374     0.328066   -0.0662818    -0.394005     0.300214     0.151351    -0.344717    -0.128959    -0.363785     0.464746  -0.00716859     0.344149     0.152687    -0.106979     0.206506     0.185923    -0.485136     0.419411    -0.449838
    0.085737   -0.0686809    -0.464055 -0.000877715     0.585025     0.137222     0.308968    -0.145726     0.431657     0.158125     0.522839    -0.108825    -0.390622     0.204137     0.500319   0.00330596    -0.177081    0.0400309     0.120497   -0.0350912    -0.339457    0.0107451     0.345464     0.277583     0.334485     0.269719    -0.213127  -0.00151837    0.0760484   -0.0274707     0.300639    -0.388998
       -0.29    0.0422002    -0.174954     -0.10228   -0.0124917   -0.0847558     0.260578   -0.0742278   0.00164965    -0.311633    -0.274958     -0.12957   -0.0548707    0.0318867    -0.099274   -0.0764394   -0.0130268    -0.706658     0.692121    -0.240782     0.224343    -0.183574     0.230668    -0.333711    -0.442187     0.254864    -0.117495     0.198833     0.203215     0.311186     0.105446    -0.308072
   -0.708887    -0.130099     -0.28885   0.00144067     0.159566    -0.171406  -0.00111305  -0.00731556   -0.0162712     0.235074    -0.145058    -0.327839    -0.427877     0.292123    -0.119736     0.549789    -0.269323    0.0852192    -0.129201     0.213367      0.43621     0.351109     0.232898    0.0435566      0.46087    -0.067175      -0.4168     0.422331    -0.082379    0.0389007    -0.117483    -0.186826
    0.505825     0.100276    -0.122716     0.271767    0.0464339     0.151536     0.160028     0.210589     -0.69141     0.279993    -0.139246     0.521663     0.252951     0.203862    0.0963572     0.389039     0.140683    -0.107973     0.178862     0.446633    0.0732637    0.0524283    0.0359658   -0.0248268    0.0719139    0.0863497    -0.202999     0.122714     0.129897    0.0119142     0.206055   -0.0440076
   -0.101541    -0.308281    0.0703288    -0.180029    -0.204367     0.450702    -0.513425     0.277561    0.0631106    -0.217997     0.091392    -0.268477    -0.136261     0.405498   -0.0371993    -0.397342    -0.448371     0.284254     0.278911     0.220112    -0.445306    -0.461467     0.303296    -0.385938   -0.0518454   -0.0936774    -0.300999   -0.0849932 -0.000549622   -0.0704124     -0.03795    -0.521605
   -0.206659    -0.758751     0.321914     0.176659   -0.0434637     0.290524    -0.142749    -0.171626     0.160765    -0.115729     0.400558     0.417941    0.0577004  0.000581536     0.210917    -0.289164    -0.237981      -0.1509     0.167748    0.0530445    -0.291103    0.0491347    0.0913361    -0.287986    -0.537572     0.126551    0.0309737    -0.473059     0.479765    -0.176975     0.410982    -0.210635
   -0.157079    -0.526605     0.086983    -0.146983     0.117369    0.0323762    -0.160226    -0.463316   -0.0693524   -0.0746076     0.440145   -0.0887037     0.438763    -0.267718   -0.0145372    -0.233122    0.0948411    -0.162883    -0.243795    -0.570055       0.1862     0.325461    -0.421678     0.426517     0.304411    -0.042966    0.0379907    -0.319059    -0.167447    -0.363039    -0.119309   -0.0312295
    0.294258      -0.3017    -0.531582   -0.0723769    -0.262201    0.0491551   0.00309743     0.091136    -0.565826    -0.103835   0.00290928    -0.186841       0.3063    0.0477535    0.0877034     0.170264    0.0033334    -0.278363    -0.103892     0.168244    0.0345947     0.241872    -0.109061    -0.025149    -0.382804     0.363735   -0.0576323     0.396787     0.158194    0.0683736    0.0179467     0.117724
    0.150034   -0.0444756    -0.135862     -0.21397    -0.406691     0.190705    -0.551879     0.210746     0.157919   -0.0744619    -0.246152    -0.114733    -0.312127     0.171214    0.0370975    -0.515717   -0.0679563   -0.0308018    -0.231479    -0.168602     0.147804     0.166915     0.197983  -0.00557458    -0.113772    -0.283284    -0.172637    -0.019813    -0.535604    -0.303153    -0.172209     -0.30146
   -0.125356     0.187481    -0.111557    0.0399572    -0.178783     0.159599    -0.267054    0.0968192    0.0559578    -0.560165    -0.147748     0.151185     0.126102     0.176554   -0.0932643    -0.353213    -0.584596     0.262253     0.837501      -0.4864      0.24776    -0.144088   -0.0807287    -0.410648    -0.208528    -0.118312     0.500217    -0.159547   -0.0386934    -0.728064     0.360426    -0.422735
   -0.190272     0.260997    -0.262074    -0.209241    -0.530695     0.397273     0.208049     0.236891     0.044256    -0.369157     0.324463     0.189062    0.0530662     -0.31019    -0.339209    -0.236831     0.390528    -0.494084      1.00887     0.114296     0.175902    -0.157751     0.315167    0.0514721    -0.190403    0.0032584     0.218734    0.0430972     0.061717    -0.125697     0.738477    -0.738618
   -0.259941     0.765805    -0.770983    0.0613646     -0.11834     0.166629     0.358975   -0.0174984   -0.0876262     0.352837    0.0778816    -0.103858    -0.494942   -0.0631535    0.0968655     0.640793    -0.362765    -0.430447     0.146485    -0.110414     0.250987      0.54063     0.013253    0.0124385   -0.0944859     0.223651    -0.426523     0.465387    -0.129815    -0.316489    -0.181915    -0.387448
    -0.07543    -0.229667    -0.250929    -0.231762     0.405213    -0.279498    0.0198057    0.0385796    -0.223207    0.0241657   -0.0325131   -0.0705937     0.165889    0.0473639   -0.0693848     0.222151    -0.146142    -0.338537     0.114376    -0.394856    -0.162129     0.620755    -0.123121    0.0130552     0.154595  -0.00428473    0.0141892   -0.0617901     0.448769    -0.159982     0.150503  -0.00974491
   -0.255121    -0.197651   -0.0855217     0.274737   -0.0337943    -0.264562     0.340693   -0.0232803    -0.796911     0.379429     0.300486    0.0194315    -0.317358     0.597077   -0.0254532     0.138021   -0.0495761    0.0405656    0.0651496     -1.03394    -0.437466     0.754156    -0.435981    -0.116607      0.20355     0.151928    -0.634905    0.0866312    -0.424428    -0.203536    -0.141156      0.18214
    0.225698     0.355268    -0.270474    0.0720744    0.0639136    -0.271809   -0.0783739   -0.0702826   -0.0408629    -0.432505    0.0798228    0.0636129    -0.141169    -0.149768   0.00211615     0.330922    -0.204915    -0.268365    0.0373346     0.343525   -0.0205438     0.340682     0.290335   -0.0639062    0.0616217  -0.00494493   -0.0511568     0.305449    -0.160947    0.0173501     0.101396    -0.122543
    -0.12898     0.262421    -0.167209    0.0854545    -0.421709     0.178204    -0.308507     0.470191    0.0991436    -0.182396    -0.068171    -0.152191     -0.19204     0.373197    -0.105892   -0.0393706    -0.448766     0.615861   -0.0125149     0.206279    -0.134645    -0.080827    -0.283772    -0.682859     0.215777     0.093486    -0.248268    0.0765522     0.436049     -0.32422    -0.361188    -0.171842
    0.183039     0.266108    0.0346233    -0.224053    -0.203485   -0.0352685     0.696136    0.0513402   -0.0379073   -0.0542662    -0.178741    -0.416051    -0.357247    0.0669623    -0.346696   -0.0684569    -0.394944     0.731335   -0.0947823    0.0707938    -0.365827    -0.456442    0.0170688    -0.149114    -0.185411    -0.213633    -0.141695     0.392633    -0.141243    -0.404456    -0.242859     0.157558
   -0.075727    -0.389158    -0.183598     0.112441    -0.632297    -0.150005     0.285412     0.526048    0.0955331    -0.652592     0.289271     0.263077    -0.452218     0.395685   -0.0220484     0.123272    -0.403188   -0.0887584     0.157401    -0.214047    -0.186274     0.157461     0.153091    -0.113936     0.252674    -0.168096    0.0190697     0.026168    -0.402822    -0.493175     0.192885    -0.482736
   -0.160842     0.470873   -0.0734624    -0.099465    -0.120387    0.0288021     0.127877    0.0906766     0.202006    -0.229919    0.0631492    -0.255344    -0.287754    0.0418431    0.0905295   -0.0398168    -0.271375     -0.41414    -0.122385    0.0469939      0.14831     0.168445     0.286106    -0.545789    -0.501254     0.299395     0.508219    -0.287919    0.0618619    -0.206479      -0.5247      0.25832
   0.0725047     0.351412     0.194615   -0.0273299    -0.268147   -0.0112925     -0.14667     0.017015    -0.501063    -0.228023     0.522275   -0.0762902    -0.216292    -0.314833    -0.173283   0.00520993    -0.125752     0.218959    -0.226339    -0.496673     0.172776     0.302535    0.0127256    0.0218778     0.179044      0.17877   -0.0563496    0.0491723    -0.265006    -0.143219    -0.395735    -0.531549
  -0.0984866    -0.292579    -0.184387   -0.0247236     0.431856     0.130986     0.222589    0.0106377    -0.090563     -0.19139     0.401036    0.0170793     0.263958    -0.104594     -0.25906     0.410841    -0.284372     0.126487     0.259967     0.157761    0.0337175       0.2647    -0.214302     0.371565    -0.187226     0.258768     0.454785     0.219592     0.503581    -0.143967    0.0743504    0.0150616
   -0.182248    -0.459296     0.163826     0.167911     0.141457    0.0729969     0.138829     0.120663    -0.276222   -0.0452035    -0.109039    -0.252668    -0.361058    -0.490115   -0.0179475    -0.140861    -0.452889     0.129267     0.631189   -0.0375133   -0.0311075     0.462657    0.0734646     0.180356   -0.0357446    0.0832301    -0.470134  -0.00831937    -0.313675    -0.325291    -0.402631     0.155908
    0.140411     0.804827     0.421829     0.641036     0.260651   -0.0817554     0.495401    0.0306065      0.34963    -0.281435    -0.222573   0.00434409    -0.443108     0.180381     0.172219     0.372328    -0.291452    -0.185697     0.388055    0.0273644      0.22881   -0.0395548     0.336941      0.31275     0.241845   -0.0597804     0.188799    -0.246303    -0.642272    -0.522606     0.277578    -0.173732
    0.158201    -0.171392     0.268257    -0.474797    -0.255722   -0.0163843     0.508245     -0.14723   -0.0736883    0.0790342     0.255766    0.0175201     -0.49047    0.0517623   -0.0395538    -0.251675     0.128035    0.0847746     0.158107    -0.203005    0.0606067     0.154582     0.276966     -0.19101    0.0894876     -0.40101      0.13685     0.145463     0.455689   -0.0888627    -0.451989   0.00653939
   -0.186502     0.277531    -0.534621     -0.11983    -0.182383    -0.120827    -0.348672    0.0499166   -0.0334017      0.57355     -0.45823   -0.0212413   -0.0895563    0.0761689    0.0620931    -0.219043    -0.156093   -0.0712997     0.696862      0.78103    0.0962284     0.100998    0.0338013    -0.203505    -0.224085     0.316951    -0.540775     0.524086     0.328827   -0.0149859    0.0398935   -0.0111888
    0.218282    -0.164438    0.0636224     0.291913   -0.0831115    0.0677875     0.382112    -0.226911     0.174804     0.132071     0.151843    -0.211227     0.292536    0.0239542   -0.0288735    -0.131266   -0.0283226    -0.315978    -0.302072    -0.621805     0.311251     0.213019    -0.417008     0.471818     0.437538    -0.371102    -0.279938    0.0461763   -0.0812171    0.0746236     -0.18752     0.213866
   -0.602731    -0.459308   -0.0541189    -0.198912    -0.880637    -0.257287    -0.546252      0.27381    0.0297537    0.0195896     0.171281   -0.0180637    -0.452289  -0.00512741   -0.0188712    -0.251845    -0.128511    -0.419452   -0.0559541     0.144068      0.10755     0.207722    -0.124569   -0.0532556     0.187739    -0.114763    -0.389464    -0.336037    -0.349067    -0.128967    -0.435892    -0.260196
  -0.0397714    -0.410772    -0.132194     0.232424     0.697164    -0.105844     0.252722    0.0522587    0.0799801     0.233773      0.37713     0.188565   -0.0317994     0.104819   -0.0742743   -0.0281269    0.0906716    0.0261071   -0.0457193    -0.379279    -0.191294     0.243237   -0.0650778     0.521388    -0.172832     0.188122    0.0921546    -0.230936   -0.0419663    -0.281983     0.434081     -0.10344
    0.517953    -0.320575   -0.0155237     0.223591    -0.072031    -0.210582   -0.0195611   -0.0834183   -0.0643069    -0.287877     0.434886      0.32246     0.411688    -0.119481    0.0156056     0.259587    -0.346617     0.050597     0.816143     0.595725     0.441689     0.208156     0.169969     0.191551    -0.315871   -0.0617377     0.152458      -0.2369    -0.146777    0.0273657   -0.0762192     -0.26506
    0.201699    -0.375816        0.173    -0.189263   -0.0209867    0.0522065     0.599169    0.0166225     0.986548    -0.248013     0.190173    -0.901428    -0.443667    -0.521926     0.402175     0.548543     -0.55785   -0.0131859     0.390785   -0.0612456     0.681259    -0.181873    -0.087304     0.248283     -0.43094     0.368278     0.481131      1.04838     0.311389    -0.129991    -0.227857     0.730249
   -0.444597    -0.201797    -0.335632    0.0821707      0.19587    0.0101391    -0.817853    0.0787552     0.155133    -0.374923     0.426387    0.0259918     0.195578    -0.261721    0.0734788    -0.743067   -0.0490448    -0.271461     0.372964    -0.151205    -0.152662     0.174286   -0.0446455     0.192406     0.219659   -0.0887185   -0.0291788   -0.0650817    -0.403012    -0.406622   -0.0859774    -0.117938
   -0.138812     0.330152   -0.0446665    0.0765516    -0.172471    0.0899786    -0.025201    -0.258352     0.363437   -0.0120737     0.145166   -0.0593441    0.0373051     0.241745    -0.252178    0.0946204    0.0107828    -0.337514    -0.363439    0.0321925     0.250206    -0.108945   -0.0722207   -0.0961442     0.247128      -0.0808     0.166614    -0.185554    -0.319688    -0.315875      -0.1763     -0.36579
   -0.238905    0.0612975   -0.0320731     0.136284      0.26392    0.0354573   -0.0344976    -0.254843     0.370264    -0.183706    -0.147161    -0.357062      0.46855    -0.235775    -0.158831    -0.133686      0.19034     0.459163   -0.0423759    -0.102397     0.230512    -0.270849     0.159393   0.00443481    -0.102019   -0.0618329      0.50349  -0.00312387     0.321563     0.153435     0.099787     0.398592
   0.0853093   -0.0482407   -0.0904638    0.0718651    -0.118285     0.096152   -0.0791549    0.0121549    0.0603662     0.098031     0.299391    -0.267425     0.595274    -0.166803    -0.156153     0.361625    -0.237106    0.0191672     0.070526   -0.0824293  -0.00768471      0.15688     0.199005     0.156854  -0.00587604     0.426875    -0.413828   -0.0781857    -0.136506   -0.0972019     0.156212    -0.267474
    0.186446     0.484968    -0.160943   -0.0610057   -0.0366929   -0.0474815    -0.189288    -0.534043    -0.312184    0.0356253    -0.524521  -0.00091821   -0.0451289    0.0409333    0.0834381   0.00681522    0.0280728     0.146949     0.754693    0.0681529     0.358649     0.418379     0.221966    -0.488702    -0.186471     0.191635    -0.551608    -0.461817    -0.366865     0.286453    -0.371455     0.183756
    0.453013     -0.63611    -0.443807     0.242686      0.48415    -0.374996     0.190285     -0.11077     0.491262     0.442798     0.276095    -0.222482     0.232206    -0.283607     0.082796   -0.0399454     -0.21567      0.11204     0.333117    -0.099433     0.418475    -0.308239     0.288604     0.160479   -0.0709324   -0.0268147     0.177552     0.295831    -0.187714     0.340251    -0.951028     0.875413
   -0.304849    0.0639096     0.115046     0.121193    -0.127872     0.327813    -0.196801    0.0670037     0.122133    -0.472137     0.480654    -0.157208    -0.143215    -0.507807     0.151492     0.484855    -0.165277   0.00521287     -0.14687    -0.359088   -0.0191845   -0.0125842      -0.2497     0.109341     0.303153    0.0641024     0.197973    -0.382081     0.271934    -0.192558    -0.291389   0.00059897
    0.134444   -0.0556519     0.128346    -0.110828    0.0164395   -0.0757635   -0.0802931     0.136105    -0.421241   -0.0673897     0.174964    -0.174541    0.0476748     0.137127    -0.099818   -0.0618324     0.079941     0.209617     0.113206    -0.068905    -0.240813      0.29105   -0.0365478    -0.246458   -0.0834032       0.3252    -0.216015    0.0485162     0.144359    -0.120218    -0.239216   -0.0728425
 -0.00182658     -0.37473    -0.251552    -0.329819    -0.303756     0.201976     0.477809     0.329023    -0.656593    0.0544621    -0.488288    -0.529427     -0.32869     0.123419    -0.166942      0.48399    -0.145074     0.341949     0.513435   -0.0397616   -0.0709981    -0.342256    -0.335871    -0.186832      -1.2614     0.608284    -0.321785     0.530108     0.400666    0.0748156    -0.360496    0.0820905
   -0.015435      0.19294    -0.836213  -0.00786284    -0.373253    -0.482211    -0.395588   -0.0251677    -0.125717     0.119325    0.0467832     0.141637    -0.392216    -0.358487    -0.106493    0.0460126     0.313091     0.333373     0.597344     0.361361    0.0278233    0.0978883      0.24962    0.0306987    -0.296802    0.0759168     0.166625    -0.201698     0.109197     0.385849    -0.317144  -0.00121531
   0.0710838    -0.131129      0.28542    -0.109151    -0.280285   -0.0439458     0.068534    0.0817256     0.274879    -0.211431     0.172855    0.0484451    -0.700682      0.38875    -0.418446     0.202821    0.0949149    -0.176917    -0.501066     0.468166    -0.559382   -0.0279047   -0.0768276   -0.0531471    0.0955701    0.0266563      0.20348     0.244885    -0.177865     0.162629   -0.0975696     0.263283
  0.00525051    -0.353473     -0.28201    0.0765759    -0.380432    -0.169696    -0.283712     0.149595     0.278121    -0.233322    -0.146393    -0.476534    -0.230039    -0.123624    -0.316042     0.165819    -0.325327   -0.0532519      0.64007    0.0394834     0.392213    -0.265376    0.0900706    -0.326302     0.195009   -0.0478269    -0.615651    -0.216445     0.132036     0.108703      0.21892   -0.0219179
   -0.118426   0.00809828    -0.321474     0.351256   -0.0107297    -0.151791    0.0271342    0.0620063     0.856996    -0.253989    0.0880186    -0.780069     0.331269     0.140875     0.352341    -0.364475     0.176603     0.297274      0.29489    0.0584774    -0.152177    0.0383402     0.281379    0.0983866   -0.0236278    -0.065457      0.35464   -0.0668575    -0.182874    -0.131881   -0.0597282    -0.054321
   0.0523942    -0.622855   -0.0240269  -0.00298052     0.383303     -0.39227    -0.329382    -0.446419    0.0435539    -0.281043    -0.297907     0.150735     0.334602    -0.151219     0.208879     0.476596  -0.00376511     0.092158     0.452253     0.290332     0.584473     -0.39733    0.0348678     0.410872    -0.270218     0.185914     0.036001   -0.0699079    -0.110464    0.0519652     0.436436    -0.177029
     0.27368     -1.05175     0.206136    -0.108622     0.459313     0.485404    -0.160783    0.0766577    -0.234008    -0.509263     0.317744    -0.133159    -0.271823      0.16696     0.128917    -0.614953     0.169147     0.137415    -0.102825    -0.375442    -0.672756    -0.217673    -0.588647     0.310391   -0.0726488    -0.418467    -0.169514       -0.101   -0.0462715  -0.00732207    -0.337111    0.0350421
   0.0614767      0.56857    -0.621435  -0.00168109    -0.262261    -0.180542    0.0373489     0.135054    -0.152386   -0.0519441    -0.216615    -0.134656     0.264716     -0.55691     -0.34296     0.639224     0.012059     0.126601     0.249473    -0.550642     0.489784    -0.186299     0.158003    -0.175298    -0.536163    -0.114594   0.00217261    0.0644671      0.20765    -0.277595    0.0445518     0.073575
    0.500573    0.0783654     0.181711     0.284095    -0.454393    0.0138935     0.356013   -0.0536385     0.248233      0.20221     0.546866    -0.107928    -0.200263    -0.111524     0.177673     0.054254     0.337609     -0.19257    -0.204511     0.304059    -0.132773    -0.116013    -0.473074     0.457304     0.029283    -0.334419    0.0713206    -0.133929 -0.000844405     0.221776    -0.184976      0.55444
   -0.105663    -0.139451    0.0106816    -0.119776     0.211764     0.117169     0.332531     -0.21961     -0.45151      0.24231    -0.102767   -0.0475151     0.421521    -0.282043    0.0527446     0.273182    -0.085941    -0.278629    -0.106086     -0.35379   -0.0214759     0.400487   -0.0391829     0.376031    -0.161033    -0.284778    -0.290743    -0.295773    -0.106804     0.416175    -0.336626     0.438498
    0.111243    0.0343616     0.145731     0.262308    -0.496716     0.139139      0.11845    -0.389066     0.302497   -0.0872689     0.102537     0.353475    -0.266684    0.0838811    -0.575793     0.326241    0.0527479   -0.0588608      0.10419    -0.110926     0.477393    -0.202058    -0.324694    -0.387925    -0.294527    -0.345027    -0.727866     0.458863     0.157554     0.145773    -0.104835    -0.336076
   -0.242008    -0.642668    -0.347153    -0.156719    -0.303979      -0.3766    -0.168478    -0.306278     0.234872     0.195838   -0.0239821     0.166172     0.349234   -0.0844096    0.0263078    -0.224028    0.0838467     0.428777   -0.0719954      0.46764   0.00140773     0.311965      0.03464    0.0355368     0.136355    -0.215231   -0.0251136    -0.134323     0.300465     -0.11361     0.193311     0.237244
     0.21743    -0.152393    -0.136185    0.0301466  0.000402793     0.128926     -0.22343     0.495314   -0.0766331   -0.0711651     0.307604     0.302339   0.00661916    -0.161716    -0.442797    0.0730255    -0.170735     0.167147     0.375319    -0.156883     0.554317     -0.10707     0.047319    -0.188733   -0.0101391    -0.233374   -0.0603173    -0.115583      0.22029    0.0435046    -0.215979    -0.174828
  -0.0986207    -0.198543    -0.039986     0.135026    -0.243987    -0.459235    0.0348394    -0.119524    -0.186596   -0.0575409     0.146611     0.155845     0.137894     -0.45691    0.0490442     0.375126     0.511201    -0.281595    0.0333426     0.383891     0.302439   0.00790473      0.38332     0.103561     0.244966    -0.138264    -0.416591    0.0402783     0.217626    -0.381831   -0.0169503     0.629574
   -0.213954     -0.21344    -0.124517    0.0573558    -0.231112    -0.190273    -0.107413    0.0447733      0.35589     0.389523     0.186341    -0.343548    -0.128387    -0.142457     0.245473     -0.06163    0.0581906     0.136366     0.116868    -0.529585   0.00937144     0.217784     0.301696     0.534974    -0.236427  -0.00429784     0.428637     0.481285     -0.20662    -0.472677     0.170539   -0.0613431
  -0.0335334     0.440829  -0.00371411    -0.112743    -0.136508     0.139238    0.0352921    -0.199374    -0.254175    -0.142711    -0.379654      0.19341    -0.270043    -0.207747    -0.239459     0.220779    -0.140866    -0.204828     0.401282    -0.166254    -0.311257     0.113807   -0.0936117     0.139469    -0.358927    0.0529018      0.22689     0.199002     0.479021     0.381947   -0.0164363    -0.228452
  -0.0601928     0.472465    -0.299886    0.0709113     0.182015     0.215978    0.0997726    -0.631649   -0.0408307   -0.0195035    -0.454247  -0.00106369   0.00160185     0.195254     -0.74406    0.0276686    -0.118235     0.445724     0.394299     0.627821     0.507518   -0.0940268     0.436382     0.241419    -0.678512      0.54137    -0.225183    0.0482105   -0.0339256     0.339795     0.202243    -0.261204
   -0.187296    -0.562161    0.0667215     0.476146     0.419883     0.216704     0.654281   -0.0927899     -0.29908     0.256087    -0.386899     0.347278    -0.866783   -0.0415212     0.102411     0.138123    -0.135657    -0.251922     0.664884     0.293209    -0.266576    -0.128613    0.0340986    -0.461052     0.271083      0.64659    -0.407473     0.299109    -0.157187    -0.274111    -0.311165    -0.226595
   0.0704451    -0.279336    -0.117533     0.496347      0.34407     0.386807   -0.0292204   -0.0337307     0.122839   -0.0197116     0.105133    0.0731714    -0.223884     0.148089    0.0405936    -0.871198   -0.0176512     0.160502     0.334074     -0.20076    -0.206896    -0.348736   -0.0305678     0.408594    -0.118562    -0.148329    0.0795178     0.138402    -0.129817    -0.253742    -0.473015   -0.0947557
    -1.15195    -0.828667    -0.420938      0.07163    -0.173788    -0.107693     0.216738     0.202282    -0.153976     0.492256     0.209263    -0.486978    -0.512056    0.0600295    0.0864321     -0.49346    0.0545192    -0.602694       1.3954    -0.496445   -0.0895877     0.396638    -0.106908    -0.284604    -0.632865     0.723972    -0.440232     0.443291     -0.22908    -0.396401    -0.524541     0.203274
  -0.0152751    -0.048268    -0.118159      0.10888   -0.0617709   -0.0500939   -0.0988621       0.4076     0.962416    0.0338252     0.228473   -0.0859043    -0.399175     0.171475   -0.0567574     -0.51132     0.181495    0.0507038    0.0964914     0.305767    -0.041126      0.17572      1.06531     -0.11767     0.115059    -0.524219    0.0562914    0.0172067    -0.609058      0.36552    -0.500013    -0.493043
   -0.210323     0.167292    -0.478168    0.0792656     0.196291     0.306221    -0.215926    -0.148382     0.305636     0.223827    0.0509482     0.453979   -0.0835847    -0.443507    -0.645644    -0.183954  -0.00659806    -0.498192     0.171949     0.451882     0.543717    -0.405827     0.105625   -0.0533298     0.153226    -0.300871    -0.309543    0.0802351    0.0702165    -0.145293     0.165492    -0.227379
    0.430347    -0.337413    -0.204901     0.261631    -0.145784    0.0887402     0.652938    0.0613234     0.544876   -0.0990387     0.646494     -0.25852     -0.88768    -0.169174    -0.260745     0.288975    -0.488824    -0.377844     0.146032     0.151848     0.436388   -0.0608809   -0.0844866     0.610665      0.14989    -0.445032    -0.165339     0.116339     0.072559   -0.0881319    -0.554927  -0.00835926
    0.328838   -0.0216512    -0.583026    -0.215073    -0.103598     0.135069   -0.0172786    0.0360221    0.0115632    0.0357509    -0.116369    -0.188457     0.331573    -0.388971     0.025009      0.50613    -0.307972    -0.504139     0.146761     0.393479     0.411585    0.0865543      0.10779    -0.196656    -0.439513     0.903208    -0.187569      0.49243    0.0483537   -0.0622683    0.0690646    -0.237518
    0.229864     0.459364    -0.690419     0.451894   -0.0931612   -0.0999111    -0.297335    -0.256975    -0.308853     0.160304   -0.0491718   -0.0434672     0.105252    -0.262611    -0.282917    -0.124074    0.0271315    0.0641929      1.27526     0.747753    -0.144901     0.332005    -0.103327    -0.143254    -0.614726     0.656629     0.389977     0.209335    -0.553733     0.376653     0.113871    -0.298436
    0.651137    -0.381422    -0.359393    0.0198875      -0.1669     0.207437    -0.373841    -0.167955    -0.555269    -0.501042   -0.0692719      0.18332    0.0320157    -0.121568     0.223268    0.0749009    -0.247179    -0.227684     0.489243     0.495692    -0.192758    0.0299849     0.364777   -0.0669968    0.0706827    0.0835176  -0.00137576      0.12619    0.0897664    -0.294723     0.163645    -0.522026
    0.394676    -0.289014    -0.606185    0.0242972    -0.329333     0.364005     -0.10484   0.00159551     0.257001     0.534015     -0.29656     0.366304     -0.24116    -0.197844     0.421695    0.0460708     0.141902    0.0666318     0.484467     0.326018    -0.378314    0.0263576     0.605137    -0.251197    0.0547508   -0.0432734     0.471066    -0.283783     0.133369   -0.0604365    -0.323217    -0.274009
   -0.116558   -0.0118371    0.0745987    -0.390196     0.212257    -0.136254    0.0218443    0.0673003   -0.0946033    -0.156757    0.0399793   -0.0972616    0.0953333    -0.134201    -0.333258     0.246419   -0.0457932     0.572911    -0.379561    -0.288091     0.417919     0.109683     0.166771    -0.103724     0.118313    -0.205881     0.270622     0.293218     0.430964     0.103491    -0.224569     0.328886
   -0.128538    -0.168098    -0.364614    0.0259092    0.0383623    -0.478305     -0.16791    0.0292155    -0.172892      0.19428    -0.257636     0.347358     0.374958   -0.0251483    -0.189277    0.0261572     -0.06129    0.0342457     0.145403     0.524613    -0.462903     0.250051    -0.178679    -0.230452    -0.297174     0.403856   0.00926965   -0.0461073   -0.0796409     0.217549  -0.00112876   -0.0201041
   0.0492871    -0.220718   -0.0576867     0.227096    0.0530582    0.0213842     0.301606     0.451309    0.0354641    -0.452819   -0.0248253    -0.225395    -0.498715  3.14125e-05    -0.506355    -0.588596    -0.120203     0.367188      0.80647     0.236028     0.362527    -0.252833     0.779651    -0.426794    0.0150484    -0.684038   -0.0383039     0.157373    -0.188254    -0.626176     0.302301    -0.185809
  -0.0298658      -0.2856   -0.0367704     0.413654   -0.0315031    -0.346739    -0.547498    -0.531217      0.39872    -0.654489    -0.102381    -0.115429    -0.380563    -0.317762    -0.120206  -0.00708446     -0.16057   -0.0452155     0.429769    0.0734762     0.423724    -0.196002    -0.112004     0.398782     0.185899    -0.340599    -0.617845    -0.341319   -0.0473013  -0.00633694    -0.434992    -0.433609
   -0.084388    -0.560588    -0.136719    -0.145431    -0.252019    -0.155041     0.403979 -3.24685e-06     0.133964    -0.262821     0.142534   -0.0622102     0.187639    0.0226252     0.265563    -0.128368     0.033402     0.218048     0.195594    -0.241082     0.285452   -0.0168967     0.164222       0.1616   -0.0748344    0.0265861   -0.0600391     0.186324    -0.321975    -0.294496     0.258764     -0.45646
   -0.135073    0.0686683    -0.252407  -0.00512582   -0.0272515     0.196849    -0.115365    -0.213403     0.744855     0.311796    -0.162584    -0.175234    -0.313619   -0.0419293     0.220592    -0.353146    -0.394994     0.431491    -0.253216    -0.254519   -0.0867346     0.314419     0.554698    -0.412232    0.0763605    0.0206951    -0.388648     0.344834    -0.193421     -0.15756    -0.262994    -0.749367
   0.0499976    -0.424916    -0.265257   -0.0337857    -0.339883     0.574032    -0.438036    -0.126112    0.0894075    -0.126307    -0.264771   -0.0807195    -0.262248    -0.139148   -0.0540238    -0.212553   -0.0238127      0.22288     0.408945    0.0572775   -0.0197386     0.113668     0.213247    -0.243991    0.0183396    0.0428574    0.0740715     0.154395   -0.0141399     0.507753    -0.215048    -0.215072
   0.0291833     0.154318     0.401859    -0.466756     0.473249    0.0443958    -0.421066   -0.0261153     0.521279    -0.402491   -0.0439025     -0.26013    0.0177901     0.413395    -0.570138    -0.324133    -0.439582     0.386685      0.60231    -0.347662     0.358055     0.211894    -0.234261    -0.305546     0.144407   -0.0214255     0.455279    -0.195297    -0.565285   -0.0873859     0.254239    -0.286237
   0.0856189      0.39569     0.456507     0.277655    -0.194794     0.301451    -0.149326      0.17194    -0.198555    -0.402297     0.271012   -0.0944677     0.160566    -0.288962    -0.351487     0.143593     0.167294     0.405406    -0.152158   0.00158243     0.319703    -0.386708     -0.62731      0.43292     0.618215     0.320096    0.0533804     0.112185    -0.217718    -0.467157   -0.0558099    -0.184222
     -0.7893    -0.140348    0.0280864   -0.0444207    0.0317896   0.00133299    -0.100377    0.0319603    0.0133939    -0.268672   -0.0703954     0.361814     0.294054     0.268007     0.468274       -0.608     0.530078     0.147497     0.707119    -0.180201    0.0536293    0.0613069   -0.0804255     0.173985    0.0257496    -0.103812    -0.320258      0.31906     0.103962    -0.196768     0.514489    -0.459325
   -0.341811   -0.0788419    0.0434667   -0.0325345     0.484865     0.610981   -0.0627094     0.640319    -0.555035    -0.898055     0.311907   -0.0095101    -0.490418     0.713456    0.0080194     -0.71697     -0.55831     0.491734     0.388406    -0.336933     0.286715      0.15864     0.194987   -0.0663999     0.437938     -1.17822    -0.522904    -0.432046    -0.555885     -0.90213    0.0292104    -0.290085
