    0.556051     0.109498    -0.214812     0.359462     0.795714      0.15231      0.29357    -0.263044    -0.131337     0.578333    -0.500173    -0.187531     0.700262     -0.02517    -0.215287    -0.182482    -0.110753    -0.389048     0.116979    -0.199314     0.321864     0.332086   -0.0151738      0.34582    -0.569232     0.244783     0.286113    0.0425485    0.0969094    -0.149734    -0.301554     0.444402
     2.45467    -0.443788    -0.655805     0.133277     0.040486    -0.582545     0.656843    -0.789631    -0.109969   -0.0891374     -0.73829    0.0882328    -0.185738   -0.0196501     0.331367     0.147407 -0.000785118    -0.121424     -0.86417    -0.727565    -0.828854     0.796078     0.368973       1.3749     -1.18242      1.38221   0.00452456     0.409099     0.228095     0.350415    -0.441732     -0.76463
    0.513312      1.34339    -0.469286      0.63403     0.175486     0.841566     -1.26751    -0.117584      2.00092    -0.659895    -0.389337     0.018645     0.348937     -1.03916     -1.05453    -0.636815      1.02715     0.134846      1.15875      1.56352      1.81327    -0.337559      1.45323     0.115622     -1.24604    -0.434713     -0.21422    -0.793339    -0.803148     0.170173     0.256671   -0.0561903
    0.265033     0.109436    -0.223435    0.0380379    0.0561243     0.224643    0.0432046    -0.281542     0.107342    -0.281579     0.249508    -0.128988     0.337171     0.280187    -0.252391     0.583288    -0.144977    -0.242623     0.128872     0.360167     0.189856   0.00405324   -0.0337977   -0.0727986     0.110242    0.0226233     0.171007    -0.171174     -0.14871    0.0357498     0.189389    -0.208954
   0.0334515    0.0761611    -0.441883    -0.434743    -0.311914    -0.392003     0.440571    -0.450554     0.671951     0.690681     0.172494    0.0992892      1.06052      0.53294    -0.305463    -0.290671    -0.190867    -0.945575   -0.0821084    0.0885732    -0.315257     0.712966     0.393507    -0.329169    -0.748858      1.13963     0.890462    0.0358034     0.428052     0.267618    -0.365809     0.114884
  -0.0698297    -0.297625   0.00819317      0.59702    0.0560796    -0.325667    -0.524783     0.094543     0.219589     0.373146     0.198061    -0.199983     0.634858   -0.0561873    -0.317163    -0.786029   -0.0499882     0.195422     0.452679     -0.28006  -0.00999415     0.170145     0.511107    -0.332368     0.239245    -0.682412     0.388871    -0.141367    -0.072874    -0.231473    0.0525233    -0.165998
    0.142431    -0.226667    -0.698476    -0.383177      0.75412     0.206702    -0.924276     0.139745     0.199996    -0.239793     -1.18534     0.481216     0.461162     0.210067    -0.988931    -0.708676   -0.0562788   -0.0378904     0.880427      1.18224   -0.0565533   -0.0318683      1.15917    -0.484165    -0.357742    0.0885362    -0.103023    -0.321907   -0.0610507    -0.540031    -0.782342     0.407477
   -0.216332     0.303276    -0.346773   -0.0331263     0.299405     0.013675     0.453578   -0.0911129   -0.0170567     0.125828     0.231472    -0.405285     0.448149     0.459971    -0.174444     0.575604   -0.0160577     0.192032     0.164462    -0.366162     0.107675       0.2563    -0.392475    -0.201471      0.34023     0.282557    -0.382532     0.192437    -0.308108    -0.483413     0.177895     0.198396
    0.461528    -0.329431    -0.896933    -0.503756    0.0181314     0.465071     0.270046    -0.578753    -0.532633      1.10149    -0.269611    -0.069294       1.1804     0.183756    -0.507753     0.961988    -0.877998    -0.448635    -0.541928    0.0809322    -0.243559     0.321094    -0.399116    -0.130569     -0.33361     0.363212     0.129317    0.0297158     0.729032    -0.169826     0.286583     0.225172
   -0.614529    0.0826423     0.384058     0.990262    -0.796734     0.490302     0.173109    -0.576971   -0.0255582    0.0668605     0.178827     0.471344    -0.239542     -0.15231     -0.55735     0.355223   -0.0532928     0.106296   -0.0586925    -0.117046     0.550191     -1.03958    -0.324883    -0.273383    -0.138945      0.28748    -0.326378     0.188735    -0.559607     0.471862    0.0964518     -1.00939
  -0.0232201     0.324663     0.137534   -0.0971758    -0.553432     -0.28511   -0.0808312     0.373353    -0.404047    -0.124937     0.115162    -0.247548    -0.412052      0.12241     0.411557     0.145144    -0.129835    -0.140194    0.0832481    0.0395847    -0.405267     0.452038     0.171408     0.168633    -0.142025    -0.170959     0.788849     -0.29977     0.177101    0.0146064     0.852417    -0.843131
   -0.428569    0.0639769     0.242007     -0.20071     0.395831     0.532868     0.541498    -0.116817    -0.147412     -0.14926    -0.208803     0.173714     0.757797     0.488776    -0.157676    -0.549672    -0.190751    0.0836992      0.36651    -0.990869     0.184235    0.0371625    -0.282444    0.0511105     0.369763   -0.0607751    -0.321584     0.321485    -0.781158    -0.369235     0.213478   -0.0612237
     1.50789      1.27983      1.01363     0.285218    -0.716506     -1.61065      0.48098     0.833116     0.469351     -0.82239      2.37514     -0.39108      0.20504     -1.51813     0.199255    -0.797734      1.21778    -0.725057     -1.29299    -0.670947      1.84301     0.287521    -0.986384      1.89745      0.74268     -1.20356    -0.362661    -0.348749    -0.144707    -0.955694    -0.418082    -0.328539
   -0.929438     -1.55205     0.345852    -0.432033     0.107383    -0.380015    -0.326188     0.943073     -1.09236    -0.172908    -0.231614     0.412105      -0.2418     0.461347     -1.00726     -1.58133      1.21529      -1.5249    -0.106046     0.425653     -1.00614     -1.04666    -0.321263    -0.579087     -1.16947    0.0398368     0.490845    0.0430777    -0.794198    0.0613683   -0.0731419    0.0203787
    -1.00639    -0.627711    -0.212006     0.240788     -2.07589     0.262504     -2.01554     0.510449    -0.315614    -0.440441     0.068202    -0.618992     -2.66231    0.0123807    -0.961352     -1.83124     0.490458   -0.0380499    -0.189725      0.48926    -0.621414    -0.919631     0.705675    -0.410346    -0.682072    -0.296823     -1.30338     0.737289     -1.78083     0.060206    -0.937109   -0.0042808
  0.00977893    -0.333555    -0.154576    -0.153934    -0.371527    -0.123898     0.347611    -0.438022     0.432564     0.249166     0.411139    -0.345265     0.582412     0.177856     0.115892     0.343361    -0.405974    -0.260436    -0.238709    0.0337572    -0.232897     0.277356     0.117198     0.565141     0.623418    0.0186542     0.238875    0.0164285     0.115449     0.573061    -0.531118     0.428179
    -0.67643     0.339078     0.657409   -0.0493375     -1.67094    -0.150466    -0.593909     0.215806   -0.0932085    -0.105951     0.972562   -0.0624255    -0.782903    -0.364753      1.02336    -0.423893    0.0875245     -1.31161     -1.20659     0.114459    -0.701668     0.414103    0.0491459    -0.463079      1.04955     0.746015     0.204575      0.23025    0.0690304     0.411474     0.754602    -0.826107
  -0.0685085    -0.672301   -0.0153576     0.283658     0.617222    0.0336676     0.652285    -0.317637     0.264978     0.598589   -0.0258611    -0.225643     0.110558     -0.20755     0.573183    -0.532417     0.118069     0.232043   -0.0729341   0.00576398    -0.351222   -0.0130841   -0.0127322     0.113231    0.0811087    -0.553285     0.324227    -0.538118   -0.0962636    -0.426609     0.334641     0.207819
    0.411488    -0.157032    -0.552368    -0.410577     0.507212     0.604578   -0.0581377     0.506055    -0.676301     0.193665    -0.715291    0.0984739     0.579398    0.0576495     -1.42049     0.694546    0.0572599     0.430838    -0.281419    0.0562113   -0.0654016     -0.60594    -0.794974      -0.6302     0.210839     0.294704   -0.0765458      0.55824    -0.292025    0.0171395     -0.63451      1.48028
    0.354361     0.228946    -0.498764      0.23058    0.0707187     -1.09852     0.383153    -0.323808    -0.242704     0.104405     0.738154 -3.71404e-06     0.166003     0.424316     0.561725      1.03838    -0.370381    -0.449348    -0.165263     -1.12901    -0.313291      1.01038    -0.371863     0.512666    0.0408051    0.0803068     0.286471    0.0228473     0.592509    -0.140423     0.592953    -0.270306
   -0.655647     0.985318     0.400201     0.523698     0.222763      0.56752     0.441632      0.35485  -0.00991982    0.0580917     0.919405     0.268869    -0.270405    -0.252168     0.366404    -0.989161     0.472116    0.0537093     0.330563    -0.371695    -0.248801     0.597944    0.0906403     0.503619    0.0602626    -0.443253      0.64695     0.105559    0.0424734    -0.784979    -0.221714    -0.347585
     1.29731     -1.34603    -0.116371     0.403305     0.685474    -0.531516    -0.886509     -1.27649     0.377881      1.96076     0.364809      0.37349     0.769938    -0.348737     -1.14084     0.813519    -0.190624    -0.650167    -0.045211      1.82707     0.523353     0.832013   0.00966514      0.11917     -1.07628     0.654112    -0.487438     0.555761    -0.542176      1.11179    -0.170047     0.233452
    0.449953      1.04547      0.75149    -0.639832     0.682331     -1.05508    -0.360785      1.34377    -0.897148     -1.08153    -0.349125      1.50657     -1.62372      0.73797    -0.319517     -1.85412     0.744889      -1.7943      2.34157    0.0430839   -0.0041923     0.487563       1.4279    -0.783194    -0.733902     0.317824    -0.300172     -1.07006     0.880368     0.100636    -0.896946    -0.814216
   0.0706744     0.891916     -0.27999    -0.683801    -0.895214    -0.577596     -0.64494    -0.615492     0.899019     0.017306     0.498368    -0.285922      0.17798    -0.406624     0.564698      0.61709     0.222114    -0.717837    -0.478403     0.358794      0.58547     0.575655    -0.346544     0.305913     0.281806     0.449825     0.961002    0.0528963     0.367654     0.915596     0.550656     0.476431
   -0.151455    0.0701057    -0.339474    0.0269337      0.13848    0.0645144     0.229724      0.16457    -0.504787     0.333233       -0.435    -0.125964    0.0509137     0.215448     0.330046    -0.123989    -0.358334    -0.289052     0.010734       0.5144    -0.336553     0.092966    -0.304589    -0.156197    -0.293986    -0.195043     -0.26698     0.378597     0.390727    -0.294576    0.0809868   -0.0397598
   -0.248939    -0.153322      0.55244    -0.136053      1.19249     0.218026     0.626828     0.158971    -0.755426    0.0512769     0.253468     0.226676    0.0630566     0.693202     0.123443     -0.68554     -0.51719     0.409274     0.242083    -0.913671     -0.39342    -0.409092     -0.44184     0.481094     0.142732    -0.265679    -0.294341    -0.186968    -0.334681    -0.852526     0.293499     0.115992
    0.564873     0.760393    -0.101121     0.217971    -0.458854     0.800491    -0.696037    -0.709817    -0.186416    -0.338946    -0.167299     0.153487     0.327088     -0.55789     0.116648      1.19567     -0.37705     0.370143     -0.88773      0.69643    0.0871623   -0.0844702   -0.0707435    0.0268064     0.305064     0.643821      0.36307     0.465331     0.599671     0.799851    0.0173832     0.413358
    0.455301      0.59749    0.0435815     0.220223    -0.523842    -0.496064     -0.22756    -0.110909    -0.476256     0.355001     0.331352   -0.0097168   -0.0779945    -0.296056    -0.823356      0.32968    -0.417627    0.0918614   -0.0940029     0.387368     0.248026     0.651273    -0.354424     0.471952   -0.0526916    -0.202636    -0.761044     0.389185    -0.130155    -0.220617     0.646435    -0.349503
   -0.629437     0.290923     0.589373    0.0460076    -0.256312     0.026551     0.360932     0.567387    0.0297076    -0.733184    -0.219929    -0.376362     -1.13548    0.0433256    -0.167432    -0.950685     0.598281    -0.540562     0.204714     0.928323    -0.373298     0.119037     0.217878    -0.330695   -0.0299131    -0.317338     0.246209     0.128874    -0.757045     0.157958    0.0516318    -0.326752
   -0.108798    -0.642996     -0.20105  -0.00619385     0.311723    -0.965664     0.623394    -0.126923   0.00200556     0.814098    -0.361946    -0.671732     0.165872    -0.371401    -0.620097     0.931416     0.326739    -0.551414    0.0281733  -0.00229931     0.361207    -0.355476     0.352309     -0.27048    -0.313831    -0.377465    -0.307474     0.176622      0.14976    0.0964465    -0.219366     0.580643
    0.347011     -1.14785    -0.660901    -0.540662    -0.232215      1.31203     0.752129       1.8759     0.584955     0.453024    -0.568965     0.335958    -0.846687     0.596218     0.337592     0.442684    -0.886081     0.742302     0.917079     0.327461    -0.766795      -1.4899    -0.112216    -0.633649     -1.02575    -0.137489      1.05156      1.11501       1.7477    -0.288056   -0.0798297     0.918982
    -1.41728     0.486978     0.436801    0.0128618   -0.0323044    -0.967901     -0.48395     0.763383    -0.443275     -1.19077     0.324693      -0.2763     0.356279    -0.091793    -0.808328    -0.891241      1.04199    -0.717077    -0.233106    -0.541034    -0.512385     0.404978     -1.12226    -0.336748     0.706823     0.315243    -0.688016    0.0987905     -1.09266    -0.151258   -0.0531382   -0.0578678
    0.792901      0.47653      0.62706    -0.906568     0.286913    -0.406668    0.0723128     0.153486   -0.0455245     0.581242   -0.0523465     0.659742    -0.745074      0.13318     -1.15448    0.0853215     0.524431     0.298288     0.277637    0.0248908      1.44601    0.0924502    0.0952536     -0.62892     0.844987    -0.183942    -0.808491    -0.258578    -0.586535    -0.200895    -0.242688      1.64647
    0.654946    -0.379749     0.244436    -0.496793    -0.339675     -1.61518    -0.475516    0.0899922     0.710268     -1.52088      1.14104    -0.573396     0.774223     0.514703     0.143908   -0.0536366    -0.446455    -0.823678     -1.18375     0.115582    -0.062579    0.0218263    -0.457339     0.574636     0.272231    -0.300455     0.357151   -0.0442805     0.421156     0.440134    -0.446803     0.816883
   -0.709537     0.507936      1.30851     0.253577    -0.301733     0.854315      1.75527     0.428944     0.674469     0.830121       0.7575    -0.845814      -1.7769    -0.177568      1.56742     0.195724   -0.0390851     0.623835    -0.479301    -0.821248     -1.14196     0.947081    -0.257269    -0.545264     0.799116    -0.889068     0.982537    -0.229098     0.528055    -0.249213    -0.425051      1.53109
  -0.0286342    -0.606259     0.550617    -0.881421     0.394774    -0.307089     -0.74974     0.756782     0.358185    -0.889255     -1.12625     0.166794     0.420587      1.45673     -1.15627     -0.20167    -0.301316   -0.0526713   -0.0207194     0.325413     0.572689      -1.3247    0.0482089    -0.457238     0.643097    -0.928741    -0.674604    -0.767398    -0.497341    -0.235043     -1.04643      1.82766
   -0.433957     0.252756    -0.636033    -0.437389    -0.371471     0.446645     0.318882     0.460016     0.430987     0.330658    0.0334493    -0.186533     0.165068      0.49079      0.63771    0.0816739    -0.781204     0.334587     0.433971     0.624518    -0.259762    -0.612289     0.324994     -1.05979    -0.704225   -0.0272142     0.863786     0.730014     0.999404    -0.126909    0.0442801    -0.286591
   -0.675243    -0.461469  -0.00937267    -0.673204     0.215914      0.12346     0.467402    -0.331269     -0.31334    -0.686757    -0.105028   -0.0534319    -0.645633     0.380974    -0.175819    -0.693654     0.303797     0.102183     0.321145     -0.24547     -1.14221     0.102644    -0.262171    -0.148404    -0.253965    0.0820848    -0.290697     0.662375     -1.09972   -0.0376321     0.422481    -0.217903
  -0.0850838    0.0351808    -0.592369     -0.11893     0.178615    -0.283979    -0.217071    -0.327233    -0.125613    -0.315002    -0.887779    -0.649412   -0.0196795    -0.457273     0.577988     0.206364    -0.181045    -0.296276      1.25232      1.52785     0.188949    -0.171974      1.34747     0.125189    -0.490718     0.322903     0.445051     -1.05763     0.508176    0.0461861      1.08392    -0.655879
   0.0921523     0.777098    -0.280752    -0.134157    -0.269907    -0.493985     0.403597    -0.274632    -0.445728    -0.151655    -0.298289     0.307446    -0.250305     0.143208    -0.350334    -0.122255     0.188553    -0.467576     0.323421     0.607882      0.45278     0.136617     0.419627    -0.223288    -0.299262    -0.111801    0.0463294    -0.708592    -0.211659    -0.087857      -0.6165    0.0562826
    -1.08126    0.0264225      0.67247    -0.487958     -1.62187   -0.0812471    -0.338889     0.597702     0.686628    -0.398275     0.484719    -0.232773    -0.908917    -0.333438     0.620754    0.0201555    -0.024671     -0.68385    -0.576872    -0.114703   -0.0832349     0.201089    -0.406358    -0.390205     0.451917     0.499433    -0.271596     -0.64577    -0.341861    -0.278488    0.0856152    -0.376943
    0.363967    -0.728709    -0.176146     0.448799    -0.281017    -0.321768     0.254042     0.013316     0.484566     0.435599     0.111177     -0.29141    -0.476962    -0.481283    -0.323996    -0.580581   -0.0278203   -0.0466212    -0.120012     0.481566    -0.235531    0.0588261     0.383925     0.313089    -0.401427    -0.346596     0.718114     -0.14697     0.203754    -0.182387    -0.398106     0.487539
  -0.0281466  -0.00496718   -0.0907593      0.13393    -0.488089    -0.203072    -0.289848     0.381065    -0.010781    -0.335534     -0.12089     0.181048    -0.678307     0.188116     0.210907     0.279458    -0.292326    -0.269703     0.273226     0.574923    -0.203359   -0.0672843    -0.245754   -0.0947358    -0.447651    -0.429141  -0.00124204    -0.401487     0.787127    -0.190471     0.578068    -0.108358
    0.114878     0.309038     0.330252   -0.0674288    -0.317954    0.0592988     0.123554     -0.17637   -0.0187081    -0.190241      0.14109   -0.0384844     0.258583     0.239378     -0.32856    0.0806857   -0.0688102    -0.373334     0.255214     0.281764     0.332656    0.0431382     0.205553     0.161602      -0.1642   -0.0466102     0.233791     0.243369     0.530923     0.258152    0.0501069    0.0868034
   -0.143699   -0.0759761      0.85382    -0.559718    -0.915361     0.571699    -0.096555     0.328668        1.414    -0.493462     0.280978     0.406681    -0.504894     0.577937     0.449064     0.255509     0.100137      1.33234    -0.960491    -0.814062     0.843593    -0.172697    -0.391671     0.525778     0.690767     -0.66134    -0.257185     0.753836    -0.431412     0.531885    -0.592903     -0.44899
    0.287315    -0.169119     0.163488    -0.496197   -0.0513612    -0.461335    -0.499771    -0.479384     0.271707     0.269489    0.0310254     0.562868     0.345596     0.600176    0.0279882    -0.192471     0.380688 -0.000600825     0.318958    0.0838802     0.649147     0.657189     0.506565     0.288585     -0.12655    -0.140104    -0.359377     0.229475    -0.390349     0.459664     0.447539    -0.578447
   -0.312239    -0.140925    -0.551663    -0.408677     0.360384     -0.59211    -0.717536     0.144903     0.110546    -0.162268    -0.438626     0.279264     0.407363    -0.422334    -0.171514    -0.544335     0.518596    -0.417696     0.766907     0.217143  -0.00572645     0.581667      0.43953    -0.147892     0.296936      0.07521   -0.0135898    0.0652634     0.109324    -0.238731    -0.543121     0.485361
  -0.0467688     0.118353    0.0012219     0.248005    -0.568819     0.249506    -0.413483     0.612017    -0.838204   -0.0218349     0.206826     0.469977    -0.506735    -0.643033    -0.061729    -0.205732   -0.0750548    -0.140639     0.109586     0.582137    -0.283375    -0.329683    0.0429769     -0.35369   -0.0368266     0.141765    0.0162166      0.17038    -0.060967    -0.111918     0.505891    -0.453754
   -0.319526   -0.0934663    -0.348381     0.370463    -0.113425    -0.204675     -1.37443      -1.1782     0.488615    -0.161067     0.584413     0.562628     0.423696    -0.301555    -0.283139      1.09358    -0.382718     0.514071     0.226693     0.118375    0.0586098     0.397432    -0.748626    -0.275669    -0.146331     0.485399     -0.68558     0.606557    -0.558572     0.990879      0.71741     -1.23289
     0.67512     0.779656     0.434901       0.2588     0.897748     0.591547    -0.184381    -0.246269      1.00642    -0.990878     0.190251     0.578203     0.943419     -1.05732    -0.452144     0.756626    -0.123902    -0.160466     0.123863     0.699184      1.97631    -0.799122     0.206655     0.690836     0.899154     0.175568     -0.66947    -0.434984    -0.988775    -0.158914    -0.282376   -0.0321207
    -1.63684    -0.465282     0.302239     0.793513    -0.240668   -0.0379168    0.0886745     0.774197    -0.729685    -0.805776     0.171222    -0.710386   -0.0774145     0.194692     0.735865      -1.6211     0.726876     -1.29822     0.116629    0.0475749    -0.948052     0.472435    -0.515486    -0.393778    -0.338986     0.637952    -0.736821    -0.509569    -0.662391    -0.504138     0.621904     -1.21076
   -0.505793    -0.595667     0.695538   -0.0265379  -0.00740898     -0.29475    -0.232541     -1.61642     0.194011     0.334088    -0.432637   -0.0454459    -0.424591    0.0670052     0.229176    -0.308867   -0.0166398     0.535644    -0.205605      -0.7181    -0.843085      0.37688   -0.0236295     0.258733    0.0747546     0.242747    -0.225772    -0.227886     -1.49809    -0.261231    0.0301812    -0.211375
    0.365289      1.70987    -0.177325    -0.243495    -0.267903     0.291733      1.48819     0.604033     0.627897    -0.342793    -0.880473    -0.539166     -1.37536     0.161699     0.247064     0.963166    -0.015794     0.592372     0.836339     -0.13007     0.559379   -0.0101091    -0.291867    -0.896015    -0.127704    -0.384104    -0.248923     0.575238     0.649136    -0.876171     0.201333     0.589136
     0.51352     0.402662    -0.898584    -0.366374    -0.359021     0.616919      0.40806   -0.0715418   -0.0467755      0.29327    -0.449542    -0.170614      0.36012    0.0843295    0.0498837     0.105148    -0.277848     0.160221    -0.439717     -0.58615    -0.271953     0.342266     0.340349    -0.542854     -0.44912      0.20796     0.546323     0.675963      0.95374    -0.150795     -0.86411     0.467449
    -0.17507     0.513034    -0.133603     0.410613    -0.493546    -0.561325    -0.275655    -0.422132    0.0270998    0.0549514    -0.251032    -0.177474   -0.0194837    -0.372086    0.0280865     0.257981     0.533119     0.639153     0.272951     0.290205     0.340875     0.623792    0.0657919     0.285455    -0.121585    -0.408008    -0.292066    -0.114603     0.117598    0.0112605      0.30022    -0.106328
     0.37501     0.162787     0.128044     0.176457    0.0725979     0.419962     0.191048    -0.126166    -0.382018    0.0324945     0.109703     0.277701     0.179199     0.127311     0.106399    -0.325299   -0.0751136    -0.332887    -0.466439     -0.61521    -0.264053    -0.305297     0.315325     0.175003     0.157849     0.100098      0.49851    -0.177031     0.211673     0.209934    -0.406951     0.424883
    -0.30835    -0.523394      0.17813     0.128058    -0.921834     0.278619    -0.778401     0.508258     0.361638    -0.395961    -0.314462    -0.741692     -0.97341    -0.168769     0.127183    -0.254309     0.120671     0.352425    -0.656465    -0.332263    -0.727373    -0.070847     0.244339    -0.439072     0.825312    -0.148607     -0.70686     0.891262    -0.748047     0.155983    -0.216671    -0.312139
   -0.400532    -0.504612    -0.227675      0.24315     0.303694    -0.102578   -0.0416507     -1.72969   0.00776692     -0.33948    -0.270515     0.435152     0.519888    -0.100519      0.41655     0.523414    -0.506649     -1.12341    -0.360349       2.1782    -0.156141    -0.889896      1.00551    -0.381299    -0.877857      1.41708     0.519687    -0.120619    -0.487661     0.920344     0.696413    0.0508927
   0.0203358    -0.128324     0.843001     0.106813    -0.662867    -0.325155     0.762878     0.287978     0.055983    -0.835353     0.887916    -0.603295    -0.829239     0.936388    -0.631274    -0.953455    -0.258106     0.313517    -0.301204      -0.2657    -0.492269     0.277095    -0.303674     0.481028     0.384321    -0.721617      0.12976    -0.485505     -0.58706   -0.0400526    -0.284682    -0.262423
     0.33792     0.250212    -0.160893     0.351852    -0.154491     -0.15313    -0.305913    0.0312817     0.290698   -0.0891772   -0.0604386     0.258408     0.231686      -0.2907    -0.189649      0.67546    -0.105233    -0.696528    0.0699131      0.22899     0.367666    -0.216947    0.0653113     0.272995    0.0161679     0.017012    -0.201752    -0.127888   -0.0948017    -0.145015     0.481242    -0.249687
   -0.107682    0.0907563    -0.181253     -0.13811     0.874921     0.516741  -0.00987466     0.340553    0.0213403     0.252452    -0.567426     0.361169      0.31414    -0.278064    -0.345419      0.54157    -0.284643    -0.143075     0.298248     0.433764     0.474232    -0.937393     0.408135    0.0662142    -0.345916     0.393543     0.639412   -0.0707213     0.789012   0.00597023    -0.359647     0.391416
    0.486227    -0.603464    -0.455093    -0.123672     0.794167   -0.0988078     0.122266    -0.339858    -0.311913     0.501785    -0.370211   -0.0182848     0.580525   -0.0109556     0.369605     0.160964    -0.167796     0.326714    -0.367738    0.0159588      0.18003    -0.119883   -0.0956139     0.587297    -0.307298     0.262671    -0.145515     0.286105     0.206131    -0.211433    -0.393968    0.0451525
   -0.471833    -0.470934      1.09278    -0.130349   -0.0390092    -0.080727     0.456545     0.404018     -1.04926      1.67841     0.520591    -0.588331     -1.55914      -1.4422    -0.418786     -1.42656      1.29202    -0.314547     -1.58815    -0.306667     0.124214    -0.118547     -1.11818     0.104158     0.636159      -1.3611     0.521822     0.742568    -0.255141    -0.325365      -0.7842      1.20786
   -0.298753    -0.616782     0.147328    0.0706451    0.0486369     -0.12889    -0.232112     0.189018    -0.174801     0.365077      0.29149   -0.0306979    -0.216004    -0.100889     0.400891    -0.529474     0.209847    0.0805028    -0.464138    -0.932339     0.160321      0.57888    -0.105851    -0.156936   -0.0592785     0.237019     0.327675     0.275278   -0.0301398    -0.359963    -0.346911     0.130858
    0.298326      1.34283     0.333204    0.0530635     0.494287     -0.15944    -0.476871     0.598649     0.591205     -0.42165    -0.407158     0.284831    -0.346548     -1.09463    0.0676661     0.202473     0.537185    -0.670719     0.171214      1.25195     0.997479    -0.672784     0.499398     0.146856   0.00841014     0.476205     0.637444    -0.159348    -0.194164    -0.401768    -0.692306     0.581247
    0.832895      1.58926     0.415519     0.301485    -0.367051    -0.331765      1.05421    -0.167893     0.582717     0.164435    -0.455463    -0.276495    -0.998658    -0.198551     0.922891     0.556119     0.396165   -0.0303788     0.513786     0.834116     0.174931     0.780665     0.457088     0.331587       0.4428    -0.194483    0.0420186    -0.271736    -0.205728    -0.408558     0.671608    -0.945249
    0.260134     0.919586   -0.0907974    -0.183912    -0.209969    -0.442817       -1.183      0.27895     0.588516     0.355605    -0.750476     0.315866    -0.725246    -0.517027    -0.634987    -0.311495     0.744311    -0.593913      0.50346     0.560702     0.384445     0.367518     0.609471      0.10912     0.230497     0.318864    -0.102922     0.318935   -0.0376438     0.196905    -0.213878     0.946583
  -0.0884542    -0.339682     0.555973    -0.715639    0.0504128      0.44905     -0.18161    -0.895224     0.692917     0.631076     -1.53166      0.59614     0.670957   -0.0976129    -0.404733     0.200774     0.164357    -0.185082    -0.784331      1.08135    -0.171081   0.00953404     0.752694    -0.494496     -0.04157     0.733769     -0.24767     0.513479     -2.04985      0.32889    -0.147881     0.813398
    0.318735      0.74684      1.34344    -0.262371      1.77988      -1.0659      0.82579     -0.93399     0.322779    -0.878321      1.03923     -1.00586      0.20326     0.449677     0.690542     0.534944     0.182389      0.85787    -0.036763     0.458588     0.339573    -0.152147    -0.465609        1.874      1.20863     -1.08682    -0.383851     0.240142    -0.843781    -0.346696   -0.0792767     0.233194
  -0.0190407     0.311081    -0.412555     -0.10226     0.318624    -0.186928   -0.0725654    0.0934983   -0.0494282     0.116408    -0.600915     0.214902     0.279459    -0.600315    -0.162104       0.6195     0.184566    0.0125075     0.607868     0.424392     0.389511    -0.448579     0.565353    -0.532288     0.105432     0.348671     0.158054    0.0750045     0.319337    0.0559598    0.0691451     0.150723
 -0.00931236    -0.191608    -0.192979     0.155635    -0.172693    -0.192907    0.0465339    -0.155437     0.379216     -0.10133     0.480006   -0.0773272     0.152589    0.0196899     0.283562     0.187748    -0.123076     0.384718     -1.06361    -0.225646     0.425712     -0.16348    -0.277112     0.119518 -0.000413835    -0.487581      0.20941     0.213327     0.260435    0.0865056    0.0216299     0.403187
   -0.230039    -0.240624    -0.105111   -0.0659105     0.645842      0.15219    -0.167747    -0.567833      0.14383     0.463135    -0.549419    -0.376996    0.0114762    -0.130397    0.0298102     0.498494    -0.101689     0.202169     0.209026    0.0396768   -0.0570739    -0.128131     0.193328    -0.022989    -0.310458    0.0701654    -0.175882     0.406321    -0.127655    0.0102828     -0.20572     -0.46256
   -0.908343    -0.237214    -0.240684   -0.0401319     0.746774      0.29328      -1.2488      1.24869     -1.37327     0.334408    -0.404837    0.0796869    -0.549872     0.247597     0.471604     -1.86998    0.0722523    -0.120657       1.2568     -1.43603     -2.26289     0.620536      0.48721    -0.266127    -0.752638     0.617773     0.122158    -0.447311     0.698533     -1.16939    -0.631576    -0.024797
    0.056727     0.250325     -1.27215     0.387135    -0.132285     0.536135     0.292368    0.0198252     0.355733     -0.33714    -0.264368    -0.590834    -0.216292     -0.34446     0.261999      1.08401    -0.856954     0.607271    -0.389092    -0.120268    -0.223453    -0.070005    0.0902775     0.301303    -0.096095    -0.459883     0.195513    0.0475586     0.389648     0.306231   -0.0318816   -0.0837286
    0.185159    -0.165475    -0.297749    -0.270786     0.253654   -0.0807499     0.680903    -0.569196     0.328646    -0.523592    -0.252972    0.0143128     0.146134     0.212593   -0.0720729   -0.0224763    -0.935286     0.133731     0.141851     0.375232    -0.346013    -0.935333     0.299279    -0.163326    -0.236921     -0.18772       1.1049     -0.56777     0.011366     0.482689    -0.289583     0.843718
    0.593161    -0.230728     0.114889  -0.00846217    0.0847661    -0.708346   -0.0685593    -0.389423    -0.275748     0.386402    -0.161619   -0.0103668    -0.353173     0.391317     0.304748     0.243906     0.115305    -0.295146     0.337485     0.208391   -0.0121036     0.374718     0.637074     0.281157     0.132758    -0.132118   -0.0487179    -0.104499     0.238555     -0.11869      0.13952    0.0540275
    0.703303     0.438017     0.150829    -0.321611     0.070186    -0.105988     0.383527     0.250878     0.163915    0.0282331     0.142994    -0.243281    -0.616973     0.524073     0.117512   -0.0504493    -0.309543     0.183483     0.364361     0.114764    -0.420128     0.406358     0.170671     0.133515     0.203126   -0.0635488     0.567777     0.492271     0.311993     0.378242    -0.498737     0.254025
   -0.698197    -0.141169     0.368607    -0.439243     0.590948    -0.116372     0.309307     0.614935     0.295841    -0.737917      1.07049    -0.387944     0.245119   0.00933959    -0.287117     0.228834      0.16049     0.324122    -0.904629    0.0132863      0.63007    -0.327905     -1.22072    -0.200241      1.20153     0.044343   -0.0633813     0.700845   -0.0613176    -0.599532   -0.0668108     0.347282
   -0.190112    -0.185977    0.0890782      0.77856     0.528069   -0.0358223   -0.0514394    -0.241086    -0.441229     0.323175    -0.321772   -0.0890678     0.156843     0.205006    -0.133644    -0.206413     -0.26375    -0.150974    0.0773994    -0.161016    -0.570177     0.442945   -0.0546908     0.216766     -0.52475   -0.0212463    -0.601159     0.214304     0.449887     0.119892      0.18348   -0.0568589
    0.348485    -0.479383    -0.501504    0.0829544     0.994025   -0.0118267     0.381575    -0.851457      0.58438      1.00764     0.209904    -0.135322       1.1363     0.127862      0.31612     0.195705   -0.0608085    -0.230113    -0.654623     0.170599   -0.0186333     0.270624     0.454414     0.684575     0.601485      0.24765     0.695546    0.0865593     0.802975     0.367332    -0.792406     0.564457
    0.718912    0.0819285     -1.10068  -0.00344784     0.999824    -0.334951     -0.31386    -0.605922    -0.171776     -0.68454    -0.207552    -0.318672     0.196629    -0.327489    -0.241209     0.589519   -0.0712054     0.795962      1.22494    -0.200059     0.507112    -0.857572     0.572018    0.0958093     -1.23252      0.52819    0.0474387   -0.0483757     0.765246     0.352088     0.258256   -0.0894247
     2.97249     0.551094     -2.31962      1.07168     -1.98196     -0.30147     0.302924    -0.766562     0.607453     0.776741    0.0583962    0.0650146      1.36421    -0.596365     0.983616     0.476213     0.177922     0.532671     -1.95572     0.580647     -2.03681     0.864257      2.62498     -1.20278     -1.88111     0.448774      2.31058     -1.44698      2.43977      2.15698     0.914064    -0.521433
   -0.214422     0.517864   -0.0490476     0.310114     0.168355     0.216116     0.355992    0.0391875    -0.289177     0.203309   -0.0273195   -0.0479055    -0.613669     0.199458    0.0159322   0.00482233     0.670291   -0.0795181   -0.0321119     0.073392    -0.207187     0.658686     0.379795   -0.0280285    -0.145882    0.0560866   -0.0380844   0.00154002     -0.71653    -0.181283    0.0198378    -0.256763
   0.0792127    -0.145309    0.0284994      0.29025     0.287421    -0.140789     0.201028     0.173817    -0.177231    -0.232605     0.159312   -0.0128492     0.413669     0.155579    0.0457081    -0.180427   -0.0299761     0.162675    -0.151866    -0.166737     -0.07737     0.513071     0.277917     0.139411     -0.39278    -0.124917    0.0120338     0.327382   -0.0584824     0.117858    -0.251707     0.142566
    0.422043    -0.305665   -0.0977518     0.651648    -0.231655     0.339646    -0.233862      0.40039    -0.485569    -0.406216    -0.719584     0.522881     0.124641    -0.339597    -0.137913     0.165848    -0.127218    -0.828263     0.956942      1.17859    -0.589019    -0.116555    -0.326162     0.182746     0.284398     0.517099    -0.209939    -0.525477     0.131586    0.0130772    -0.174392    -0.235028
  -0.0218268     0.401643     0.356859    0.0764222     0.503365    0.0451274    -0.325014   -0.0724602   -0.0292321   -0.0406599     0.308885     0.549286     0.565077    -0.184534       0.2472    -0.240804   -0.0329519    0.0230485    -0.768251     0.385397    0.0410636     0.143548     -1.10029     0.292364     0.996203    -0.137696    -0.109693     -0.15172    -0.474263    -0.516517    -0.177053     0.601024
   -0.226808     -0.21538    -0.277179     0.406966     0.222506     -0.37805    -0.667816      0.10869   -0.0860017      0.16228     0.126337     0.107955     0.242957   -0.0965833    -0.135235    0.0305068    0.0595316      0.56933     0.126127    -0.298894   -0.0604622    -0.208225    -0.718342     0.567338    -0.212776     0.112175    -0.541018   -0.0302229    0.0590854    -0.193327     0.542819    -0.739876
    0.175477     0.711249     0.266779    -0.154647     -0.71847     0.386958     0.298195     0.762721     0.403591     0.165186      0.20149     0.266631    -0.330078   -0.0157747     0.397466   0.00166624     0.618026    0.0599544     0.195363     -1.25164     0.481371    0.0918198     0.699547    -0.427441    -0.112187    -0.460561     0.344582     0.403903     0.354815    -0.741313    -0.184959    -0.314268
   -0.245155       0.5062    -0.808806   -0.0477308      1.67559     -1.11614     0.751279     -0.17261      0.74868     -1.77523    -0.651326    0.0669781    -0.586483      2.10845     -1.60115     -1.07426     0.076904     0.245087      2.57643      1.23196       1.5526     -1.06036       1.4426     0.423128     -1.02389   0.00646976    -0.449967    -0.624146     -1.13678      1.35306     0.129187     -1.01235
    0.102271     0.790997    -0.535972      0.11529     0.711591     -0.33774    -0.626946    -0.562231    0.0724096     0.317023    -0.114468     0.280615     0.863302    -0.423903    -0.695213    -0.203981     0.890689    -0.742763     0.196246     0.200829      1.23628    -0.125312     0.168152      0.54928    -0.278376    -0.177701    -0.502757    -0.130396    -0.146443    -0.784176    -0.192903     0.190588
   0.0860052    0.0901576     0.261697    -0.734733     0.410529     0.262263   -0.0749048    -0.153175   -0.0397277     0.295706     -0.38397    -0.185536     0.323314   -0.0852486    -0.214189     0.286355     0.177765    -0.441944     0.817177    -0.367151     0.554383   -0.0363367     0.126619     0.172676   -0.0438897     0.570401    -0.168936    -0.196897    -0.188998    -0.105533     0.598419     0.812749
    0.718738     0.482595      0.88009    -0.721573     0.297854    -0.365847     0.667586     0.810854      0.15128     0.396129      0.70048    -0.299603    -0.861824     0.627776    -0.289674    -0.126779     0.436971     0.543051     0.166939     -1.22306     0.152287    0.0455327     -0.50908    0.0345054     0.322333    -0.894457     0.976834    -0.240233     0.911908     -1.09092      -1.1681     0.789591
    0.161276    -0.111878    -0.289349    0.0452506     -1.04681    -0.307183     -1.26311     0.853889     0.731421     0.523641    0.0474526    -0.664506    -0.561856     0.382578    -0.442977    -0.420233     -0.20518     -0.27834    -0.824879     0.738108     -0.66411    -0.368009     0.481274     0.288283    -0.228165     -0.47314     0.186294     0.151533     0.547481    0.0484268    -0.200298      0.20556
  -0.0558085     0.230025   -0.0760862    -0.496483     0.288484     0.311628    -0.144334    -0.204882     0.805785    -0.179055    -0.532583    -0.118775     0.453153    0.0744892    -0.225411     0.391307     0.256655     0.993402     0.443309     0.547577     0.925029     0.148686     0.325945    -0.141707     0.471335     0.374213    -0.039933    -0.176216     0.129455    0.0756877     0.345358     0.476477
   0.0108748     -2.14756     0.538357    -0.610326      1.38075     0.254593     0.658533     0.197844    -0.224555     0.160569     0.631861     0.671012    0.0529988     0.685147      1.58014     -1.41433     -1.08094      1.47284     0.613671     -1.03184    -0.543831     0.218021      0.77682     0.331871     0.153791    -0.997525     0.546797    -0.525559      1.66859     0.860952     -1.53164     0.478977
    0.311763      3.42036     -2.04118      0.52434     -1.74441     -1.20828      0.90429     -1.82955    -0.432993     -0.29165    -0.425767     0.646396      2.73638    -0.512226      1.29288      1.91193    -0.779022    0.0264074      -1.7762   -0.0957887      -1.3847      2.06751     0.954738     0.178527    -0.979485      1.75871      1.96752     0.709725      2.07544      2.09885      3.25032     -2.84007
   -0.474553    -0.156737    -0.901787     0.123568     -1.23514    -0.271125    0.0757818    -0.166792     0.485812    -0.180844   -0.0828519    -0.263031      0.28741     0.174301     0.687475     0.439825    -0.307501    -0.416563      0.16777      0.58832     -1.21238     0.184663     0.420677    -0.883241   -0.0681795      1.02652     0.187057     0.370292     0.113203     0.753959     0.155691    -0.856999
    -0.49687     0.369235    -0.105396    -0.270231   0.00932386     0.788697      0.47044    -0.114316    -0.400453    -0.304263    -0.473373   -0.0863634     0.195064     0.283505    -0.384728      1.53881    -0.084339     0.583889     0.785654     -0.85947     0.577798     0.500077    -0.360832     0.293766     0.259755     0.345747    -0.590992    -0.476601     0.132743     -0.33328     0.289577    0.0525845
    -0.95519   -0.0585177     0.280014      0.34186    -0.537818     0.680617     0.252897     0.868004    0.0235852    -0.703427    -0.287058    -0.194303      0.14989     -0.20945     0.754283     0.655276      0.27997  -0.00053056     0.433785     0.379377     0.225467    -0.150007   -0.0586688     0.204752     0.380135    -0.714115    -0.353523    -0.105514    -0.550734    -0.614355     0.562441    -0.223457
   -0.191859      1.19572    -0.966592     -0.11088      0.98641    -0.564903     -1.26632     0.596522    0.0171464    -0.534895    -0.381082     0.231237     0.459325    -0.826464    -0.310405   0.00994636     0.394809    -0.740252      2.13784    -0.481047     0.912709     0.533181     0.920597    -0.493877     -0.21838    0.0974299    -0.207423    -0.564659    0.0596906    -0.645153   0.00522733     0.465216
   -0.441734    -0.560539     0.577998    -0.896121    -0.309252     -0.19097    0.0336902     0.703433    -0.577533    -0.104726    -0.108158     0.414399     0.291859    -0.148704    -0.342127      0.24821      0.72803    -0.805573    -0.203842    -0.149273    -0.097961    -0.564949    -0.318187    -0.197473    -0.221074     0.566383     0.500699    -0.187287     0.010225     0.296277     0.101347     0.128758
    0.128699    0.0200305     -0.15524   -0.0700323     0.285874     0.363521     0.115518    -0.135672    -0.185781    -0.516749     0.312258   -0.0906237    0.0184122    -0.202447    -0.256356      0.25402      0.11138     0.713536    -0.424234    -0.736962     0.361653    -0.146457    -0.218949     0.231864    0.0422402    -0.243845    -0.902805    0.0139489     -0.60193    -0.100795    -0.420281    -0.351768
   -0.532373   -0.0461975   -0.0906395    -0.474666     0.131323    -0.141507    -0.662598     0.284854     0.445262    -0.582895    -0.558155    -0.539504     0.130432     0.509333      0.36362     -1.60016     0.244258     0.107736     0.270438   -0.0582488     -0.63314    0.0379016      1.68139    -0.238157    -0.451034    -0.185742    0.0459044     -1.23827    -0.284894    -0.657671     0.295973    -0.484586
   -0.172822    -0.602554    -0.666667     0.268644    -0.356196   -0.0334706    -0.648468     0.295468    -0.252633   -0.0103061   -0.0666441      0.27407     0.564022     0.890943     0.197574    -0.763146     0.109824     0.927657     0.615591     -1.05211    -0.239809      0.64456       0.3587     0.153854    -0.178532    -0.480822    -0.546704     0.132086    -0.462241     0.411938    -0.141241    0.0181542
   -0.684427     0.833093     0.259462     0.148653    -0.247632   -0.0980866    -0.529222     0.661912     0.425886     -1.64008    -0.300014     -0.21746     0.430961    -0.256885    -0.432756       -1.884     0.528856    -0.325457      1.73118    -0.650349    0.0958447     0.661001      1.58224    -0.298228     0.692019     0.156659     0.258685    -0.730317    -0.604135    -0.234689     0.261898     -1.32775
   -0.146959     0.385849    -0.544737   -0.0184139    -0.913439    -0.476804    -0.291504     0.214801     -0.58199     0.652371    -0.852236     0.386338    -0.499091    -0.226022    -0.395313      -0.3586     0.378643     -1.24123    -0.420887     0.477829    -0.586049     0.251564     0.215836     -1.07868    -0.376228      1.08409    0.0138939     0.149919     0.462651     0.193435     -1.05414      0.80376
   -0.299364     0.116991    0.0498134    -0.150315    -0.954111     0.455324     0.408644      1.59549    -0.290919    -0.788104    -0.134791    -0.187884     -1.38534      1.06134     0.854477    -0.727751    -0.542371   -0.0362108     0.458962     -1.10853    -0.848876    0.0995638     0.503939    -0.664681    0.0748116    -0.380805     0.847531     -0.22843      1.39096    -0.741759    -0.186043    -0.048936
  -0.0266677     -0.35496    -0.696848    0.0510954      0.29891     0.313026    -0.146232  -0.00194471    -0.244184    -0.294045    -0.482681  -0.00239099     0.946778    0.0500934    -0.127107     0.753335    -0.355523    0.0372755     0.839362    -0.467145     0.931821     -0.76109     0.625259    -0.660717      0.31415    0.0426117   -0.0629221    -0.525666     0.454725    -0.150186     0.163234      -0.6371
   -0.137668    -0.683522   -0.0440332     0.494223    -0.562111    -0.285651    -0.101532    -0.163649     0.172081    -0.120563     0.718006    -0.262216    -0.448638     0.273953    0.0435864    0.0908935     0.198459     0.638837    -0.248422    -0.720269    -0.262689     0.119665   -0.0743079     0.763108    0.0366329    -0.499257    0.0810402    -0.295076    -0.594451    -0.390725     0.555069    -0.821341
     -0.3223     -1.16186     -0.14656     0.778624    -0.390614     -0.33114   -0.0269345    -0.153797    -0.803498   -0.0789967    -0.239737     0.419123    -0.643415     0.405668     0.635427  0.000435195    -0.443437   -0.0333536    -0.090901    -0.655185    -0.992243    0.0781956     0.463341    -0.313246    -0.427577     0.826707    -0.831014     0.179042  -0.00534982    -0.874593    -0.162918    -0.920599
   -0.344767    -0.364369    0.0313881    -0.426909     0.495532     0.213342    -0.205661    -0.127636    -0.101905    0.0859185    -0.579316   -0.0228163    0.0669142     0.561602   -0.0820383    -0.363041    -0.342406      0.47001     0.480094    -0.211983    -0.212728    -0.302158      0.24659    -0.116036     0.262898    -0.136851    0.0361351     0.225614    -0.142817     -0.09138    0.0316984     0.692472
  0.00920709     0.148507   -0.0833384    0.0273515   -0.0428307     0.487878    -0.762093       0.3637      0.33934    -0.243925    0.0157358     -0.17876    -0.185302     0.343905    -0.584956     -1.01741    -0.172287     0.794888    -0.327082    -0.512707   -0.0430032   -0.0670998     0.138609     -0.54007    -0.437727    -0.464593    -0.333378     0.448333    -0.403034     0.516326    -0.220839     0.179274
  -0.0112556     0.532385    -0.164177    -0.339107     0.588144     0.217304    -0.387816    -0.111387     0.667177    -0.291687    0.0331673   -0.0862308     0.126794    -0.117947     0.218041     0.392223    -0.394914      0.24275     0.299355     0.408916     0.256838    -0.145453     0.306826     0.179677    -0.206272     0.116878     0.631273    -0.438621     0.123092     0.244267   -0.0646209    -0.344858
   -0.405902     -2.30731    -0.133301    -0.193247     0.427344     0.168958    -0.121144     0.271874      -1.0749      0.49542     0.608036    -0.297414     0.858098      1.12742    -0.904332     -0.44928    -0.784555    0.0267683    -0.882649     -1.42456     -1.36611     0.326406     -1.05586    -0.299515    -0.820188     0.394625    -0.706827    -0.708763     0.780533    -0.161709   -0.0403834     -0.50481
    0.784309     -1.10134     -0.11805    -0.658997      1.18466     0.199097      0.71451    -0.682583      1.04716     0.567328    -0.414992      1.08344     -1.37479     0.032923     0.483845    -0.497836    -0.134377    -0.327227    -0.628077      1.88861    -0.522989     0.204707      1.73899     0.716166      1.05585    -0.575604     0.434922    -0.670629     0.187123     0.961777     -1.27436      1.51479
   -0.189901    -0.161967    0.0833268     0.604182    -0.483066    -0.327076      0.53187    -0.389908     -0.18864    -0.059264     0.574546     0.116547    -0.549517     0.181885      0.40913     0.240341    0.0682012    -0.258099     -1.12295    -0.241758    -0.095148     0.588779     0.148606     0.316204     0.711591    -0.591759    -0.287861    -0.162773    -0.067795  -0.00543987      1.09815    -0.140628
    0.164022    -0.678574    -0.377291   -0.0522498    -0.162767      -0.6902   0.00422058    -0.125281    0.0850045    0.0548243    -0.141676     0.121855     0.254877     0.223745     0.278998     0.262601     0.089434    -0.544774   -0.0756221   -0.0181213    -0.439885    -0.248221   -0.0637123   -0.0643229     0.144482    -0.148178     0.170871    0.0112873      0.33335    0.0706258    0.0598539   -0.0645473
    0.484978     0.630034      0.16791     0.475027      0.58165    -0.202776     0.272759    -0.429867     0.452289    -0.198965     0.245313     0.918741   -0.0450521   -0.0881355    0.0517204    0.0980342    -0.176604     0.683599     0.574321     0.721037  -0.00736699   0.00960279    -0.272792     0.383705    0.0233721   0.00128569    -0.258149   -0.0989546    -0.538675      0.28609     0.174152     0.104859
   -0.648635   -0.0870114     0.397841    -0.113345     0.440728     0.819097     0.077654     0.753026    -0.332065     0.489237    0.0543651     0.652239     0.867071    -0.426043  -0.00418552    -0.395585     0.604819    -0.358204     0.573373    -0.716933    0.0541002    -0.363742   -0.0533031    -0.506742     0.171545     0.083507    -0.193766     0.066135    0.0289622    -0.785796   -0.0562664     0.323251
   -0.691691     0.285606     0.558267    -0.340898    -0.747592     0.129593     0.278148      1.37731   -0.0335004    -0.863272    -0.655229      -0.7197    -0.578943     0.468438    0.0199622     -0.95462     0.456175     -1.03923    -0.212091     0.631409     0.115322    -0.944751    0.0714258    -0.852805    -0.970573    -0.140771      1.03434     -0.62381   -0.0969212     0.823232    0.0770304    0.0785758
   -0.529348       1.2634      -0.1349    -0.335907    -0.378529     0.159617     0.458727    0.0521613     0.551349    -0.627485    -0.169341    -0.373465    -0.143345    0.0973367    -0.413494     0.164085      -0.1268   -0.0163378    0.0146623    -0.175347     0.304982     0.679525      -0.1488    -0.381218     0.208351     0.323409     0.420442     0.465986    -0.406662     0.123501    -0.187322    -0.043301
  -0.0539641     -1.81727    -0.982873    -0.270343     0.442437   -0.0980353   -0.0545754   -0.0526785    -0.813351     0.785244    -0.492441    -0.566338     0.849145     0.658345     0.518486    -0.287556    -0.517284   -0.0983982    -0.897237    -0.469717    -0.914413    -0.475461     0.408335    0.0705289     0.415384     0.140584     0.234053      1.10171      0.50185      0.77243    -0.314796    0.0163534
   -0.232626     0.814362    -0.304065    -0.370295    -0.327521     0.391242   -0.0479222   0.00517329    -0.276081     0.145434    -0.160659    -0.839163   -0.0603295     0.157173     -0.18068     0.408383    0.0993721    0.0170812    -0.124287     0.722401   -0.0234047   -0.0866075    -0.212825    -0.708053    0.0195396     0.542082    -0.234626      0.35945    -0.486839    0.0839351     0.223196      0.17984
   0.0581399     0.515086   -0.0549452     0.840803     0.148024     0.509193    -0.557324     0.017102    -0.105983    -0.322848    -0.179463     0.519562    -0.273426      -0.8809   -0.0549175    -0.237748     0.424243     0.323115    -0.190601     -0.18747     0.589684   -0.0484988     -0.31594     0.234874     0.408122     0.195151   -0.0443661    -0.211324    -0.894461    -0.700205    -0.103456     -0.36594
   -0.178924    0.0938102    -0.347022    0.0263369    0.0166056     0.443426    -0.517775    -0.713803     -0.66593      1.25411     0.327279     0.440922     0.788191     -1.11966   -0.0673316     0.713733     0.122121   -0.0353236      0.12323     0.119804    0.0259365    -0.221618     -0.16898    0.0730162    -0.403297      1.23704    -0.493266     0.199259     0.311744     0.407031    -0.476417     0.635939
   -0.214698     0.100041     0.477005    -0.330639    -0.339097     0.487358    -0.149614     0.297581    0.0280222    -0.176581    -0.179252      0.48905    -0.406969    -0.119478     0.238749    -0.733174     0.510536    -0.324734     0.093983    -0.252862    -0.251793    -0.374312    -0.164605    -0.499438     0.524498    0.0415267      0.12722     0.100203    -0.522964    -0.100811    -0.925593     0.798594
   -0.381696   -0.0132868     0.260775    0.0368747    -0.395412     0.369797     0.533065     0.456532     0.918229    -0.419687     0.163907    -0.129137     -0.31634     0.337171     0.287835     0.240553     -0.31457    -0.377299     0.355622     0.370153     0.223408   -0.0547224     0.443735   -0.0713061     0.590567    -0.229761     0.487068     0.328129    -0.118268    -0.376315      0.36765    -0.295524
    0.459159   -0.0628395    0.0676132     0.331128    0.0408846  -0.00212256   -0.0154871     0.351516    -0.883218     0.450281    -0.451008     0.323505    -0.255161    -0.130323   -0.0849828     0.283251     0.265825    -0.150651     0.255605   -0.0325095    -0.105864      0.29932   -0.0696089   -0.0333745   -0.0300421     0.387954   -0.0939549     -0.13804     0.284776    -0.259424     -0.10429    0.0359038
