    -1.2856
   -1.37787
  -0.925754
  -0.611888
  -0.862822
   -1.00613
   -1.08084
   0.486791
  -0.807686
   -1.23431
  -0.876255
   0.120188
  -0.602352
  -0.780278
   -1.69566
   -1.25802
   0.319881
  -0.378853
  -0.912453
    1.25677
  -0.735205
   -1.09363
    2.38278
  -0.492964
  -0.207782
   -1.42256
  -0.454505
  -0.776114
  -0.497043
  -0.968533
   0.745303
  -0.608457
  0.0102584
  -0.518648
  -0.624105
   0.165758
    2.77679
   -0.83858
  -0.366401
  -0.727754
    -0.1688
  -0.560922
  -0.474366
  -0.180397
   0.267476
    1.44441
   -1.37168
  -0.175895
    2.86087
  -0.861647
  -0.670014
 -0.0361714
   -0.18454
 -0.0877264
   -1.05031
  -0.439115
  -0.944561
-0.00557441
  -0.665383
  -0.210815
    0.45745
  -0.957569
   -1.07578
  -0.575479
  -0.319916
   0.212973
   -0.41206
 -0.0599662
  -0.305689
  -0.298753
  -0.785613
    0.97204
  -0.850609
  -0.988915
  -0.867313
  -0.249753
  -0.931414
  -0.655384
   -1.09115
  -0.333002
  -0.660798
  -0.814266
  -0.344243
   0.221767
  -0.463505
   0.502156
   0.528055
  -0.470634
  -0.395464
   0.140934
    -1.0968
  -0.883041
  -0.446331
  0.0923779
   0.207218
  0.0381074
 -0.0434919
   0.292582
  -0.228272
  -0.476112
    2.16476
   0.224074
  -0.268238
   0.315993
  -0.728581
   0.705624
  -0.438533
    0.15663
   -1.16455
   -1.40999
    -0.8702
    1.84653
  -0.668691
   -1.13306
  -0.706402
   -0.51582
  -0.016084
  -0.762066
  -0.585711
   -1.39728
  -0.816308
  -0.322802
  -0.615964
  -0.701786
 -0.0676702
  -0.241753
  -0.712764
  -0.218088
