  -0.0791388    0.0314785     0.252117     -0.10539    -0.293397     -0.35045     0.112717     0.274821     0.189418   -0.0389147     0.345237    -0.412259     0.112385    0.0314076     0.399591    -0.116239    -0.126938     0.192653    -0.312728    0.0735886   -0.0485788    0.0735735    -0.131493    -0.118288   -0.0373516     0.223277    -0.166187   -0.0558723    0.0715836     0.348689    0.0898557    -0.150663
  0.00330721     0.419822     0.180966     0.346414     0.237427     0.026255     0.354212      0.45464     0.111424    -0.226598    -0.088192     0.285588     0.048509    -0.040517    -0.240984    -0.134143    -0.254326     0.113208   -0.0835678   -0.0639444     0.100988   -0.0978112    0.0662878    -0.129314     0.146963  -0.00139318     0.267072    -0.284048    -0.102944    -0.120686   -0.0774089     0.151189
 -0.00748006     0.179443    0.0531401     0.256658    -0.084642   -0.0198913       0.3467     0.390244     0.346873     0.429435    -0.187312     0.175415      0.25573      -0.3271     0.126687    0.0269324    -0.253447   -0.0404466   -0.0959806      0.11422   -0.0260157     0.184279  -0.00517155    0.0677923     0.121829     0.119201     0.204814   -0.0371459     0.137184     -0.21161    -0.254724    -0.124992
    0.075742     0.416814     0.134211     0.300317    0.0410654     0.183915    -0.149344     0.128387     0.200728    0.0550372    -0.110493     0.116005     0.142938    -0.168009     0.129845     0.246886     0.165709     0.127841     0.347273    -0.112723   -0.0185123     0.258645    -0.133123    -0.241484     0.104486     0.122296    -0.213321   -0.0756673    0.0762418     0.256616    0.0613691     0.204762
   0.0113782    0.0847578      0.30263   -0.0842494   -0.0959753     0.143615   -0.0361546    0.0585042    0.0465055    0.0324585     0.188342   -0.0566984    -0.210035   -0.0436942     0.101548    -0.103246   -0.0918043   -0.0942348    0.0488733    -0.218995   -0.0904043     0.166773    0.0720992   -0.0942374     0.206261    -0.265829     0.238801     0.520078   -0.0522447   -0.0259601    -0.270468   -0.0593343
   -0.343216    -0.247209     0.192707     0.187726    0.0674725  -0.00446197     0.297348     0.319352      0.12095   -0.0462975     0.049917    0.0228904      0.23495   -0.0647614     0.265619     0.136654    -0.165756    0.0433382    -0.242588    -0.102522    -0.108458     -0.31481     0.138869   -0.0471698   -0.0497046    -0.131449    -0.475137    -0.331722   -0.0424997     -0.21054    0.0324305   -0.0688741
   0.0978715    -0.240492   -0.0498858    -0.181576    -0.107746    -0.361834   -0.0905766    -0.110672    0.0822923    -0.260804     -0.13899    -0.169837    0.0645216    -0.129437     0.193621   0.00139655     0.145991     0.178378     0.118306     0.311953    -0.296559     0.209063    -0.157871    -0.272553     0.172063   -0.0365534   -0.0698022    -0.303916   -0.0181283     0.424025     0.248986     0.277483
    0.272568   -0.0883562   -0.0302518    -0.112823    -0.105659    -0.173064   -0.0987094    -0.119817   -0.0686355   -0.0115667     0.176129       0.0245    0.0728771    0.0257527    0.0294554   -0.0258513    -0.253616    0.0350155    0.0866384     -0.10373     -0.13693   -0.0890267    -0.197164     0.141468    -0.377045    0.0678199    -0.312172    0.0609169    0.0621555    -0.016851      0.04271    0.0718149
   -0.223466    -0.236088     -0.19433     -0.20087   -0.0360671    -0.411817     0.332978     0.104319  -0.00301269    -0.101137   -0.0136369    -0.236079      0.22553     0.149306    -0.101479    -0.185304     0.135318     0.158977     0.023776    -0.164678   -0.0563039    -0.343005   -0.0392568    0.0912536    -0.364534   -0.0954834    -0.176402    -0.180449     0.197063    0.0765544   -0.0793192    -0.389349
    0.360665   0.00131953    -0.271183   -0.0392128   -0.0142833    -0.114298  -0.00533821    0.0615141     0.090364   0.00610284   -0.0543586     0.248885    0.0170337    0.0268042    -0.137983  -0.00999046      0.21984     0.122081     0.251521     0.207097   -0.0966888     0.148225    0.0309692   0.00125988     0.272888    -0.187659    0.0760437    -0.145572   -0.0391869     0.457837     0.202009    0.0384942
    0.191894     0.166911   -0.0256237    0.0212311     0.110054    0.0356868     0.384102    0.0637654     0.304291     0.199077      0.27069     -0.15228   -0.0627234   -0.0093146      0.26485    -0.109765    -0.291667     0.304146     0.153413     0.155629    0.0940717    -0.115578    -0.111131    -0.331639   -0.0208355    -0.109037    0.0928941    -0.152374   -0.0692411    -0.292232    -0.271093      0.19213
   -0.241755   -0.0632247    -0.190017     0.193312     0.132288   -0.0312619    -0.111753   -0.0216595      0.26126    0.0883538      -0.1881    -0.193533     0.368721    -0.173294    -0.169219    -0.387847     0.146006    0.0418752      -0.1206    -0.541797    -0.122235    -0.035228    -0.321664     0.342261    -0.361911    -0.031684    -0.228238     0.179096    -0.156295     0.278345     0.220887     -0.26066
    0.390835     0.219918     0.247905     0.285193    -0.231087    -0.235872    -0.106006    0.0100682    -0.284318    -0.367007     0.256805    0.0168428    -0.116165     0.027639   -0.0895815     0.290685    -0.325395    0.0810838     0.147087     0.399764    -0.288358     0.354849    -0.544528    -0.201184    -0.116705    0.0148884   -0.0882584    -0.254788    -0.118503    0.0276818    0.0857512    0.0484998
   -0.142818     0.274464     0.106802     0.335948     0.070297     0.148893   0.00297716     0.097346    0.0758079     0.288111     -0.23761     0.227554    -0.294965    0.0173194     0.330327    -0.129285     0.210421    -0.173047    -0.237681    0.0291901     0.282662    -0.165199   -0.0486989    -0.128988    0.0832395    0.0288422   -0.0616015     0.170871  -0.00083875    0.0757292    -0.149328     -0.10776
    0.181305  -0.00022432     0.184102     0.357287    -0.143872   -0.0555796    -0.319929    -0.243523    -0.118595   -0.0810434    0.0747689     0.163089   -0.0651981    -0.241578     0.131663    -0.347783    -0.313626    -0.193347     0.350202     0.100757     0.035924     0.330581    0.0476113     -0.23637    0.0218193    0.0664286     0.134658   -0.0360296    0.0136451    -0.540767     0.297348     0.294605
     0.11876   -0.0810992     0.174146     0.300706    0.0537531     0.100446   0.00516174    -0.163023     0.140411     0.171255     0.199714   -0.0631976      0.23107     0.149556    -0.116128     0.147071    -0.309167     0.147353    0.0564054     0.101897  -0.00605607    -0.152888    0.0983562    -0.287606   -0.0478241     0.136859    -0.341579   0.00968841     0.285544     0.198713    0.0349069     0.187902
    0.142862     -0.16967    0.0643091     -0.17706    -0.262798     0.269057    -0.159261    -0.161596    -0.182536     0.273761   -0.0544777      0.10498   -0.0570888    -0.108035     0.106599    0.0827126   -0.0557239     -0.22533    0.0247611    -0.380982    -0.236292     0.107536    -0.270243     0.127218    -0.229377    0.0157667    -0.165215      -0.1561     0.370613    0.0302776   -0.0378417     0.180574
   0.0515092    -0.150667      0.18941   -0.0130493    -0.200545     0.319087   -0.0417452    -0.374873   -0.0933632     0.234628    -0.101275   -0.0297812    0.0679689     0.216005     0.233603   -0.0252165     0.282583    -0.132449    0.0350251   -0.0639328    -0.221515   -0.0416593    -0.120465    -0.104169    -0.302345    -0.326215    -0.418219    -0.171036     -0.16515      0.02506     0.304651   -0.0384173
    0.152302     0.502145    0.0203428     0.157671   -0.0959188   -0.0761865    0.0619181   -0.0354275     0.173322    -0.144844    -0.047392    -0.453078      0.32624    -0.127458     0.280796     0.290877    0.0407995     0.218025   -0.0425885    -0.120874    0.0608774   -0.0496333  -0.00576652      0.21671     0.323168     0.101905     -0.17033     0.163106     0.226614     0.366295   -0.0961356    0.0917666
    0.268841     0.192009      0.42454     0.162921   -0.0935671    0.0731361    -0.318495     0.227195     0.278665 -5.51823e-05    0.0962386    -0.365786    -0.270714    0.0609505     0.294672     0.285463   -0.0629072    -0.230157     0.119396     0.240056   -0.0585856   -0.0681877    0.0178273   0.00942752    -0.208363    0.0334035   -0.0599846     0.303486     -0.20421    -0.212651     0.509211     0.271384
   -0.195801    -0.218496     0.237132    0.0874121    -0.101621     0.212036   -0.0511498     0.508911    -0.174901    -0.230373    0.0166291     0.154767    -0.226656     0.278041     0.106618     0.153597   -0.0182527     0.111097    0.0546515     0.207809      0.43594    -0.123506     0.164372    -0.134029    -0.116763    0.0201547    -0.352693    -0.173359     0.105367    -0.518356      -0.2281     0.185927
     0.10336     0.292812     0.376563    0.0541215    0.0868717      0.19085    -0.198668      0.23886    -0.399205    -0.228598    0.0784637    -0.318122    0.0590049      -0.0947   -0.0314007     0.389532    0.0742924     0.214468     0.292712   -0.0173793     0.153144      0.15275  -0.00871222    -0.168399    -0.106898    0.0139623     0.147639   -0.0256533   -0.0545971  -0.00388827     0.159866     0.198645
   -0.128976     0.199254   -0.0606205    0.0511506     0.068868     0.246686    0.0830862     0.297688   -0.0616766    -0.248282     0.163627   -0.0928834    0.0288942   -0.0900732     0.238551     0.276414   -0.0547907    0.0683183     0.129095     0.440318     0.205454     0.050801   -0.0378728    -0.246312     0.274564     -0.11423      0.50796     0.260976    -0.262478     0.181943    -0.088644    -0.213282
   -0.146751       0.1102   -0.0491241     0.512297     0.246533    0.0501901    0.0645326    -0.112983    -0.152813     -0.19949    -0.141407   -0.0956416     0.225661    -0.145091     0.131033    -0.145999    0.0400768     0.307841    0.0330016     0.125024    -0.108565   -0.0325443   0.00260459   -0.0824495   -0.0879705    -0.166303    -0.150156    0.0505514     0.225902    0.0528422     0.364497     0.185612
   0.0076944    -0.076056     0.033745     0.176402     0.129093     0.207895    -0.154782    -0.126719    -0.152829     0.242476    0.0451309     0.148397    -0.352001     0.309911    0.0512324    -0.446798   0.00237012   -0.0955195    -0.233216   -0.0482952    -0.237176   -0.0624656     0.199721     0.299295    -0.328033    -0.346666    -0.159238     0.028296   -0.0410449   0.00864481      0.13054    -0.145135
 -0.00203478   -0.0867078    0.0287131      0.23088    -0.110698    0.0489522     0.224166     0.225772   -0.0117526   -0.0777504     0.187579     0.194631    -0.490856    -0.188685    -0.211566     0.198873   -0.0764636    0.0342857    -0.193488     0.260588     0.202013   -0.0244191  0.000121664   -0.0413104   -0.0489092    0.0347864    0.0862586    -0.319029    -0.238398      -0.1223    -0.104274     -0.11537
    0.347161  -0.00871303  -0.00824828    -0.672635    -0.218351    0.0734104    -0.282194    -0.442787    -0.287692    0.0613961    -0.449938    -0.163932    0.0429996     0.282138     0.361142     0.062173     0.456471    0.0453417    0.0894031     0.201261  0.000870053   -0.0030801    0.0039054     0.160995     0.263402    -0.119871   -0.0335667     0.460493     0.395638   -0.0892939    -0.503387    -0.615613
    -0.26863    0.0408254    -0.255545     0.102168   -0.0612738   -0.0626849     -0.28344 -0.000754068    -0.128892    -0.221188    -0.223485   -0.0336425   -0.0819013   -0.0256598     0.168806      0.10944     0.388948      0.19516        -0.22    -0.131357   -0.0948893     0.131368    -0.108146     0.160247     0.121188     0.188538   -0.0127208     0.571109     0.140057   -0.0936865     -0.06267   -0.0206631
    0.184728    -0.285602     0.359132     0.240367    -0.139314    0.0897584    -0.388245    -0.245344    0.0857287     0.239203      0.11355    -0.105099    -0.119885    -0.284513     -0.20744    -0.442199     0.505109   -0.0707849    -0.174223     -0.11127    -0.163993     -0.26889     0.143069    -0.260593    -0.310419    0.0658038   -0.0478263     0.186954     0.138601     0.241492     0.109076     0.253615
    0.174086 -0.000362281     0.131987    0.0040533    -0.198932     0.055913    -0.103776    -0.263112    -0.276454      0.03705     0.258174    -0.188105   -0.0797802    0.0516662    -0.244438    -0.101874    0.0985605    -0.126919    0.0449152   -0.0681958     0.349264    -0.239842    -0.356659     0.182795   -0.0338496   -0.0715772   -0.0368048   -0.0757732    -0.196721     0.195248    -0.019104    0.0773178
    0.106454     0.055503     0.291151   0.00789692   -0.0563596     0.156581    -0.402056    0.0202976    -0.290668   -0.0613739     0.242138     0.113135     0.158014     -0.14274     0.330403   -0.0336306     0.523088   -0.0393082    -0.173227    -0.113909     0.207986     0.226106    -0.370791   -0.0165323     0.468938    -0.184414     0.103774     0.543671     0.056979     -0.19457     0.166734     0.160825
   0.0550413     0.187616      0.11537    -0.288445    -0.250653     0.423833    -0.391778   -0.0691181    0.0432427     0.264562    -0.251132     0.149162   0.00538403     -0.01542     0.250222    0.0554812      0.17856    -0.147542     0.163317     0.342808   -0.0484875     0.112511   -0.0227446    -0.016447    0.0537593   -0.0117998    -0.247185   -0.0147953     0.263917    0.0334643     0.132227     0.174103
    0.160664     0.170253    0.0585998   -0.0599822    -0.440672    -0.312423    -0.302754    -0.132329    -0.162497    0.0925057   -0.0267377    -0.205964     0.166204    -0.137237    0.0235223    -0.258253   -0.0472261    0.0734074   -0.0773633     0.071659     0.218561     0.304091     0.184464     -0.20372     0.118544     0.056874   -0.0479139    0.0888502     0.445596     0.492945     0.214114     0.124045
 -0.00888611    -0.172568    0.0990779    -0.123419     0.111928     0.150831   -0.0106085     0.147726     0.136997    -0.215862     0.145391    -0.400969     0.198125    -0.255627    0.0232801    -0.158376    -0.280369     0.138363    -0.134313    0.0359649     0.294716    -0.010773     0.343419    -0.202947    -0.337572   -0.0219812     0.323618   -0.0121329     0.218087   -0.0641872     0.350893     0.571664
    0.455106     0.202517    0.0388365    0.0235254    -0.235461   -0.0863753    -0.298318     0.136789    -0.466475     -0.35498     0.108437    -0.207056    -0.479611    -0.183482     0.206112     0.112934     -0.31972    -0.211669     0.275808     0.323631    0.0611559     0.222435     -0.29573    -0.319141    -0.130941    -0.057822    -0.077596     0.154843     0.454629     0.411422     0.356193   -0.0965168
   -0.232146   -0.0511798     0.205832     0.408484    0.0145864    -0.103585     0.121811    0.0199154     0.272351    0.0102561    -0.331716     -0.11617    -0.205768    0.0926123   0.00305083     0.170149     0.082077    -0.172435   -0.0843065   -0.0492947     -0.11978    -0.168108   -0.0606722    0.0897298    -0.192033    0.0474353    -0.099848    -0.207952    -0.224717    -0.483189    0.0186782   -0.0800781
  -0.0336458     -0.17821   -0.0910243  -0.00136284    0.0964984 -0.000368231    0.0881608    -0.148132    -0.122001    -0.301435     0.268655   -0.0273498   -0.0272306    0.0965462    -0.262611    -0.409741   -0.0434265    0.0460836   -0.0570915    -0.657701    -0.257635    -0.016136     0.111765      0.17654     0.273504   0.00404683     0.131875    0.0303899     0.169099    -0.133995   -0.0329486    -0.156708
    0.106843     0.126766    0.0677369    -0.319426    0.0905152    -0.137454    -0.155397    0.0481774     0.104064    -0.200463    0.0970029    -0.120603     0.131821    0.0200131     0.153817    -0.386433    -0.123657     0.165238     -0.12368   -0.0498097       0.1061    -0.146001     0.200925      -0.0418   -0.0763451     0.242377    -0.189559    0.0657468    -0.245192    -0.011987 -0.000897412    0.0898976
    0.273434   -0.0686063    0.0573097    0.0140974    0.0471126     0.157101    -0.154994    0.0381906    -0.258126     0.137288   -0.0707798     0.303648    -0.012191    -0.129576     0.352102     0.198749    0.0947071    -0.562115     0.117339     0.283695   -0.0420661    0.0306674    -0.111024     0.506717    0.0790878     0.156551     0.204127    -0.158927    -0.048077    -0.171752     0.118397     -0.36883
  -0.0998252    -0.107847    -0.251004    -0.150798     0.384626    0.0984972    0.0295831     0.221292    -0.121707    -0.402194     0.317974   -0.0243284     0.154935    -0.111196     0.102995    -0.335024    -0.107293     0.302242     0.123858   -0.0379552     0.144524   -0.0718464    -0.102265    -0.155093   -0.0421005     0.236946     0.409073    -0.273561     0.152956    -0.201173    -0.206372      0.12892
   -0.133809     0.365789   -0.0925924     0.391103     0.476515     -0.10115    -0.203478     0.290667    0.0333849    -0.374156     -0.39876    -0.306895    -0.584981    0.0472732    -0.504067      0.15336    -0.315891     0.258701     0.208406    0.0602189    -0.351133    0.0604429    -0.292592   -0.0921787    -0.133709     0.222006     0.193706     0.589252     -0.13835     0.279019    0.0626485     0.674086
  -0.0215447    -0.469912   -0.0148385   -0.0746921     0.118075     0.168405    -0.199132    -0.245862    -0.163625    -0.538134      0.19415    -0.228164    -0.298164    -0.119687     0.293398     -0.27765     0.175714    -0.118072     0.158873     0.308572     0.147716     0.238333    0.0202378    -0.288975   -0.0100881    -0.285766     0.141625    -0.051403   -0.0323461     0.290189     0.145473     0.106519
   -0.210304    -0.196685    0.0341135    -0.125037    0.0836067    -0.156082     0.338571    0.0172288    0.0338693   -0.0655297      0.21037     0.313676     0.467774     0.178433    0.0997232     0.209452    0.0768397    -0.146176     0.214274     0.176963     0.447782    -0.102385    -0.137876    0.0670925     0.181938     0.267668    -0.230647    -0.196398     0.051558    0.0995186     -0.27299     0.179683
  -0.0981159     0.334785   0.00275811    0.0753404    -0.145634     0.204758    0.0989829     0.559413     0.015517    -0.238897   -0.0653305    -0.374037    -0.160209      0.18391    -0.112344    0.0599661    -0.151645     0.164354     0.099462     0.191169      0.44331    -0.193663    -0.182497   -0.0329515    -0.191939    0.0217915     0.334663     0.178097     0.472327    -0.286358    -0.121484    -0.332959
  -0.0141385     0.198404     0.233117     0.723567      0.13347      0.31634    -0.135907   -0.0471092    -0.148931   -0.0666394    -0.044463      0.16179   -0.0855358    -0.017569     0.299245     -0.22804   -0.0620101    -0.552688      0.21071     0.272052    0.0845525    -0.106952    -0.192598     0.167797    0.0100101     0.364568  -0.00186787     0.108388    -0.265714   -0.0893255     0.327229     0.504952
   -0.337419     0.492774   -0.0218289     0.180118     0.121379    -0.326867    -0.309074    -0.086954    -0.154882   -0.0495567    -0.175116   -0.0567228     0.322039    0.0280687    -0.182024   -0.0949341    0.0815588      0.20385    0.0120409    0.0982617   -0.0615138    -0.389003     0.274481   -0.0569542    0.0460971     0.322923    -0.193219   -0.0530194     0.544786   -0.0499247    -0.373763    -0.152368
   -0.490908    0.0507211   -0.0175264    0.0626506      0.21651     -0.16273     0.100586     0.238452     0.297453    -0.162424  -0.00578827   0.00282464   -0.0384613    0.0668674  -0.00278077     0.285684     0.236962   -0.0922814    -0.120543    0.0702753   -0.0694607    -0.141701   -0.0126716    0.0343267    -0.147685      0.17438    0.0285583     0.202321    0.0671621     0.280084     -0.19666     0.072087
    -0.30026    -0.119763    0.0557816   -0.0571737     0.115697     0.300368  -0.00483883   -0.0786962   -0.0358694     0.034147    0.0863701     -0.20264     -0.10296     0.451322     0.200267     0.126878    -0.442967    0.0633251    -0.273966    -0.286768  -0.00254051    0.0647422     0.276227     0.164397    -0.500253   -0.0102595    -0.242845     0.137303    0.0357025    0.0316924    0.0925053    -0.155248
    0.193839    -0.122099    0.0331837     0.213489   -0.0721551    -0.027561   -0.0843027   -0.0282694    -0.180788    -0.316082    0.0285984    -0.218169    -0.118791    -0.139575   -0.0800552     -0.18916    0.0863007   -0.0147031     0.321612     0.136934   -0.0921501      0.13678    -0.219948    -0.139752    0.0579349     0.241723     0.109617     0.051319    -0.204661     0.318971     0.389663    0.0668374
    0.230833    0.0875982    0.0817263   -0.0839963    -0.358737    -0.523416     0.165417    -0.176796    -0.240977     0.173275     0.448802     0.145284    -0.164363   -0.0398543   -0.0730925      0.18409     0.244044    -0.453818     0.381895    0.0846636    0.0459315     0.245746    0.0396158    -0.379525    0.0624412    -0.090843   -0.0301365      0.14468     0.154069     0.157199   -0.0218552     0.270682
    0.120659    0.0132081   -0.0268643     0.108151    -0.208451    0.0401435   -0.0938682    -0.291168    -0.412217     0.147091    -0.204271     -0.09444    -0.294545     0.276917       0.2815     0.160628      0.43946    -0.235254    0.0107196    0.0958803     0.155147     0.291519     0.236813    0.0240628   -0.0550537    0.0700236    0.0161193    0.0770696    -0.268266     0.016839     0.225099     0.155775
 -0.00282036    0.0306579     0.165671     0.161552   -0.0858435     0.263471     0.219935      0.25767    -0.167988    -0.156661    -0.125009   -0.0116435   -0.0665843   -0.0537654     0.132205   -0.0264519     0.126783    0.0334671    -0.198142     0.163814   -0.0973716    -0.287022    0.0598964   -0.0555515  -0.00251292     -0.26019 -0.000347733    -0.330072   -0.0985452    -0.322742    -0.244027    -0.210047
    0.488741   -0.0374397   -0.0143766     0.291619     0.179234    -0.153436    -0.481577    -0.394978    0.0321932     0.308452     0.169318    -0.140759    -0.165309   -0.0621532     0.167367    -0.153445    -0.108543    0.0474114   -0.0313279   -0.0507625   -0.0211038     0.186889     0.127571    -0.123279     -0.03168   -0.0741447      0.08578   -0.0207697   -0.0921485    0.0286301     0.387511      0.29057
  -0.0444997     0.118443     0.156199    -0.436659    -0.279558     0.169578    -0.162635    0.0847477    -0.045612     0.146706     0.230463     0.187758     0.173564    0.0657914   -0.0222246    -0.235989  -0.00555147     -0.16398   -0.0563083     0.182945     0.167259    0.0961668    -0.133769   -0.0308517    0.0344928    0.0143306    0.0868063     0.401763   -0.0549097     0.345675    0.0208367    0.0244586
   -0.355892     0.242344    0.0657291    -0.143189     0.210788     0.240117    0.0788154   -0.0742575     0.203036     0.157066    -0.247404    -0.304992     0.089758   0.00513502    -0.123771    0.0208132   0.00893559     0.169795    -0.355541    -0.159162    -0.194619   -0.0216824    -0.054294     0.373626    -0.103318     0.318801    0.0265872     0.268426   -0.0903573    -0.291999     0.109521    -0.261896
    0.336062   -0.0350703    0.0902713    -0.142535    -0.127661     0.121006    -0.335387   -0.0669158    -0.433778    0.0842441   -0.0659222    -0.489961    -0.128048    0.0648539     0.110426   -0.0980833    0.0175531     0.221466   -0.0227615    -0.355513    -0.153242     0.108016   -0.0689419    -0.317216     -0.04198    -0.404376    -0.017221   -0.0857572   -0.0331119     0.201661    0.0485112      0.37787
   -0.189938     0.316507   -0.0928889    -0.111348    0.0688198    -0.132163   -0.0781458     0.253037   -0.0172155   -0.0864544   -0.0451318    -0.121479      0.12286   -0.0686323    -0.298657     0.123333   -0.0305718     0.129324    -0.324141   -0.0268509     0.183303   -0.0974879   -0.0126273     0.161735     0.179528     0.312163   -0.0369688    -0.247696    -0.222023    0.0969073    0.0163753    -0.106895
    0.144732     0.208159    0.0404357    -0.268941   -0.0328255     -0.19132     0.187492     0.065496   -0.0603628     0.100456    -0.127658   -0.0830543     0.045467     0.176845    0.0497288   -0.0194568     0.184069     0.069908   -0.0842743    -0.399429   0.00524133    -0.301907     0.356747    -0.024973    -0.109991  -0.00998457    -0.103095     0.198007    -0.276552    0.0344057   -0.0862949    -0.113187
    0.263627   -0.0158837    -0.142046    0.0187667    -0.222545    -0.158344    -0.126507     0.323904    -0.574679   -0.0367468    0.0522204     0.231017    -0.112214   -0.0229779     0.270928     0.224512    -0.129291    -0.032371     0.287968   0.00786998     0.133741     0.177491    -0.233519    -0.237589    0.0976834    -0.195799     0.257234      0.18785     0.122508     0.118943     0.292782     0.257445
   -0.142448   0.00828855     0.202231     0.107505    0.0381018    -0.056822    -0.126553    -0.110082    -0.238447   -0.0656573    0.0853512   -0.0145229     0.146583    -0.469164     0.123987    -0.106335    -0.290841    -0.376258     0.231966   -0.0602659     0.224739    -0.181435    -0.172014   -0.0129625    0.0912552    0.0326625     0.243017   -0.0166715     0.188297 -0.000483604     0.227903      0.34167
    0.251341    -0.112409    0.0148115    -0.245223    0.0945799    0.0383154    -0.105434     0.524726    -0.530202    -0.231199   -0.0925553     0.166144    -0.173393   -0.0328159      0.27838   -0.0659314    -0.135212     0.153386    -0.113312    0.0334877     0.123717     0.135472     0.286421    0.0548545     0.281817    -0.199614     0.273381     0.207734    -0.119745     0.162252     0.263348     0.109667
  -0.0674057     0.189504    -0.102345     0.209517    -0.125675   -0.0505013      -0.1249    -0.178591    0.0826717     0.251708   -0.0577856     0.105219   -0.0249609      0.23322     0.297558    0.0114885     0.154418    -0.208614    0.0517179   -0.0211691    -0.077972    -0.309616    -0.359776     0.448124    0.0208997   -0.0524162    -0.087097   -0.0953482     0.082271     -0.26587    0.0367627     0.268925
  -0.0836633     0.168888     0.177995    0.0131779   -0.0314772    0.0196235      0.46722     0.169265     0.111003    -0.036695     0.461944     0.106393     0.194016   -0.0523877   -0.0986858     0.220538    0.0268792     0.305638     0.232645    0.0634331     0.025981    0.0597196    -0.229548      0.01032    -0.114657    -0.243068   -0.0518496  -0.00724681    -0.616423    -0.163739     0.210593    -0.105908
    0.236856     0.156076   -0.0698528    -0.193856     0.433601    -0.100158     0.132988     0.376633     0.148016     0.328868    -0.272814    -0.214326  -0.00286549    -0.172405     0.200103  0.000918597   -0.0979093    -0.331862     0.241242   -0.0138292    -0.504892    0.0518235    -0.106852     0.056242    -0.139955    -0.483021      -0.0608    -0.225556    -0.104263    -0.285683    -0.267645    0.0315726
   -0.190988     0.232921     0.265661    -0.213128    -0.168723    -0.131042    0.0499319     0.715255    -0.257727    -0.252251    -0.136241    -0.105914    0.0471883  0.000358248      0.19533  -0.00371829     0.124718     0.272035  -0.00220438     0.359305    -0.073232    0.0342947    -0.362934    -0.140926     -0.11127    -0.350277     0.302356    -0.253053     0.205133     0.182871    -0.545466     0.422152
    0.112885     -0.17094    -0.144914    -0.139482    0.0172904     0.211217   -0.0241059    -0.151624   -0.0174461    0.0436095     0.116589     0.131078     0.281751    0.0493048     0.266996    -0.333083    0.0877361     0.141367   -0.0977053   0.00917407    -0.150639    -0.174365     0.405479    0.0812043   -0.0678114    -0.277783     0.121008    0.0155145    -0.191208    -0.175359     0.143304    0.0826668
   0.0408551  -0.00953678     0.151032    -0.158043    -0.468178    -0.043113    -0.604267     0.115422    -0.309135    0.0510454     0.484096     -0.51598     0.456264   -0.0643395     0.103389    -0.109228     -0.13849     0.429323    -0.308938    -0.135451     0.252956     0.173746   -0.0817131   0.00275954    -0.293242     0.319058     0.336191     0.275549     0.292692      0.49139     0.103496    -0.245544
   0.0773724      0.15252    -0.142097    -0.138503   -0.0243565    0.0927764    -0.266971     0.106864    -0.627683    0.0263335    0.0624143    0.0774887    -0.385992    -0.658178     0.156831    -0.190687    -0.160481    -0.282047    0.0837765    -0.108026     0.158564     0.143499    -0.220301     0.277424    -0.180765     0.199908   -0.0536616  -0.00936387   -0.0299174    -0.174041     0.393323     0.158971
  -0.0556124     0.372036     0.194795     0.232532     0.223755    0.0244019    -0.232198   -0.0772934     -0.13088   -0.0360198   -0.0162756    0.0152099    -0.250393  -0.00979317     0.343982      0.12113   -0.0870441     0.229024     0.292274   -0.0958004     0.140585     0.129442   0.00124853    -0.256699    -0.277415    -0.244714     0.204513    -0.164906   -0.0472288    0.0943692    -0.078888    -0.434275
   0.0414073   -0.0150981    0.0670246    -0.187792    -0.100766    -0.126877     0.228344   0.00350822     0.350409     0.359488    -0.351133     0.129422     0.124691     -0.11672    0.0921654   -0.0656574    0.0502518      0.17051    -0.169973   -0.0866419   -0.0799611    0.0427597   -0.0974721     0.164089     0.534189    -0.148767   -0.0128554    -0.237522   -0.0650967    -0.310604    -0.206294   -0.0272711
   -0.269234    -0.323376    -0.104826    -0.173692    -0.303461    0.0888159    0.0187553     0.065058    -0.182768     0.117447   -0.0446526     0.212325    -0.416331    0.0440361     0.106152    0.0966793    -0.196533    -0.287558    -0.123941    -0.292103   -0.0123698     0.172142   -0.0947641    -0.022233  -0.00422216    -0.048414    0.0105918   -0.0736809     0.217697      0.16053     0.275885    -0.388472
   -0.351595     0.075742    0.0890798   -0.0216189  -0.00962744     -0.10758     0.416939     0.231612     0.195136     0.063561    -0.267915    -0.239119    0.0287137    -0.130144   -0.0104448    -0.340059     0.201724      0.27133   -0.0912866    -0.160388   -0.0290139   -0.0920743     0.208224     0.577211      0.31053     0.174459    -0.222127    -0.419262     0.175543    -0.303328   -0.0700006    0.0324984
   0.0487473     0.423625        0.086     0.195331     0.462064   -0.0898249   0.00275954   0.00627115     0.344405     0.320062    0.0970748    -0.172256    -0.143047   -0.0374748   -0.0325718    -0.292201     0.265242   -0.0236335     0.430394     0.267146     0.262706    -0.124494    -0.200085    -0.272833    -0.135243     0.165283     0.293937    0.0924878    -0.361981    -0.182817    -0.206435     0.216476
  -0.0179693     0.139964   -0.0476916    -0.376637    -0.170705      0.28821     -0.12334     0.251505  -0.00902641    -0.168896    0.0529897    0.0307246      0.15842     0.326334    -0.128596   -0.0925726     0.059953     0.237385    -0.090221     0.103683    -0.128187     0.108281   -0.0046074    0.0107918   -0.0362523    -0.133731   -0.0201836     0.013551    -0.155419    0.0340232     0.112245   0.00623338
   -0.124245    -0.573053   -0.0657681    -0.317015     0.426493   -0.0702451     0.278925    -0.350728     0.312808    0.0773798    -0.250197    0.0399078     0.479963     0.198281     0.100058   -0.0998684   -0.0785317   -0.0403569    -0.316674    -0.347929    -0.288992   -0.0495205     0.115996     0.579604   -0.0385878     0.166449   -0.0456552    -0.493105   -0.0168596    -0.610452    0.0765396    -0.101355
  -0.0193431   -0.0141711  -0.00864879     0.213458    0.0510448    -0.190009     0.306638    0.0743893    0.0727369    -0.223025     0.197074    -0.165882     -0.30975   -0.0308644     0.018379     0.140276    0.0494103     0.178764    0.0989919    0.0406416    -0.245204    0.0179469     0.129321     0.105146    -0.274909   -0.0561391  -0.00631046     0.155464     -0.24161    0.0383618      0.12263     0.294933
 -0.00216096     0.200294    -0.104714     0.326049    -0.191551     0.220737   -0.0828201    -0.160884   -0.0851742   -0.0451736  -0.00493042    -0.332366    -0.121996    -0.163765    -0.182799    -0.341556    -0.129565    -0.163823     0.143916     0.139185     0.160987    0.0192949     0.111002   -0.0567819   -0.0680407     -0.24509     0.291705   -0.0288392    0.0647499    -0.175032   -0.0836224     0.320751
   0.0791162  -0.00195794    0.0253396    0.0196257     0.147984    -0.230287    -0.350965     0.494948    0.0867971   -0.0348702     0.194103    -0.441546    -0.257775     0.183827     0.349329     0.219934    -0.220176     0.224937   -0.0335017     0.385269     0.150234     0.155212     0.227063     0.135125    -0.341685    -0.206041     0.308533     0.318481    -0.353553     0.263397    -0.127109     0.375256
   0.0378636    -0.254989    -0.216229    -0.130272    -0.252787   -0.0467781     0.186637    0.0278853     -0.02155    0.0741067     -0.16879    -0.110047   -0.0941801  -0.00623767    0.0224133     0.361769   -0.0520568     0.149183   -0.0390671     0.036218    -0.321091    0.0506492    0.0240512   -0.0683623   -0.0742695     0.325885     0.222854    0.0127845    0.0852469    0.0590176    0.0812582     0.171439
  -0.0359128    -0.112361    -0.357743     0.127953   -0.0736413    -0.123268     -0.59523     0.390119    0.0470355     0.246149    0.0256375    -0.372888   -0.0757151    -0.542537      -0.0834    -0.207638    -0.437909     0.128293   -0.0812207    -0.140925    0.0260881   -0.0572326   0.00877186      -0.1367     0.134207   0.00337446    0.0463493   -0.0968727   -0.0173981     0.543782    0.0579032     0.348214
   -0.310875    -0.123889    0.0650816     0.161196     -0.29118     0.431225    -0.193689     0.175306    -0.267513     0.157001     0.148408    0.0136506    -0.418219    -0.188714    -0.197137     0.391662     0.085816   0.00879816     0.111114    -0.155216     0.129627     0.273272     0.360479     0.152688     -0.23428     0.127297     0.341345     0.295735    -0.432981    -0.310045    0.0838075   -0.0265073
     0.19858   -0.0256778     0.117651     0.294967   -0.0817168     -0.49751    -0.420968   -0.0736982    -0.581212     0.141352     0.158721     -0.24006    -0.283284     0.083016    -0.143866     0.101284      0.18927    -0.315414      0.12678     0.152119   -0.0315144     0.111528    0.0478669    -0.498139   -0.0974542    -0.206617     0.058827    0.0175358   -0.0914512     0.039278     -0.24376    0.0688314
    0.252217   -0.0152984   -0.0221517    -0.260113    -0.274444   -0.0103786    -0.113756    0.0295821    -0.464094    -0.156008    0.0707907    -0.255668    -0.226669    -0.238005     -0.23994    -0.196734    -0.213022      0.16442     0.178474     0.397124     0.474417     0.206273  -0.00493043    0.0127816     0.227949    -0.130857     0.328855     0.425429     0.300726     0.463156    0.0357828    0.0204742
    -0.31313    -0.161684    -0.511614     0.240205    -0.165996     0.036574    0.0235696       0.1382    -0.448365     0.223298   -0.0922746     0.302049    -0.234992    -0.120782     0.403077     0.295464    0.0141931    -0.293367     0.144016    -0.214714    -0.275095    0.0745613     0.277157    -0.183546   -0.0250313  -0.00366119    0.0641196      0.14567   -0.0996869    -0.348371    -0.504601   -0.0897164
   0.0439858     0.209366    -0.193266     0.177295    0.0902315  -0.00583738    0.0507324    0.0326296     0.176703     0.170943     0.120477     0.400325    -0.456873    0.0239626    -0.247088    -0.219803    0.0221511    -0.227738     0.264193    -0.196633    0.0417383      0.11296   -0.0446111    -0.025813    -0.019026     0.121386   -0.0436452    -0.168379     0.125194   -0.0559493   -0.0618336    -0.076044
   -0.165937   -0.0411238     0.246146     -0.29054     0.015925     0.239594     -0.12801   0.00299098     0.228186   0.00266538    0.0467354   -0.0979019     0.151715    0.0960355    0.0118193    -0.109414    0.0468114    0.0265863    -0.157703    0.0738171   -0.0167216    0.0928687   0.00286657     0.196361    -0.228037    -0.352036    -0.172344     0.276821    -0.103929     0.209626    -0.367063     0.174779
     0.21481   -0.0293558     -0.10779     0.182792    -0.230855    -0.102839    -0.201689    -0.121464     0.217389     0.131553    -0.052543    -0.241088   -0.0856564     0.158871     0.105515   -0.0718526    -0.331251    0.0453905    -0.116697     0.311943     0.231304    -0.138301    -0.208558    -0.285853    -0.243706   -0.0729202   -0.0615622    -0.188055     0.135132   0.00831105     0.229338     0.356025
   -0.134625   0.00789552    0.0457906    -0.177451    0.0989903    -0.396269     0.267887    0.0964129   0.00710795    -0.195434    0.0924656      0.11717    0.0473949    -0.369989    -0.205445    -0.041133    -0.238528    0.0641136    0.0260298    -0.233328    0.0345329   -0.0744473      0.11285    0.0355861    -0.295221     0.361268   -0.0580582    -0.268813   -0.0278083     0.263658    -0.259182    -0.140541
    0.192653     0.464176    -0.229084    -0.226508    -0.016145     0.102092     -0.30786     0.380117    -0.637472    -0.128663     -0.28354     0.258313    -0.350886    -0.153561     0.152169     0.425758    0.0851863    0.0543304    0.0836147   -0.0241132    0.0990624     0.180091    -0.261916    0.0188469   -0.0432707    0.0386193    0.0764821     0.318741    -0.270981     0.368595   -0.0814034    -0.150698
   0.0618493     0.216148    -0.176306     0.245906  0.000179661     0.104752     0.216894       0.3942    0.0218724     0.333055    -0.167697     0.196527    -0.323337     0.206083   -0.0169571    0.0424955    -0.409157    -0.364923     0.278375     0.406865    0.0671684     0.237001    -0.168057    -0.213397   -0.0767621    -0.159568   0.00967184     0.396568   -0.0799685    -0.208928    -0.104846     0.129565
    0.124855    -0.313232   -0.0404183    0.0988718   -0.0859938     0.133775   -0.0288504     0.200092    -0.587728    0.0990703    0.0593539   -0.0189407    -0.477153    -0.518073    0.0451283   -0.0931671    0.0823666     0.166293    0.0443176     0.117107     0.153334    -0.346594     0.224659     0.281221     -0.34838    -0.124034    -0.168901   -0.0443558     0.227779    -0.548427    0.0414572      0.14427
  -0.0599698      0.30024    -0.316675    -0.649506    -0.442576     0.250142    -0.256658   -0.0788362    -0.589277     0.423036      -0.4726     0.139888    -0.152143   -0.0697346     0.217853     0.175756     0.416704      0.16807   -0.0974178    -0.240229    -0.090292   -0.0790401     0.201741     0.359291     0.225681    0.0429407  -0.00116099     0.159545     0.111829   -0.0988265    0.0233247   -0.0106316
    0.247934      0.22928     0.208356     0.213717    0.0526139    0.0054567    -0.256943   -0.0629548    0.0131235   -0.0607046    0.0672365     0.207108    -0.379178    0.0779962    -0.300417     0.249375   -0.0627751     0.227496      0.23723    -0.308189    -0.343831     0.151145    -0.015961    -0.246947     0.223254    0.0487758    -0.480511   -0.0479096    -0.217141    -0.220951   -0.0062824     0.302281
   -0.124655      0.15853    -0.118893    0.0444868   -0.0738529     0.019725    -0.215633    -0.034444      0.38384     0.134497    0.0652617    -0.186159    0.0992439     0.363131    -0.206357    -0.114781      0.27519   -0.0400471    -0.318057     0.146331     0.140338      -0.1127     0.187094     0.126274   -0.0906317      0.25342   -0.0935452     0.273391     0.263449    -0.114133  -0.00961102     0.145493
     0.13533    -0.173487     0.113666     0.228143     -0.33947   -0.0211314     -0.29047     0.186813    -0.400767    -0.167007    -0.159834   0.00936367    -0.375564     0.229549    0.0437896     0.515222    -0.204133    -0.280627    -0.235814     0.307376   -0.0703675     0.214252    0.0201119    -0.179449    -0.232491   -0.0615832     0.107782     0.301347    -0.104732    -0.147594    -0.177022    -0.140339
   0.0052705   -0.0978715     0.148089    -0.159013     0.164554    -0.243125      0.21119     0.021664    0.0418871     0.236444    -0.149751     0.117996    0.0179929    -0.198145    -0.312324    -0.366087    0.0317482   -0.0818537     0.157724   -0.0304233    -0.178185    0.0684202     0.217497   -0.0645315    0.0265672   -0.0388847   -0.0604573   -0.0273669    -0.422889   -0.0353069   -0.0188214     0.228102
    0.596681    -0.125986    0.0948755   -0.0314742     -0.58468    0.0725794     0.375975     0.227284    0.0252241     0.194104   -0.0627149     0.470768    -0.119322    -0.116922    -0.101618     0.200348   -0.0164053     0.168653     0.353215     0.213068    -0.129705     0.214531    0.0275969    -0.171137     0.303614    -0.215606    -0.413759    -0.257726    -0.180483     0.200809     0.113588   -0.0899792
   -0.151998      0.16252    -0.139325    -0.180145     0.134699    0.0689051     -0.24674   -0.0837586    0.0899017   -0.0534667    -0.122552    0.0659667   -0.0393878    -0.333958   -0.0735651    -0.381669    -0.048686    0.0759662   -0.0582167    -0.239898    -0.158756    -0.213821     0.208395    -0.118284   -0.0539034     -0.01014    -0.271659   0.00110978    -0.143497     0.321209      0.18497   -0.0743199
     0.21794   -0.0420655     0.425685     0.381759     0.105347    0.0384956    0.0258144     0.140834    -0.152274    0.0537675     0.132978     0.019683    0.0163435    0.0529128    -0.123274    -0.134143     0.158019     0.092448     0.120077  -0.00344604    -0.209087    0.0791439    -0.121109    -0.245392    -0.173092    -0.157067     0.139254   -0.0522152    -0.153495     0.185484    0.0868459    0.0907535
 -0.00982108    0.0587839    -0.165262    -0.067389    -0.094342    -0.165783     0.173574    -0.164815    -0.247395   0.00662294     0.036961    -0.311159    -0.330423     -0.39399   -0.0454485    -0.444358   -0.0736212    -0.368713     0.146292   -0.0402161     0.450399     0.161919   -0.0182702    -0.287544    -0.168702   -0.0375983   -0.0513159     -0.11861     0.146446    -0.216943    -0.121193    0.0320471
  -0.0963618    0.0826451    -0.212155    -0.204497    -0.152128    -0.185443    0.0524229    0.0369365    -0.206209   -0.0355505     -0.36734    -0.049246     0.183144     0.056532      0.20306    -0.222902   -0.0995275     0.179516     0.121098    0.0470287     0.110156     0.263694   -0.0800629     0.103472      -0.0251    -0.139665     0.110664     0.132853     0.386834     0.128835     0.172203    0.0967693
   -0.201694    0.0453857   0.00793995    -0.195256     0.607507    -0.151822     0.277813   -0.0520327     0.338855    0.0183655     -0.23498     -0.35176     0.153528  -0.00649342     -0.24697    0.0138155    0.0763359  -0.00936357   0.00019958    -0.565505    -0.333174    -0.201827     0.161078     0.402812     0.170543    -0.021121   -0.0953553     0.189261    -0.146277    -0.278951   -0.0770396    -0.356281
    0.132118    -0.119337     0.173309    -0.271972   -0.0720647     0.463173    -0.220875    -0.117379    -0.179587     0.279133     -0.24972     0.235424   -0.0552677    0.0340783   -0.0846788    -0.225464   -0.0697559    -0.093334     0.104659    -0.192003    -0.209931    -0.396429     -0.14213    -0.146492  -0.00815923    0.0662443    -0.122495    -0.241401    0.0587438    -0.180267    0.0356827     0.384215
   -0.148638   -0.0751307    -0.121176     0.154515     0.212865    0.0678865     0.606875    -0.403381     0.446095    -0.157221     0.472874    0.0308714     0.304231     0.144345     0.258889   -0.0317857    -0.077306     0.301792    -0.118402  6.86486e-05   -0.0776777    -0.315038    -0.188642   -0.0305749    -0.238156    0.0701216   0.00624131    -0.179632    0.0628498    0.0267456      0.07962     0.150701
   -0.236726   -0.0245199     0.101221    -0.368703    -0.104365     0.113893    -0.329323     0.106813   -0.0745126     0.244801     0.307144    -0.273275      0.17467    -0.117858   -0.0400577   -0.0646441     0.316994     0.188996     0.192198    -0.258922    -0.285359    -0.113619     0.252439     0.232141     0.392237    -0.112266    0.0109996     0.240629    -0.213022   -0.0959688    0.0127474    0.0614645
  -0.0924005    -0.492549    0.0526357    -0.010738    -0.677623     0.265646    -0.239376     0.201978    -0.194169    -0.384374     0.339399     0.116754    -0.385246    -0.139215   -0.0723307     -0.38082     0.205021     0.200405   -0.0528411    -0.328533     0.194591   -0.0110779   -0.0700805   -0.0587758   -0.0804968     0.137548     0.373656     0.099719     0.351029 -0.000454205     0.244599    -0.435354
    -0.16854    0.0861594     0.217958     0.478641    0.0376873    0.0273689   -0.0995029     0.207946    -0.228869    -0.100753     0.317301    -0.117202    -0.259131     0.111658     0.239596    0.0536145    -0.177867     0.229273     0.244579     0.118171     0.226404    -0.144907    -0.171299      -0.2872    0.0549294   -0.0550958     0.187136     0.128581     0.110974    -0.262688    -0.169217    -0.132148
  -0.0708957     0.409962    -0.340957    0.0553302     0.116757    -0.182285     0.063566   -0.0184505   -0.0579366    0.0887507    -0.234255     0.275329    0.0888359    -0.117132    -0.352121     0.104283     0.578644    -0.317202      0.24972    0.0790255    -0.322872   -0.0876734    -0.311634     0.140674   -0.0462536     0.153248   -0.0854083      -0.1253   -0.0355588  -0.00160493     0.137719    -0.192741
  -0.0328158    0.0847034   -0.0582432      0.23037    -0.137156   -0.0347931    0.0963002     0.165359   0.00549954    -0.333957    -0.143212    -0.207589    -0.161305     0.115714     0.155657    0.0301798    0.0647974    0.0695365    -0.242269    0.0151203    0.0149414     0.137338   -0.0891703   -0.0985425     0.153274    -0.130788    -0.140428   -0.0984642   -0.0646362     0.156278   -0.0280159    -0.183795
   -0.216631     0.151495     0.304551    0.0167435    -0.117632     0.295817    0.0705708     0.218674   -0.0530695    -0.344698    -0.326755     0.152442     0.077878    -0.136022     0.358941     0.318974    -0.137747     0.159493     0.176293     0.427857     0.207878     0.187183     0.300149     0.177735    0.0667079   -0.0470276     0.273805     0.246437     0.168317     0.387461     0.278193     0.365781
   -0.127545   -0.0864134  0.000657316    0.0824453   -0.0358227    -0.173971     0.139471     0.260629    -0.234774    0.0776922    -0.378622   -0.0235699     0.133122    -0.260426    0.0721579      0.23653   -0.0166903  -0.00644438    0.0866326     0.329127     0.269382    -0.265435      0.15875     0.448447  -0.00550525     0.151399    -0.263062    -0.185509     0.101697   -0.0896895    -0.146257    -0.105296
   -0.182721     -0.29443   -0.0130475   0.00129896   -0.0836785     0.208847    -0.147074    0.0814121    -0.129309   -0.0957417    -0.251382     0.225981     -0.37568     0.233073     0.274564     0.300264   -0.0327716    -0.039634    -0.079779   -0.0272355   -0.0473381   -0.0865095     0.224041    0.0415642     0.058566    -0.309732   -0.0470367    0.0793585   -0.0914142    -0.348042   -0.0459166   -0.0368183
   -0.169027    -0.247213   -0.0198267    -0.305745    -0.213769   -0.0461844    0.0132765      0.15241    -0.223503    -0.298416     0.106292    -0.429971     0.188834    -0.278131    -0.277609    -0.156796    -0.303608    0.0878806    -0.171784      0.04902     0.431892     0.178412    0.0952577     0.108317   -0.0536823    -0.069477     0.159519    0.0223935    -0.018066     0.113375  -0.00274134   -0.0484258
   -0.304259     0.301386     0.212201    -0.425284    -0.252061    -0.386896   -0.0157368     0.156004    -0.405776      0.21074    -0.200432   0.00425844     0.117306   -0.0497355     0.164951      0.54138    -0.105388   -0.0718613     0.178567     0.129037    0.0788343     0.426015    -0.228168    0.0741328    0.0332371    -0.289526    -0.111225    -0.320688    0.0544728      0.41614     0.161591    0.0126916
   -0.350771    -0.130431   -0.0431584   -0.0301934    -0.170368   -0.0208816    0.0703951   -0.0215131    -0.165811     0.364746   -0.0461912      0.24674    -0.255122    -0.382826    -0.340392    -0.207064    -0.155053     0.145924    -0.109199    -0.259655    -0.285582      0.18711    0.0785851   -0.0354075    -0.293719    0.0131955    0.0320902     0.151155     -0.17427     0.405377    0.0652976    -0.183644
   0.0593118     -0.11656    0.0395549    -0.257966    -0.242301   -0.0485774    0.0403531    -0.138733    -0.123045    0.0900774    0.0794409    -0.328536   0.00882849    -0.260109    -0.104114    0.0674584    -0.037896   -0.0123859     0.238529    -0.133729     0.361007     0.245764      0.20424   0.00802547    -0.300447    -0.163021    0.0125022    -0.578177    0.0963645     0.367504    0.0253493     0.109533
     0.46625    0.0858923   -0.0352599    0.0408917   -0.0991265     0.102851    -0.191622    0.0486474    0.0327954    -0.229906    -0.239358    0.0889564     0.178482    -0.126176     0.174135     0.147545    -0.102435   -0.0432593     0.194196   -0.0683259   -0.0290121    0.0287517    -0.182196    -0.225642   -0.0485176    -0.129622   -0.0296695    0.0351877     0.199713     -0.15704    -0.058462   -0.0563399
   -0.245272     0.242257     0.175427     0.294164     0.176537   -0.0897065     0.184169    0.0732873     0.402746    -0.264749     0.220324     0.352781    -0.129115   -0.0284635   -0.0335238    0.0608195    -0.086477     0.247649     0.290528     0.210572    -0.290423    -0.136075     0.158054    -0.471561    -0.271369   -0.0690247      0.35706    0.0326404    -0.390528    -0.168946    -0.183048     0.027417
 -0.00956572     -0.13136   -0.0615321   -0.0941584    -0.176224      0.21016    0.0235593     0.263832    -0.232373   -0.0201274   -0.0106347     0.276114     0.376158    0.0713497    -0.211352     -0.07505    -0.205201   -0.0426901     0.168183    -0.215283    -0.128999     0.261115     -0.14095     0.443197    0.0438577    0.0343435    0.0370485   -0.0476682     0.160993    -0.131344     0.224326   -0.0273687
   -0.548001    0.0986411    -0.225489     0.171123     0.257478    0.0117589   -0.0101513     0.288589     0.105527   -0.0262993   -0.0760927   -0.0260311    -0.271947    -0.231634    -0.134851   -0.0105385    -0.383975    -0.306846     0.200689    0.0467671     0.135873    -0.280778    -0.347298    -0.233743   -0.0948534    -0.155957     0.187642    -0.267466     0.118035    -0.394359    -0.175018   -0.0275678
   0.0843629     0.140912    -0.148468     0.227006     0.111155   0.00738039   -0.0924694    -0.134076     0.129095    0.0145841   -0.0199097    -0.037422    0.0744603     0.233756    0.0128356    0.0714671  -0.00120636   -0.0143141   -0.0536612     0.334101   -0.0358554   -0.0966612     0.013332   -0.0739888    0.0114026   -0.0112446   -0.0433019   -0.0674742   -0.0581633  -0.00901361    0.0257942   -0.0893713
   -0.158378      0.34082    -0.151745    -0.124383     0.396013    -0.233246     0.292878     0.180838    0.0874334   -0.0964867     0.175583    0.0625625     0.165867   -0.0264118    -0.144784    0.0995131     0.106597     0.159849     0.290507  -0.00453265   0.00321205     0.086756   -0.0484388     0.130366     0.293076     0.146578    0.0310585     -0.36004    -0.208439     -0.18983   -0.0821871    -0.262287
 -0.00159489    -0.223872    0.0174694    -0.144707     -0.31038   -0.0955393    0.0756496    -0.179477   -0.0821465   -0.0197731   0.00371115     0.157614   -0.0448729     -0.26603     0.325524    -0.201525     0.248274     0.308382    -0.160943     0.301087     0.512024     0.121315     0.290054    -0.174578     0.111685   -0.0334553     0.343951     0.295756     0.190506   -0.0373559     0.180774     0.270095
   -0.119242     -0.20995    -0.140052     0.201679     0.237782     0.156743    -0.252055    -0.122768   0.00959632    -0.626966     0.500981   -0.0506483    -0.229448     0.382724     0.229622    0.0138168    -0.220684    -0.086977    0.0942964   -0.0954768   -0.0164845     0.310623   -0.0860679     -0.28176    -0.229328     0.207851   -0.0777652     0.141053    0.0451051   0.00675057   -0.0727281    -0.191327
  -0.0580672     0.193699    0.0331771    0.0332653   -0.0627629     0.262641    -0.289447     0.167545   -0.0200131     -0.18876      0.32407    0.0939935    0.0979009     0.113965    0.0207218    -0.150355  -0.00900316     0.273461    -0.174254     -0.26235     0.165144     0.141775    0.0834907    -0.010033     0.107642    -0.111847      0.13947     0.392786     0.112892    0.0969334    0.0811485     -0.15833
    0.207273     0.374874    -0.161703     -0.17268   -0.0966328     0.209796    -0.104914     0.294884     0.308414    -0.378632     0.224107     0.108026      0.08867    0.0944181    -0.273484     -0.11469    -0.311708    0.0654696     0.215342     -0.19367   -0.0571062   -0.0751448   -0.0392133    -0.278463     -0.13325    0.0663873    0.0912684    0.0120937     0.515034     0.128726    -0.267991    -0.395189
    0.381424   -0.0700828     0.139361     -0.28791    0.0684995     0.143302     0.013403    -0.268433     0.239079     0.286236   -0.0697457     0.412629    -0.118291   -0.0414236    0.0148849    -0.230404    0.0451403    -0.404373     0.342196    -0.128061    -0.499131    0.0257142    -0.071791     0.129821      0.20359    -0.387364     0.122491    -0.142426    -0.348236    -0.333485    -0.120948    0.0455853
    0.138863     0.157167     0.154002   -0.0708418    -0.382869   -0.0256529    -0.081153    0.0616101    -0.223193     0.107286    -0.235664   -0.0847049    -0.094355    0.0748019     0.211005    -0.214221    0.0937032    -0.368556     0.564477    0.0186364     0.204773      0.50326     -0.16993     0.208439    0.0877164    0.0472707    -0.223573   -0.0265027    -0.185575     0.115324      0.27675    -0.270893
