-0.0372023
 -0.102757
 -0.038371
  0.250101
  0.183071
 -0.149857
 0.0942087
 -0.515648
-0.0303994
 -0.099648
  0.273373
-0.0710773
 -0.196485
  0.346293
 0.0111422
  -0.35754
-0.0639431
 0.0248427
  0.414529
 -0.160816
 -0.113309
-0.0757642
 -0.245393
-0.0359855
  0.121778
-0.0380959
 -0.294834
-0.0221171
 -0.364124
-0.0407955
   0.27876
 0.0487395
    0.4635
-0.0249908
 -0.109842
 -0.279565
  0.362536
  0.204451
  0.278706
  0.362354
 -0.351448
  0.113227
-0.0105976
  0.262483
 -0.184463
 -0.327864
 -0.395526
 -0.332141
 -0.193148
  0.602269
 -0.237841
 0.0326205
 -0.314354
  0.304462
 0.0300852
 -0.364618
 -0.128492
 0.0273452
 -0.165322
  0.251787
 -0.129516
 0.0444315
 -0.350183
  0.327803
  -0.49209
  -0.28096
 0.0152874
  0.321984
  0.252724
 -0.362186
 -0.404347
  0.129418
 0.0287641
 -0.317512
-0.0260679
  0.185639
  0.199688
  0.229328
  0.182965
 -0.225794
-0.0773991
  0.217122
 -0.166306
 0.0226131
 0.0469979
   0.15739
 -0.551413
 -0.547181
  0.149046
  0.248896
-0.0258167
  0.437605
 0.0271313
  0.176895
 -0.122812
  0.370609
  0.290994
  -0.70273
 -0.416766
  0.249966
 -0.296534
 -0.444651
 0.0471567
 -0.128973
 -0.349763
 -0.216727
-0.0844649
 -0.157844
 -0.191645
  0.161796
  0.121783
 -0.077229
 -0.186097
  0.220524
 -0.068672
  -0.17489
   0.56909
  -0.33071
-0.0335283
 -0.201322
 0.0210511
 -0.366339
 -0.431486
   -0.1943
 -0.100875
 -0.050315
  -0.16177
 0.0722068
