  -0.710546
  -0.141294
   0.234059
   -0.87169
   -1.63483
   0.138992
  -0.148714
    -1.0328
 -0.0159569
   0.364665
   -1.03486
   -1.61114
   -1.02556
    1.53476
    1.43772
    1.06933
   0.942124
-0.00346868
   0.850521
   -1.07791
  -0.324671
    1.97294
  -0.779236
   0.514308
    0.85034
   0.222105
    1.02768
    -1.1035
   0.189321
   0.546674
   0.384494
   0.408994
  -0.484548
  -0.271396
  -0.613062
  -0.818632
    1.01327
    0.18771
   0.525926
  -0.154137
   0.422093
   0.682683
 -0.0126021
   -1.16036
  -0.791992
    0.24304
   0.160123
  -0.105193
   0.906036
  -0.226754
  -0.325622
  -0.731442
   0.221179
   0.900046
   0.451576
    0.17392
   -0.20285
  0.0858925
  -0.609531
   0.216239
   0.541547
   0.636836
  -0.895442
  -0.261581
   0.218247
   -0.15415
  -0.710371
  -0.581946
  -0.910741
   0.913611
   0.149832
  -0.107501
  -0.998711
  0.0973276
    -1.2026
  -0.537678
  -0.785669
  0.0824879
   0.708889
    0.57189
  -0.317071
    0.84028
  -0.471888
  -0.150172
  -0.324164
   0.179446
    1.17311
  -0.380427
   0.257222
   -0.11133
  -0.473923
  -0.813549
    1.07728
   0.404716
   0.190291
    0.15445
    1.24351
   0.464678
 -0.0804331
  -0.503414
   -0.11323
    0.40036
  0.0294126
  -0.694863
   -1.52074
   0.526761
  -0.430736
   0.190188
  -0.764687
 -0.0976819
   0.266922
  -0.173602
   -0.42851
   0.241138
  -0.786331
  -0.699168
    1.35291
  -0.821704
  -0.395615
 -0.0454684
   0.176862
   0.535192
  -0.194545
   0.286435
  0.0672268
  -0.794253
    0.26876
  -0.427396
