   -0.191608    0.0422784    -0.126859    0.0832989   -0.0373671    -0.401846   -0.0822871   -0.0871493   -0.0969767    -0.120632      -0.1895    -0.198492     0.374879     0.314314       0.2545     0.306997    -0.163787    -0.232141    -0.107169     0.168967     0.179862    -0.274358     0.106336    -0.225853     -0.32906     0.086814    -0.327303      0.14779    -0.432621    0.0137845    -0.156056     0.147029
  -0.0481226     0.485901   -0.0584127    -0.261345   -0.0615616   -0.0454415    -0.509742   -0.0594903     0.421973    -0.298177   0.00825453    -0.199076    -0.253564    -0.504251     0.219571    0.0579081     0.480328     0.195463      0.18119   -0.0330925     0.107111    -0.115072    -0.169035    0.0150467    -0.169707    0.0279092    -0.454789    -0.106364    -0.380142     0.049983   -0.0575165     0.638408
  -0.0940138    -0.280082     -0.35199   -0.0681906      0.19007    -0.240442    -0.123512     0.296193     0.224697    -0.186289    -0.110499   -0.0581379     0.159964     0.166555    0.0447714    -0.329388     0.210913     0.247764    -0.291289    -0.013812   -0.0594787    0.0142986    0.0357542    -0.191426      -0.2269   0.00265975     0.100346    -0.220969    -0.253878     0.373171     -0.23212    0.0684535
   0.0765635      0.29989     0.277646    0.0499576    -0.121186    -0.293748    0.0625935    -0.146097   0.00357983    -0.184848   -0.0132254     0.266762  -0.00247483   0.00348939    -0.232548    0.0437201    -0.305263   -0.0933645    -0.186262   -0.0176355      -0.2703   -0.0664574     0.185494     0.213291     0.132651    -0.156941     0.265249      0.30007     0.100427     0.324107   0.00894779     -0.18616
   -0.191864   -0.0220638    0.0803264    0.0811951    -0.173395    0.0546281     0.320647   -0.0493134     0.393628   -0.0893369  -0.00640147    -0.263777    0.0120249    -0.159376     0.300231    -0.272021     -0.32095     -0.02627     0.323155   -0.0988083    0.0378678    -0.211206  -0.00143369   -0.0574658     0.150071  -0.00267924     -0.26408   -0.0421459    -0.174789   -0.0982531    -0.103145     0.259675
    0.146756   -0.0902658   -0.0402967   -0.0761161    0.0479484    0.0624581    0.0465123   -0.0352315      -0.2599    0.0010347    0.0869378    -0.132399    -0.130168     0.386395    0.0877829    -0.302179    -0.173588      0.06995    0.0463084     0.242825     0.138698   -0.0158828     0.299174    -0.192397     0.256105     0.236738    -0.226658    -0.422676   -0.0219918  -0.00167224     0.159958    -0.157007
    0.152029     0.352585      0.32413     0.220715     0.119819     0.179547      0.34627     0.149747    -0.204213     -0.10538    -0.313902    -0.149279    0.0493092     0.706563      0.37604   -0.0880817     0.198122     0.220977     -0.13621   -0.0322384      0.07331    -0.245908     0.536701   -0.0352892    -0.111489     0.380271     0.306912    -0.125015     0.321289     0.155479     0.221504 -0.000228181
  -0.0275045     0.265069    -0.349801    0.0736176     0.223207 -0.000648052     0.395662    0.0399706     0.516558    -0.200243   -0.0485556    -0.339758     0.226328     0.357951     0.266664     0.131531  -0.00959994     0.209983     -0.46564    0.0454526     0.184786    -0.202796     0.183449     0.192327     0.132645     0.366651     0.228694    -0.309245    0.0574472     0.308159   -0.0864612    -0.430087
    0.312842    -0.296901     0.386952    0.0522551     0.424645     0.241479    -0.216315     0.125948   -0.0534518    -0.291541    -0.220126      -0.5244     0.472915     0.204441     0.157643  -0.00328419    -0.169504    -0.121623    -0.654455    0.0702361    -0.236549   -0.0324216     0.238042    0.0402477     0.271014    0.0997409     0.499809     0.327612    0.0563931   -0.0929903    0.0341634    -0.274127
    0.255634    -0.317663    -0.210332     -0.13345   0.00161459    -0.184696   -0.0810123     0.421298     0.101651    -0.303865    0.0177058    -0.264097   -0.0902831      -0.1531     0.122671    -0.106505    -0.042998     0.108074    -0.249234    -0.213063    -0.237472     0.187178    0.0404728    0.0269167     0.076268     0.238468    0.0615687     0.326178    0.0983456     0.174805     0.308602    -0.129745
  -0.0624131   -0.0150177     0.121446   -0.0365016      0.18575     -0.25795     0.202959     0.378987    -0.258928    0.0233118    -0.270997     0.145445    -0.169369     0.226859    0.0760368    -0.282263     0.207263    0.0177755   -0.0971951   -0.0748015   -0.0783049     0.146185     0.397871    -0.209127    -0.205794     0.208453     0.219193     0.109462    -0.227558     0.310047     0.122578    -0.117288
   0.0967957    -0.379703    -0.212268     -0.31158    0.0539665     0.137223    -0.355364    0.0376211    -0.304007  5.11018e-05    -0.144463   -0.0341703     0.351034    0.0145404   -0.0229069     0.107578    -0.325373    0.0379318    0.0252535     0.166941   -0.0202247    -0.262524    -0.454573   -0.0587046     0.259258    -0.208987    -0.168223    -0.112904    0.0753691     0.111328   -0.0924983    -0.237074
    0.361157    0.0711633  -0.00419795     0.243051     0.540398    -0.439782    -0.100414    -0.213265     0.044028    -0.430203    0.0305208   -0.0839929     0.287186     0.318936     0.266954      0.25591    -0.217001    -0.114784     -0.57477   0.00249195     0.297569     0.182907     0.295592     0.138463   -0.0656117     0.115164   -0.0673399     -0.16846     -0.17203     0.165982     0.388071 -0.000697229
   -0.237465    -0.063449   -0.0166532     0.155247     0.184436   -0.0908209     0.417955     0.352309     0.320331     0.512045    0.0120048    -0.173696    0.0833978     -0.21139   -0.0525277     0.150165    0.0873719   -0.0123703    -0.248261   0.00230597   -0.0965108    -0.294632     0.197237      0.32314     0.041797     0.195372    -0.140941    0.0693652     -0.23063     0.157641    -0.380648    0.0489606
    0.294527     0.374568    -0.113621     0.179071     0.355635     -0.03803     0.150068   -0.0733263    -0.244805    -0.194066    -0.131733   -0.0864437     0.278912    -0.131393    0.0225654    0.0411565    -0.240751   -0.0139537    -0.274618    0.0201212    0.0729338     0.218529     0.125559     0.315034   -0.0714136    0.0106884    -0.200831    -0.240161     0.301045    -0.140781     0.276207    0.0938412
   0.0111265    -0.228935   -0.0903784    0.0486322     0.140176    -0.153758    -0.185457    -0.512833     0.209316    -0.395033  -0.00507775       0.2178     0.281131    -0.178419  -0.00274815    0.0381267    0.0564569    0.0527357     0.111144   -0.0993227     0.371347      0.11678     -0.32835    0.0669778    0.0717064     0.155785    -0.136339   -0.0234798     0.477687     0.161807     0.187158    -0.184797
   0.0363889    -0.211355    0.0234194     0.186239   -0.0734856     0.197191     0.304765    0.0206813    -0.268702    -0.212457     0.201552   -0.0399964    0.0498656    0.0753115     0.189446    -0.262262    -0.121173   0.00557908      0.47107     0.192762     0.384492    0.0396092    -0.412883      0.04256    -0.145611  -0.00657116    -0.244419     0.262499     0.137557     0.166055       0.2265    -0.100748
    0.277645    -0.140589     0.417948     0.200113     0.337313    0.0420222    0.0841354   -0.0949943    -0.393325    -0.302757     -0.30208     0.157202   -0.0198886   -0.0304965     0.200433    0.0737368    -0.224486     0.488493    -0.577998     0.266428    -0.207904   -0.0861232     0.123199   0.00184645    0.0540725   -0.0900324    0.0710781   -0.0722117     0.107785     0.170662     0.195508     0.171318
   0.0611388     0.144673     0.407954     0.489065    0.0342272     0.010763     0.201593     0.071473    -0.359097    0.0467987    -0.120123     0.215489      0.83434     0.274564     0.485143     0.254936   -0.0625667     0.271399    -0.848803      0.23528   -0.0355116      0.43296     0.346569     0.174346      0.29848     0.289866     0.209624     0.144301     0.190173     0.416284    0.0682381    -0.590554
    0.137844     -0.16403   -0.0144585   0.00118651     0.402184   -0.0296716     0.240776     0.444768   -0.0633917    -0.046516   -0.0623899    -0.264755     -0.18843     0.169135     -0.19199    -0.138341    -0.236307    0.0447861    -0.265009     0.309611    0.0534224    -0.194474     0.220864    0.0112451    -0.183635     0.013768    -0.259681     0.023811    -0.153513    0.0651493     0.204503    -0.083796
   -0.341704     0.327921     0.218304   -0.0218812    0.0200851      0.27549      0.49665    0.0382305    0.0548965     0.517813     0.142792     0.169643    -0.279349    -0.134356    0.0401585   0.00983284     0.390227    -0.252398      0.16415    0.0119233     0.185632     0.090233     0.273982    -0.228266     0.166367      0.21638    0.0884615     0.276963     0.188676     0.199703     -0.13293   -0.0104128
    0.333474     0.266348     0.370568     0.128686   -0.0305647    -0.136546    -0.278032   -0.0989805     0.173674    -0.364101     0.228206    -0.132485    -0.198206     0.504619    -0.120419     0.201875    -0.338468     0.156692    0.0861625    0.0905101   -0.0542611    0.0410204   -0.0326339     -0.13882     0.260106     0.213227    0.0341689    -0.269217    -0.170703     0.189074    0.0877585    -0.321963
  -0.0325509     0.271523    0.0991932    -0.140675     0.278029   -0.0379132    0.0952593    -0.159371     0.386949   -0.0232582   -0.0680664    -0.220656    0.0583174     -0.38467     -0.24668    0.0926242    -0.252439    0.0898983    -0.184038    -0.390676   -0.0436966    -0.191006     0.134257    -0.156991    0.0404021  -0.00677875    0.0108226     0.147939    -0.156391    -0.207055    -0.153276     0.361032
  -0.0627008   -0.0584189     0.167083    -0.204482     0.485974    -0.173336     0.364716     0.121803     0.103209    -0.150373     0.322184    -0.228293     0.139371     0.396711   -0.0295328    -0.314489    -0.344125     0.134911    -0.430099    -0.294764     0.526018     0.268692    -0.352707     0.236752     0.331255   0.00807364     0.632839    -0.130229      0.20987    -0.138798   -0.0509402     0.187312
  -0.0134703     -0.18613     0.117399    -0.159331    -0.065401  -0.00783481     0.275068   -0.0689235     0.145922    -0.269894       0.1989     -0.14876     0.371249     0.134422    0.0136947    -0.193166   -0.0377197    0.0816952     -0.27533    -0.131107     -0.13173    -0.140349    -0.107503     0.421911    -0.023352    -0.129383   0.00979559     0.338638     0.138768     0.313657    -0.192366    0.0633929
    -0.37744    -0.238831    -0.196184     0.143508     -0.25976     0.268397     0.306402     0.432427     0.270526     0.259509     0.140622     0.162185     0.217486    -0.146865   -0.0292271    -0.430702     0.244795    0.0440608     0.331835    -0.188513     0.227857     0.229619    -0.167566     0.168565   -0.0287329     0.304306       0.1055    0.0726941    0.0390655     0.197529    -0.232652    -0.266201
   -0.277954    0.0460616    -0.124939    -0.135815    -0.236588    -0.388251    -0.092918     0.141375   -0.0880157    -0.230748    0.0605543    -0.151226     -0.12516    -0.349116    0.0167687    0.0589583    -0.160692     0.024277    0.0942617    -0.043678    0.0660995     0.313833   -0.0918186     0.134834    0.0109611    -0.397386     0.105348     -0.29712    -0.227265     0.265527    -0.113448     -0.14638
  0.00819935    0.0432394    -0.140981    0.0650427     0.254803     0.245423   0.00407074    -0.120894     0.215894    0.0332591     0.179342     0.278329   -0.0681127    -0.221377     0.057612    -0.213203     0.394599    -0.344359    -0.036787   -0.0755248     0.102578    0.0791757    -0.133414     0.220214     0.116241   -0.0656199    -0.288518    -0.180544    -0.227584     0.279261    0.0227317    -0.116727
    0.118312   0.00929425    -0.242017    0.0841582    -0.200005     0.105749    -0.357944    -0.300835   -0.0733765    -0.340268    -0.141348   -0.0889178    -0.146458    -0.242904      0.33596    -0.164808   -0.0839069     0.346047    -0.293047     0.311717    -0.178436   -0.0795242     0.247431   -0.0457499     0.193263     0.188589    -0.056671     0.116013     0.164197    -0.107167     0.146002    0.0207758
  -0.0631106     0.399314      0.21756    -0.164167    -0.278455    -0.119667   -0.0731564    -0.142211   -0.0633268     0.170899    0.0335493   -0.0451603     0.320941    0.0274552    -0.237011     0.188361    -0.294242     0.235216    -0.355094     0.122537    0.0457554    0.0734136     0.159882    0.0282541     0.352143     0.129956    -0.266148   -0.0923084     0.245128     0.070321    -0.143418    -0.216781
   -0.261854     0.107084     0.185681    -0.266765     0.097559     0.187989     0.213325     -0.43671   -0.0279608    -0.193976     -0.15732     0.119752    -0.259404   -0.0894922    0.0818543     0.294459     0.443001   -0.0459069   -0.0784107   -0.0595309     0.628504    -0.340353   -0.0995639    -0.059606     -0.18507    -0.280556    -0.221929   -0.0577249   -0.0554066     0.265594     0.326706     0.195177
    0.327677      0.47577   -0.0031042    -0.193229     0.278545     0.228579    -0.179854    0.0610289  -0.00770212    -0.524204     0.255239    -0.589266    -0.121243    -0.225792     0.152395    -0.304605   -0.0932373     0.398768     0.200444    -0.139358    -0.166786    0.0602037    -0.246566     0.001066    -0.363872    -0.247386   -0.0883978   -0.0286658    -0.334357    -0.148546     -0.16512    -0.114106
