  0.0581758   -0.287802   -0.260967    -0.63306    0.273062    0.367629    0.612917   -0.312657    0.224665   -0.107343   -0.030352   -0.217788    0.234034   -0.238339   -0.669604   -0.485763     0.47359   -0.310951    0.602651    0.361027    0.150576   -0.247072   -0.219348    0.142728  -0.0383246   0.0964685   -0.205174   -0.178503    0.706451   0.0872721    0.368307   -0.474694
  -0.952727   0.0256529   -0.147445    0.950978   -0.352709    -0.31023    -0.81114    0.888734    0.247415   -0.302592    0.122697    0.226211     0.37869   -0.224114    0.804114    0.354212   -0.345857    0.584623   -0.467993   -0.666591   -0.208955    0.635563    0.334334    0.194991   -0.405891   -0.162776    0.108298   -0.289055   -0.478319    0.161438   -0.168049    0.231365
  -0.303639   0.0910255    0.297696   -0.410844   -0.194577   0.0672172    -0.18315     0.56488   -0.066601    0.154586    0.301136   -0.191142   -0.466314  -0.0595322   -0.158296   -0.114628   -0.202546    0.313424   -0.605272   -0.184128    0.179506    0.335679   -0.298881    0.227189    -0.01074    -0.13076    -0.33727    0.428963   -0.865786   -0.364519   -0.413669    0.168242
  -0.846314    0.512462    0.253222    0.197158    0.343743   -0.189072  -0.0923189    0.574239    0.261828    -0.42598     0.21349  -0.0317048   -0.547548  0.00939288    0.212012   -0.384505     0.26656    0.564425   -0.177576    0.193651    0.055935   0.0814298   -0.458654    0.454303   -0.453775    -0.20202   -0.200399   -0.348236   -0.388911    0.120545    0.221708   -0.334673
   0.234609    0.190501    0.212178    0.115367    0.370262   -0.292454   -0.194538    0.671351    0.240863    0.502241    0.672348   0.0794111    0.139937   -0.218646    0.450314  -0.0224768   0.0500482   -0.768792     0.55234   -0.324453    0.401454    0.518321    0.299183    0.116222   -0.547534   -0.223659   0.0453406   -0.417983 -0.00828578     0.25451    0.448358    0.120851
   0.167223    0.110745     0.62803   0.0717713   -0.801469   -0.109941   -0.281134   -0.552278  -0.0549962   0.0539823    -0.65667   0.0913462  0.00870513    0.313286    0.150562   0.0488109    0.172579    0.303035   0.0595231   -0.847346   -0.427209    0.410361   -0.237647   -0.283847    0.517825   -0.398425   -0.170149    0.208721   -0.402696   0.0701607   -0.315426   -0.227187
   0.118661   -0.112644    0.212805     1.08392    0.461655    -0.67475    0.427251   -0.440465    0.667281   -0.200993   -0.182744   0.0870553 0.000890371 -0.00504637    0.254731    0.419147   -0.483809     1.37162   -0.869045   -0.220783   -0.624027   -0.394853    0.159399     0.81272    0.171586   -0.508008     1.04714    0.684664   -0.246541   -0.303213     0.19094   -0.170516
-0.00726321   -0.356817   -0.285426   -0.222762   -0.262346    0.779531   0.0993486   -0.112171   -0.498104    0.125414   -0.135554    0.139639    0.884375   -0.396627   -0.303766    0.162595   -0.308782    0.394879   -0.123537   -0.238136   -0.135773   0.0530999    0.497994    0.124504    0.137444    0.259548    0.403404    0.482385   -0.100814   -0.514919   -0.211481    0.427416
   0.162298    0.351655   0.0415406    -1.18701   -0.700755    0.733962     0.55338    0.157501   0.0692304   0.0443688    0.181447   -0.668646   -0.882648    0.389177  -0.0325848   -0.411431    0.855992   -0.292636    0.279702  -0.0180022    0.275137   -0.887595    -0.71362   -0.284272   -0.696685     1.02908    0.226808   -0.199319   0.0546126   -0.100087   -0.525191   -0.392016
  -0.422647   -0.152245    0.461382   -0.765644  -0.0165539    0.554965   -0.274387   -0.211546    0.364889    0.446502    0.456294   -0.275921  -0.0266918     0.25369   -0.317277    0.636089    0.197473   0.0692296   -0.175901    0.106092    0.160123   -0.245746     0.32841   -0.334074     0.23718   -0.523604    0.395935   -0.526084    -1.04809    0.286668    -1.04868    0.442847
  -0.115595   -0.272508    0.215533   -0.208801   -0.888719    0.320089   -0.517029    0.438397    0.279428   0.0222229     0.24224    0.511692   -0.331465    0.283118   -0.314356    0.132695    0.204921   -0.443313    0.119112   -0.554429  -0.0846404   -0.035589  -0.0254834   0.0441401   -0.166128    0.327915  -0.0842181   -0.200072    0.497988   -0.496384   -0.675618    0.550033
   -1.06682    0.558742    0.186951   -0.173018    0.334165   0.0643169   -0.144971 -0.00396751    0.376967   -0.264434     0.06238   -0.302579   -0.232113   -0.187385    0.676578    0.674984   -0.402955    0.742229   -0.267252    0.156722    0.145175   -0.550126   -0.135659   -0.185634   -0.779576   -0.639668    0.672289   -0.348571    -0.66022     0.33171    -1.02772   -0.341278
 -0.0624745    0.239469    0.125591    0.439246    0.504012    -0.13213     0.15552   -0.165269 0.000347864   -0.182144    0.312138    0.143233    0.469502    -0.44272   0.0270948   -0.201396  -0.0931516    0.878248   -0.242253   -0.403136     0.19275    0.404253     0.23764   0.0141606     0.38398  -0.0939592   -0.355799    0.201911   -0.195261    0.162419    0.780482    0.289096
  -0.136488    0.503352    0.153612    0.459979    0.732946   -0.460451    0.187886   0.0766245    0.173676   -0.427303    0.418626    0.351041    0.442361    -0.19558    0.248777     0.27516   -0.315565   -0.136408    0.406288    0.184128    0.733805   -0.266414   -0.555864    0.489893   -0.215491   -0.651229   -0.107556   -0.743009    0.157413    0.204769    0.516394   -0.249194
   0.436847    0.382571   -0.317913   0.0527656   -0.478769   -0.518621    0.392675   -0.504811    0.195663    0.253691    0.275408   -0.105609   0.0827693  -0.0872756  -0.0438339     0.16283    0.296737  0.00658341   0.0361659  -0.0431431    0.222752   -0.516021   -0.285261   -0.477482    0.228548   0.0129217   -0.162814    0.728344    0.425376    0.452041  -0.0915898   -0.109401
   0.507179   -0.496282    0.192313   0.0056003  -0.0437343   -0.096186    0.638193    -1.00194   -0.541066    0.975448    -0.35895    0.151328   0.0847698    0.615497   -0.671145    0.256013  -0.0311173    0.733953   -0.304726   -0.412595     -0.4422    0.256522   -0.693462    0.341736     0.88394    0.511277   0.0195285   0.0587117    0.546865   -0.124331     0.39803   -0.528134
  -0.579536    0.113057    0.312391    0.285297    0.108418    0.239038   -0.590726    0.457448   -0.422035   -0.396793   -0.572913    -0.06811   -0.102169  -0.0174074    0.164903   -0.128959     0.54711   -0.267023    0.216513    0.210828    0.504933   -0.374165   -0.156672   -0.228325  -0.0871397   -0.673323   -0.419065    -0.34708   -0.652898    0.638796    0.282801   -0.445425
  -0.192909   -0.286393   -0.214937    0.151543    0.115529    0.139535    0.136292    0.474099   -0.191771   -0.398081   -0.250221    0.379757    0.285531    0.313831    0.747132    0.192642   -0.621649    0.568027   0.0452725  -0.0510191  -0.0250821  -0.0333545    0.129024   -0.514459   -0.939336    0.201143  0.00585097  -0.0725746    0.369535   -0.102648   -0.370495    0.172705
  -0.589008    0.290338    0.595544    -1.59167    -0.61596    0.537949   -0.221378    0.548192    0.279219   -0.259961   -0.834412    -1.00316   -0.875175    0.592376    0.546646    0.174619    0.309988    -1.16811    0.456857    0.567319     0.56808    -0.65434  -0.0865164    -0.80139    -1.19278   -0.221463   0.0511813   -0.252013    0.448935    0.316552    -1.09662    0.104548
  -0.229831    -0.47023   0.0989342    0.894304    0.105682   -0.100955    0.210435    0.158053   0.0265684    0.121807    0.307697    0.902407    0.783752    -0.28167    0.279901    0.691583   -0.258556    0.151703  -0.0248739   -0.156658   -0.207546   0.0948777     0.45548    0.100099    0.317008  -0.0640017   0.0785965   0.0314232    0.616236   0.0555256     1.01986   -0.197844
   0.809986    0.113262    0.401875  -0.0809535  0.00231428   -0.466267    0.601363    0.326111  -0.0105526   0.0900419    0.323193   0.0963769    0.564698   -0.223478    0.345502    0.225261   0.0512603 -0.00917062   -0.329159   -0.497254    0.272599   -0.298662   -0.353514    0.405254   -0.780777   0.0226453  0.00985415  0.00177092    0.324327   -0.205704  -0.0421265    0.174428
  -0.244164    0.652882   -0.998513   -0.298742    0.103338   -0.192512     0.32989    0.226349    0.592959   -0.915788     0.12594    0.398599   -0.630564  -0.0819731    0.643563   -0.435801     0.32806   0.0433934   -0.791108   -0.181358  0.00154721   -0.355326    0.528342   -0.170004   -0.655374    0.544725  -0.0158534   -0.355737    0.534178   -0.255204   -0.610143    0.396372
  -0.722415    0.542861   -0.167716    0.502653    0.120801   -0.535248   -0.415108   -0.723876     0.68192    -0.16768    0.178892   0.0456925   -0.924308   -0.350333 -0.00306101     0.24986   -0.164606    0.301721  -0.0742039    -0.31909    0.406426  -0.0244966    0.252041   -0.461836    0.311549   -0.422631   -0.330722  0.00132775   -0.210472    0.480174   -0.499418  -0.0586986
  -0.489686    0.314129   -0.330982    0.581837    0.163814   -0.512092    0.246537    0.261954    0.517528   -0.146969    0.939831  -0.0800661     0.39926   -0.430878    0.570341     0.29365   -0.488785    0.830852   -0.271492  -0.0336312   0.0312385   -0.495726   -0.268356   -0.172425  -0.0295345   -0.789735    0.244471   -0.205175   -0.552401    0.342148    0.359844    0.300609
  -0.124772   -0.311877   -0.319819    0.159438    0.341546    -0.46054    0.120925    0.108177    0.291193    0.131402    0.131168    0.107829     0.13703 -0.00856774   0.0592256    0.301893   -0.423176    0.181923    -0.27452  -0.0311797  -0.0841169   -0.136225     0.12566   -0.108114   0.0474266    0.502088    0.231758    0.318503   0.0462993   -0.262036   -0.144189   -0.143956
  -0.449725     0.70324   -0.202492   -0.215538   -0.590353    0.156026 -0.00412674     1.01748   0.0335954    0.327427     1.09743    0.274575   0.0314683   -0.334999   0.0284415   -0.395653    0.414747   -0.220756   -0.160629   0.0274705    0.547775  -0.0297123    -0.25634  -0.0697961   -0.313881   -0.524578    -0.86805   -0.315874   -0.396238    0.507826     0.62224   -0.348714
  -0.181134   -0.396805   0.0675739    0.293958   -0.192856    0.129829   -0.180187    0.231924    0.279062   -0.494221    0.254889    0.160226   -0.464453   -0.215825    0.444753    0.082162    0.161701    0.238942   -0.167446    0.287833   -0.256382    0.382416   -0.050782     0.14212    0.282202   -0.836519    0.135018    0.150119    0.386188    0.226744    0.187388   -0.126928
   0.134772   -0.198722   -0.279362   -0.290062   -0.843982    0.257783   -0.316902    0.437127    0.153833    0.225989   0.0460838   -0.197912   -0.513423   -0.464475    0.183134    0.184567  -0.0392298    0.155368   -0.437207    0.192256  -0.0185598    0.614402    0.199553  0.00531924    0.516669   0.0173118  -0.0931947    0.137588    0.208008  0.00105633  -0.0384737   -0.348563
  -0.271643    0.450012   -0.169054   -0.380622    0.395823    0.406624  -0.0754924   -0.102512    -0.25592    0.435306   -0.357498  -0.0791178   0.0582097    0.237813   -0.238961   -0.153912   -0.254572    0.101841   -0.286608   -0.317467   -0.395352    0.317668  -0.0359723    0.399357    0.129168    0.757341     0.14567    0.484841    0.421496   -0.266077   -0.766795    0.181204
   0.640139   -0.516354   -0.575836   -0.104214   0.0711473   -0.148692    0.650081    0.174404    0.392341  -0.0447865    0.716961   -0.296867   -0.147431   -0.040597   -0.457958   -0.278626   -0.316443   -0.220911   0.0507067    0.455143   0.0512031    0.232896   -0.269798   -0.252275    0.395623   -0.053855   -0.370475    0.459561   0.0320583   -0.371045 -0.00864786   0.0146984
  -0.295134    0.520259   -0.012271  -0.0161284    0.635092   -0.420104     0.48939   -0.651307   -0.068047    0.483718   -0.166299   -0.436448   -0.711482    0.218957    0.224268   -0.168071    0.192317   0.0681226   -0.406939   -0.383724  -0.0658602   -0.500773    0.578807    0.627425   -0.217772    -0.32642   -0.476677 -0.00897063   -0.562205    -0.01822   0.0774838   0.0712097
  -0.281317   -0.486715    0.847552    0.223463   -0.842325    0.334324   -0.143332   -0.589235   -0.404583   -0.685505   -0.641319    0.603365    0.385765    0.198856   0.0262399    0.761824   -0.599717   -0.107758    0.541069   -0.109035   -0.190218   -0.552694   -0.288121    0.124996   0.0637981   -0.164819    0.519874    0.163799    0.982493   -0.296228    0.525013   -0.682178
