    0.311427    0.0999448     -0.11988    0.0962308     0.329925    -0.463314    -0.171503     0.426438     0.160018     0.403769    -0.441351    0.0304845   -0.0483215     0.137397    -0.659781    -0.383167     0.129233     0.197659      0.16695     0.320361     0.277303    -0.316029    -0.272121    0.0115698   -0.0248357     0.229875     0.451559    -0.233768    0.0565198     0.273206     0.485775     -0.52422
   -0.666357    -0.270829    -0.221208     0.221702     0.611245    -0.150448    -0.530691     0.140691     0.322938     0.295352     0.051724    0.0165821    0.0639754     0.218929    0.0619003    -0.349582     -0.40937      1.02182     0.576033    -0.306615   -0.0886919     0.197956    -0.109379    0.0846708   -0.0772338   -0.0868221     0.699832   -0.0522717    -0.210991    0.0785722     0.153287   -0.0661955
   -0.207843     0.139385    0.0819054     0.199576   -0.0191932   -0.0946675     0.259529    0.0132302    -0.592175    0.0425802 -0.000697861    -0.206602    0.0667394    -0.181632   -0.0559537   -0.0375526      0.16257    -0.348869    -0.473953    0.0270249     0.171876     0.208056      0.12984    0.0724998     0.361255   -0.0961224    -0.172427     0.335275    -0.265208     0.214045   -0.0864158     0.418281
   -0.379426   -0.0409517    -0.521154    -0.401874    -0.172216    -0.149435    -0.279403     0.179674    0.0636794     0.599109     0.473197      0.08969   -0.0209317    -0.198017    -0.181414    -0.291855    -0.290869    -0.237642     0.756469     0.254575    0.0427464     0.141973    -0.254859    -0.348285     0.381049    0.0380617     0.215051   0.00770387     0.305342     0.539412     0.261398    -0.013861
  -0.0172908     0.316963    -0.406514    -0.291239    -0.242246    -0.597603     0.552508    -0.438691   -0.0889432     0.197878    -0.860414    -0.186885    -0.195115    -0.417417      0.19133    -0.872179    0.0494099     0.540742  -0.00745025   -0.0151624     0.013425   -0.0294466     0.153006    -0.130972    -0.781644   -0.0586176    -0.283153    0.0988626     0.402959     0.252247     0.037505    -0.359329
   0.0539051    -0.310702     0.342317    -0.388286    -0.109847     0.406566    -0.268868   -0.0742522     0.432959    -0.158106     0.035569     0.211156     0.196418    -0.125188    -0.238837     0.457635   -0.0821387   -0.0356508     0.534469     0.613336    0.0132911   -0.0637426    -0.671336    -0.624909     0.153978     0.109821    -0.580338    0.0434465      0.12329    -0.558052     0.807921   -0.0198254
   -0.024513    0.0231533     0.217106     0.211469    0.0793088   -0.0594137    -0.466531     0.217461    -0.610482    -0.019636    -0.661939     0.360081     -0.57783    -0.250746    -0.148098    -0.250419   -0.0268693     0.391148     0.734212     0.262704    -0.347561     0.196959     0.218398    0.0649128    -0.072648    -0.260247     0.589527     0.129668    0.0660712     0.286598     0.233751   -0.0872405
   -0.143106    0.0512628    -0.140962      0.57219    -0.432131     0.455015     0.578399    -0.219537    0.0150522     0.470213    -0.295368   -0.0475052  -0.00943062    -0.298096    0.0315905      0.23501   -0.0913908     0.626671     0.136429    -0.072013     0.542601     0.498015    -0.412729     0.633893   0.00498574    -0.465746     0.707402    -0.336164    -0.398716     0.229504    0.0625745    -0.667235
  -0.0588625    -0.169473     0.210112    0.0883598    -0.317367     0.128046   -0.0348919     0.638046     0.153963     0.204588    -0.350769    -0.430721     0.377488      0.45842    -0.203894     0.237067    -0.616893     0.658819    -0.682045     -0.76076     0.814623   -0.0669641    -0.371632     0.309042    -0.284705   -0.0607884   -0.0443011    0.0119868     0.337806    -0.314853    -0.345661     0.643637
    0.326817    -0.434119       0.2026    -0.265594    0.0387617    0.0597398    0.0796085     0.123578    0.0654236     0.306615   -0.0396034    -0.263677     0.142728   -0.0955331    -0.507668     0.446354     -0.55676    -0.863124   -0.0130179     0.303581       0.2054    -0.579467    -0.166058    -0.287116     0.108303    -0.156706     -0.44537   -0.0910506     0.437049   -0.0941553     0.724661      0.19313
  -0.0595738      0.94139    -0.179447     -0.34798    -0.196787    -0.377901    -0.108073    -0.185876   -0.0321277     0.349435    -0.291542     0.498808    -0.206052    -0.498011   -0.0996577    -0.734521    -0.284364     0.512193     0.820447    0.0400244    -0.145016     0.219567   -0.0788593     0.789382    -0.315337    -0.421769     0.549237    -0.225297     -0.27193     0.534213  -0.00715971    -0.172122
  -0.0364737     0.359229   -0.0572532    -0.258011    -0.263465    -0.413815   -0.0153832    -0.137204    -0.104504    -0.443555   -0.0109024      0.38478    -0.469753     -0.14219    0.0340235     0.379043     0.390467     0.241285     0.310007     0.127535    0.0204011     0.175887    -0.130897     0.649034     0.179605     0.415415     0.135062    -0.317795    -0.184146    -0.464037    -0.450072      0.22216
   0.0471438    0.0420617    0.0895802    -0.251364    0.0850805    0.0589248    -0.296057     -0.51271   -0.0277087     0.207696     0.257451    -0.281598     0.499398     0.494856     0.328174   -0.0678363     0.469732     0.225921   0.00639177    -0.146886     0.139969     0.508533     0.135099    -0.719727   0.00206413    -0.300878   -0.0878815 -0.000514902     0.604035     0.798398     0.814287   -0.0980888
   -0.277345   -0.0774017   -0.0383838   -0.0541762    -0.315997     -0.11999    -0.407522    -0.527257     0.446204     0.616451   -0.0424507    0.0300756   0.00964523    -0.850137     0.225748     0.101872   -0.0436328     0.120834     0.319959     0.031223    -0.155864     0.288708     -0.43403    -0.363401    -0.113989    -0.155011    -0.265167      -0.6751     0.233889     -0.17271     0.081552     0.251027
   -0.185339     0.103452     0.213914    -0.202505   -0.0194538    -0.676217     0.244316    -0.190755     0.013855    -0.374789    -0.155257   -0.0274934     0.069199     0.205591    -0.490611    -0.532814    0.0475463    -0.170459    -0.376203     0.157927    0.0486157    -0.140117    -0.586102     0.390744     0.114734     0.119062  -0.00669553    0.0107225     -0.10996     0.203258   -0.0150497     0.154715
   0.0112818     0.672546    0.0228791   -0.0348245    -0.175029    -0.902248   -0.0810615      0.14832     -0.33106    0.0828483    -0.343917     0.509279    0.0389885    0.0430713     0.118452    -0.845728    -0.135453      1.00339     0.308088     0.149738     0.115499     0.539263   -0.0658586  -0.00173813    0.0762477     0.228311     0.440655     0.108193    -0.170891   -0.0908961    -0.195011     -0.18277
      0.2743    0.0915054   -0.0192756     0.406031    0.0475814     0.126623      0.25508     0.199299    -0.168006     0.291767     0.177039    -0.248272   -0.0698972    0.0190143      0.14098    -0.174178    -0.121236     0.167048    -0.195406    -0.183563    -0.332152     0.194246      0.26618    0.0907794     0.293769    -0.155143      0.93746     0.327957    -0.409809     0.612904    0.0262478     0.413107
   -0.430561     0.117053      0.24994   -0.0690516     0.634784    -0.782135     0.115782     -0.10853    -0.094324     0.879529    -0.328018    -0.525292     0.464981   -0.0874204     0.029813     0.327027    0.0890792   -0.0683012     0.309638    -0.495471     -0.34106   0.00453015   -0.0385514    -0.767792     0.534776    -0.399513     0.218147    -0.432585   -0.0845411      0.23761     0.417131     0.285725
      0.6303     0.312848     0.349072     0.227859   -0.0598628     0.127356     0.103586     0.247654     0.103199     0.225945     0.284931     0.764734    -0.430141     -0.20301      0.37425     0.152144    -0.231404     0.531174     0.335887    -0.351461     0.131467     0.129273     0.103614    -0.401505     0.145831     0.225157    -0.181819    -0.839438    -0.247779    0.0277573    -0.151746     0.226708
     0.44753    -0.706655    -0.113386    0.0693768     0.309223     0.134212    -0.124332    -0.446343   -0.0963299     0.586012    -0.206167    -0.204138     0.085936    -0.582316    0.0958815    -0.114701    -0.322558   -0.0780341     0.748132     0.558353     -0.25047    -0.279408    -0.479171    -0.234428   -0.0143577      0.41867     0.133756    -0.224222    -0.274746     0.440427    -0.197457   0.00612272
    0.292335     0.466417     0.266738    -0.884943    -0.358776     0.373293     0.456475    -0.256821     0.114988     0.928213    -0.250047    -0.406784     0.105571    -0.024893    -0.510542    0.0220708     -0.24364     0.223759   -0.0809784    -0.055125    0.0954737    -0.104684    -0.279408    -0.243982     0.448543    0.0429384    -0.650613    -0.477359     0.792439     0.234871     0.608028     0.185547
    0.491148     0.134426     0.157902     -0.49982     0.137462      0.29195     0.140168    0.0867842   -0.0700614    -0.661557     0.194826    0.0366063    -0.319172        0.574   -0.0972502     0.225808     0.166884    -0.341856    -0.126039     0.492979   0.00160607    -0.598912   -0.0275439      0.50791   -0.0702391    -0.157027     0.403401    0.0129861     0.327802    -0.137791    -0.141867    -0.637924
   -0.259189     0.353881     0.598726    -0.137824    -0.867977    0.0820816    -0.185629     0.424307    0.0869615    0.0378101    -0.209202   -0.0995928    -0.783634    -0.762131    -0.384777    -0.142913    -0.465089    0.0782497     0.698268    -0.168256     0.705639    0.0394951    -0.103082    -0.526054    -0.332264      0.15671   -0.0516992    -0.214477    -0.282027     0.539496    -0.337346      0.09278
    0.218892    0.0392846   -0.0696316    -0.708094     0.304777     0.256335    -0.335067    0.0632443     0.425339       0.2203     0.127935    -0.305377     0.192762    -0.379995   0.00732403    -0.212624     0.512454     0.476871     0.594479     0.719885     0.242141    -0.122761    -0.134055  -0.00339884   -0.0906324     0.243474      0.47551    -0.450446    -0.433912     0.145139    -0.197618   -0.0620868
   0.0855892     0.388741    -0.523459     0.461048     0.383536     0.135338   -0.0374475    -0.138534     0.201244     0.414012     0.201141    -0.546222   -0.0489061    -0.361184    -0.103305     0.612105    -0.074784     0.258457     0.547027    -0.163475     0.276278   -0.0715638    -0.318532     0.944524     0.457733    -0.307563   -0.0094575    -0.301266     0.243232    -0.142732     0.322066    -0.146187
    0.311066     0.788616    -0.321204    -0.441123    -0.571081    -0.563058     0.157349     0.136538     0.321504    -0.266429    -0.210519     0.216837    -0.232629     -0.13473    -0.320356     -1.17903     -0.49359     0.499493    -0.251488    -0.470536    0.0623738   -0.0681934    -0.139389     0.173643     -0.56487    -0.097065    -0.172495     0.633005    -0.751212    0.0547205    -0.477531    -0.133724
    0.631657    0.0634794    -0.215903     0.111549     0.315491    -0.358172    -0.299214     -1.43367      0.46861    -0.288375     -0.54668    0.0725751   -0.0567211     -0.81808     0.342681    -0.608483     0.517262     0.176129    -0.101672     0.320157     -0.46339   -0.0239187    -0.013504    -0.312694    -0.203571   -0.0606212     0.306617   -0.0622132    -0.300019     0.931253     0.492439    -0.301659
   -0.234234     0.152231     0.293953     0.444094      0.20365   -0.0150454    0.0944556    -0.483813   -0.0289642     0.131272    -0.251889     0.108303    0.0776232    -0.193114  -0.00259233    -0.317168     0.319114     0.436283    -0.509599     -0.24749    0.0349954    -0.153668    -0.207917    -0.326641    -0.146343    -0.256596   -0.0886224     0.285651    0.0760954     0.190764     0.123722   -0.0574521
    0.516479      0.20137    -0.358611    -0.102572    -0.239057    -0.271788    -0.524069    -0.100344    -0.309382    -0.711395    -0.150803     0.233715    -0.297218     0.131249     0.114823     0.168301    -0.216219     0.363229     0.649401      0.10258    -0.182097     0.145708    -0.245401     0.340555     0.170158     0.362508     0.173725    -0.269852    -0.461481   -0.0677038    -0.528475     0.386056
    -0.19678     0.673357     0.209896    -0.177427     -0.29214    0.0425232     0.202691     0.163642      0.33441    0.0362474    -0.273892    0.0967656    -0.132894  -0.00122972   -0.0261725    -0.190267   -0.0388167   0.00260012    -0.254016     0.126788   -0.0327692    -0.124757    -0.256051     0.151354    0.0155223     -0.14229   0.00316838     0.041911     0.360185     0.302899     0.116449   -0.0554059
   -0.315237    -0.258528    -0.210232     0.220849  -0.00279568   -0.0820317    -0.187208    -0.144592     0.060907    -0.111634    -0.179844    -0.519157     0.301945    -0.325573    -0.766822    -0.431675     0.496356    -0.261036    -0.710123   -0.0710014     0.352278    -0.201646    -0.444544    -0.326717     0.230323     0.324921     0.257803      -0.3001     0.658623    -0.269546     0.464867    -0.342309
    0.531032    -0.219745   -0.0352828    -0.199842     0.417509    -0.527255    0.0160787    0.0866524  -0.00719716     0.415973    -0.283217     0.377564    -0.169024   -0.0285295     0.373903     0.537657     0.246789    0.0913251     0.198332    -0.213066    -0.173444    -0.457226       0.5136    -0.184982     0.243668     0.182838   -0.0117404    -0.234117    -0.442839     0.408542     0.704612    -0.137967
