  -0.0293852     0.212334    0.0961546    -0.310176    -0.259841     0.148226    -0.267271    0.0354764   -0.0900157    0.0851528    -0.231683     0.088803    -0.105236  -0.00648586   -0.0638355      0.21897    -0.225714    -0.167885    0.0656871    0.0465501    -0.482466    -0.102916    0.0873345    0.0835595   -0.0892117    -0.415704    -0.225902    -0.299402    -0.103951   -0.0883635   -0.0660689     0.275082
   -0.203196    -0.228215     0.135904    -0.234642    -0.192259    0.0849204    -0.197822    -0.156734     0.213733    0.0830304    0.0254342   -0.0651299     -0.05784    -0.363694    -0.106651     0.128618      -0.3342    0.0280287    -0.169417    -0.169076   -0.0629624    0.0949205    -0.104203    0.0345934   -0.0490451    -0.127293     -0.19403    0.0937579    0.0359628     0.191435     0.328461     0.194176
   -0.141396    -0.218942     0.243304     0.130897     0.014223    -0.172818    0.0111543     0.214969     0.102437   -0.0297383      0.25297    -0.179709    0.0902801   -0.0455506   -0.0151285   -0.0924541     0.178155    -0.118046     0.147841    0.0256085    0.0184073    0.0920659    0.0309069     0.103442   -0.0391998    0.0598371   -0.0446361     0.100354   -0.0248069    0.0948198      0.17718   -0.0438877
     0.21137   -0.0645246 -0.000475099     0.251295     0.104652   -0.0334726     0.188588    -0.241273    0.0131105    -0.255449     0.418131      0.11561     0.441725    0.0073604     0.139369    0.0787149    -0.181013       0.0526    -0.317678    0.0046344     0.150749     0.458205     0.203244     0.346361    0.0910373    0.0360685    -0.304656     0.119494     0.239426   -0.0241028     0.193715     0.158024
    0.145849   -0.0237946     0.103075   -0.0860264    -0.254779    -0.126748     0.278083    -0.400894     0.124688     0.228639   -0.0118789   -0.0183059    -0.157994   -0.0107633     0.133741    -0.266267    -0.420144      0.09788     0.122858     0.128093    -0.229238     0.382432     0.147179   -0.0650004    0.0763434    0.0044065     0.191628     0.158242     0.231525     0.081734      0.12167    -0.242843
    0.255389    0.0947915     0.109025     0.110225   -0.0157629   -0.0172043   -0.0102192     0.269382   -0.0314238     0.141886    -0.126251     -0.15865     0.288946     0.125661     0.196657     -0.31559   -0.0746108     0.142118    -0.313078   0.00682604   -0.0162003      0.11125    0.0317881     0.447817     0.187268     0.195671     0.147282      0.26194    -0.155233   -0.0511372     0.289853    -0.122229
   -0.103713   -0.0963597     0.221592    -0.243701    -0.147745   -0.0218313     0.112755      0.18567    0.0111163     0.257646    -0.126329     0.175631     0.350157    -0.332153     0.105413    0.0646531    -0.157817  -0.00785158   -0.0686129    -0.147697    -0.267556    -0.200967   -0.0198367    -0.076273    0.0745351    -0.174805    -0.283628     0.037027     0.298067    0.0293031     0.390297    -0.208734
   -0.131917    0.0367738     0.069431    -0.094286    -0.357384      0.22789     0.136289    -0.206009    0.0366892    -0.116534    0.0171809     0.147224    -0.110339      0.10105     0.180751   -0.0330079   -0.0163913    -0.189698    -0.102266    -0.104675    0.0515217   -0.0282228    0.0899931   -0.0850492     0.289847    -0.104064 -0.000405294    0.0130288      0.21307     0.268592    0.0928259   -0.0331781
   0.0201977    -0.253312     0.559172    0.0543707   -0.0920558     0.073313     0.321408    -0.116046   0.00139053     0.315057     0.186579    0.0608338       0.1213    0.0621159    -0.109701     0.122481    0.0504414   0.00839813    -0.444917    -0.196497    -0.249943      0.32767     0.385897     -0.16676   -0.0131411    0.0532157     0.488712      0.32652     0.311573   -0.0944741  -0.00412805    -0.233223
  -0.0219043    0.0536838     0.370405    0.0442436   -0.0413038    0.0172281    -0.160913   -0.0745227    -0.220217     0.253167     0.185822    -0.113442    -0.102182    -0.175254    -0.271178    0.0579995    -0.279482     0.153315    0.0332687    -0.103055     0.174686     0.168341     0.138178     -0.14641     0.300792     0.158887     0.121162    -0.152075     0.135356   -0.0583532   -0.0438374    -0.244707
     0.19538   -0.0674276     -0.19115   -0.0642034    0.0295018   -0.0192242   -0.0504161    -0.369556     -0.23857    -0.331455   -0.0588449    -0.187386    0.0796995    -0.140499     0.138394     0.399855    -0.233105   -0.0954275    -0.658247     0.100312     0.119141     0.338529    -0.295308     0.268933     0.189141   -0.0557056   -0.0821271    -0.141988    -0.115462     0.393274    0.0565341    0.0318642
    0.151531    0.0984673    -0.151867    0.0928271    0.0491716   -0.0528277     0.128615    0.0322621      0.23709      0.25949    0.0535799    0.0496828     0.283694     0.247711     0.225389    -0.106992    -0.130445     -0.02973    0.0647401    -0.145532    0.0677754    0.0704404    0.0911184      0.16055      0.15958      -0.3127    -0.185708     0.131963     0.237644   -0.0997332   -0.0874893    -0.172819
   -0.125129    -0.127031    -0.364332     0.085197    0.0403772   -0.0103608    -0.153425   -0.0893632       0.1412    -0.174305     0.213558    -0.147056    0.0232687    -0.135282     0.441065   -0.0320954    -0.167769    0.0960773    -0.076736     0.387723     0.070558     0.238965    -0.393333  -0.00269763     0.409592     0.176101    -0.242816    -0.211983     0.215294       0.2048    -0.209933     0.275697
   -0.309066   -0.0798392    -0.210508    0.0828939    -0.236404    0.0384531     0.117751     0.225562     0.316104     0.212753    0.0302432   -0.0398523     0.129587    -0.221047    -0.170713    0.0243451    -0.114355     0.135634    0.0286619   -0.0705592   -0.0927715    -0.262161    -0.116345    -0.171527   -0.0161659    -0.271722   -0.0264227    -0.124651   -0.0165226    0.0157632     0.166049     0.171621
   0.0823349   -0.0677763    -0.297743     0.121935    -0.268049     0.199252    0.0909531     0.162396    -0.509036   -0.0676873   -0.0909836    -0.264725     0.240045    -0.363657    0.0967936     0.158485   -0.0811638   -0.0485615     -0.65093    0.0620839     0.345745    -0.115406     -0.25287     0.225671      0.05843    -0.274057   -0.0866332    -0.260588    -0.230343    -0.209162     0.287439    -0.103312
    0.357489    -0.135755    -0.560336    0.0574351     0.480599   0.00316914    -0.182598    -0.268848     0.142228       -0.166     0.377934    0.0499599     0.240903    -0.305329     0.271015    -0.271187    -0.406214     0.244604     0.468105     0.239417       0.2147      0.30458    0.0290296   -0.0637507     0.193466     -0.24112    -0.373158     0.209354    -0.087058   -0.0993238     0.111472   -0.0812666
   -0.133315   -0.0776074     0.166589   -0.0465191     0.307417     0.183476    -0.086977  -0.00304758      0.44723     0.276345    0.0905402   -0.0390626    -0.267584   -0.0931203     0.115991    -0.197655    -0.199077    -0.193231     0.270228    -0.191089   0.00108548     0.131088    0.0763787   -0.0037358    0.0594003    -0.074547    -0.115853    -0.248278     0.138303   -0.0732864      0.39623    0.0562275
    0.346213    0.0267228    -0.135278     0.337089    0.0655723    0.0884381     0.185337    0.0589779   -0.0181613     0.280112   -0.0694325    -0.132731     0.131903     0.436447      0.32553    0.0895294     0.170243    -0.079754    -0.176508      0.11832   -0.0936437    0.0952861     0.437318     0.153056     -0.21183     0.218837    0.0710207     0.111956   -0.0704315    0.0841349   -0.0766856    -0.218302
   0.0172155     0.469361    0.0923501     0.023108    -0.184278    -0.199363     0.339102    0.0523999    -0.514125    -0.246394    -0.168583    -0.172954     0.471162     0.394901     0.146788     0.261688    -0.341671     0.241333    -0.759916     0.278137    -0.350293    -0.131411     0.242266   -0.0130343     0.120162    0.0646165    0.0167552     0.337781   -0.0610275    0.0104976     0.273422     -0.43622
  -0.0753236    -0.216729     0.223811   0.00757946    -0.272877    -0.209974     0.136241     0.128553    0.0865571     0.240606   -0.0911917    -0.322927    0.0435256   -0.0977867   -0.0587875     0.176829     0.146827      -0.1897    -0.219618     0.198191   -0.0612935     0.215902    0.0449445    -0.203873     0.149812   -0.0374339    0.0508467     0.402121     0.259785     0.236148   -0.0837822    -0.120071
   -0.228045     -0.11747    0.0816708     0.230026    -0.208288     0.213014    0.0398004    -0.208617     0.322708     0.170137   -0.0881129   -0.0931445    0.0297099    -0.286018     0.288284     0.154389   -0.0704229     0.211989    0.0773523     0.191918    -0.160415   -0.0865802   -0.0931589      0.28894     0.049744   -0.0120649    0.0565585    -0.112372   -0.0107187     0.209065   -0.0194912     0.118392
    0.279707     0.135205     0.165973   -0.0313264   -0.0089273   -0.0425547    -0.283796     0.153315   -0.0708389     -0.14501     0.252337    -0.228467     0.135091     0.208782   -0.0162424    0.0506987    -0.130031     0.216036   -0.0668537   -0.0873909    0.0293851    0.0872743     0.383062     0.183689   -0.0482229    0.0963082   -0.0992358   -0.0107872    0.0589782    -0.126991     0.142106    0.0110785
   0.0173042    -0.318921   -0.0528593    0.0436527    -0.218484     0.245568     -0.05993     0.123895   -0.0980045   -0.0628532    -0.142136    0.0605141    -0.257115     0.268553  -0.00277919    0.0500713   -0.0342086    0.0635065    0.0947055     -0.20214    -0.175508   -0.0405435    0.0618415   0.00325433    -0.256888  -0.00594875     0.204131    -0.240388   -0.0331692     0.127305   0.00525535    0.0386399
    0.123001     0.211003    0.0302504      0.14595    -0.182779   -0.0943972      0.31756     0.323277    -0.177393   -0.0872438    0.0196622   -0.0158687     0.129159   -0.0998011   -0.0468107     0.089577    -0.335233     0.216682    -0.782442     0.276012     0.136175     0.198387     0.374721     0.166188     0.348703     0.199388     0.242746    0.0335449   -0.0772697    0.0313636  -0.00147553    -0.233854
   -0.138526     0.170685    0.0663583  0.000262795     0.149309     0.143547    -0.151887    0.0616699    -0.129511     0.104891    -0.068081   -0.0443943     0.310387   -0.0862922   -0.0701321     0.147927    -0.251434   -0.0765299    -0.388424     0.234116    -0.198001    0.0371226     0.242154    -0.189294     0.302843    -0.164105    -0.138358     0.116196     0.267298    0.0294391     0.242828    -0.113863
    0.169041     0.128167    0.0902376    0.0780729    -0.178295     0.188998    -0.213775    -0.360237    -0.195258     -0.17202    -0.187672     0.116837    -0.185821    -0.327865   -0.0124576   -0.0600175    -0.198558     0.135118  0.000461249    -0.121056    0.0986122    0.0299987   -0.0715575   -0.0429484     0.203456     0.105245     0.276569    0.0789857    0.0462016   0.00666454    -0.376169     0.161511
  -0.0806862     0.173175   -0.0673747     0.168816    0.0501206   -0.0512501    -0.162189   -0.0614806    -0.271405     0.192681     0.258156    -0.173731     0.276268     0.291251     0.280195      0.17116    -0.280141     0.204078    -0.411031     0.175667   0.00242416     0.329025      0.21271    -0.186444     0.233061    0.0196739    -0.103835    -0.168624  -0.00273278   -0.0865543      0.31623   -0.0261053
  -0.0838034     -0.10671      0.22249    -0.066355    -0.260497    0.0309623   -0.0310803     0.276148   -0.0611629     0.155383     0.168195   -0.0910703     0.177963    0.0776802    -0.154689   -0.0710103     -0.11662     0.182601   -0.0606729    -0.184954    -0.222909     0.345458    -0.114824     0.111322    0.0665848     0.102093     0.187074    -0.256964     0.261145     0.141238    -0.227857    -0.113067
    0.100315     0.127102      0.04137   -0.0725326    0.0615774    -0.132187     0.159567    -0.139964    -0.235234    0.0629446   0.00538368     0.286371     0.354641     0.110281    0.0807547     0.105013    -0.242878   -0.0696343    -0.125133    -0.127833   -0.0818109     0.212474     0.309362     0.191225    -0.153555    -0.142433   -0.0142058    0.0317145   -0.0582825      0.13131    0.0510644    0.0969816
   -0.126685     0.065026    0.0125618    -0.182757     0.227711    0.0634439     0.190893      0.15408      -0.2664     -0.19932    0.0431018   -0.0953331     0.355316    -0.145393     0.347552   -0.0258238   -0.0445252    0.0502834    -0.323943   -0.0224582    0.0192715  -0.00967529     0.209684     0.112927     0.301737     0.190113    0.0175168    -0.103001   -0.0185404     0.288693   -0.0350884    -0.376916
    0.149388    0.0068685     0.182254       0.1213   -0.0270894   -0.0711924     0.132054     0.292001       0.1075     0.317483       0.2017    0.0270421     0.158176    -0.276929    -0.110485   -0.0261858   -0.0642624    -0.209521    -0.166091    -0.274547   -0.0754696     0.085301     0.356103   -0.0774242  -0.00650739    -0.193273    0.0214684     0.034814     0.155323    0.0427272     0.210427   -0.0632199
   0.0769338    0.0593187    0.0597864    0.0400258    0.0952783     -0.21691     -0.11302     0.170348     0.364849     0.467563     0.145356     -0.12109    0.0966197     0.249735     0.148282    -0.066879  -0.00666769    -0.125017      0.30288   -0.0736939   -0.0348956   -0.0103722   -0.0775815    0.0275964  -0.00183243     0.408756    0.0121877    0.0792609    0.0738887     0.125726    -0.244345    -0.246346
    -0.11527   -0.0227775    -0.049285   -0.0393922    0.0909515     0.133259    0.0975385    -0.399107     -0.10275    -0.195934    -0.272264   -0.0184966   -0.0587106   -0.0769311    -0.041515   -0.0287375   -0.0219947     0.295037   -0.0290043    -0.049647    0.0886478   -0.0775516   -0.0215449     0.236002    0.0613123  -0.00265173     0.163511    -0.236777    -0.133192   -0.0339729     0.280215     0.183171
   -0.121873    -0.339846     -0.03077    -0.118598    -0.305902    0.0774973    0.0374651     0.261802   -0.0249209    0.0301216      0.14492    -0.161764     0.057348   -0.0442426    0.0361838     0.251802    -0.248127    -0.328389    0.0426839    -0.174805    0.0378555    -0.176625    -0.561329    0.0511205   -0.0214756    -0.342425   -0.0123523   -0.0949918     0.202537    -0.106699   -0.0519403     0.226462
   0.0831395     0.102968   -0.0103679   -0.0807201    0.0436605   -0.0161371    0.0963066     0.202051    0.0442154      0.28752     0.152792     0.362266    0.0200121   -0.0460307    0.0838818   -0.0355202    -0.253483     0.214857     0.278199    -0.321596    -0.229124     0.337487     0.386231     -0.07278     0.271093    -0.115469    -0.126041     0.101812    0.0755819    0.0732638     0.345408    -0.343692
   -0.216904     0.152252     0.208823     0.119733    -0.234665     -0.11588    0.0698795    0.0648633    -0.231447     0.111365    0.0720444   -0.0737096     0.267571     0.214846      0.22924    -0.176364    0.0104829   -0.0834872     -0.36946    -0.110769  -0.00352639     0.030915   -0.0401542   -0.0435944    -0.118183     0.280329    -0.150434    0.0109485     0.162809   -0.0284879    -0.152585  -0.00803333
   -0.194039    -0.198846   -0.0202247    0.0234024    -0.252076    -0.377104    -0.139757     0.264164    -0.132202    0.0906146  -0.00657359   -0.0161669     0.254549    -0.237864   -0.0988115       -0.219    0.0824021     0.179114     0.229153    -0.188451    -0.174556    0.0743032     0.148195    0.0870689    -0.076353     0.219468     -0.38437     0.168742     0.301528    -0.147795     -0.14508     0.134328
   -0.116899    0.0855298     0.353596    -0.235182   -0.0731027    0.0406108   -0.0748422    -0.136537    -0.278114    -0.102818     0.164941   -0.0299479      0.25029     0.279236    -0.117821     0.169847   -0.0522757   -0.0798489    -0.445807     0.220413     0.138873    -0.116638     0.329663   -0.0442888      0.11078    0.0773907   0.00517794    -0.304934     0.176653  -0.00468719     0.238437   -0.0644828
   0.0177495    0.0212834     0.155427     0.224985    -0.332016     0.466473     0.411889     0.342178    0.0548172     0.109673    -0.276555   -0.0182549     0.363831   -0.0901071     0.152395   -0.0175848   0.00799698   -0.0728444    -0.765457    -0.201833     0.305508     0.359604    -0.247714     0.331704  -0.00758475    -0.209042    -0.364261    -0.209491    0.0644203   -0.0919351     0.451075     0.113156
   -0.295124     0.198569     0.369912   -0.0311907    -0.423924    0.0703582     0.108136     0.157179    -0.123806    0.0503556    -0.195929    -0.371756   -0.0232506    -0.180388    -0.145133      0.49143    -0.114218   -0.0144062     -0.18327   -0.0415342   -0.0713997      0.16129   -0.0729767    -0.293604    0.0288312     0.109623    0.0892709    0.0802381     0.494547    -0.144539   -0.0307216     0.373494
   0.0861216       0.2326     0.165629     0.201515    0.0696633    -0.165863     0.152414   -0.0637745     0.107282     0.317228    0.0733037      0.48167   -0.0618694     0.332339   -0.0780067     0.142401   -0.0442243   -0.0714665     0.179896    -0.065122    0.0308629     0.131964     0.239682      0.13727     0.197356     0.179295     0.136227    -0.101035     0.240601   -0.0462591    -0.121265   -0.0305656
  -0.0781608    0.0826369   -0.0491758     -0.22263      0.12784    -0.106903   0.00560616     0.270083     0.164112    -0.155027    0.0177683    -0.169232     -0.41969    0.0208614    -0.227926     0.182613     0.131967    -0.143124      0.27025    -0.195998     0.053998    0.0149596    -0.207559    -0.178503    -0.172395   -0.0781133    0.0724931    -0.161994    -0.292105    0.0634674     0.196265   -0.0697998
     0.11438     0.108511    0.0869341    0.0265512    -0.197482    -0.234205    0.0220561    0.0490924    0.0933399     0.258905     0.156987     0.158679    -0.136609   0.00865953     0.191843    0.0944674   -0.0885105   -0.0292722     0.183918    -0.183072    -0.235484   -0.0695864    -0.152136     0.104852   -0.0719281     0.191257    0.0402759    -0.145952     0.224662    0.0608509     0.137806   -0.0856098
  -0.0680655    0.0216341    0.0338393     0.027601    -0.355699     0.254209     0.137766    -0.169022   -0.0901006   -0.0217046   -0.0888021   -0.0451163    -0.131549    0.0786913    0.0416544     0.398545    0.0312135    0.0245652    -0.244834    -0.296937   -0.0855291    0.0584358      0.10302   -0.0217982     0.142321    -0.119698    0.0167878    -0.155108    0.0429258   -0.0349188     0.173313    -0.152349
  -0.0338148  -0.00270878 -0.000635913     0.195236     0.228917     0.146507    -0.048099   -0.0578612   0.00817721    0.0121038   -0.0528745     -0.13508     0.169727     0.216738  -0.00379525     0.100927   -0.0556045       0.1974    -0.100487   0.00502242    -0.125954      0.21322     0.355932   -0.0187588     0.178394     0.227275     0.113653     0.289094    -0.020625   -0.0636338    -0.015355   -0.0834452
     0.25454   -0.0167989   -0.0395628     0.282062      0.20547    -0.247841     0.259796    -0.312822    -0.118638     0.035939    -0.138808    -0.107906     0.192127      0.25995   -0.0417928    -0.163959    -0.273777    0.0836853    -0.161718    0.0268908    -0.234042     0.208744     0.199584     0.169646     0.225146    0.0440434     0.120309   -0.0473041    0.0498372    0.0938842     0.133349   -0.0626068
 -0.00713574    -0.383345     0.315281    -0.397161     -0.31291      0.13835     0.202194    0.0505445     0.185085 -0.000962033     0.141206    -0.214945    -0.132174    -0.189062     -0.14972   0.00701954    -0.071819  -0.00575872     0.405048    -0.244752    -0.253906    -0.254791   -0.0223115   -0.0110326    -0.336597   -0.0193598     0.138494     0.114472    -0.147268     0.138304     0.195217   -0.0470446
   -0.130483   -0.0430997   -0.0369786   -0.0522021   -0.0709286    0.0736887   -0.0270362    0.0122838    -0.212614    -0.136505     0.138168   -0.0445449     0.310651     0.239254     0.141646     0.144296    -0.130911    -0.165101    -0.378123     0.115431   0.00165399     0.209532      0.32096  -0.00321557     0.139748    -0.197429     0.201405     0.280193   0.00116342      0.05928    0.0752531   -0.0751704
    0.188101   -0.0520047     0.134859     0.314327   0.00866533     0.216621     0.217561     0.238905    -0.243054     0.372759    -0.025581     0.391886     0.405714     0.273579     0.173693     0.158015   -0.0644016     0.106878    0.0725378    -0.199516   -0.0519085    -0.186918     0.297695     0.124267     0.335106    0.0932703     0.376575    -0.108897     0.304361    0.0159013   -0.0881119     0.186579
   -0.216691     0.123631     0.147944    0.0508682    -0.107672     0.277438    0.0984998    -0.323895    -0.138244    0.0618006   -0.0138026    0.0824916     0.111281     0.175131    -0.140083      0.04647   -0.0110504    0.0492591     0.300173    -0.139454    0.0606496     0.242141    -0.266188   -0.0749664    0.0879135   -0.0155556    -0.117289   -0.0506455    0.0510755    0.0517445    -0.139851     0.216862
    0.125399    0.0152621     0.390814     0.348828     0.153624    0.0275313    0.0908533    -0.135634    0.0859792    -0.165021   -0.0332101     0.407622     0.470968     0.204902     0.321781   0.00299628    -0.126198    -0.105937    -0.318956     0.108267    -0.136585     0.357541     0.400464       0.1067    0.0867802     0.121382     0.152774     0.119804     0.121703    0.0158017    0.0994143      -0.1597
  -0.0161001    -0.141262   -0.0487084     0.101065    -0.179866    0.0280051    -0.188186     0.159042     0.333696     0.104141     0.163905     0.346045    -0.447766    -0.289617      0.15556   -0.0752256    0.0589253   -0.0711438     0.411784     -0.40284    0.0214317    0.0290427    0.0468016     0.151911    0.0430811    -0.270623     0.186611    -0.054397     -0.18121    0.0544146      0.10297     0.210591
    0.160917     0.269426     0.101607     0.138658    0.0220122     0.210064   -0.0878635    -0.457755     0.165131    -0.276291   -0.0457199     0.127186    -0.104093    0.0629327    -0.205963    -0.189615    -0.163486   -0.0243961       0.2649    -0.212037    0.0638968    0.0826801   -0.0464488      0.23391     0.140976   -0.0400194    -0.251225    -0.197709    0.0341231    0.0613955    0.0264369    0.0630855
   -0.148113    -0.128708    0.0419359   -0.0800864    -0.259588    -0.199638     -0.17047   -0.0807138    0.0675343     0.156438   -0.0338307    -0.143286     0.229647    -0.047715    -0.067418      0.10319     0.106969   -0.0713743     0.273365     0.256705    0.0163121     -0.28319     0.231512     0.265617   -0.0555101     0.324278    0.0573793    -0.423655   -0.0418642    -0.111965     0.190052    -0.209684
    0.138434    0.0637577    -0.115872   -0.0325225   0.00404097   -0.0995582    0.0865091    -0.146121    -0.280696   -0.0108769    0.0139267   -0.0909148  -0.00185109     0.187036     0.198521    -0.393558      0.11132    -0.125452    0.0453084      0.09252   -0.0780877   -0.0411055     0.054633   -0.0381401   -0.0382472     0.108976     0.177002     0.163995   -0.0339296   -0.0435463     0.172133    -0.222003
    0.169333      0.13349    0.0992676    0.0470029    -0.213825     0.268952     0.102326     0.294324     0.116008   -0.0651817   -0.0209734    -0.128677    -0.367402   -0.0791684    -0.253372    0.0153969     0.018615     0.160793     0.275306     -0.12783     0.281214    0.0909977    -0.563178   -0.0184332    -0.285249   -0.0694309      0.27251    -0.207688    -0.408353      0.30251     0.063619    -0.131865
   -0.164783    -0.305842    -0.145074    -0.227826   0.00494549    -0.360429    -0.145362    0.0732086   -0.0480786    0.0626272     0.209959    -0.243266      0.24408    -0.234109     0.264025    0.0530608   -0.0187102    -0.147636    -0.378883    0.0825005     0.136828    0.0821544    -0.155935      0.11155     0.279675    0.0741042    -0.237151     0.120235    0.0401976    -0.119264    0.0249865     0.147853
  -0.0683342    -0.354583     0.137657    -0.255469     -0.17517     0.228712     -0.11933    0.0105473     0.357515   -0.0751961     0.264861  -0.00916641   -0.0623868    0.0884339  0.000865251   -0.0502439   -0.0156827   -0.0597311     0.117301    -0.200011    0.0242361    -0.160918    0.0447888    -0.132751    -0.233843    -0.244641    -0.124646     -0.16556   -0.0683175    0.0431203     0.088663     0.169592
   0.0581393    0.0195138     0.101959      0.19119     0.177091    0.0795076      0.18808    0.0465036   -0.0739387     0.404621   -0.0982367     0.389414     0.151063    0.0977331    -0.250561    0.0552337    0.0953561   -0.0366013     0.188796    -0.087537     0.109288   -0.0347595     0.199551     0.127854   -0.0373493    0.0677242   -0.0517924    0.0810192     0.103764  -0.00386502    0.0810186    -0.129628
   0.0793905    -0.278724   -0.0473958    -0.163539   -0.0528514     0.170147      0.14368     0.469547     0.192547      0.13492   -0.0235959   -0.0229202    -0.163955    0.0383936     0.110786     0.186138    0.0241443    -0.150195     0.284174    -0.128731   -0.0154901    -0.173446      0.03764    -0.134105     0.128471    0.0343497    -0.309989     0.019185      0.24176      -0.1869    0.0295561    -0.174573
  -0.0132495     0.042701     0.106494    -0.182284      0.12942     0.270135     0.178672     0.308546    -0.201389     0.129872     0.327829    0.0959638     0.193666   -0.0225433  -0.00843319   -0.0195738    -0.172794   -0.0626873    -0.211685     0.204414    0.0914248      0.30992   -0.0896654     0.223912    -0.034636    -0.271814    0.0725777     0.167323     0.116404    -0.233344     0.108252     0.297925
    0.287567     0.022464    0.0266668    -0.172671    -0.185286    0.0859824     0.111601    -0.194658     0.104805    -0.151568   -0.0542981     0.169728    0.0984329    0.0393962     0.134288   -0.0983685    -0.188613    0.0288407     0.442757    -0.117132   -0.0716046   -0.0228939    0.0486835   -0.0168133    -0.171208    -0.241073     0.218502   -0.0809069    -0.271324    -0.123029    -0.026853   -0.0646944
  -0.0489578     0.235901    0.0974278     0.130314     0.179057   -0.0791438    0.0207642    -0.484528    -0.258334    0.0746809     0.137359    -0.040942    0.0887746      0.10068     -0.24915     -0.23828    -0.387569     0.144501    -0.329593     0.275276    -0.099016   -0.0197664     0.234082     0.147932     0.367317     0.194157   -0.0629282  -0.00366389      0.15705     0.172327    -0.258952     0.110012
  -0.0971188   -0.0540204    -0.123557    -0.070348    -0.230275     0.159937     0.214351    0.0825302    -0.133713     0.400329     0.111949    -0.393273    -0.198951     -0.35285     0.108371     0.118589    -0.129379    -0.093018   -0.0594024    -0.132164  0.000597997    -0.264812    -0.172828    0.0729726    -0.166995   -0.0719657   -0.0289994      0.18885     0.264322   -0.0678871   0.00234484     0.285881
  -0.0370884    0.0160571     0.286598      0.13537    -0.161059    -0.180793     0.242457      0.14173     0.163185     0.472137    0.0465075    -0.106116    -0.011804     0.171136     -0.25481    -0.112751     0.119288   -0.0773661     0.138233    -0.141327    -0.283705    -0.180001    -0.129879    -0.321727   -0.0429665    -0.107002    -0.132904    0.0406095     0.278187   -0.0896008    0.0463613    0.0901574
  -0.0916843   -0.0873562   -0.0223472     0.302022    0.0193103    0.0453433      0.26304     0.198433     -0.19174    0.0122134     0.267796   -0.0289329     0.148509    -0.061109     0.146766     0.149143     0.018248   -0.0713949    -0.358821    -0.133615    0.0755504     0.161193  -0.00403945     0.214326     0.170972    -0.279802     0.126317     0.307267     0.167803     0.210897     0.259081    -0.344862
    0.111033     0.119154    0.0408309    0.0745208      0.11724      0.20925     0.180549   -0.0389417     -0.13191    0.0553478    0.0175343     0.071239      0.10802     0.078266     0.053393     0.150519   -0.0311621    -0.218751   -0.0384919    -0.215946   -0.0895657      0.16648     0.227577      0.15068    -0.104035   -0.0546698     0.284884     0.234911     0.244763     0.155773     0.166834  -0.00168241
    0.186745     0.107146    -0.239507     0.218797    0.0308295    -0.336705    -0.076588     0.228569    -0.243075     0.195006   -0.0560727    -0.148311    -0.156546    0.0688748   -0.0526357     0.183641    -0.107544     0.154412    -0.276952     0.250574     0.102361   -0.0164736     0.143119     0.324219     0.157305    0.0696063     0.267827   -0.0289645   -0.0129827     0.073857    0.0235062     0.113599
   -0.148337     0.102557    -0.113539    0.0667084    -0.198391     0.140796     0.157271    -0.036487     0.130829    -0.336913  -0.00174352    -0.157569   -0.0195742    0.0119583    0.0114584   -0.0409426   -0.0577644     0.317899    -0.270937   -0.0593174     0.158795    -0.068304    -0.302583    0.0853423    -0.122399     0.013789   -0.0276536    -0.198914   -0.0667227    0.0224296      0.28341    -0.163148
    0.167519    0.0374827   -0.0416874   -0.0419698    -0.119923     0.204579     0.135866     0.290183    -0.178483   0.00482955  -0.00480286   -0.0677191    -0.188073     0.178583    0.0565222      0.25822   -0.0913793    0.0510739    -0.247426     0.129457    -0.203681     0.136028    -0.166741    -0.109423    0.0739967     -0.21765    -0.332075    0.0914879     0.186955     0.154828     0.201345   -0.0231986
    0.136911   -0.0493276   -0.0632644   -0.0455272     0.187013    -0.136213   -0.0322973     0.245507    -0.283272    -0.126828   -0.0520636   0.00370899  -0.00687739     0.055836    -0.171293   -0.0147347    0.0661157    -0.217453   -0.0881185    0.0282624   -0.0815627    0.0776955    -0.124933     0.212739  -0.00154671   -0.0487863   -0.0137138      0.36589    0.0119475      0.13529     0.143485   -0.0245329
   -0.183577   -0.0687795     0.294131   -0.0790197    0.0311485     0.136949     0.103792   0.00571173   -0.0892103     0.158473     0.036441    -0.110456   -0.0383949    0.0549621     0.125484     0.185842    -0.215305   -0.0131574    0.0985971    -0.338905    0.0407051     0.192259     0.203962   -0.0222897  -0.00220764      0.16661    0.0718437     0.185278   0.00284138    -0.230361   -0.0111625    -0.388789
  -0.0242022      0.43599     0.274213    0.0093636   -0.0370438    -0.225343   -0.0774876    -0.023372   -0.0736925     0.126437    -0.310984    -0.163357    0.0221899    0.0885517    0.0599529    0.0895716    -0.150354     0.184826    -0.242644     0.206455    -0.285561    0.0584343     0.121678    -0.361403    -0.188861    0.0608418     0.233152    0.0341257     0.312907      0.18937    0.0852125     0.198267
    0.113105    0.0550492    0.0804884     0.353455    -0.196968     0.174648     0.129353   -0.0125421    0.0590526     0.138559    -0.084874   -0.0470704   -0.0405165   -0.0295476    0.0139104     0.111482    0.0669034    -0.191501     0.107152   -0.0145379    -0.118194     0.160971    0.0564924      0.38192    -0.229055    0.0470817    0.0672969     0.132758    -0.231587    0.0105087     0.216708      0.04992
  -0.0314768     0.182662     0.159981    0.0457387    0.0962054     -0.12069   0.00578819    -0.413881    0.0216558     0.015071    0.0821671     0.119528    0.0931834     0.120853     0.050016    -0.230128    0.0557721    -0.178564   -0.0519949    -0.223346    -0.226387    0.0738678     -0.12997    0.0387089     0.194294    -0.118253    0.0959829     0.012132     0.283958     0.312998    -0.111611     0.246613
    -0.13004    -0.113154    -0.298447     0.125467     0.109895     0.266321    0.0725203     0.023387    -0.321562    0.0727022  -0.00535079    -0.213447     0.164935     0.101966    -0.190156   0.00698217    0.0143332     0.189645    -0.284821     0.196092    -0.030711    0.0795355     0.176974   0.00522886     0.325674   -0.0814068    -0.108027    0.0304714     0.109273    -0.060642    0.0824905     0.224852
  -0.0765055   -0.0188063    0.0631392    0.0892747    -0.302224     0.245385   -0.0985867    -0.264449      0.21129   -0.0222077     0.159525    -0.332696    -0.150721    -0.121823     0.143967     0.106776    0.0643419    -0.176663    -0.205942     0.140337   -0.0283481     0.191899   -0.0645893    -0.123307    -0.165164   -0.0394862    -0.226024     0.019395   -0.0928884    0.0586169    -0.114028    0.0124995
  -0.0643008    -0.335193   -0.0346724    0.0357097    -0.295495     0.123381    -0.495722    0.0218307    -0.214873     0.105047    0.0709569    -0.316756      0.34553   0.00135161    0.0675318     0.116709    -0.258158     0.132196    -0.433115    0.0149441    0.0679653   -0.0528757    0.0828283    0.0616393      0.18784    0.0507325    -0.129192   -0.0735686     0.159207     0.232824     0.380821     0.139921
 -0.00287356    -0.200672     -0.10406   -0.0401302    -0.221309   -0.0242011     0.154934     0.129191    -0.147326     0.369124     0.147972    -0.151092  -0.00517031   -0.0943374     0.330576    -0.201441     0.060332     0.152289    -0.255788     0.124237    -0.188021     0.119057    0.0455361     0.180569     0.108691   -0.0980236     0.227051     0.378511      0.21543    0.0883786    -0.218841     0.123526
   0.0326958     0.366304   -0.0210024     0.322716    0.0644069    0.0222804    -0.313756    -0.324643    -0.402095  -0.00630322     0.191195     0.426599     0.347225     0.203933    0.0415997     0.027346    -0.379344    -0.154237     0.142547   -0.0486154    -0.291466     0.160908    0.0176681     -0.11204     0.215547    0.0027617     -0.27929     0.195828   -0.0562482     0.514831     0.165003    -0.267586
  -0.0805117    0.0526449   -0.0992324    -0.193851    -0.119849    0.0345463   -0.0287684   -0.0121942     -0.13567    0.0324545    -0.125991    -0.123518    0.0431382      0.19463    0.0263053   -0.0638552     0.304831    -0.120957   -0.0197357     0.118638     -0.10963    -0.266837    -0.164333     0.115142    -0.117563   0.00188989     0.129818      0.14136    -0.159806     0.112752     0.170866     0.164891
   0.0547281    0.0144823    -0.353906    0.0862282    0.0909012    -0.181959   -0.0518282    0.0230143     0.264706     -0.25354   -0.0130034    -0.494002     0.147053    -0.230779    0.0964523   -0.0297298   -0.0288421   -0.0919296    0.0206518    -0.116608   -0.0450616    0.0336034    -0.218599    -0.155905    0.0651193    -0.135675    -0.171497   -0.0189991     -0.15913    -0.189371   -0.0327103    -0.139781
  -0.0118411    0.0506717   -0.0113774    0.0484971      0.16451    0.0438718   -0.0753178    0.0536578   -0.0108411     0.304844    0.0828335     0.142922   -0.0651245   -0.0148892     0.148192    0.0725525     0.197634    0.0615066     0.182133   -0.0249105     0.224298    -0.104101    -0.203496   -0.0297448    0.0576225     0.406222   -0.0870861    0.0937805    -0.089927    0.0488513     0.262124    0.0124218
   0.0244546    0.0311922   0.00856272     0.214569     0.272686   -0.0529619     0.189124   -0.0495216     0.107444     0.124173    0.0188269   -0.0815289     0.250315    0.0148012     0.152062    -0.102951     0.126047      0.19141    0.0563823  -0.00591164        0.261     0.181187     0.262855     0.338707     0.165669    0.0890857     0.272726    -0.048491     0.073752    0.0019541    0.0858356    0.0423215
     0.36377   -0.0592308     0.142397     0.182996    0.0204056    -0.046158    -0.058072    -0.370788     0.238394   -0.0823797     0.211481     0.226656     0.145808    -0.107278    -0.217403     0.133623    0.0731791    0.0785633   -0.0358289    -0.181189    -0.260019      0.23765     0.329734    -0.185012    0.0931524     0.263289    0.0250677    0.0864067     0.308391    0.0497287   -0.0395105   -0.0488084
  0.00184204    0.0630963    -0.150689    -0.258868    0.0738945     0.118086     0.240628    0.0452976    -0.112755    0.0221424    -0.121263   -0.0918747     0.224847    -0.250091   -0.0190676     0.188706    0.0934287     0.102836    -0.073929     0.394873    -0.107541   -0.0745458    -0.056473   -0.0418849     0.270588    -0.187871    -0.242039    0.0968054   -0.0488019    0.0210438     0.178821     0.149828
    0.187358   -0.0336736     0.143795     0.119198     0.231317    0.0465965    -0.331494   -0.0747946    0.0293634    0.0974979    0.0167482      0.24278     0.147916     0.188348     0.103978  -0.00884782    -0.183155    -0.102088    -0.373546    -0.134633   -0.0599895     0.026566     0.485797   -0.0395532     0.332526   -0.0352033     0.222186     0.320055    -0.155188   -0.0209031     0.275065   -0.0540201
  -0.0648538    -0.343923      0.05669    0.0611665    0.0711292     0.338932     -0.10463   -0.0623975    -0.105823   -0.0725317    0.0885363     0.137013     -0.30435    -0.171612    0.0370132    0.0670379     0.204263    0.0525845     0.122092    -0.331231    -0.159975    -0.398592    -0.253337    -0.106499     0.115334   -0.0418303   -0.0472974     0.237531    -0.145989    0.0497759      0.11497    0.0944102
    0.353237   -0.0765505    -0.255212   -0.0547182    -0.130568  -0.00544019   -0.0931751     0.194103    -0.177834     0.274418    0.0343831     0.106942   -0.0271135    0.0181309    -0.268012    0.0806164   -0.0874173    -0.162299    0.0327261    -0.109587    -0.174489   -0.0886162      0.21215    -0.419002    -0.197224    -0.332301   -0.0277105    -0.102518     0.299119    0.0601038     0.127983    -0.166264
  -0.0477459    0.0276522   -0.0439853    0.0748646     0.122752     0.161248  -0.00751104   -0.0157854     0.212629    -0.301188    0.0689991    -0.204209    0.0693929   -0.0401687    -0.290991     -0.13597     0.195343    -0.204003    -0.154122   -0.0552442    0.0885584    -0.325127    -0.281666    0.0792426   -0.0792893   0.00506674   -0.0802883     0.180807    0.0917828    0.0657002    -0.161757     0.276826
    -0.22603    -0.275299    0.0960166     0.100008   -0.0451433     0.198864    0.0347515  0.000307404     0.147485     0.132039    -0.085771     0.265203    -0.194661    -0.287648   -0.0833646    -0.262694   -0.0528951     0.172781     0.854423    -0.412292    -0.376173    -0.182301   -0.0339265    -0.105048     0.111173    -0.147331    0.0450432    0.0448407    -0.178735    0.0664805    -0.310425     0.123783
  -0.0152898     0.113127    0.0354058     0.121293    -0.156178    -0.160829   -0.0407272   -0.0186727     -0.47869    0.0330742    -0.134265    0.0642469     0.181553     0.132016     0.234362   -0.0502773    -0.180192    -0.124773    -0.501445     0.114211    -0.163668     0.211497    -0.186744     0.251931   -0.0442525   -0.0541149     0.179407     -0.14879     0.170662     0.169195     0.317651    -0.197382
   -0.241997     0.295194     0.364406   0.00348421     0.169372    0.0874733      0.11169    -0.115524     0.105658     0.283037   -0.0133579     0.196119    0.0341981   -0.0475482     0.311774   -0.0794764    0.0969471      0.27403    -0.258518    -0.211736   -0.0886477    0.0231722     0.557623     0.186176     0.113738      0.38734     0.416153    0.0496356     0.280068     0.104228     0.230997    -0.153346
    0.153547     0.166699   -0.0858589     0.274387     0.181325    -0.412798   -0.0630473    -0.220396    -0.106723   -0.0421165    0.0610548     0.184241     0.366166     0.103419    -0.085851    -0.170104   -0.0459915    0.0788431    -0.217007    -0.100174    0.0425581      0.36148     0.284107    -0.330315      0.32035   -0.0060714    -0.262276    0.0706668     0.164957   -0.0223519    0.0458174    -0.406765
    0.278678     0.179566    -0.135856     0.141111     0.156222    0.0943855     0.245044     0.257004    0.0315851    0.0303799     0.164375     0.123077   -0.0842851      0.16922    -0.186069   -0.0743046    -0.156201     0.108924    -0.524757     0.169923  -0.00182531     0.309602     0.371058    0.0309983     0.186446   -0.0667159     0.278757     0.338453     0.211455     0.204816     0.208608    -0.226353
  -0.0501941     0.085869    0.0878253     0.164028     -0.11027     0.233937   -0.0491276    -0.109603    0.0292491     0.149998    -0.188673      0.13218     -0.21522    -0.220146    0.0462596    0.0216885     0.118144   -0.0626081      0.48464    -0.152578   -0.0779719    0.0199375   -0.0763749    0.0649101    -0.280884    -0.170996    -0.238839    -0.129939    -0.252401    -0.173217     0.171315   -0.0173882
   0.0442033    -0.355174   -0.0681051    0.0818364    0.0522923   -0.0871767    -0.135288    -0.131978     0.216196    -0.182766   0.00308682    -0.337311      -0.1554   -0.0135844   -0.0541901    0.0397298    -0.133048    -0.153148     0.284273   -0.0851122     0.143205    -0.138649    -0.160446    0.0263865    -0.147334    0.0622934   -0.0693136     0.244936   -0.0902303    -0.131731    0.0472877    -0.142186
  -0.0533064      0.19472     0.170841     0.166736     0.103573     0.363893     0.160458      0.21817    -0.486194    -0.114938    -0.235943    0.0655628   -0.0566962   -0.0897755    -0.098749    0.0351413     0.191513      0.18064    -0.876517     0.225745    -0.084062    -0.143087     0.045642     0.109917     0.144974    0.0327903     0.216283    0.0145376     0.209964  -0.00229005   -0.0190318    -0.118844
   -0.136965    -0.165109     0.311909    0.0898818    -0.261374     0.171975     0.113077     0.221902    0.0228341    0.0235774    -0.211554       0.1332    -0.093334     0.170783   -0.0734933     0.189292    -0.040569    -0.138023   -0.0560262    -0.132823    -0.119916    -0.243628    0.0561031     0.342092    0.0458696    -0.106328  -0.00628123     0.158858    0.0816302     0.170177     0.315866    0.0328384
   -0.164573     0.199464    -0.285548   -0.0204432    -0.268293    -0.244791    -0.100866    0.0508068     0.356541    0.0251977   -0.0145661     0.088074    0.0542452    -0.117775     0.546491    -0.353827    0.0465031      0.11859     0.627902    -0.150567    -0.366842     0.448052   -0.0176417   -0.0142603     0.105898     0.151254    -0.239723     0.131995      0.28015   0.00673658     0.258111    0.0897233
  -0.0444026   -0.0489323   -0.0578669    -0.177319    -0.135472   -0.0329584     0.288004    -0.219549    -0.167342     0.228052     0.154317    -0.172502    0.0267496    0.0354479     0.248207    -0.339106   -0.0917872    -0.125674    -0.284183    -0.117229    -0.258212     0.261032   -0.0337275    0.0657256    0.0176591   0.00560947     0.114501    0.0660588    -0.189641   0.00582589    -0.119762      0.40599
   0.0719926      0.15359   -0.0875831    -0.232849    -0.141386     0.277505     0.186266    -0.280096    -0.039633  -0.00951858    -0.100587     0.175363   -0.0952179     0.131672    0.0871184   -0.0269851    0.0791372    -0.189154     0.112451    -0.086936     0.156662    -0.200382     0.218686    0.0236815  -0.00321288     0.115235   -0.0837693    -0.151069    -0.168588      -0.0469    -0.034214    -0.231605
   0.0844236   0.00257214     0.210135     0.169448    0.0706692     0.250606     0.499953   -0.0343206   -0.0828946    -0.181814     0.036811    -0.223103    -0.156415      0.17972   -0.0081513    0.0555539     0.119571    -0.251944    -0.224571    0.0342701     0.171493    0.0745865   -0.0529244     0.375001     0.157276   -0.0742605    -0.316414     0.252903   -0.0324638    0.0738023    0.0933664    -0.360085
    -0.09409   -0.0464526    -0.077063    -0.266941    0.0447153     0.182987   -0.0513363     0.171553     0.210493    -0.147598    -0.115148   -0.0392995   -0.0320093    -0.147891    0.0334977   -0.0265686     0.114341    -0.155649     0.283378    -0.165252    0.0498248    -0.159856    -0.281066    0.0761231   -0.0340646     0.113025   -0.0395845    0.0605827    -0.192407   -0.0977107    -0.110836    0.0443102
   -0.402604    -0.175479     0.249503     -0.28033   -0.0204559     0.360888     0.116918  -0.00202478   -0.0420454    0.0219715     0.126238    -0.150201    -0.398085    -0.258116     0.353878     0.232142    0.0468995     0.109568   -0.0464335  -0.00317287     0.301391   -0.0147625    -0.804168     0.235571    -0.057072    0.0996072     0.112946   -0.0851125    -0.106282     0.178621    -0.516797     0.261618
  -0.0626969       0.2352   -0.0390641      0.19122   -0.0230062    -0.143492    0.0331034    -0.205372    -0.354946     0.102289   -0.0139856    0.0789518     0.239844     -0.26912     0.240385   0.00672354    -0.243546    -0.115808   -0.0983315   -0.0270334    -0.305965     0.158952    0.0907511     0.025898     0.176689     0.110289    -0.349698      0.22655    -0.110933    0.0222668    0.0092657   -0.0429043
   0.0285496     0.222553    -0.079906     0.107042    0.0322306    -0.193632     0.164954   -0.0841354     0.123704     0.198366     0.121283  -0.00660882     0.372094   -0.0675373     0.225398     0.242626    -0.216053   -0.0624327    -0.156644     0.149154     0.106477   -0.0856765     0.103712    -0.312052     0.380478    -0.150444     0.109234     0.171495     0.102085  -0.00531117    -0.142094    0.0983616
    0.111582   -0.0370475     0.474791     0.295882     0.184652     0.217774     0.291285    0.0305697    -0.222306   0.00037304    0.0421405     0.098848     0.269482     0.228436  -0.00957726    0.0220824    -0.109375    -0.198264    -0.475961    0.0690561     0.189545    0.0319461   0.00101192     0.476809     0.167993    0.0256017     0.100268    -0.131951     0.118934    0.0293131    0.0612559     0.159892
   0.0937757     0.208719    -0.194516    0.0737507     0.235103    -0.113032   0.00549495     0.273839    -0.270603    -0.121271    -0.125186    -0.134982    0.0808783     0.296516    -0.242064   -0.0444568     0.293096     0.275476   -0.0259103     0.137466     0.186371     0.133722     0.156108     0.260946    -0.216441    -0.101521    -0.216291    -0.315721      0.21402    0.0478381    0.0723072   -0.0661165
  -0.0478059    -0.100268    0.0431086     0.119517    -0.088885     0.110554    -0.133924    -0.156459     -0.22096     0.322114     0.106623   -0.0588766     0.209665     0.209443   -0.0778225   -0.0307433     0.110214     -0.24954    -0.147059    -0.100223    -0.161404    -0.145781     0.236493    -0.391427    -0.230448    -0.130207    -0.392881    0.0195446     0.033187   0.00641835   -0.0865551    0.0721935
    0.169144     0.131917    -0.154358     0.132175     0.109163    -0.197701     0.250553    0.0452277     0.067931    0.0505893     0.103927     0.323664      -0.0544     0.252577     0.135848    0.0771955   -0.0864987    -0.169452     0.153255    0.0889955    -0.219787    0.0637287    0.0805436    -0.247803    0.0631648    -0.163816    -0.302102   -0.0282599    0.0221429     0.100465   -0.0389395     0.197006
    0.214313    -0.151213     0.117405     0.104881     0.180134     0.150126     0.125403   -0.0997678    -0.306422     0.452883    0.0654968     0.209233   -0.0188812     0.193483     0.167607     0.157641     0.052828    -0.254841    -0.359589   0.00803279    -0.207816      0.37573     0.138578    -0.055251     0.110412    0.0681796      0.12692    0.0317111    -0.248884   -0.0300911      0.27569  0.000126071
   0.0500036     0.200574   -0.0654143 -0.000375708     0.138902   -0.0354512    -0.121019    0.0968394    0.0497185     0.127992    0.0282571     -0.29547     0.496279     0.116802    0.0621054     0.112896    -0.200235   -0.0358185    -0.266522     0.207936    -0.422808     0.159094   -0.0487127   -0.0413831     0.351065    -0.103521     -0.13408    -0.054396     0.199784      0.16688    0.0317499    -0.277599
   0.0086876     0.177967    0.0377545     0.122651     0.164064     0.396011     0.269303     0.327435    -0.364507  -0.00336103    -0.128332    0.0315026     0.108924     0.284329     0.178433   0.00558405   -0.0115215     0.161558    -0.271976    -0.124559     0.328829    -0.277971     0.198673      0.18427    0.0228897       0.4318   -0.0996897     0.251414    -0.228149     0.109235    0.0434143    -0.146845
    0.105299     0.109504    0.0692811    0.0362365   -0.0316113    -0.255766    -0.140011   -0.0967431     0.330417    -0.101441    -0.215767   -0.0777016    -0.088469    -0.146642   -0.0463499   -0.0806471      -0.1217    0.0638979     0.112672   -0.0433527   -0.0942841     0.162459    -0.224148     0.165685   -0.0849699   0.00873627   -0.0397296    -0.242668    -0.199393    -0.013148  -0.00532518     0.225216
   0.0400192    -0.203612    -0.356616    0.0206311    0.0898785    -0.278624     0.235684    0.0477625     0.222059     -0.17628    0.0928283    0.0462829     0.221557   -0.0440957   -0.0744039     0.200572   -0.0484657    -0.199656    -0.323094    -0.177251     0.275638    0.0250876    -0.166548     0.263267     0.149918   -0.0779636    0.0943365  -0.00160439    0.0673573    0.0594621     0.100335    -0.116435
  -0.0386907      0.02549   -0.0108882       0.2348  -0.00251889     0.131135   -0.0185138     0.303293    0.0206391     0.181086   -0.0327056    -0.129604    -0.018977   0.00967986    -0.147791     0.073304   -0.0384318     0.108467   -0.0628015    -0.357173     0.101281    0.0786976    0.0564535   -0.0211514     -0.13002     0.252547   -0.0131319     0.117998     0.181691    -0.371661     0.104309     0.167971
    0.132767    -0.103643     0.573024      0.18715    -0.143772    -0.160749     0.243713    0.0661158     -0.17252      0.25627     0.011801     0.305332     0.134106     0.166902    0.0142902    0.0308973   -0.0154824     0.155198    -0.351865    -0.193523    -0.126974     0.289677     0.201311   -0.0132518   -0.0233444     0.110493     0.436229   -0.0287689     0.440584     0.135364     0.183631    -0.307279
  -0.0948958    -0.124941   -0.0581076     0.163541    0.0546689    0.0833221     0.134713    0.0311225    0.0946256     0.448985   -0.0156472     0.301266    -0.191746    0.0886076    -0.118512    -0.157194     0.367888   -0.0250541     0.271279   -0.0188092  -0.00189213    0.0827279    0.0810862     0.118853     0.033328     0.238079    0.0192122    0.0564012    -0.137081     0.109598   -0.0295836    0.0661657
   0.0684144     -0.42847    -0.382566   0.00380523   -0.0310087   -0.0821633  -0.00192434    0.0526625    -0.101493    -0.223898    -0.109704    0.0147715   -0.0386325  -0.00954615    -0.142533    -0.124148    -0.074181    0.0379119    -0.374115    0.0477811     0.108595    -0.149803    -0.240374     0.177595     0.125044    -0.126525    -0.289909     0.142864     0.129436   -0.0178259     0.047771     0.346085
  -0.0968553    -0.187537    0.0933828     0.158268     0.269417   -0.0522511   -0.0600136     0.159178    -0.166771   -0.0424911      0.20591     -0.20482    0.0188448     0.265092    -0.119952    0.0140184    0.0901005     -0.35556    -0.100546  -0.00850586    -0.207745    0.0348624     0.140439    -0.163773    -0.176357     0.387117   -0.0469425     0.267941      0.17179     0.130236     0.391799     -0.22969
  -0.0377433    -0.130413     0.371086     0.104858    0.0619917    0.0782243     0.219339     0.198444    -0.175319     0.258751      0.16403    -0.152173    -0.243763    -0.178175  -0.00802472   -0.0783257   -0.0120072    -0.168219   -0.0326953     0.143873   -0.0318382    0.0558829   -0.0804767    -0.143038   -0.0224413    -0.182099    -0.111899     0.109944    -0.034868      0.14283   -0.0284445    -0.153584
    0.117535   -0.0229691    -0.219628    -0.244946    -0.391296    0.0363228    0.0284732    -0.307399   -0.0189649    -0.280376    -0.212539    -0.424504    0.0511695    0.0448838     0.153021      0.55088    -0.105008     0.287628    -0.084354    -0.151431   -0.0102765     0.221002    -0.437428     0.197271     0.153409    -0.208785    -0.115236   -0.0131858     -0.15546     0.195292    -0.148936     0.368256
  -0.0551693     0.046427      0.10843     0.123205    -0.146956     0.108271     0.154986   -0.0229821    -0.215663     0.169722  -0.00248549    0.0506975     0.115322     0.118772   -0.0981525    -0.188736    -0.152487   0.00357795    -0.361284   0.00952033   -0.0784215    0.0465031    -0.109612    0.0757606     0.279848     0.204361     0.107731    -0.109111     0.172836     0.145002   -0.0718221  -0.00529227
    -0.10233     -0.08935     0.328755   -0.0412951    0.0449921    -0.014252   -0.0903437    0.0522672    -0.293562     0.451535    0.0060738    -0.382743    -0.181575     0.325379     0.157635     0.198088    -0.157549   -0.0804412     -0.38493     0.278384   -0.0400632    0.0750314     -0.16846    0.0555441    0.0512702     0.169642   -0.0346339    -0.381401     0.113003   -0.0246403    -0.147851    0.0647695
  -0.0956416    0.0453686     -0.03947    -0.189611    0.0314798   -0.0403667     0.230912     0.242165   -0.0703706    0.0121424    -0.116654     0.181688     0.138599     0.153433   -0.0160256     0.246458    0.0529119     0.146531   -0.0968006   -0.0104149   -0.0365566   -0.0331212   -0.0451397     0.246558   -0.0275145   -0.0910518   -0.0206659   -0.0705309    -0.233231     0.212914     0.032213    0.0168721
    0.112858   -0.0280536    0.0584048    0.0125623    -0.328333     0.120589    -0.178288     0.201989   -0.0367012     0.157239      0.22503     0.226978   -0.0186606     0.221935    -0.117016    0.0279046     0.030937     0.155953     0.164133     0.181568    -0.115345    -0.210006     0.323331    -0.128737    -0.184843     0.339786    -0.153536   -0.0505728    -0.146582    -0.386003     0.108974     0.023888
    0.169338     0.162923      0.23806    -0.219813   0.00621968     0.259994    -0.205113     0.107832    -0.185269   -0.0298711   -0.0920541    -0.148521    0.0819632   -0.0416403   -0.0139422     0.109848     -0.22837     0.383193    -0.150606     0.120877    -0.195377   -0.0303564     0.242594    -0.158914     0.177553     0.159337    -0.310195    -0.113782 -5.63249e-06   -0.0121075   -0.0392851     0.446329
