   -0.37088
  0.0472489
  -0.048587
 -0.0640307
   -0.26813
   0.583232
  -0.188413
  0.0656658
   0.132657
  -0.303961
   0.050898
   0.231172
  0.0312208
  0.0159412
   -0.31262
  0.0264972
 -0.0875905
  -0.160664
  -0.192312
   0.218798
  -0.176346
  -0.122721
  -0.143935
   0.439662
 -0.0639176
-0.00996699
  -0.119991
-0.00180752
   0.247641
   0.336808
  -0.260335
   0.433508
    0.27912
  -0.211141
   0.148111
  -0.116557
 -0.0423852
  -0.154161
-0.00948414
  -0.146713
  -0.524206
  0.0248452
  -0.102127
 -0.0694927
 -0.0944113
  0.0215329
   0.359654
  -0.010883
   0.292894
  -0.145664
  0.0694391
   0.164121
  -0.349522
  0.0258385
  -0.341621
   0.144978
  -0.259397
  -0.185604
 -0.0446523
 -0.0461033
  0.0524372
  -0.413507
  -0.381165
   0.111038
 -0.0218292
   0.328289
   0.204546
 -0.0819016
  -0.116932
-0.00352511
-0.00730148
  -0.367156
  -0.286174
  -0.361413
  0.0715491
  0.0379636
   0.348392
   0.161052
   -0.21583
    0.12842
   0.291993
   0.135301
   0.434335
  -0.256399
   -0.12116
 -0.0678157
 -0.0114511
   0.089903
   0.105106
  -0.155267
   0.173588
 -0.0428797
  0.0688491
    0.24765
-0.00820615
   0.216011
  -0.171271
   0.129386
   0.164776
  -0.168174
  -0.349245
  0.0495722
  0.0847614
   0.375033
   0.152379
   0.203779
   0.345171
  0.0422834
   0.118042
 0.00327925
  -0.653871
   0.246458
   0.518219
   0.129887
   0.343054
   0.112765
 -0.0121713
   0.341522
  0.0842746
   0.180383
  -0.161899
   0.440138
   0.213452
    0.23112
 -0.0542688
   0.406043
    -0.2015
  0.0402878
