   0.217589
  0.0733005
 -0.0300511
  0.0543741
  -0.101598
  -0.139471
   -0.13443
   0.182153
  -0.149879
  -0.187611
  0.0522003
  -0.266759
   0.129438
   0.116271
    0.19199
  -0.271074
 -0.0971426
  -0.170044
   0.366939
   0.164716
  -0.214749
  -0.247401
   0.524945
   0.141751
  0.0613863
   0.175767
  0.0360368
  0.0880609
  -0.161966
 -0.0461378
   0.148903
   0.376429
  -0.244841
  0.0538813
   0.368171
  -0.312178
   -0.25273
   0.130987
 -0.0216925
  0.0245848
   0.192172
 -0.0792862
   0.105946
   0.138339
    0.16921
  0.0416838
  0.0346405
   0.131763
 -0.0690309
  -0.178973
   0.384162
-0.00422249
   0.112549
   0.270335
 -0.0198617
 -0.0806995
 -0.0103227
  -0.199287
 -0.0566876
   0.044523
  0.0762354
  -0.355666
  -0.131714
 -0.0843728
   0.235668
  -0.184524
  -0.336558
  0.0299306
    0.14189
   -0.14303
  -0.121892
  -0.240435
  0.0419094
  0.0755096
  -0.254336
   0.148644
   0.171975
   0.122202
   0.130005
 -0.0855234
 0.00436524
   0.221266
  0.0760119
  -0.203463
   0.258532
  -0.110726
  -0.231647
  0.0185085
  -0.131032
 -0.0437164
  -0.078791
 -0.0362486
   0.393267
    0.30961
  -0.118772
   0.104568
    0.14488
  -0.211981
 -0.0666825
  0.0819225
-0.00432347
 -0.0869623
  -0.104717
   0.102589
  -0.193986
 -0.0831325
  -0.174103
  -0.075525
  -0.133748
  -0.100797
  -0.199537
   0.139942
  -0.175414
   0.331258
  -0.352601
 -0.0520323
   0.144027
 0.00270714
   0.149658
 -0.0997755
-0.00188484
   0.187181
   0.152403
   -0.06487
  0.0666942
 -0.0124902
 0.00182285
  -0.124372
