   0.381727
   0.312985
0.000391081
   0.616915
  0.0953826
  -0.359533
 -0.0408227
   0.126716
   0.823321
   0.214043
   0.508109
   0.295378
   0.543082
  0.0549492
   0.485318
   0.305913
   0.314566
   0.454534
   0.680298
   0.373687
   0.562589
   0.390992
 -0.0796698
  0.0807194
   0.653651
   0.352421
   0.904167
  0.0619232
   0.118275
   0.210253
   0.353829
  0.0171189
  0.0638585
   0.428059
   0.471832
   0.256881
   0.677001
   0.367184
   0.193808
   0.264822
   0.494311
  -0.626425
   0.534668
   0.487946
   0.521734
   0.733141
  -0.245577
   0.204163
   0.675825
   0.277033
   0.362715
   0.152173
   0.572118
 -0.0337272
   0.139328
 -0.0539381
   0.709617
  -0.499932
   0.606734
   0.141171
   0.546372
  -0.170965
    1.08593
   0.141495
   0.404386
   0.284002
   0.203397
   0.348856
   0.309822
   0.497066
   0.246833
   0.446495
   0.366387
   0.109456
   0.384779
   0.310642
   0.149291
    0.13545
   0.331841
    1.00236
    0.16524
  0.0124496
  0.0654782
   0.260355
    0.54243
   0.321244
    1.04863
  -0.212449
   0.531977
  0.0675567
   0.326512
   0.761294
   0.180585
   0.756782
   0.371132
  -0.543137
   0.132036
   0.390542
   0.287427
   0.394645
  0.0255394
   0.308835
   0.303393
 0.00558819
   0.488096
  0.0980129
   0.563159
   0.676213
   0.383263
   0.442362
   0.346029
   0.836645
   0.695271
   0.297324
   0.597337
   0.362586
   0.519622
   0.769946
   0.579164
   0.485556
   0.495152
   0.174183
   0.379146
   0.280719
    0.15363
 -0.0554515
 -0.0543153
   0.852968
