     1.5019
  -0.983908
  -0.383973
    1.38796
   0.581816
   0.720067
  -0.361588
   0.659448
   0.226636
   0.115423
   -1.31419
-0.00402544
  -0.493544
  -0.330085
  -0.458252
    1.10082
   0.248135
   0.294041
  -0.518359
  -0.456989
    0.52689
   0.450603
   0.021833
   0.862045
    0.51906
  -0.811106
  -0.334745
    1.06134
   -0.15302
  -0.624263
  -0.190228
  -0.162988
   0.620588
   0.325505
   0.462447
  -0.548857
  -0.469047
   0.503959
   0.820746
   0.801351
  -0.149702
   0.624921
  -0.733051
  0.0472887
   0.422887
    1.68568
    -1.0528
  0.0467436
  -0.073661
  -0.263763
   0.864315
  -0.405678
  -0.401259
  -0.685985
  -0.919843
   0.356775
    1.01021
   0.373039
  -0.177862
   0.431674
  -0.245034
   0.402141
   0.725471
  -0.865992
 -0.0122066
   0.873271
   0.258273
    0.52382
    0.26108
  -0.202831
  -0.218027
 -0.0930868
   -1.10948
  -0.161033
 -0.0572498
   -0.34466
  -0.209494
   0.964829
  0.0116232
  -0.272415
 -0.0291243
   0.084164
  -0.456133
   0.390986
  -0.614866
    0.65352
  0.0834691
  -0.505876
   0.285007
  -0.149309
  -0.562621
  0.0425101
  -0.147281
  -0.951519
  -0.173082
  -0.540644
  -0.226783
  -0.378144
 -0.0300896
   0.806741
   0.285154
   0.513175
   0.128302
   0.093938
  -0.412667
   0.108392
  0.0840132
  -0.413368
 -0.0494225
 -0.0582505
   0.613192
  -0.140857
  0.0946315
  -0.773045
   0.864198
  0.0724766
  -0.478854
  -0.636982
   0.733214
  -0.138485
  -0.239729
   0.967616
   0.551249
  0.0172253
   0.432717
  -0.456868
   -0.60952
  -0.359126
