    0.42137
   0.677464
   0.665062
   0.546999
   0.195664
   0.402399
  -0.389976
 -0.0296574
   0.819642
  -0.403548
    0.27386
   0.705662
    1.02892
  -0.318834
    0.44972
  0.0912862
 -0.0578615
 -0.0176051
  0.0848805
 -0.0658478
  0.0167417
  -0.510506
   0.732483
   0.178303
   0.596728
   0.320886
  -0.533895
  0.0536036
   0.102513
  -0.222227
  0.0289113
   0.446423
  0.0116593
 0.00398973
   0.284877
   0.298374
   0.785034
   0.104714
  0.0206335
     0.1163
   0.224272
  -0.141044
   0.172206
  0.0424151
  -0.119169
    0.30893
   0.139219
  -0.185273
   0.177131
   0.118578
   0.115245
  0.0611137
    1.34388
  0.0847455
   0.385873
   0.167431
   0.639428
   0.337108
   0.290044
 -0.0919109
   0.107106
   0.486277
   0.443667
   0.365082
  0.0968076
   0.124417
   0.040464
   0.252046
   -0.40165
   0.326161
    0.42526
   0.123638
   0.413307
  -0.118029
   0.571682
  -0.194454
    0.51658
   0.253366
   0.304777
  0.0704937
     0.2101
    1.32632
   0.152497
   0.220484
  -0.211446
   0.617141
    0.36795
  0.0306209
  -0.508142
   0.191458
  -0.117779
0.000658611
   0.499315
   0.101094
    0.68496
   0.158067
 -0.0257745
  -0.138686
    0.11123
    0.18869
  -0.142989
  0.0161677
 -0.0342806
   0.202922
   0.367009
 -0.0167185
 -0.0898126
   0.134682
   0.497676
    0.67599
  0.0972891
   0.389102
   0.221696
  0.0573503
   0.486521
 -0.0560787
     0.6252
    0.77645
 -0.0775881
  0.0412334
   0.317243
  -0.159714
  0.0893774
  -0.221215
 -0.0739472
   0.808229
   0.211324
  -0.105265
