   -0.398492    -0.182424   -0.0625778    -0.253522     0.242668     0.362429    0.0319082     0.404999    -0.178004     0.402636    -0.524242   -0.0365694   -0.0839413    -0.131535    -0.313188     -0.35589    0.0911016     0.431116    -0.296733     -0.39107     0.138781     0.348579     0.201354    -0.227886      0.18993     0.238416    0.0297676   -0.0748231   -0.0353185     0.138958    -0.280913     0.106257
   0.0034426    -0.373821     0.127281    0.0629739     0.523624    0.0303048    -0.166304    -0.109571    -0.410334     0.180395    -0.217518   -0.0479929     0.211183    -0.443083    -0.126725    -0.118035    -0.335639    0.0449483    -0.291801     0.161978    -0.444868     0.228794    -0.288738    0.0356188     0.149633   -0.0110412     0.318594     0.173769     0.555064     0.433016   -0.0100412     0.355087
    0.200495    0.0847515   -0.0168038    -0.466835   -0.0786106    -0.164189    -0.241896     0.156492    -0.402205     -0.26407    0.0523526    0.0756214   0.00773972    -0.510566    -0.384607    -0.187437    -0.279722     0.200935    0.0284961     0.352753    -0.163135      0.26469   -0.0166241     0.189583     0.160051     0.137313     0.105545    0.0142865   -0.0156063     0.106786    -0.208703    -0.113559
    0.219009   -0.0685964     0.033757     0.300864   -0.0383636    -0.243505     0.114297     -0.30824   -0.0790451    -0.159765    -0.317392     0.237568   -0.0286559    0.0347174     0.138393     0.177966    -0.154549    -0.184068    0.0855847     0.128927    0.0553707     0.178374     0.097993    -0.230068   -0.0261183     0.349897    -0.192477     0.332628   -0.0412524   -0.0529925     0.145903    0.0935469
  0.00989822    -0.074845     0.321865   -0.0219008     0.197622    -0.174374   -0.0695643     -0.11711     0.388308    0.0742532     -0.26515 -0.000998793     0.292469    -0.258512   0.00782216   -0.0582333    -0.277715     0.261473     0.195553   -0.0598213    -0.126535     0.235958    -0.329867     0.075543     -0.26197    -0.297225      0.12995   -0.0952637   -0.0627795    0.0315349   -0.0856104     0.236294
     0.40434     0.343936    -0.181921    -0.439051     0.179519    -0.156297   -0.0989362    -0.254884     -0.05132   0.00482744     -0.19325     0.127895     0.379782    -0.684857     0.098742   -0.0593397     -0.11061   0.00472014     0.106534    -0.138116    -0.217451     0.275031   0.00318826     0.389194   -0.0920957    -0.577472     0.707182    -0.222841    -0.207086    -0.790118     0.210676     0.325769
  -0.0694816     -0.14237     -0.11944  0.000793118     0.122553  -0.00304192     -0.13495    -0.165508     0.160833     0.147713    -0.115061    -0.055213     0.085663     0.153463    0.0594614     0.132637      0.12862    -0.284559      0.10126    -0.253408   -0.0385381     0.182832   -0.0573975     0.104468   -0.0045623     0.117605      0.18351     0.212382   -0.0953952  -0.00513857   -0.0628136    -0.134548
   0.0462323    0.0352857     0.322477   -0.0779517    -0.604853     0.206468 -0.000514937  -0.00163882   0.00903458     0.439085    0.0544153     0.131327    -0.036956    -0.210797   -0.0387973    -0.676601     0.429984   0.00790168     0.267976     0.301952     0.198304     0.471462    0.0053824   -0.0706286   -0.0980557    0.0406778     0.375199    0.0727442   -0.0484968    0.0283613    -0.192989   -0.0805719
    0.313587   -0.0833867   0.00867082    -0.151585    -0.240442     0.351612     -0.28044     0.322093   -0.0250219      0.33596   -0.0290685  6.51896e-05    -0.175882    -0.349647     0.456269      -0.1485     0.194249    -0.325678      0.22013     0.265144     0.193659     0.376514    0.0437688    -0.113999    0.0127899     0.431356    -0.255278     0.157594    -0.209315   0.00275272    0.0384598   -0.0978098
   0.0477847    -0.198295    -0.318244    -0.152632     0.123136     0.109611    -0.161619   -0.0756553    0.0060423    -0.282187    0.0933732    -0.105782     0.115115     0.177904     0.185765     0.177315    -0.351641     0.147895  -0.00565694    -0.125807    -0.275899    -0.213368  -0.00814536     0.133863   -0.0396386   -0.0691984    -0.194595    0.0391919    -0.274218   -0.0973966    -0.148316    -0.264661
   -0.114779    -0.349395    -0.149585     -1.29368     0.496629    -0.810913    -0.280028     0.391349    -0.430098     0.442078     -1.00889    -0.517518     0.814813    -0.989742    -0.179929    0.0479285   0.00288097  -0.00283749     0.199444    -0.341712    -0.469733     0.954552    -0.445258   -0.0581747     0.290174    0.0558155      0.75706    -0.327316     0.428879     0.540248     0.616348     0.343331
  -0.0436289     0.177219     0.143674   -0.0291123     0.473483    -0.018924     0.241226   -0.0776641    -0.346928    -0.130058   -0.0865798     0.136864    0.0174056    -0.262314   -0.0876492    -0.110956    -0.101683    -0.209425    0.0570378    -0.129153   -0.0927288   -0.0646848    0.0341033     0.108104     0.195757    0.0788377   -0.0541995     -0.41667    -0.114758   0.00856177     0.325709   -0.0358306
    0.267016    -0.278802     0.102518    -0.303382     0.284565    -0.275118   -0.0866344    -0.355369     0.121473    -0.207473    -0.136643   -0.0357799    -0.248314    -0.451404    -0.171423     0.188439    -0.144951    -0.209234    0.0750019     0.161852    -0.161002     0.198544    -0.471403    0.0967081    0.0544515     0.286333   -0.0219624     0.101996    -0.592281     0.450559     0.164425   -0.0243503
     0.31205   -0.0433995     0.318687     0.205965   -0.0844434    0.0780803    -0.117122  -0.00649343    -0.234158   -0.0177056     0.128347     0.202518     0.176756    -0.158853    0.0790962     0.164023   -0.0991909     0.126917    -0.189331     0.104308    -0.156555      0.11285    -0.280039     0.131368   -0.0190891    -0.219005   -0.0442701     -0.23254     0.152513     -0.05742    -0.023419    -0.134062
   0.0521592    -0.129523     0.212974   -0.0704319    -0.412151    -0.219918   -0.0897409     0.337566     0.363423    -0.339113    -0.388378    -0.389951    0.0011745    -0.096762     0.142543     0.193175     0.671595    -0.159257  -0.00706421    -0.163947 -3.52194e-05     0.192492   -0.0360721     0.293632   -0.0659924  -0.00799028  -0.00953221     0.119026    -0.309578     0.282665   0.00617732    -0.122288
   -0.256913    -0.114882    -0.142243    -0.520465     0.124993    -0.121486   -0.0079201   -0.0165813    -0.198827    -0.542856     0.343342    -0.456907   -0.0924241     -0.10307  -0.00799526   -0.0240851     0.347743    0.0935077     0.540302    0.0647193    0.0261514    -0.220008     0.284989     0.301958    0.0398157     0.217845      0.14386    -0.432839    -0.364257    -0.168124     0.193232   -0.0336996
 -0.00062724    -0.173569   -0.0977738    -0.150345    -0.110442    -0.152798      0.24414     0.491107     -0.59169    0.0567584     -0.46094    -0.286979     0.262758     -0.14284     0.315267    -0.167334    -0.281086     -0.24722     0.163457     0.308998     0.250148    0.0243329    0.0112464      0.18025   0.00258752     0.103071    -0.234304   0.00131629    -0.177072   -0.0202399     0.062153     0.353347
   -0.150929   -0.0761818     -0.25345    0.0734306    0.0881166    0.0677954      0.15936    -0.249298     0.208526    -0.159546    -0.125123     0.135145     0.180274     -0.36188    -0.429069   -0.0840029     0.350243     0.242675    0.0547537    0.0115286    -0.295252    -0.144768     -0.16811    0.0807639     0.345083   -0.0203254   -0.0863326    0.0333016    -0.161629     0.294587   -0.0147982    0.0771795
    0.196954    -0.220907   -0.0223714    0.0909192    0.0409595   -0.0126558     0.121678     0.455041    0.0247584     0.411906    -0.253481    -0.239706     0.068614     -0.18099   -0.0487123  -0.00344432    -0.302291    -0.168156    0.0855222    -0.244383    0.0961202    0.0835758     0.031592     0.113804    0.0335151    -0.403457    -0.132364    0.0693621     0.150485  -0.00965189 -0.000304708      0.22473
   -0.210458    -0.147032     0.308155   -0.0858665   -0.0464399    0.0357601     0.525583   -0.0316518     0.418945    -0.193814    -0.103343    -0.247496   -0.0633922     0.156919    0.0165206     0.308816     0.299706    -0.215819 -0.000579491   -0.0277397   -0.0976716      0.15896   -0.0554804    0.0317028   -0.0827641    -0.043162     0.166453    -0.155219    -0.395022    -0.138012      0.43769    0.0570525
  -0.0659513       -0.187     0.282015    -0.132199    -0.220915     -0.04513     0.415377     0.202167   -0.0343248    -0.473897     0.172598    -0.342608    -0.316243    0.0959226    -0.187126      0.46446    0.0997924    -0.243594     0.590638     0.235077      0.22964    -0.243157     0.156144     0.169445   -0.0229954   -0.0318099    -0.182325    -0.254713   -0.0815739     0.274572     0.163416     0.191266
   0.0313897   -0.0438137     0.383062    -0.338122     0.228297   -0.0519997   -0.0443948   -0.0108885      0.27104   -0.0147731    -0.357045    0.0358388   -0.0693192    -0.236518      0.13933    -0.219401    -0.243688  -0.00929228    0.0730207    -0.135528   -0.0578807     0.270628 -0.000300378   -0.0834567    -0.244962     0.444248   -0.0796645    0.0852061    -0.132492     0.372703     0.082934    0.0756371
   -0.104127    -0.263046    -0.113726     0.028865     0.132733      0.13235     0.036296    0.0828801     0.162225    0.0193596    0.0355549    0.0492302    0.0378995   -0.0745027    -0.246868     0.122784     0.412413      0.33798    -0.151797   -0.0661068    -0.426846   -0.0928823     0.118057     0.190287     0.110195    -0.194627     0.353934    0.0510713   -0.0991561     0.150053    -0.449265   -0.0844488
    0.122652    -0.134864    0.0547223     0.154213     0.302892   -0.0363649     0.217681   0.00287704    0.0375177    -0.138207    -0.217318     0.102999     0.161081     0.206167      0.20602     -0.18333    -0.190426     0.376219     0.188116    -0.204665    -0.305844    -0.152984     0.164559    -0.086952      -0.1744    -0.349629   -0.0757586   -0.0516835    0.0298239    0.0859052   -0.0358625   -0.0079611
    0.135869    -0.429689    0.0567654    -0.383786    -0.219738    -0.182246    -0.374584     0.198222     0.405167    -0.255711    -0.196835     -0.11931    0.0434268    -0.314484    -0.359199     0.280862     0.153977    -0.152926   -0.0850468    -0.179428     0.187541   -0.0854404   -0.0789505    0.0936784     0.360974    -0.538928     0.118397    -0.201556   -0.0525379    -0.145152     0.194653   0.00405196
    0.255633     0.191384    0.0584588   -0.0834565   -0.0515962    0.0489874    -0.285313     0.201248    -0.118016   -0.0226372    -0.203326     0.209265   -0.0914384   -0.0437423   0.00468534    0.0144399    -0.205479    0.0175495    0.0454141    -0.106781    -0.242569    -0.310883    -0.211318    -0.214907    -0.392664    -0.204057    -0.260813   -0.0749095     -0.15781      0.11235     0.313877    0.0979908
  -0.0325044    -0.745775     0.154775     0.291362   -0.0743012   -0.0757569     0.463056     0.112735     0.203768     0.353987   -0.0498502    0.0335795     0.133529     -0.11527     0.133597    -0.120048    0.0246852    -0.230934     0.137955     0.202705     0.409324 -0.000897227    -0.437024    -0.406447     0.234454    -0.121497     0.121125    0.0542208    -0.192207     0.196481   -0.0192652     0.212531
     0.34925   -0.0804999   -0.0904173     0.146005    -0.100748    -0.329974   0.00101951   -0.0391556     0.128088   -0.0702092     0.378948     0.144592     0.120321    -0.225793   -0.0112489   0.00364444   -0.0273234    0.0740074     0.473527    0.0574072     -0.12631    0.0195319    0.0319584   -0.0616406    -0.524042     0.374428    -0.368476    0.0620652     0.373148   -0.0433522    -0.124622     -0.06906
   0.0932139  -0.00142948     0.066423   -0.0999615     0.210495    0.0147622     0.123081  -0.00261639   -0.0628519     0.512123     0.117068    -0.331937    -0.112449   -0.0444096     0.139197    -0.358573    -0.336173     0.266744    -0.123649    0.0983121     0.267703     0.493469    -0.109873     0.247372     0.208624    0.0886348    0.0503553     0.213507   -0.0501522    -0.229153     0.163617    0.0702975
    0.247952    -0.297076     0.187264   -0.0330141    -0.145799   -0.0614396    -0.390855     0.302895   -0.0827787     0.448402    -0.149282    -0.119441     0.182322    -0.368496    0.0718529    -0.537908    0.0149266    -0.133342    0.0307109    0.0750596    0.0744042     0.215398    -0.121258   -0.0265796     0.236169    -0.217108   -0.0796402    0.0312872    -0.401022   -0.0269162   -0.0632074   -0.0778274
  -0.0791723     -0.29568   -0.0149224    -0.037398    0.0979625      0.28062   -0.0494292    -0.318167   -0.0166668   -0.0618366     0.198356     0.089916    -0.187262    -0.137411    -0.259824     -0.37416    0.0826343    -0.328531    -0.481894    -0.174472    0.0153538   -0.0102513     0.134522     0.328375     0.168617     0.138108   -0.0662312   -0.0372764    0.0914445    -0.327001  -0.00920103    -0.120263
   0.0784547     -0.35555     0.155717    -0.112671    0.0630878     0.140882   -0.0686404    -0.046181    -0.011744    -0.121426    -0.168394    0.0877224    0.0141574     -0.25688    -0.175151   -0.0830213    0.0786607    0.0921984    -0.186695   -0.0258734    0.0436085    0.0154274    -0.142534    -0.223467    0.0224812  -0.00535703     0.335959    0.0961556     0.221825     0.299402   -0.0353595     0.386524
   -0.353962    0.0366944     0.322202   -0.0437719    -0.121393    -0.116577   -0.0239745    -0.146241     0.383958    -0.202165   -0.0537371    -0.214123     0.019453     0.133801    0.0679645     0.152874     0.127117   0.00675546    0.0114009    -0.143194   -0.0721875    -0.314413     0.207882    0.0202223    -0.151468     0.100183    0.0830077    -0.259044     0.165666    -0.095014    -0.102162     0.270058
  -0.0655091     0.235431      0.17758    -0.246506    -0.127942     0.162795     0.038764    0.0685218    0.0248569   -0.0551636   -0.0618773   -0.0739414    -0.210055    -0.131924    -0.184782     0.181527     0.718855     -0.30356    -0.102581    -0.270339    -0.161837    0.0949478     -0.13044     0.161924    0.0265035    -0.162834    0.0192237     -0.24488    -0.156916     0.293449     0.218232     0.338641
     0.14695    -0.159197    -0.130963     0.150481    -0.199841    -0.326344     0.107215    -0.325144   -0.0741889    -0.210415    0.0276798    -0.123413    -0.218463     0.197044   -0.0303166    -0.157599   -0.0871867    0.0190355     -0.14854    -0.361818    -0.448992   -0.0801763      0.26565    -0.146076    -0.417912     0.102257      0.36883     0.225936     0.466499     0.018107    -0.190286     0.103223
   0.0198734     -0.48202      0.14383    -0.344317    -0.280197    0.0628661     0.456798    -0.444887   -0.0324129    -0.316642   -0.0631322    -0.206464    -0.326598    -0.102266     0.209941     0.190045     0.285273   -0.0833607    -0.265562    -0.312843    -0.096918    -0.214084    -0.323978     0.511914     0.021226   -0.0608257     -0.34767   -0.0281677     0.010918     0.197145   -0.0436114     -0.12585
    0.409471   -0.0849356   -0.0943079     0.384823    -0.304735    -0.268898     0.234901     -0.24518     0.454969     0.402485   -0.0660855    -0.170361    0.0513626      0.42236    0.0718171    -0.126824   -0.0548656    -0.286571     -0.10722     0.360546   -0.0477096     0.336029   -0.0759182    0.0987913     0.239544     0.174038     -0.36109   -0.0453339     0.179635     0.196988    0.0829965    -0.296222
     0.19987  -0.00302763    -0.130177     0.290079     0.238294  -0.00102363  -0.00419955     0.125934    -0.119264      -0.1643    -0.137964    -0.279068   -0.0577083   -0.0421786     0.161662     0.126285    0.0597645    -0.134097     0.587913   -0.0493664     0.165198    0.0910055   -0.0324041    0.0111166    0.0205897     0.228641    0.0433567   -0.0636454    0.0220902    -0.143347    0.0845422    0.0593933
     0.59321    -0.134288     0.817883    -0.345799    -0.621601    -0.157579    -0.229992     0.584155    -0.104277    0.0948405    -0.457635    -0.189188     0.229491    -0.773703    -0.303691   -0.0955766      0.81929     0.372263    -0.118041   -0.0743614     0.412802     0.491521    -0.116958     0.123738     0.100536    -0.739259     0.479285    -0.155556    0.0116256     0.513674      0.15746     0.314296
   0.0742979     -0.15542    -0.353244     -0.34743     0.218118   -0.0659346    0.0180409    0.0692322    -0.123421    -0.218415    -0.367537   -0.0834005     0.194846    0.0708905     0.158658    0.0856253     0.240519     0.167347     0.302938    -0.016394    -0.155061   -0.0228937    -0.238808    -0.301448    0.0471528   -0.0654085    0.0118897     0.196594    0.0178631     0.405082    -0.203691     0.215412
   -0.134873     -0.36477     0.184157    -0.474405     0.242678    -0.210522   -0.0859992    -0.298638    -0.465247     0.265564    -0.352111     -0.15551   -0.0261256    0.0307172    0.0474646    -0.389933   -0.0966884     0.137265    0.0665162   -0.0608533  -0.00146119     0.300619    -0.237373    0.0996965   0.00177155    0.0766363    0.0517194    -0.085581   -0.0290464    -0.162989     0.112641   -0.0354109
   -0.162703     0.192819    -0.112719    0.0792204     0.278903     0.068811     0.149277     0.136986   0.00154796     0.198733      0.14924   -0.0782079    -0.115049   -0.0677729    -0.185454    -0.164646    -0.216975      0.10969    -0.230186     -0.13987   -0.0922729    -0.214099     0.194441    0.0061007   -0.0589885     0.258919     0.245531     0.323319     0.340463   -0.0550786      -0.2036    -0.342343
    0.340922    -0.424493    0.0880938     0.034116   -0.0279513     0.185031    -0.111181     0.298785    -0.300094     0.485093    -0.320395 -0.000188286    0.0509559    -0.615574    -0.429887    -0.525391     0.425027     0.162635   -0.0437602     0.165493    -0.576045     0.266947    -0.178276     0.249648   0.00175315    0.0651909     0.335908  -0.00918138     0.369692     0.180715    -0.361009     0.432915
    0.112125      0.15132    -0.304525    0.0332371     0.178144    0.0888713    -0.154234   0.00910368    -0.351537   -0.0976555   -0.0869778     -0.13126    -0.356541      0.40724    -0.291035     0.323768     0.167781     0.135953     0.134886     0.154684    -0.300694     -0.27537    0.0363032   -0.0584257     0.011864     0.108954   -0.0141237    -0.261039    -0.101629    -0.119996   -0.0676489     0.108296
     0.12574   -0.0501277     0.226511     -0.27943    -0.219414   -0.0323813   -0.0450151  -0.00525422    0.0999132     0.102983    -0.118058   -0.0731021     0.227389    -0.284903    -0.218876   -0.0382773     0.316337    -0.187143     -0.17497    -0.110309    0.0566553   -0.0164247     -0.20851     0.422399     0.137578    -0.410121     0.360449    -0.218043   -0.0371523     0.323363     0.464353      0.25134
    0.435776      0.43581    0.0357555    -0.139015     0.435821    0.0548701    -0.266034     0.266872   -0.0146511    -0.105164    -0.193223    0.0358729    -0.189467    -0.113717   -0.0113531     0.282721    -0.061432     0.276607     0.707689     0.273051    -0.107067     0.110609    -0.496399    -0.213348    -0.378938     0.254256     -0.19245   -0.0894497     0.194792     0.329142    0.0913974     0.383096
    0.411056    -0.556725    -0.113641      0.14522      0.05082     0.195875    -0.157349   -0.0710466    -0.435929     0.625368    -0.125328    0.0781521  -0.00324717    -0.445858    -0.407312    -0.226525     0.115455      0.36939     -0.26322      0.28388    -0.325275    0.0480206     0.589021     0.239824    -0.153513     -0.26728     0.361849      0.10687     0.332045     0.362427    -0.210967 -0.000646419
  -0.0823186    -0.175065    0.0148071    -0.154502      0.25997    0.0752173     0.209902    -0.106891     -0.17175    -0.435975    -0.369947    -0.291753     0.123387    -0.327579    -0.248173    0.0664878     0.082105    -0.176455      0.30629    -0.029037    -0.167208  -0.00812475     0.268498     0.456631    -0.140581     0.055041    0.0205021    0.0414326     0.162108      0.38631    0.0426921    -0.101268
    0.448907    -0.245873     0.045171    0.0749947    0.0888065    0.0795522    -0.192996    -0.131838     0.152805    0.0963946    -0.252772    -0.214834    -0.194029    -0.523096    -0.231296    -0.439285      0.25004     0.111121    -0.199903    -0.117245    -0.116999    0.0140976    0.0963362    -0.150226    0.0818676   -0.0294261     0.353973    -0.318462    -0.127146   -0.0444259     0.128288     -0.22755
    0.396044    0.0346438     -0.22503    -0.220652     0.147109   0.00658005   -0.0607897    -0.058005    -0.186839  -0.00447887    -0.221668    0.0458652    0.0862757    -0.267376    -0.332193   -0.0604309  -0.00819492     0.332035   -0.0419016    0.0178115    -0.325429     0.207869   -0.0254247     0.160151   -0.0412177    -0.342098    -0.176428     0.047325   -0.0970496     0.311346    -0.218487   -0.0796131
   -0.376857    -0.163568    -0.103612   -0.0879833     0.273249    -0.312281    0.0562891   0.00437429    -0.273784   -0.0588526    -0.117935    -0.160238    0.0757696    -0.187745    0.0639775    -0.271789    -0.445618     0.131313      0.19195     0.182907      0.17374    0.0715393     -0.22536    -0.327806   -0.0766761     -0.12514     0.166364     0.263385   -0.0563679    0.0659522     0.175368     0.278966
    0.298591     0.131269    -0.104414    0.0107796     0.162424     0.375815    -0.107103    -0.320966     0.363072     0.302104    -0.172805     0.125483    0.0434152    -0.284561   -0.0402017    -0.202502     0.441494     -0.54839    -0.331787   -0.0108318     0.292631     0.159204     0.158009      0.22805    0.0792329     0.430075     0.211539    -0.258804   -0.0320487    -0.159248   -0.0688658   -0.0312982
  -0.0364753    -0.273064     0.222861    -0.014358    -0.400344     0.141268   -0.0281984     0.401673     0.279392    -0.427007    -0.406789    0.0153582    -0.203866   -0.0778758    -0.237608    -0.330103      0.43436    -0.101279     0.303135    -0.243934    -0.085175   -0.0230128   -0.0523168    -0.411416    0.0854189    -0.152139     0.187437    -0.109815    0.0923018     0.315992     0.299336     0.113136
 -0.00360257     0.331921   0.00886244     0.354838     -0.31246    0.0524898    -0.215312    0.0499041    0.0205503     0.156652    0.0825196    0.0740787  -0.00838423    -0.041306     0.180593    -0.008879    -0.104067     0.289312    -0.173868    -0.195922   0.00335306   -0.0796204    0.0384284     0.145494    -0.193759    -0.130415   -0.0632615    -0.136265   -0.0156694   -0.0386026    -0.304222    0.0276984
   0.0315368     0.110051      0.19164    -0.114036     -0.34782   -0.0210243     0.172009     0.170417    -0.432112     0.194034     -0.14969     0.318999    -0.189667   0.00824969    -0.297112    0.0682684    0.0962382    0.0154665     0.108685    -0.012576      0.22376    -0.201586    -0.215019     0.260642    -0.081562      0.14475    -0.142234    -0.169792     0.244704     0.337704     0.276703    -0.125987
   -0.178657    -0.147453    -0.318258    -0.145787     0.429127     0.193937    0.0280771    -0.152573     0.321321     0.365265   -0.0712196    -0.309689   -0.0502485    0.0482559     0.134991    -0.404513    0.0205377     0.473235    -0.609822      0.17037      0.25643    -0.148588     0.427762    0.0800706     0.230492      0.19343    0.0467864   -0.0128274   -0.0834106    -0.488689    -0.112477    -0.294269
  -0.0322158    0.0196996     0.334875    -0.379916     0.144652  -0.00396004   -0.0603636     0.147281   -0.0952176    -0.716905     0.298957   -0.0419338    -0.348347     0.269705     0.143404    -0.273065    -0.019428    -0.105589     0.548482     0.129389     0.275228    -0.203155    -0.468044    -0.426487     0.280304     0.142076   -0.0964821     0.461027    -0.261991    -0.423747     0.556696    0.0661829
    0.297569   -0.0882223    0.0851718     0.124287   -0.0825552  -0.00963295    -0.153738    0.0397858    0.0879822      0.25293     0.126533   -0.0392341    -0.188612    0.0239369     0.228033   -0.0935634    0.0241996    0.0936274    -0.257665    0.0359208     0.104484     0.147137     0.099591   -0.0712382    0.0229473    0.0409998    -0.116075    0.0355337   -0.0103815    -0.208411    -0.119181    0.0970659
   -0.217959    -0.426503   -0.0939114     -0.28002     0.570025   -0.0818793    -0.204709    -0.400023    -0.437345     0.350554    -0.432682     0.156236     0.327094    0.0716894     0.157522   -0.0202275    -0.273834     0.319202     -0.17022     0.439305    -0.281217     0.188466   -0.0750154     0.325645    -0.221057    -0.224421     0.437417     0.285042     0.086996     0.137264    -0.022909     0.329092
    0.190801  -0.00813964     0.032029   -0.0737638    -0.385407    -0.035262     0.191648   -0.0490623    0.0258694     0.179614   -0.0878956    -0.161311    -0.435616   -0.0505143    -0.297933   -0.0524802     0.388169    -0.010222     0.123958    -0.133572   -0.0486064     0.148246     0.149065     0.051019    0.0605738    -0.278763    -0.267855    -0.114503   -0.0408002   -0.0233369    0.0944406   -0.0453834
  -0.0824931    -0.486384     0.308567    -0.205416    0.0930371    -0.252581   -0.0294363  -0.00281314    0.0225219    -0.281468    0.0344393     0.118771    -0.156606    -0.215836     0.193381    0.0230176      0.17092   -0.0683268   -0.0702327    -0.119982    -0.390872    0.0286691    -0.240822      0.36948     0.100522     -0.30528    -0.192843    0.0189853    0.0560871     0.250641     0.243294      0.16821
  -0.0343345    -0.037671     0.098264   -0.0576962   -0.0550958    0.0964163    -0.258996     0.198732     0.113571     0.173264     0.030527    -0.256493    0.0787033     -0.56483     -0.30872    -0.158318     0.223938      0.40985    0.0515426    -0.113294    -0.185633    0.0390189     0.257923     0.269006     0.110804     0.142274  -0.00318629    -0.313045     0.173649   0.00496136    -0.299175    0.0456714
    0.175308    -0.350424    0.0367416   -0.0753844     0.101622    -0.170268     0.238716   -0.0175956    0.0933784   -0.0954201     0.146912    0.0170672   -0.0602422    -0.133934   -0.0636323    -0.223436     0.125217    -0.249259     0.154713     0.129235      0.03042    -0.351403    -0.255468    -0.318132    -0.375437     0.221629     -0.22364     0.276317    -0.217793   -0.0098788    -0.135025     0.118054
    0.236767    -0.131753     0.450974   -0.0997672    -0.409777    -0.315498     0.330652    -0.176014   -0.0152239   -0.0212915    -0.428472     -0.12863    0.0550219    -0.273602    0.0424068   -0.0189986     0.413913    -0.347129     0.445417    -0.237036    -0.205215      0.52976    -0.476983     0.204131   -0.0916069     0.116458    0.0998008     0.374409    -0.108763      0.47669    -0.229689    -0.318879
   0.0757735    -0.109624   -0.0653872    0.0250641     0.248085     0.162622   -0.0256244     0.408283    -0.480783     0.182147    -0.228809    -0.214388    0.0527721   -0.0314814     -0.55401    0.0166474    0.0138282      0.11055    -0.468817    0.0434906     0.059896    0.0574971    -0.367034    -0.362647     0.122742    -0.203437     0.509664    -0.394516    0.0959801     0.614652    0.0810169     0.213694
    0.161702     0.186719     0.049626    -0.103687    0.0412799   -0.0332733    -0.123348   -0.0897044    0.0178184    0.0252903     0.184143     0.050642     0.103343  -0.00710443   -0.0883304    0.0311637    -0.102807    0.0325116     0.514609     0.400688    -0.309296    -0.152454   -0.0374813    -0.248252     0.140278     0.079126    -0.131489      0.22545    -0.195699     0.343266    -0.133837   -0.0428603
    0.121614    -0.173445   -0.0845271    -0.169669   -0.0998627    -0.251891     0.143255     0.137012   -0.0686363    0.0308577    -0.431004    0.0380936    0.0856535      0.13081    -0.122213    -0.235071    -0.126242     0.182079   -0.0741921    -0.108612    0.0309842   -0.0732757  -0.00487749   0.00894177    0.0408596    0.0794429     0.170331     0.015071   0.00810578    -0.152845    -0.200866  -0.00418229
   -0.010671     -0.17699    -0.143147    0.0437741    0.0086124     0.236384    -0.109009    0.0105324    0.0858146    -0.192202     0.251327    0.0238825      0.06137    0.0268447   -0.0674328      0.24206     -0.17299     0.076962    -0.153306    -0.213005    -0.159685    -0.200054  -0.00625169    -0.206147    0.0469201     0.264054    -0.305991     0.117809    -0.289418    -0.151457    -0.155376   -0.0385425
   -0.323625    -0.208002      0.36642    -0.589942    -0.196528    -0.122882      -0.2021     0.138077    -0.223692     0.239353    -0.101476    -0.277135    -0.270293   -0.0248491    -0.585941    -0.539678     0.382132     0.284714     0.170433    0.0845546     0.209026     0.143779   -0.0699923    -0.181844   -0.0621166    -0.144363    0.0453979   -0.0813862    -0.281371     0.159576     0.044123     0.389694
    0.302181   -0.0580061    -0.126749     0.289285    -0.237707     -0.07973     0.209292    -0.658253     0.344727    0.0285698    -0.264693    0.0981902    0.0181852     0.323593     0.365122     0.217445   -0.0136874    -0.288841     -0.10856    -0.132717     -0.33041    0.0146901    -0.261749    0.0611056   -0.0912174     -0.21485    -0.214139     -0.24873    0.0567886    -0.329478     0.221212    -0.198627
  -0.0629895   -0.0220084    0.0570037      -0.3969    -0.155426    0.0717078   -0.0779488   -0.0708219     0.188335    -0.126238     -0.43139    -0.065136     0.111857   -0.0962612   -0.0424176   -0.0159149    0.0305997    -0.451832    -0.193992     -0.12065   -0.0846861   -0.0263047     0.381713     0.104799    -0.346397     0.219479    -0.298526   -0.0849511   -0.0228062    -0.198861    0.0833088    -0.123041
    0.140277    -0.454802    -0.228598    -0.192006     0.273521    -0.203413     0.349253    0.0370526    -0.128787     0.278025   -0.0878268    -0.298862     0.133383      -0.4732    -0.169967    -0.183007     0.224848     0.360901    -0.134814     0.253324    -0.226583    -0.254948    -0.478181     0.275483    -0.132261    -0.439385     0.738896    0.0677337    -0.126021     0.481354     -0.42489     0.427332
   -0.046381    -0.180674    0.0410162     -0.26027   -0.0856944    -0.372203     0.163964    0.0174126    -0.226477      0.29638    -0.523775     -0.32719     0.528575    -0.165198     -0.26337    -0.366192     0.162388    -0.475686     0.549036     0.216525   -0.0273571     0.372563    -0.278362     0.127639    -0.139122   -0.0877069    0.0823406     0.181498     0.205861     0.256469    -0.307987    0.0096086
     0.14625     -0.41002     0.127715    -0.289212    -0.130679     0.132237    0.0971574   0.00937175   -0.0749452    0.0885627    -0.225173    -0.159171     0.107595    -0.315618    -0.017664    -0.259206    0.0870968     0.172164    -0.132487     0.151836  -0.00480475     0.279295      0.23398   -0.0517015   -0.0903282     0.309827     0.199275   0.00716991      0.17411    0.0253712    -0.288675   -0.0445383
    0.395478      0.15124    -0.439787    0.0346769     0.300972    0.0725766     0.163196     0.252636    0.0280928     0.294464    -0.357075     -0.51527     0.160131    -0.158421     -0.12435     -0.33226     0.292809     0.136345    -0.131078    -0.471104     0.341878     0.101402     0.207767    -0.111138    -0.196286      -0.2175    0.0621741     -0.11132    -0.105122     0.194338    0.0427909     0.183493
   -0.213189    -0.286893     0.257836    -0.224818    0.0974915    0.0680392   -0.0922755     0.271306     0.171895    -0.178524   -0.0360485    -0.101856   -0.0188099     0.164019     -0.11081   -0.0351136   -0.0650637    -0.110547     0.294044    0.0782598    -0.149054    -0.107797    -0.196149     0.108081   -0.0858883   -0.0393074    -0.275068    -0.016201   0.00238146     0.271639    0.0950205     0.309484
   -0.192689    -0.573932     0.229123    -0.253715     0.237984    -0.232651      0.17767     0.342472    -0.121482      0.12125    -0.218172   -0.0479892    0.0514533    -0.103574   -0.0828323    -0.338964     0.156169    -0.129113     0.555298     0.380239    -0.123431     0.447999     0.107699     0.282137    -0.011494    -0.223181     0.116766    0.0248034    -0.117308     0.194672     0.078896     0.490507
   -0.249332    -0.234763     0.436427    -0.166232     0.121369   -0.0654315    -0.438826   -0.0231288     -0.52918   0.00699851    -0.267533    0.0195697     0.290636    -0.243697    -0.126925     0.292492     0.105351     0.348502   -0.0370324     0.413694     0.248834   -0.0788815     0.565333    0.0726538     0.090158    -0.300385   -0.0374919   -0.0671006  -0.00894606   -0.0389956     0.427796     0.245486
    0.246354     0.384488     0.305178    -0.036365    -0.269869     0.178377     0.406129    -0.144906     0.113363     0.614374   0.00633328     0.335156    -0.195411    -0.060233   -0.0921299    -0.617437     0.318038     0.098785    -0.195002    0.0707379     0.120772     0.494358    -0.106426     0.148624    -0.356948     0.124807    0.0687774    -0.238693    -0.361587    0.0237943     0.191458    0.0798794
  -0.0538534     -0.11141     0.175231    -0.565862    -0.361969     -0.33218    -0.119627     0.614805    -0.185181     0.211898    -0.246427    -0.393214    -0.603715    0.0193711    -0.244884   -0.0359927    -0.133135    -0.403813    -0.332145    -0.131897    0.0680832    -0.348731     -0.14706     0.155225    -0.276844     0.109486    0.0308532    -0.601446    0.0334747     0.227024     0.274212   -0.0166097
    0.109385    -0.440466    -0.325645    -0.243004     0.369933    -0.177824     0.197935    -0.241295     0.188322    0.0180627    -0.210078    -0.143524     0.176294    -0.325659     0.031133      0.16776   -0.0445849    0.0709684      0.20463     0.205856    -0.407672     0.222516    -0.153117    0.0395793    -0.223328     0.138994     0.246494     0.212863    0.0210288     0.294642   -0.0414104     0.303502
   0.0355073    -0.173096   -0.0482039    -0.433297     0.222056   -0.0136435     0.401837      0.21944    -0.035826     0.108928    -0.311291    -0.418902    -0.139047      0.14303     -0.30171     0.331363     0.233981    -0.323864    -0.163973   0.00218349    -0.400778    -0.215102     0.103059    -0.141797    -0.145002    -0.207102  0.000869858     0.199322     0.212441    0.0160462    0.0752781     0.493092
    -0.25073   -0.0338218   -0.0749956    -0.297438  -0.00128234    -0.178361     0.197829    -0.184621     0.354808    -0.172215   -0.0477996   -0.0850411   -0.0306251    0.0149709     0.210952     0.251003    0.0723554    -0.230632     0.228071   -0.0684448    0.0487716     0.207881    -0.146993  -0.00889625     0.138102   0.00206887    0.0965522    -0.126147   -0.0254858     0.237819     0.305846     0.184715
   -0.144188    -0.261542    -0.258655    -0.189946     0.173996    -0.388335    0.0247704     0.152336   -0.0858437    -0.154966    0.0352291    0.0424532     0.163142    -0.289919   -0.0387481      0.18684     0.115171    -0.293691    0.0348332   -0.0683874    0.0166062     0.013006   -0.0224074   -0.0172261     0.295666     0.194546    -0.300567    -0.108933   -0.0337714     0.154406    -0.160135    0.0591003
    0.440727   -0.0108318   -0.0234867     0.351597    -0.183453    -0.045832    0.0844744    0.0747339   -0.0604075    -0.106689    -0.310577     0.118689    -0.218091    0.0339945   0.00653164   -0.0688182     0.295503     0.292706    0.0766662    -0.240141     0.129306    -0.340887    -0.355781     0.132526    -0.109089    -0.233819     0.349288    -0.225047     0.204947      0.31465    0.0551676     0.251496
    0.153274   -0.0388193    -0.136896    0.0482226    -0.172391     0.288673    0.0369984   -0.0169558     0.205666    -0.143088    -0.136432     0.118451    0.0837691    0.0407193    -0.097393    -0.102338    0.0529185    -0.350845     0.145965   -0.0539738    -0.398044    0.0502295   -0.0447432    0.0345118    0.0690163    0.0765193   -0.0751441    -0.161197     -0.30286  -0.00423446   -0.0141024    -0.143277
  -0.0093402     -0.13349    -0.172585    -0.514753    -0.123688     0.508178    0.0674576     -0.26334    -0.480141  -0.00552769    -0.166496     0.181559    -0.109627     0.125305    0.0143415    -0.190464    -0.399863    -0.202716    -0.162011    -0.178879    0.0128631  -0.00780892     0.237832   -0.0702543     0.361334   -0.0955352    -0.196094     0.232797    -0.110113    -0.244337   -0.0973443    0.0817955
    0.458962    -0.162934    -0.130735     0.211342     -0.16567     0.241584  -0.00543213    -0.174918   -0.0687727     0.430767    0.0937856  -0.00706822   -0.0812883    -0.113988      -0.1904    -0.334608     0.152601      0.44362    -0.428821     0.418837    -0.349459     0.217554     0.556397    0.0824547     0.218201    0.0491822     0.262306    -0.212732   -0.0523966    -0.111224     0.314874    -0.322779
   0.0111084   -0.0912359     0.177355   -0.0962449    -0.359371    -0.266287   -0.0191849    -0.235601    0.0621529    -0.293841     0.144989    0.0200512    -0.125347  -0.00869175    -0.263624    -0.166327     0.164174    -0.387155    -0.356487    -0.243068    -0.112197     0.415986     0.234925   0.00329437    0.0868837    -0.167209     0.256699    -0.344247     0.125912        0.267     0.103222     0.113626
    0.349283    0.0652915     0.249792    -0.282439    -0.303549     0.167389    -0.213233      0.22999     0.246738    -0.351822    -0.481852   -0.0127941    0.0562054   -0.0865466    0.0271421     0.572292     0.104507    -0.215708    -0.105504    -0.153123      0.15732    -0.174181    -0.448215     0.508077       0.1965  -0.00935383     -0.27483    -0.145332    -0.399004   -0.0151401     0.203989     0.297594
     -0.0491   -0.0460979    0.0189763    -0.218558   -0.0329855      0.28375    -0.205727    -0.336882    -0.281684    -0.270578    -0.133844   -0.0661741     0.022945     -0.57847    -0.282077    -0.111095     0.540315     0.397249    0.0862614    -0.110244    -0.322494   -0.0864858     0.120909   -0.0178756   -0.0383805     0.267506     0.537928    0.0914029    0.0017005      0.10412   -0.0891231     0.181622
    0.143258   -0.0947925     0.204847     0.236805   0.00110483   -0.0221051    -0.072769     0.339305    -0.316579    0.0101423    -0.182863    0.0512779     0.328332    -0.616389     0.417536     -0.17341    -0.129931    -0.195512   -0.0417602   0.00669286     0.165287     0.615845   -0.0454825    0.0698392     0.310952     0.187711     0.183075    -0.420833     0.137031    0.0812184     -0.10653    -0.281381
    0.056002    -0.732309    -0.433381     0.222634     0.349995   -0.0230274   -0.0599407    -0.190632   0.00118076    -0.673622     0.164379    -0.119881     -0.24887     0.233904     0.128841   -0.0422824     0.063259    0.0369467   -0.0642049    -0.223273      0.15344     0.150731   -0.0737728     0.134639   -0.0476251   -0.0323757   -0.0569073    -0.539802    -0.108943    -0.239277   -0.0334111     0.175075
    0.205701   -0.0742813     0.308805     0.260391    -0.377654      0.13586    -0.232313     0.103926    -0.123326     0.249946   -0.0596335    0.0668473    -0.050893    -0.138422     0.117561   -0.0877397     0.154774    -0.239069   -0.0382133    -0.369629    -0.055496    0.0251478    -0.147175    0.0668089     -0.29213     0.159097    -0.334066    0.0058054    -0.291068    -0.183516    -0.103296     0.104865
 -0.00715217     0.344716    -0.215879   -0.0117548    -0.200181     0.289171    -0.174942    -0.266058     0.374242    -0.213968     0.156986    0.0316332     0.161326     -0.34532    -0.177565    0.0971105     0.203989    0.0773749     -0.15738     0.427016     0.131248   -0.0902651    -0.360304     0.162445    -0.135022     0.450613    -0.311219    -0.108679   -0.0660463    0.0522194     0.294235    0.0173709
    0.131426    -0.291261      0.31986     0.117468    -0.240293     0.182868    -0.040884    0.0165309    -0.273823    0.0127711     -0.18892   -0.0453974   -0.0465872    -0.361454    -0.533564      0.10521     0.416966     0.152446     0.161201     0.195644    -0.412044    0.0322625     0.339636     0.388673   -0.0501668   -0.0860755     0.139896    -0.240874    0.0452136     0.145156   -0.0340126     0.205248
    0.337433   -0.0974362   0.00893712    -0.341287    0.0515336    -0.188719     0.101348   -0.0232657    -0.387288    0.0637861    -0.353288   -0.0215144     0.145473    -0.199858    -0.269939     0.327171     0.231133    0.0692191    -0.287481   -0.0533038    -0.303661     0.216749    -0.118301     0.152643     0.150749     -0.20238     0.251981     0.329392  -0.00972687     -0.14071    -0.118538     0.234116
   -0.129509    -0.107507    -0.363387   -0.0294782 -0.000762929     0.164411   -0.0341609     0.260318   -0.0696367     0.489562      0.25154      -0.2597    -0.115245    0.0741446    0.0395998    -0.405415    -0.303331    0.0825941    -0.310855     0.243963    -0.122395     0.287649     0.430968    -0.176989   -0.0195685    0.0864926    0.0507916     0.276812    -0.295575      0.21483    -0.145154   -0.0389269
    0.383874    -0.435046     0.173112    -0.238261    -0.130723    -0.426186    -0.214714     0.145965    -0.144374  -0.00376272    -0.345708    -0.129903   -0.0692505    -0.126502    -0.112768    -0.168672     0.542859    -0.125668    -0.168717    -0.176534    0.0761359  -0.00739981    -0.200496     0.205662   -0.0599788    -0.114201    0.0495742    -0.143497      0.25462    0.0258733     0.289209    -0.340417
   0.0856075     0.174933    -0.107774    -0.380376     0.208128   -0.0607703     0.274726      -0.2898    -0.070885    -0.161633    0.0798385    0.0788485   -0.0414855    -0.108516   -0.0960138     0.247497      0.10467   -0.0285353    -0.223144     -0.19507    -0.117469     0.136663     0.128624   -0.0751046   -0.0224159     0.308345    -0.140807     -0.31811    0.0769129    0.0223009    0.0569717     0.169547
    0.581455    -0.218882   -0.0203754    -0.280626    -0.203912    0.0878434    -0.275808     0.120084    0.0383673     0.546412    -0.150173     0.138178    0.0301816    -0.526528    -0.137417   -0.0364195     0.391712     -0.13015    -0.424301     0.175968    0.0527634      0.12193     0.052349     0.192652    -0.256235   -0.0517932   -0.0969041   -0.0271979    -0.103292     0.257729     0.237219     0.109041
  0.00878191    -0.162794    -0.259203    -0.345618    -0.143432   -0.0728587    0.0523518    -0.123478    0.0254973     0.389062    -0.442515    0.0889398     -0.18888     0.173249     0.365191    -0.209142    -0.331465    -0.353873     -0.40463    -0.184802    -0.321713     0.507976    -0.431342     0.102478    -0.470402    -0.184678     0.507049     -0.21087     0.430368   -0.0832539    -0.200126     0.146482
  -0.0589235    -0.108932     0.225253    -0.329229   -0.0467011   -0.0178712    0.0317014    -0.306688    -0.449609    -0.253243    -0.194199     0.137191     -0.12441     0.153373     0.109072     0.357378    0.0836298     0.131103   -0.0845619     0.279692    -0.447948    -0.191337   -0.0116033     0.344164     0.413519     0.126452     0.130071     0.189812    -0.106021    0.0987752    0.0998694   -0.0200938
    0.152793     0.185716    0.0769779    -0.151483    -0.310412     0.391908   -0.0997081    -0.262761     0.333654    -0.211758    0.0335533     0.297656    0.0234459     -0.19496     0.207727    -0.151332     0.485533    -0.116685     0.101442    0.0019645    -0.194942   -0.0592258     0.321277      0.25876    -0.112708    0.0286874   -0.0670336      0.10972   -0.0765267     0.135612    0.0734375   -0.0637811
   -0.263246    -0.522702     0.444361    -0.626666      -0.1324     0.267084     0.316176     0.525494  -0.00922079    -0.361741    -0.266568  -0.00280678    -0.223258     -0.58526    -0.409797    -0.227159     0.781092     0.386023     0.325011    -0.079255    0.0464038     0.348408     0.288517     0.102297     0.319755    -0.453764     0.135725     0.063465  -0.00622449      1.07768    0.0646455     0.406045
    0.187356   -0.0930655   -0.0504838    -0.101156     0.143596     0.139142     0.320085    -0.246466   -0.0516887   -0.0338381     -0.19299    -0.099581     0.236434  -0.00828727   -0.0865134     0.124629    -0.222482     0.354497     0.226891   -0.0780158    -0.165116     0.139719    -0.145591    -0.209586     0.113281    -0.254223   -0.0463129     0.327223     0.357788     0.128019    0.0459088     0.298818
   -0.220621     -0.30773    -0.164415    -0.302891     0.362159    0.0586686    -0.127916 -0.000650327    -0.213723     0.181386   -0.0435304    -0.365162   -0.0640887    -0.302524     0.017316    -0.243731    0.0869714    0.0617406    -0.191405     0.280806     -0.45011    0.0765811    -0.113549     0.383568    0.0754667  -0.00695607     0.253989    0.0113533   0.00529917    -0.423602     0.274922    0.0335931
    0.579407     0.222605   -0.0763817     0.077103    -0.161916      0.76609     0.353321     0.449947        0.349     -0.22165   -0.0372474    0.0526298  -0.00608166     -0.43331     0.160526     -0.47946     0.050654     0.185972     0.122328    0.0207857     0.280145     0.109404     0.196669     0.186238    -0.118486     0.228747   -0.0927996     0.229598    -0.411904      0.63575     0.256517     0.217048
   0.0705416    -0.109936     0.100671    0.0574719     0.264739    -0.113929     0.130675   -0.0137393     0.156792     0.189227   -0.0476428    -0.221653     0.100946   -0.0407457   -0.0661206   -0.0719409    -0.115873     0.477374    -0.353191    0.0989141    -0.172189    0.0313576     0.319611     0.130277    -0.163217    -0.246682      0.26788    -0.259841      -0.1179     0.235046    -0.020386   -0.0840559
    0.101645     -0.13261     0.212112  -0.00823946   -0.0220619   -0.0984045    0.0283935    0.0384107   -0.0504394     0.339497    -0.202248     0.318832    -0.297931    -0.131869    -0.189906   -0.0716152     0.127518    -0.142742    -0.197229   -0.0817588    0.0426848     0.283306     0.117954     0.153925     0.144625    0.0773207     0.110508    -0.253967     0.158005     0.062847     0.172314     0.241926
  0.00799846     -0.10957     0.289464      0.18445    -0.176618    -0.282257     0.110181     0.538723   -0.0244584    0.0598892    -0.179749  -0.00245058    -0.254688    -0.359294     -0.26913      0.22961    0.0359284    -0.124869    0.0681188    -0.097301     0.152653     0.342217    -0.149871    -0.359425     0.225712    -0.207633     0.213063     0.194247   0.00291363     0.497237     0.158397     0.239288
    0.418125    -0.335942     0.273362    0.0839202    -0.152097   -0.0661939      0.51643   0.00437327     0.220971    -0.294914    0.0888916     0.016737    -0.427911    -0.258235    -0.312826    0.0958616      0.27035   -0.0719956    -0.140224   -0.0965828   -0.0817119    -0.381922    -0.218181   0.00118712     0.174274    -0.272116    -0.122895    -0.270084     0.141833     0.170412     0.381216    -0.196797
  -0.0886243    -0.177864      0.22469    -0.267924   -0.0511335   -0.0182317    0.0274815    -0.107446     0.345826     0.469954    -0.437637    0.0367357     0.139788    -0.102036    -0.142747     0.331599    -0.241637    -0.418117     0.182249     0.404995    -0.229359   -0.0230961    -0.241727     0.141968     0.347943     0.211598    -0.461707    -0.159557   0.00194185     0.383577   -0.0227908     0.291421
    0.192321    -0.141245   -0.0587403    -0.197184     0.283121   -0.0071615    -0.103991     0.413072   -0.0364435   -0.0812717     0.154849    -0.266595     0.106424    -0.296504    0.0499715  -0.00870383     0.426055     0.168128    -0.164762     0.235104    -0.314495    -0.209366      0.11584    -0.315557   -0.0702152  -0.00191668      0.44283     0.137393    0.0946649     0.228408     0.300085    -0.213603
   -0.236066   -0.0663986    -0.458295    -0.436227     0.565947    0.0593058   -0.0775267    0.0751528     -0.11192     0.270406   -0.0418205   -0.0106466     0.120329    -0.255231    -0.283559    -0.116142     0.104781     0.417105       -0.536    0.0983549    -0.293883  -0.00930724    -0.503038     0.221457    -0.103025   -0.0129928     0.499979    -0.487948    0.0699292    0.0205323   -0.0670441     -0.05356
    0.110033    -0.412809     0.193927    -0.296477      0.24654     -0.48009    -0.322977    0.0179542    -0.422161     0.161894    -0.214107    0.0587834   -0.0497142    -0.147523    0.0696915     0.041098     0.154631     0.249468    0.0187699    -0.245402    0.0479351     -0.02631    -0.377296     -0.40003    -0.190739    -0.176202     0.147538    -0.105523     0.259759   -0.0390553    -0.115877   0.00466526
    0.135368   -0.0936161   -0.0724566    -0.353138   -0.0789356   -0.0251628     0.234764   0.00777315     0.107538    -0.302749   -0.0845296    -0.320601    -0.190047     0.278174    -0.233673     0.308821    0.0521939    -0.101996   -0.0683319     0.138296   -0.0287452    -0.189503   -0.0892188    -0.246385     0.189711    0.0173173     0.102765     -0.10451      -0.2166     0.286127     0.360701    0.0462726
    0.133778   -0.0702244    -0.050772     -0.10029    -0.317265    -0.126537   -0.0130829    0.0070098    -0.306974     0.368162    0.0158643      0.15866    -0.196133    -0.244882     0.118041    0.0327553    0.0903597     0.104617    -0.391912    -0.202655    -0.245058     0.221419    -0.250548   -0.0438972    -0.518445     0.131597     0.209263   -0.0410904     0.130561    -0.292997     0.168971     0.359635
   0.0951974    -0.534174     0.447737   -0.0824845    -0.141429   -0.0448028    -0.292232     0.255027    -0.314671     0.226904    -0.284786     0.170857    -0.128791   -0.0921782    0.0543711     -0.11841     0.863842   -0.0857908   -0.0491635    0.0106797      -0.1352   -0.0214639    -0.139252    0.0414199   -0.0342065   -0.0303028     0.207029    -0.187152     0.016749     0.166895     0.190633     0.268881
    0.561401     0.331196    -0.191192   -0.0259484     0.190711   -0.0831454    0.0944713    -0.265702     0.157144     -0.24875     0.091812   -0.0398541    -0.046293    -0.131061    -0.191937     0.213102     0.454819     0.161617     0.138356    -0.253404   -0.0220621   -0.0108237    -0.119628    -0.154928     0.130371    -0.233379     -0.10168     0.025781    0.0412153   -0.0370617   -0.0616354      -0.2719
  -0.0841468    -0.216235   -0.0287571    -0.228231    -0.190618    -0.303315    -0.208189     -0.36878    -0.597393    -0.204074     0.365409     -0.14559     0.333597    -0.604003    -0.017302    -0.175715   -0.0707534     0.207472    0.0990929    -0.100826    -0.426619     0.189798    -0.227866    -0.455028   -0.0844562    -0.418536    0.0518052    -0.138436   -0.0929574    -0.481762    -0.335849     0.221332
   -0.119584   -0.0624208    0.0161311    -0.365421    -0.168374     0.147048    -0.026556     0.397298    0.0455861    0.0557802   -0.0346123    0.0280958     0.150348   -0.0314007    -0.238609    -0.122509    0.0302441   -0.0726951     0.195208   -0.0215093    -0.138489     0.148805   -0.0216873   -0.0247721   0.00664623    0.0785948     0.483648      0.17595    -0.149334     0.138099      0.62507     0.105917
   -0.227757    -0.781452    -0.260573    -0.835734     0.533046    -0.367226    0.0318314     0.156883     -0.39545     0.467479    -0.607768    -0.337744      0.40371     -1.13561    -0.463994    -0.170312    0.0680353     0.041331    0.0769852   0.00278083    -0.551579     0.358891    -0.722736    -0.336229     0.220662    -0.180252     0.854851    -0.136246     0.766472     0.383873     0.221321     0.525958
    0.295899    -0.120516    -0.167392   -0.0413867       0.1408    -0.284159    0.0127812   -0.0925132    0.0718727    0.0368591     0.108662   -0.0955243   -0.0412894      0.10706     0.200173    -0.307482    -0.216997     0.135386     0.115263    0.0961907     0.132754     0.260383    0.0873948   0.00287732  -0.00716412    -0.189908    -0.132121    0.0158978     0.205203   -0.0632359   -0.0333361     0.046448
    0.308542   -0.0886317     0.101258    -0.335445    -0.211492   -0.0788788   -0.0103878    0.0129231    -0.570829     0.337904   -0.0489826    -0.220456    -0.252618    -0.137199    -0.415912    -0.322976     0.230178     -0.43203     0.197881     0.327919      0.14088     0.257914    -0.294609    -0.225348     0.253692     0.101688    -0.286739      0.18803     -0.11665    0.0288949    0.0386725   -0.0722765
  -0.0656967    -0.285872    0.0730785     0.031214    -0.144363    0.0753856     0.160753     0.236629    -0.206695    0.0525621    -0.134126    -0.166277     0.365505    -0.179039      0.19184    -0.356579    -0.012321  -0.00164926     0.184465    0.0726141     0.354289    -0.143364   -0.0949315     0.326439   -0.0243997     0.188786    -0.152738   -0.0505732   0.00903385     0.119954    -0.220652    0.0260424
    0.247183     0.434082   0.00365408    0.0397084     0.555876      0.40139     -0.21062     -0.19853    -0.204207     0.386812    -0.228902    -0.071642    0.0989083   -0.0961356    -0.121703    0.0291162     0.232379     0.146181     -0.12023    0.0268098    -0.134448    -0.136823     0.304253   -0.0974152     0.259444    0.0398918    0.0614802     0.187802     0.032112   -0.0889708     0.209334   -0.0878348
  -0.0163753     0.181283    0.0393765    -0.400815    -0.339259   -0.0344549    0.0841267    -0.321632   -0.0707192     0.320354    -0.400574     0.456789     -0.11319    -0.148177    0.0419028    -0.120652    0.0372879    -0.355773     0.274327     0.108047    -0.239417     0.722886     0.406791     0.151736     0.133006     0.390418    -0.283081     0.203051   -0.0353382     0.317869     0.251773      0.44283
