-0.469411
-0.267452
 -0.48613
 -0.62266
-0.316213
  -0.3407
-0.528057
-0.512981
-0.880415
-0.583007
-0.466109
-0.876098
-0.770859
-0.510273
-0.552789
-0.536502
-0.488169
-0.848353
-0.439906
-0.447959
-0.586814
-0.728225
 -0.53563
-0.361629
-0.473329
-0.684207
-0.889184
-0.823547
   -0.512
-0.316203
-0.402404
 -0.82318
-0.305306
-0.898012
-0.719998
-0.668564
-0.646741
-0.607147
-0.415609
-0.551198
 -0.48674
-0.783237
-0.657672
-0.477091
-0.872162
-0.372954
-0.661133
-0.674054
-0.441912
-0.641497
-0.456336
-0.547388
-0.575807
-0.190787
-0.634984
-0.746093
-0.480179
-0.669262
 -1.01341
-0.588641
-0.506419
-0.610719
-0.640376
-0.535029
-0.512365
 -1.32271
-0.769873
-0.377506
-0.230013
 -0.47419
-0.765467
-0.484553
-0.805635
-0.542269
-0.836753
-0.565267
-0.474815
-0.599408
-0.390473
-0.555648
-0.638404
-0.703618
 -1.24919
-0.668937
-0.665691
 -0.53762
-0.467955
-0.547453
-0.641819
 -2.20673
-0.398124
-0.556295
-0.556184
-0.746964
-0.358227
-0.578911
-0.465122
-0.577739
-0.719923
-0.446861
-0.321516
 -1.17945
-0.460327
-0.672292
-0.794649
-0.724774
-0.587496
-0.562043
-0.507088
-0.717601
-0.441892
-0.872367
 -0.54498
-0.680216
-0.616914
-0.487701
-0.538507
-0.601109
-0.492505
-0.646478
-0.579592
-0.950893
-0.553889
-0.632013
 -1.14701
-0.613854
-0.374424
-0.393519
