0 1 0
9 1 1
5 1 2
4 1 3
8 1 4
10 7 5
10 11 6
10 16 7
10 17 8
10 21 9
10 24 10
10 79 11
10 34 12
10 35 13
10 80 14
10 38 15
10 83 16
10 40 17
10 36 18
10 86 19
10 49 20
10 50 21
10 52 22
10 90 23
10 91 24
10 56 25
10 92 26
10 93 27
10 57 28
10 95 29
10 97 30
10 98 31
10 58 32
10 99 33
10 101 34
10 60 35
10 103 36
10 104 37
10 105 38
10 63 39
10 43 40
10 106 41
10 107 42
10 108 43
10 64 44
10 109 45
10 110 46
10 112 47
10 114 48
10 115 49
10 117 50
10 119 51
10 120 52
10 69 53
10 121 54
10 71 55
10 61 56
10 122 57
10 123 58
10 72 59
10 126 60
10 127 61
10 128 62
10 130 63
10 131 64
10 73 65
10 132 66
10 134 67
10 135 68
10 136 69
10 137 70
10 138 71
10 140 72
10 141 73
10 142 74
10 143 75
10 116 76
10 144 77
10 145 78
10 146 79
10 147 80
10 149 81
10 150 82
10 151 83
10 153 84
10 154 85
10 155 86
10 156 87
10 157 88
10 152 89
10 158 90
10 160 91
10 161 92
10 162 93
10 163 94
10 164 95
10 165 96
10 166 97
10 167 98
10 169 99
10 170 100
10 171 101
10 172 102
10 173 103
10 174 104
10 175 105
10 176 106
10 177 107
10 178 108
10 179 109
10 180 110
10 181 111
10 74 112
10 182 113
10 133 114
10 183 115
10 184 116
10 185 117
10 186 118
10 187 119
10 189 120
10 192 121
10 193 122
10 194 123
10 195 124
10 196 125
10 197 126
10 198 127
10 199 128
10 200 129
10 201 130
10 202 131
10 113 132
10 203 133
10 204 134
10 205 135
10 168 136
10 207 137
10 208 138
10 209 139
10 210 140
10 211 141
10 212 142
10 213 143
10 148 144
10 215 145
10 216 146
10 217 147
10 218 148
10 219 149
10 220 150
10 221 151
10 222 152
10 224 153
10 225 154
10 226 155
