    0.179739     0.231885    -0.388669    -0.295762    -0.355689    -0.479445    -0.303762     -1.13976     0.289533     -0.15077     -0.14146     0.180583 -0.000815631     -1.35248     0.386055    -0.662186     0.708079     -0.22178     -1.23861    0.0780845      0.39009     0.178667    -0.901301   -0.0365799    -0.344096      1.21229  0.000860801      1.34113     0.056006       0.5935     0.628282    -0.401028
    0.186044     0.187514     0.216748     0.389533      0.22715    0.0968182   -0.0828124     0.718222    -0.124047     0.602216     -0.27517     0.206464    0.0355841     0.333683    -0.307028     0.370799     0.705287     0.467808     0.196408    0.0216405    -0.448324    -0.228802     0.384476   -0.0163347     0.409522     0.988008    -0.248014    -0.181747    -0.735256    0.0104603    -0.435988    -0.502656
  -0.0363795     0.103454    -0.105816    0.0791493    0.0321917    0.0183371     0.126813     0.768706    -0.602836     0.748195      0.11367    -0.419013     0.375154     0.350785     0.389591    -0.425047     0.356068    -0.441596    0.0766604    -0.460475     0.124172     0.067745    0.0800436     0.364516     0.342449     0.234515    -0.681437    0.0172017    -0.682772     0.810157    0.0874536    -0.186035
   -0.274126    0.0122804     0.849248    -0.558655    -0.355167    -0.503501    -0.609394    -0.955527    -0.229126    -0.855082     0.130794   -0.0742066    -0.670061     -0.90288    -0.429227    -0.304182    -0.351776     0.510494   -0.0812712   -0.0852061    -0.516617     0.389259    -0.284161    -0.219003   -0.0900318    -0.525561     0.541251     0.881822    0.0649462    -0.139935     0.111961     0.188357
  -0.0182999     0.291509     0.239883    -0.277519     0.815041    -0.364453     0.213385    -0.423896      0.64525     0.623712   -0.0978918     0.191914     0.398221    -0.245251    -0.337069     0.228727    -0.558818     0.561222    -0.879984   -0.0671956    -0.132486   -0.0763093     0.396173     0.390749     0.353085     0.294281     0.191858    -0.260351    -0.195782     0.796236   -0.0402631    0.0127561
    0.225256     0.202704    -0.426249     0.582614     0.645296     0.585094     0.529012     0.575666    -0.393993     0.626053    0.0207853    0.0534972     0.290583    -0.225849    -0.543432     0.336927    -0.898017      0.15207    0.0234776    -0.688511     -0.11849     0.177804     0.751511     0.380821     0.721327    -0.107755   -0.0832777     0.442733     0.220484    -0.060447    0.0383142     0.193769
    -0.43339    -0.456111      1.03009    -0.372835     -1.07333    -0.503169    -0.257353     -0.24025    -0.531637    -0.270892    -0.269394     0.296707    -0.474888    -0.220678    -0.189175     0.198109    -0.524462     0.378459     0.790235    0.0933605    -0.422581    -0.204841   -0.0822064    -0.358671     0.303441    -0.897048     0.546465    -0.140503    -0.214824    -0.157002    -0.644852    -0.118385
    0.287925     0.101607    -0.494794     0.784477     0.657005      0.35082      1.07568      1.12843    -0.239416      1.02002    -0.369176    -0.241623     0.138047      0.76886     0.658194     0.596385     0.492879   -0.0239601    0.0980401     0.204456     0.194086    -0.373466     0.137201    0.0175479     0.271467      0.89342    -0.845649    -0.550592    -0.413244    -0.312248    -0.276728    -0.256857
   -0.064816    0.0147259   -0.0668713     0.238462    -0.290009    -0.467963     -0.32153     -0.68387    -0.232791     0.444297     0.394603   -0.0586804   -0.0392339    -0.283758    -0.704569     0.242799     0.327847     0.637584    0.0373993     0.120339    -0.255338     0.652638     0.975303    -0.036413     0.130373     0.274027    -0.295695     0.101916     0.522375    -0.106188      0.55973    -0.249452
   -0.125967      0.15613    -0.922364      0.19076      0.32656    -0.108543    -0.264862    -0.264427    -0.457518     0.926873    -0.275064      0.26009     0.533594     0.415424     0.597107     0.163407    -0.683076     -0.14622     -0.68979     0.433461     0.207802     0.931573    -0.382628   -0.0404753     0.253947   -0.0122921      0.44989     0.959209     0.156105     0.112711     0.214648   0.00131663
   -0.085786    -0.161031    -0.107562    -0.687013    -0.431092    -0.312756      0.17275    -0.263029     0.275684     0.311923    -0.247323      0.19757     -0.27968    -0.210767     0.511958    -0.502419    0.0554099    -0.160176    -0.180805    -0.192704      0.09958     0.145318    -0.503272    0.0322957     0.114015   -0.0439856     0.586262    -0.415256    -0.180927    -0.125163     0.326078    -0.119715
   -0.775172    -0.806708   -0.0454862     0.144215    -0.428249    -0.358206     0.465878   -0.0449873     0.358534   -0.0174238    0.0550175     0.322641   -0.0957453     -0.33433    -0.171863     0.328022     0.384552      0.10726     0.290898     0.431231   -0.0839821    -0.130799    -0.108257    0.0409251    -0.549177    -0.300696     -0.34835    0.0190641     0.757405  -0.00708662    -0.372467     0.224323
     0.68152    0.0682566     0.540693   -0.0829298     0.431217    -0.557477    -0.011076    -0.153102    -0.377715    -0.167377    -0.326898     0.336119    -0.144354   -0.0415461     0.174758    -0.449327    -0.113516    -0.450051     0.661931     0.174911     0.108126   -0.0193751    -0.182309    -0.414225    -0.256946     0.157186     0.704705     0.436709    -0.343887    -0.232877    -0.300565    -0.392933
   -0.262637     0.429799    -0.370057     0.602399    0.0737051      0.60966     0.043879    -0.156827     0.640435    -0.303321    0.0150808     0.298537   -0.0410335    0.0260419    -0.542378    -0.599455    -0.524571    -0.372149     0.338762    -0.533713     0.798645       0.0727    -0.152804     0.064208     0.258836     0.662123    -0.102656     0.698539     0.288263     0.588144     0.693708     0.770953
     -1.0916    -0.369868    -0.630439     0.214871    -0.417569   -0.0559346     0.257327    -0.790016    -0.189815    -0.286648     0.574819    -0.560028    -0.194401     0.375862     0.209917     0.861794    -0.755534      1.10201    0.0225433   -0.0838066    -0.471222    -0.529003     0.189634     0.216158     0.274518    -0.426452    -0.878424     0.176411     0.465762     0.533956    0.0569687     0.423588
   0.0193454     0.243692    -0.285729    0.0270226      0.50202     0.122443    -0.497782     0.616152   -0.0191366     0.647592    -0.942031     -0.02223     0.325883     0.866262     -0.44598    -0.489794    -0.223909     0.384533     -0.87342    -0.555277    -0.666822    -0.375658    -0.462175    -0.145564      0.03617     0.087879     0.284879    -0.201242    -0.687357     0.413807   -0.0872975     -0.39989
   -0.568793      -1.1136    -0.181885     0.106663     0.145459      -0.2802     0.773807      0.51137   -0.0184616      0.20383     0.913291     0.863354     0.473034    -0.585472     0.647099    -0.439271     0.579823     0.207298     0.139642    0.0670573    -0.853974    -0.149899    -0.613871    -0.368706     0.119373    -0.103832    -0.487336     0.275352    -0.263809    -0.618159   -0.0933445     0.396101
    0.457727     0.089453      0.59969    -0.385395    -0.475965    -0.714142      0.00539     -0.58718     0.238474    -0.607437     0.288834     0.191299    -0.402058    0.0679027      -0.6432    -0.641269     0.182522     0.455786      1.40891    -0.458943     0.311778    -0.285905    -0.179019    -0.148354    -0.852976      0.51113     0.893831     0.743256    -0.360518     0.611493     0.610993     0.278758
    -1.31665     0.222952    -0.326188    -0.945205    -0.574493    -0.463213     0.646871    -0.367927    -0.526055     0.209691    -0.236575     0.312104     0.818934   -0.0129445    -0.577176    -0.373043     0.220245    -0.205486    -0.327569     0.264118    -0.195278     0.351874    -0.655613    0.0874127     0.180212     0.290306    0.0645493     0.354349    -0.767548    -0.158351     0.323534     0.257123
   -0.310717    -0.802403    -0.631672      0.75023     -1.24104     0.393102     0.515691    -0.364698    -0.268264   -0.0562429     0.139701     0.246161     0.132761    0.0922642   -0.0206966     0.378491    -0.161065  -0.00422522    -0.135095    -0.170564     0.225185    -0.485263      0.20621     0.285592     0.381351     0.515675     0.490071      1.08978      1.15518    -0.364016    -0.653954     -0.29361
   -0.394178      0.02081     -0.38412    0.0603866   -0.0675643     -0.35975     0.270648     -1.08017     0.182989     -0.32962   -0.0389041     0.357167     0.203229    -0.629032   -0.0567154    -0.201817    -0.438757    -0.715653    -0.163993   -0.0847575       1.3149    -0.065959    -0.062619     0.311609     0.290313    0.0518135     0.235868     0.952199     0.730188     0.266556     0.173296     0.511106
   -0.278214   -0.0716125    -0.506634    -0.387227     0.622215     0.322476    -0.429823    0.0333016   -0.0795137    -0.617961      0.51461    0.0796681     0.505208     0.505386     0.113705    -0.236789     0.134628    -0.824787    0.0355547     0.461689     0.954926     0.550308    -0.422441     0.334499     0.183088    -0.664117    -0.070813     0.404238     0.542188    0.0799382    -0.405275     0.160953
    0.193943    -0.422103      0.55145   -0.0701501   -0.0935328    -0.364185   -0.0371326    0.0101786      0.30286    -0.588953     0.153836    0.0940328     0.140148      0.48027    -0.116366     0.176968     0.942718     0.388395     -0.40081    -0.176528     0.451497    -0.699856    0.0480029     0.250606     -0.64031      0.32659    -0.751025    -0.063594     0.321957     0.570247    -0.568645    -0.191495
    0.265944   -0.0008437     0.794456    0.0288421    -0.368143     -0.21807    -0.657349     0.320164    -0.443222    0.0766609    -0.537338     0.586501     0.136527     0.146592     0.337339    0.0804275    -0.965181     0.498339    -0.375941     0.169982    -0.771294    -0.611937     0.158579    -0.677508     0.156701    -0.133833     0.509948     0.390704    0.0105839    -0.120809    -0.959178    0.0764538
    -0.52767     -0.70288    -0.106183      1.09876     0.785088    -0.132495     0.752909    -0.353211     0.208672     0.368237    -0.194694     0.214816     0.229261     0.274358    -0.198963     0.854065    -0.568864    -0.712045     0.317938    -0.367906      1.11839    -0.255982     0.465736     0.455095     0.183721    -0.447196    -0.476528    -0.126518     0.803634    -0.475196    -0.441796     0.605323
   -0.216592    -0.102253     0.378355     0.192039    -0.630051    -0.551632   -0.0124039   -0.0516031    0.0965165     0.230728     0.131198     0.143251    -0.223721    -0.295127     0.122109     0.223496     0.465893       0.0784     0.408295     0.809385     0.320494     0.419505    0.0855286     0.114211     0.475617     0.592971   -0.0320787    0.0342662     -0.19398    -0.121045    -0.250219    0.0283311
   -0.948699    -0.745156     0.236008    -0.597222    0.0398804    -0.342776     -0.24467    -0.865782     0.771385     0.183296    -0.351858   -0.0868842    0.0660895    -0.422511    -0.499334     0.919976    -0.921906     0.622861     -0.65499   0.00781445     0.359994     0.102074    -0.497144     0.181823    -0.140753    -0.380822     0.341159    -0.188424     0.100631     0.766915    -0.501145     0.763277
    0.442739     0.464195    -0.305485    -0.269669   0.00823749     0.258174    0.0934166      0.46721    0.0843399      0.63013    0.0807758    -0.644665     0.118151    -0.355978    -0.109357     0.543612     0.763307     0.434084    -0.955078   -0.0389593    -0.810957    -0.264142   -0.0861286    -0.487482    -0.161974     0.385608    -0.678589    -0.749765    -0.787909   -0.0312496       1.0797    -0.826075
   -0.352809    -0.178447    -0.262448    -0.192822    0.0437676   -0.0834199   -0.0275721     0.234386    -0.373692     0.281125    -0.257024    -0.404006     0.367482     0.530899     0.104771     0.169841     0.458238    -0.283311    -0.665443     0.149283     0.235753     -0.24439     0.256746    0.0615792    -0.297669    -0.447626    0.0521121     -0.34244     0.209244    0.0879101     0.139013    -0.307433
    0.492056     0.647657    0.0656741      0.12078     0.453051     0.372036    -0.318597     0.309842    0.0937881     0.378587     0.123988    -0.297451    -0.606712    -0.274683    -0.153117     0.515099    -0.120197     0.738484    -0.535843     0.453003    -0.604153     0.131527     0.545409     0.515171     0.145789    -0.239213    -0.440879    -0.193996     0.382626     0.156493   -0.0997925     0.123162
    0.620178     0.119195    0.0748542     0.539271    -0.231686   -0.0769591    -0.550282      1.09806    -0.657015     0.445108    0.0483383   -0.0864839     0.774016     0.167115     0.345099    -0.263647     0.265942     0.689183    -0.120936    -0.701902    -0.675527      0.21759     0.755313     -1.02252     0.361859     0.447283     0.134432    -0.189651    -0.379344    -0.357163     0.244014    -0.179109
   -0.130485     0.365052    -0.139427    -0.119635    0.0463109    -0.124196     -0.18018    0.0271201    -0.292408      0.13193    -0.224129     0.407464     0.399562      0.43745    -0.438069   -0.0813153    -0.303201     0.343689    -0.571882     0.150186 -0.000573277    -0.320981     0.262498   -0.0465239    -0.337181   -0.0109318    -0.350351     0.240061   -0.0393124     0.316764    -0.197801    0.0770713
