 -1.41348
  -1.1133
 -1.57737
 -1.28913
-0.423614
-0.569543
 -1.02356
 -1.40623
 -2.02537
 -1.34917
 -1.82337
-0.963798
 -1.61004
 -1.81894
 -2.16526
-0.565982
 -2.49843
-0.624368
 -0.67804
 -1.02342
 -2.42429
 -4.28995
-0.718262
-0.667439
-0.976721
 -1.58181
-0.577692
-0.856215
 -2.23671
 -1.62867
 -1.70777
 -1.41353
 -1.08986
-0.539048
 -1.72033
  -2.1046
-0.945429
-0.938132
 -1.20125
-0.788439
-0.384658
-0.798117
-0.957224
 -1.45601
 -1.47678
 -0.73787
 -1.88983
-0.908187
 -1.69611
 -2.09066
-0.730197
-0.910846
 -1.67994
 -2.04164
 -1.88795
 -2.30648
 -1.74971
-0.743816
 -1.16298
 -1.36735
 -1.34599
 -0.88869
-0.745285
 -1.52265
 -1.14082
-0.966015
-0.709157
 -1.97512
-0.656646
 -2.96447
 -1.44235
-0.697885
 -1.48006
 -1.39763
-0.416986
-0.974888
 -1.27472
 -2.52389
-0.760393
-0.988879
 -1.12348
 -1.47955
 -1.15439
 -1.00465
-0.852773
-0.930217
 -1.26297
 -1.21553
-0.886307
 -1.58224
-0.858947
-0.517654
-0.876491
 -1.07214
 -1.29461
-0.483762
 -1.82102
 -2.14967
 -1.38551
 -1.28205
-0.882116
 -1.26259
 -3.57248
-0.944738
 -1.38369
-0.570194
-0.767911
-0.902928
-0.521084
 -3.19886
-0.541662
 -1.78795
 -1.15298
-0.853273
 -2.96438
 -1.63316
 -0.86237
-0.158694
-0.435345
 -1.06358
-0.766542
 -1.37352
 -1.54209
 -0.70392
 -1.16002
 -1.28263
 -1.48705
 -0.73499
