    0.237466    -0.368786     0.436621     0.292036    -0.247606     0.359608    -0.455887    -0.480997     -0.48982    -0.286754     0.100139     0.238474   0.00699871     -0.37225    -0.113253    0.0433392     0.147127    -0.356567    -0.102253      0.15248     0.570206   -0.0896115      -0.3581     0.201095   -0.0285967     0.807529   -0.0747055    -0.843328   -0.0562848    -0.308467    -0.106055     0.100732
   -0.142088    -0.208962   -0.0766469    -0.416785    -0.780705      1.03025     0.149144   -0.0679525    -0.161728      2.09029    -0.279943   -0.0613986     0.208566    -0.430958     0.487948     0.627682     0.379051     0.218922     0.687744     0.363793     0.118918     0.178922    -0.325215     0.247392     0.130243      0.13566   -0.0631021     0.164332      -1.2352   0.00377595      -1.0149    -0.483918
    0.552889    -0.356211     0.175756    -0.534538     0.445703    -0.636451    -0.700049    0.0463452    -0.560546     0.287879    -0.215955  0.000486807   -0.0746613     0.320223     0.297079     0.221951    -0.356442    -0.522277    -0.949642     0.610494     0.444186    -0.677016    -0.123131     0.411733    -0.109246     0.516576     0.127558   0.00375325    -0.384373    -0.255887    0.0471343     0.392298
   -0.623681     0.281407     0.110002      0.69489     -0.49655    0.0651907    -0.169413     -0.32443     0.652957      1.04793      0.40361    -0.239055     0.256867    -0.529206    0.0749953    -0.285183   -0.0286203    -0.490048     0.693728    -0.491208     0.788429     0.162111      0.23355    -0.416112      0.46246    -0.171254    -0.216767    -0.842059     0.630522     0.142054    -0.925575     0.242136
   -0.414809      0.77786     -1.22929     -1.00866    -0.388655    -0.396385  -0.00156988     0.328755     0.431717     0.630001    -0.165512    -0.636284   -0.0757587     0.382277     0.541516     0.701159    -0.226026     0.175757  -0.00334899     0.873966     0.720562     0.288573     0.851173   -0.0460372     0.216313    -0.843919    -0.194459     0.503059   -0.0543767    -0.491963     0.262168    -0.802464
   -0.536894     0.263965    -0.179364    -0.814891    -0.988482      1.54256     0.539565    -0.498112     0.203806      2.38753     0.370028    -0.570593   -0.0680257     0.618358    -0.612782     0.146856     0.771477      1.27654     0.433613     0.302631     0.529578     0.579083    -0.257527    -0.381902    -0.619331    -0.797134     0.213805     0.349274    -0.198262    -0.266787   -0.0353713     -1.25091
    0.323695     0.284005     0.935107     0.440086    -0.816016     0.982489     0.163854     -0.26138     -1.37054      1.36894     0.187439   -0.0688162      1.07605    -0.446658      0.20944     0.175064     0.397624     0.529763     0.767734    -0.224053     0.571013     -1.69619     -1.55305      0.92264     0.964397   -0.0331531    -0.493729     0.120018     0.480629     -1.61195     0.174073      0.22409
   -0.233328    -0.220489    -0.291934    -0.541075    -0.878048     0.286708   -0.0708667      0.11059     0.012514     0.349056   -0.0178409    -0.660675   -0.0218054     0.439394     0.290791    -0.407702    0.0105966   -0.0987237    -0.350816     0.229123     0.217713     0.384612    0.0997517     0.371904    -0.529358    -0.556864    -0.418506     0.341065    -0.304808     0.559529    0.0498508   -0.0343143
   -0.333949   -0.0122252    -0.411719    -0.400471    -0.213705   -0.0341046     0.528588    0.0466806     0.359844   -0.0295201    0.0776353    -0.149608     0.801746   -0.0394305    -0.225157     0.190777    -0.138449    -0.495818    -0.449132    -0.426665   -0.0303989     0.736146     0.409479    -0.767071    -0.681736     -0.63037     -0.74969     0.513477    -0.752461     0.264098    -0.114838     0.168728
   -0.315771     -1.52919     -1.16639     0.186459     0.200655      -1.8198     0.106497    -0.459449      1.32741       -1.144    -0.381678    -0.535702    -0.171785      0.25482      0.26685   0.00310456    -0.720949     0.243243    -0.290284      1.04289    -0.567333    -0.152472     -0.41135     -1.17123    -0.449587     -1.01887    -0.741363    -0.100827     0.497149     0.650959     0.916833    -0.889597
   -0.290555     0.336109        0.382    0.0145408      0.44105    -0.143434     0.166891    0.0428493     0.167319    -0.631213   -0.0358626     0.183007    -0.366331     0.601936     0.815519    -0.144351    0.0436605     -1.01569  -0.00438916     0.027549    0.0872162     0.859745     0.257752    -0.279047   -0.0137354     0.409036    -0.338043      0.80003     0.168782    -0.238489    -0.260427     0.221044
    0.764418     -1.01477     0.448726   0.00393938    0.0546532    -0.657636      0.64072       1.2218    -0.961447    -0.808284    -0.281223     0.346889     0.382625     -1.39805    -0.409044     0.517292    -0.744059   -0.0319846     -0.27107    -0.737708       1.1431     -1.31168     0.406205      1.13128   -0.0326953    -0.137407     -0.30413     0.773246     0.363025     -1.14398     0.302346      1.05639
    0.390013    -0.306022     0.255859     0.747739    -0.549832     0.497224    -0.430712   -0.0452795    -0.315828    -0.266932     0.385184     0.247646    -0.679451    -0.398128     0.158624     0.146978     0.307163     0.370148     0.302064   -0.0129696   -0.0903967     0.042528    -0.190683     -0.21468     0.250353     0.639106      0.56592    -0.571362    -0.119408     0.114098    -0.368302     0.183906
    0.166623    -0.431854   -0.0830974    0.0672193    -0.931979     0.534626     0.220718    -0.825082    0.0117881      0.52424    -0.555566    -0.266923    -0.491863    -0.233547     0.347432    -0.278309    -0.111359     0.554481      1.12954    -0.341058     0.557432    -0.416162   -0.0156433    -0.165354     0.380203    -0.736741     0.362481    -0.731173     0.771395     0.100562     0.619834    -0.121958
    0.647974    -0.373764     -0.75744    -0.801492 -0.000880314     0.392693    -0.107927   -0.0165068     0.400074      0.13079     0.568411    -0.319957     0.310011     0.206208    -0.373022    -0.059978      0.37377     0.533341    -0.365646     0.980334    -0.214974    -0.699042     0.383178     0.714313    -0.272895    -0.262913     0.343319      0.11132    -0.155773    -0.206961    -0.254172    -0.983427
    0.264238     0.260967     0.367974      1.18264     0.510008    0.0850981    -0.188942    -0.450209    -0.301796     -1.40505    -0.161604     0.391085    -0.339518     -0.50745     0.585877    0.0518472    -0.360719    -0.311497     0.551219    -0.563757   -0.0349271     0.325254    0.0505931    -0.100424     0.835059     0.426917     -0.47023    -0.463897     0.623509    -0.711277    -0.512762     0.631741
     0.60344   -0.0663814     -0.28979    -0.301838     0.870658   -0.0583034   -0.0672956     0.716101     0.237794    -0.716746      0.36582   -0.0959516     0.107473     0.412326     0.185516     0.245646    -0.347182   -0.0211415    -0.404555     0.240862    -0.699572    0.0363362     0.335587    -0.222227    -0.176629     0.109484     0.342671     0.359882     0.101017   -0.0562735     0.497663   -0.0800717
   0.0891445     -0.12684    -0.389359     0.575101     -0.28653    -0.438278     0.192402     0.564389     0.474461     -1.55539    0.0278992     0.131005   -0.0658908   -0.0354135    -0.442301     0.565778    -0.641784   -0.0498502     0.255722     0.506708    -0.173416     0.696619     0.399663    -0.986805    -0.400561    -0.199375     0.233167     0.331092     0.560213      0.77814     0.206937    -0.584174
   -0.446107     0.560941     0.699895     0.536254   -0.0908431    0.0211607    -0.399572    -0.150215     -0.04838     0.737468    -0.246729   -0.0952659     0.017263   -0.0543397    -0.232322    -0.242721   -0.0731977     0.255233     0.683671    -0.785068    -0.566587    -0.464181    -0.488375    -0.548036     0.634899     -0.11612    0.0431664      -1.1006   -0.0286697     0.181959    -0.120972     0.288855
    0.118918     0.587249     0.363065    -0.074144    0.0137822    -0.490454    0.0707948    -0.349444     0.447311     0.162802    0.0675969    -0.282769     0.576581   -0.0869941    0.0879196    -0.334621   -0.0651115   -0.0192086    -0.275165    -0.533311    -0.105227     0.379062    -0.869161     0.466339     0.321974    -0.941186     0.138717    -0.231608     0.550378    -0.462085     0.062217  -0.00892358
    0.565682    -0.199512    -0.562833    0.0484307      1.27838    -0.807171    -0.243768     0.721329     0.373823     -1.43076     0.921368     0.556543    -0.411579     0.495859    -0.269445     0.421115    -0.403872    -0.816141    -0.425152     0.426356    -0.170721     0.318324      0.94928    -0.834025     0.279075    -0.144689     0.409407     0.648898     0.702112    0.0716057     0.464028     0.305725
   -0.891016     0.192066      0.23681   -0.0946335    -0.396707     0.384843     0.402049      0.53396     0.407612     0.422182   -0.0445544   -0.0837363    -0.250583     0.421096    -0.734682    -0.102151   -0.0367461      0.17343      0.98345     0.487981    -0.153911     0.722179   -0.0245524    -0.459164   -0.0498376     0.603979      0.28169     0.780079     0.336587     0.442972     0.169432    -0.571001
    0.272288     0.485121    -0.349474   -0.0453236    -0.288162    -0.325761    0.0678754     0.158782    -0.152412     0.759308   -0.0728658    -0.312937     0.269305     0.051313   -0.0374265     0.198966   -0.0323791     0.742542     0.197227     0.128743     0.300307     0.281303   -0.0065098     0.168446     0.326424    -0.204831   -0.0548323    0.0327404    -0.164225   -0.0300142    -0.209725     -0.41025
    0.260204     0.164648   0.00735884    -0.751491    0.0962231    0.0097302     0.630521    -0.161328     -0.14421   -0.0977168     0.572902   -0.0637674     0.434179     0.203428     -0.23932   -0.0485325    -0.395989    -0.116301    -0.183854      0.25587    -0.230787     -0.27853    0.0498104    -0.384099    -0.211906    -0.202987     0.277379   -0.0830257   0.00638604     0.254475     -0.03465    -0.282711
   -0.193272     -0.26755    -0.457919    0.0757827      0.55708    -0.591328     0.312599     0.934911     0.876712     0.452022     0.817673     0.243585     0.431328     0.218132    -0.720785     0.220846    -0.462759    -0.396198     -0.13209    -0.151558      0.21846     0.281653      1.11779    -0.374171    -0.372648      0.94674      0.12002     0.610525      1.17754     -0.25038     -1.05069     -0.53717
    -1.37105    0.0850272      1.02738    -0.355858    -0.831768    -0.110847      1.20307    -0.641372     0.187702      1.16016     0.459689    -0.280263     0.241983    -0.944348      1.06719     0.484069     0.086676     -0.49048     0.483729    0.0400584     0.031278     0.440107    -0.201162    -0.848546    0.0684995    -0.974838     0.107565     0.908008     0.656581     0.451996     0.689704    -0.163104
    0.028156    -0.334367   -0.0289137    0.0858402     0.675973    -0.534216    -0.248415   -0.0100955    -0.200633      0.31643     0.559126    -0.160298      -0.1939    -0.302305     0.325031   -0.0533639     0.227402    0.0779463     0.302886     0.391693   -0.0169623     0.448925    -0.482172    -0.163724    -0.435093    -0.185772    -0.112973      0.18281     0.400736   -0.0563859     0.238093     0.475369
   -0.411992    -0.345414     0.303038     0.422305    -0.560211     0.110643     0.275522     0.803334     0.601028     0.627295     0.245276    0.0368321    -0.873097   0.00728302     0.140968     0.761943     0.548176     0.228682   0.00164353     0.678646   -0.0304652     0.315455      0.12844     0.248343     -0.41617     0.164925    -0.512583     0.489719    -0.681411     0.945766     -0.80595    -0.102273
    -0.11736     0.802408    -0.126743     -0.18446    -0.524741     0.562367     -0.13045    -0.554507    -0.254559     0.815626     0.473895    -0.023431     0.117266    -0.390032     0.644125   -0.0702161     0.210324     0.224891     0.487107     0.452975     0.176955     0.121564    -0.260979     0.117201     0.145735    0.0277514     -0.35485    -0.666084     0.213107    -0.437561    -0.589025    0.0734653
     0.10551      0.13718     0.621184    -0.245394    -0.926686     0.386579   -0.0255578    -0.253066    -0.871021      1.96651   0.00190745    -0.105811     0.546428   -0.0372915    -0.114836     0.472673    0.0324124    0.0847907     0.322801     0.217279     0.152623     -0.18233    -0.229614     0.375953     0.236801     0.302997     0.375281     -0.71489    0.0502444  -0.00555204    -0.315725   -0.0646824
   -0.401792     0.230404     0.239126     0.273809    -0.822942     0.447244     0.377345    -0.394151    -0.173076     0.879051      0.43518    0.0531054     0.750048    -0.194037     0.214552    -0.111643    -0.294158    0.0544582     0.671384     -0.13558    -0.400955     0.888411    -0.228942    0.0452033     0.736178     0.350117    0.0801356    -0.180158    0.0924995     0.192744    -0.442851    -0.446015
   0.0986612    -0.427199     0.423357    0.0312963    -0.858401     0.891901    -0.448651    -0.596202     0.332833      1.16879   -0.0881117    -0.467578      1.19661    -0.266808     0.146948     0.224157     0.713361      1.08185     0.650368   -0.0972388      0.18664    -0.924608    -0.126251     0.513698     0.368716    0.0243801    -0.209375     -0.11165    0.0740652    -0.199285    -0.284523    -0.141248
  -0.0709444      1.01473   -0.0424394     0.763742     0.374474    0.0469771     0.362458     0.231834     0.804448     0.530807   -0.0224434     0.531136    -0.146787   -0.0694384    -0.207595    -0.650654     0.399067   -0.0864677     0.490137    -0.328721       0.5058     0.851177    -0.259762    -0.640806      0.25598   -0.0985512    -0.450079     0.131608    -0.038734    -0.214999    -0.532886    -0.370414
    0.490424   -0.0752243     0.188786     0.403049     0.989613     -1.48401     0.436121     0.341433    -0.521351     -3.07604    0.0680993     0.709292    -0.102347    -0.681976    -0.279611   -0.0923385     -1.65036     -1.13853    -0.277825    -0.140216    -0.272011    -0.683162     0.109987     0.780457     0.616212     0.941971     0.294844     0.112921     0.160799     0.799539     0.480759        1.009
    0.278024     0.128993   -0.0501302    -0.126756     0.187688    -0.251749     -0.35289     0.274959   -0.0211222     0.225372     0.209086  -0.00534573    0.0679609     0.207877    -0.527133     0.315178     0.543461     0.160205    -0.253704     0.626648    0.0263425     -0.12542     0.251136     0.201984    -0.198931    0.0261362   -0.0417967    -0.159002     0.150405    -0.355921    -0.560134    -0.562734
   -0.233097     0.137978      0.19043     0.184349    0.0774229   -0.0271477    -0.194625    -0.369153    -0.325286     0.144338    -0.349431    -0.158873   -0.0123954    -0.442918     0.118432    -0.351806      0.29785   -0.0443477   -0.0157287     -0.54063    0.0898417     0.442453     0.263199    -0.203745     0.559426     0.491067    -0.330419   -0.0218938    0.0510512     0.402919   -0.0575916     0.994629
   0.0693109    -0.323647     0.493643   0.00300296    -0.339951     0.483637   -0.0458493     -0.23844    0.0261872     0.620052    -0.466006     -0.14353    -0.294526    -0.402468     0.269841    -0.896213   -0.0346422     0.385327    -0.093031    -0.500042     0.774467    -0.160739    -0.198912    -0.246311     0.403624    -0.254374    0.0553256     -1.05755     -0.51975     0.300454    -0.592419   -0.0966717
    0.556589     0.283966    -0.250031    0.0843127     0.074928    -0.400974   -0.0430338    -0.253442    -0.229602    0.0552422    0.0676991    -0.582241    0.0160092     0.246853      0.34872     0.161606    -0.230354 -0.000857965    -0.231997     0.342272     0.226602    -0.185449      0.41594    -0.317252      0.11598    0.0228272    -0.423991   -0.0785147    -0.171857    -0.159516     0.114968    -0.445889
     1.02075     0.726647   -0.0183419     0.305909      0.74774    -0.437895     0.115762    -0.351881    -0.879725     -1.58706      0.15572      -1.2113    0.0369394    -0.292607     0.845872    0.0456621    -0.430822     0.227646     -0.28766   -0.0228226    -0.011154    -0.295081    -0.305265      0.17622     0.557372    -0.962243     0.168588    -0.113553    -0.127791    -0.315207     0.581972      1.02058
  -0.0106467    -0.784416    0.0013482    -0.310021   -0.0653807     0.320071    -0.114604     -0.34568    -0.109509     -0.37062    -0.170345    -0.314166     0.459117    -0.239768   0.00286054   -0.0783058   -0.0416657    0.0170853     0.511985    -0.630648   -0.0813912     -0.91692     -0.54101    -0.122957     0.478277    -0.339467     0.300234    -0.826599    0.0514566    -0.354703   -0.0369603     0.174186
    0.201246     0.308538   -0.0959733    -0.269548     0.288029      0.11256  -0.00258611      0.18538     0.434136     -1.20993    0.0966747     0.319812       0.1093     0.278829     0.282729   0.00712371    -0.109983    -0.375275     0.178855     0.308831    -0.683759     0.432688    0.0149382    -0.674565   -0.0733787    -0.704699     -0.67728     0.443237    -0.158997    -0.455712      0.12415     -1.13306
   -0.584972      1.36632     0.176001     0.404416      1.22563    -0.461946     0.476945    0.0189296     -0.28992    -0.412111    -0.818534     0.411233    -0.241577    0.0490457    -0.923967     0.227445   -0.0565697   -0.0373934      0.27986     -1.10352     0.421414     0.879833   -0.0375318     0.445156    -0.457443     0.138764     0.231082     0.191598    -0.198967    -0.835386    -0.375488     0.825204
   -0.728966    -0.166945     0.608924     0.744974    -0.981184     0.923051     0.174199    -0.616874    0.0340478      1.15947     0.103375    -0.386061     0.730006    0.0249186     0.878263   -0.0173861     0.314253     0.202976     0.118707   -0.0898346     0.161611    -0.248911    -0.104719     0.367879     0.131792    -0.403545    0.0365891    -0.545933     0.029387     0.862204  -0.00973612     0.511279
    0.255192   -0.0127844     0.298209     0.279609    -0.100556    0.0919557     0.152736     0.211032    -0.209304    -0.573676    -0.226604     0.597113      0.71847     0.275382    0.0313398     0.532498    -0.491466    0.0188529     0.303207     0.155129      0.59452    -0.243063   -0.0737547    -0.376496     0.123508    -0.731094    0.0749902     0.431162     0.146307     0.281775    -0.214551    -0.295673
   -0.645982     0.144985    -0.423395    -0.289698     0.210902   0.00293848    -0.337676    -0.578153     0.107738     0.116001     0.125894   -0.0843547   -0.0957457   -0.0894272   -0.0235346    -0.494219      0.46004    0.0736511    -0.434007      0.35051     0.875203     0.347501    -0.325109    -0.615656     0.639109   -0.0580842     0.016777    -0.497562    -0.308698   -0.0117712    -0.402115     0.436572
    -1.33309     -0.41493     0.684739      -0.3415     0.251705    -0.257456     -0.22093     0.174615     0.322742      1.16981     0.339806   -0.0540956    -0.255647     0.228833    -0.333875     0.304698     0.274767     -0.44508    -0.209864    -0.658784      0.61353     0.639179     0.750804    -0.477746   -0.0437053   -0.0167134     -0.13434     0.337656     0.600809     0.147341     -1.23861     0.117528
   -0.536193     0.247435      -0.1918      0.28223    -0.640506      1.08492    -0.261468     -0.98561     0.109174     0.803891   -0.0412568   -0.0857386     0.749007   -0.0949836     0.780166    -0.143672     0.101943     0.138484     0.332543     0.255216    0.0607368     -0.65768    -0.205772    -0.288017     0.776491     0.214585     0.065958    -0.658947     0.387248     0.389799   -0.0538962    -0.663017
    0.397448     0.318389     0.740521    -0.572018    -0.641792     0.198577     -0.47179     0.102675     0.337855      1.30074   0.00267749    -0.538755     0.277759     0.916047     0.236146     0.215926     0.653499     0.380027     0.499033     0.521444     -0.28496   -0.0875244     0.205354     0.693558     0.718748    -0.079107    0.0938862     0.239313    -0.340568    0.0275989     -0.64692   -0.0818293
    0.643846     0.342453     0.521205     0.359765     -0.14434        0.399     0.777305    0.0339943   -0.0458589     0.115946    -0.370478    0.0156106    0.0555017    -0.135785    0.0297903   -0.0262173    -0.058198     0.124426      0.34645    0.0199428    -0.456037    0.0283851    -0.295796     0.970622    -0.249378     -0.24721    -0.352915     0.417337     0.040814     0.013898      0.58835     0.364761
   0.0396927    -0.254465    -0.399198    -0.417326     0.641646    -0.449451     -0.35711    -0.214162   -0.0205565       -1.019     0.102453    -0.182202     0.963771    -0.141671    -0.063002    -0.131077     -0.32614    -0.528791    -0.574203    -0.254605    0.0804838   -0.0360804    0.0475413   -0.0529512     0.139271    -0.049264     0.181501    -0.295982    -0.170153     0.313497    0.0163226    0.0426986
  -0.0932498     0.145505   -0.0634807    -0.072889    0.0203765    0.0938068    -0.068395    -0.161845    -0.133914     0.101897   -0.0218056    -0.139763   -0.0314715    0.0341659    0.0722564    -0.322352     0.126254     0.370438     0.165145     0.735537     0.552839    -0.502019    -0.154865     0.165179   -0.0394903    -0.464311   -0.0519267    -0.226993    -0.192467     0.105021     0.196602      -0.4405
   -0.133766     0.131717    -0.227699     0.236514   0.00703543    0.0464404     0.249087     0.206322 -0.000993374     0.106198     0.234742    -0.200614     -1.49839     0.139247    -0.567701     0.247559   -0.0210475     0.118156     0.308541    0.0584313     -1.21777     0.836144    -0.470497   -0.0359587     -1.73555   -0.0694771    -0.441986     0.745424     0.134137    -0.131738     0.692778    -0.352315
   -0.144261   -0.0253958      -1.2031    -0.140349     0.306917    -0.193887   -0.0133201    -0.101762     0.281865    -0.280771     0.214067     0.153241    0.0687089     0.322108     -0.22865   -0.0775263      0.09462    0.0923643     -0.68324     0.538621    -0.291927    -0.173698    -0.193997      0.35722    -0.211741    -0.235023     0.333282   -0.0626301     0.289432     0.205711   -0.0234114     0.292704
    0.199672      1.15011     0.170639   -0.0872876     -2.12946      2.78765     0.169786    -0.538069     0.235905      3.45882    -0.275063    -0.581018     0.126881     0.778834     0.208424      0.29114      1.34543      1.77173      1.91196     0.291305     0.142006    -0.336063     -1.35235    -0.130322     0.220189    -0.466994     0.668896    0.0824625   -0.0803841     0.395483    0.0666648      -1.0506
    0.278819     0.562987    -0.353274     0.493194      0.33778     -0.32104    -0.606673    -0.178282     0.167607     -0.28572      0.15843     -0.67127     -0.27022    -0.267486     0.516891     0.195574    -0.588913     0.379462    0.0741139      1.14775    -0.368766     0.197517    -0.606504     0.168163    -0.554765     0.638351    -0.685898     0.146404   -0.0225115    -0.240902    -0.245553   -0.0902323
     1.08924    -0.150499     0.835592     0.075407   -0.0955505     0.108343    -0.212038    -0.292969     0.551082    -0.299226    -0.385634     0.129955     0.417554    -0.193156     0.308514     0.186488     0.366988     0.178087     0.222032    0.0193354    -0.640837     -1.20106   -0.0121374      1.63188     0.591691     0.276468     0.446769    -0.143631     0.138292    -0.728014     0.515929     0.350319
   0.0142473   -0.0087718    0.0321284    -0.165391     0.143588    -0.273633     -0.30388     0.321718    -0.473581      1.12939     0.759554    -0.289301    -0.516995      1.18523    -0.757265     0.201374     0.561993    0.0980956    -0.469709    -0.483783    -0.508631     0.529531    -0.373455    -0.438179     -1.09131     0.478646    -0.135296   -0.0788782    -0.184324    -0.181149      0.42241    -0.563465
   -0.422298    -0.443283    -0.657678    -0.570043     0.787703    -0.954037     0.442166    -0.285088     0.407149     -1.20854    -0.279405    -0.844999    0.0684825     0.526537    -0.641532     0.109316     -0.43844    -0.327903    -0.519683     0.329174     0.760148     0.502378    0.0112243      -1.2312  0.000135574     -1.09658     0.167514    -0.368414     0.394988    -0.399111     0.615946    -0.483988
    0.340629    -0.143756   -0.0951187   -0.0480658     0.571127      -1.4336     0.388163    -0.206613    0.0949034     -1.31346    -0.192886     0.309167     0.326889   -0.0268349    -0.728199    -0.127262    -0.372276    -0.445084     0.536329   -0.0782854    -0.286989    -0.345884    -0.403917      -0.1643     0.151735    -0.823336   -0.0488119    -0.302373     0.708103    0.0335021     0.887443     -1.02624
    0.171695     -2.00115  -0.00791103     0.315114     0.199957      -1.1068      0.42607     0.563498     0.683214     -1.70099      0.18811    0.0542835      -0.7859     0.393801     -1.12642     0.122944    -0.531325    -0.293123     0.164948     0.248743    -0.375707    -0.069069      1.07808     -0.18434    -0.648545    -0.799553   -0.0909272     0.931163     0.154484      1.28828      0.61682    -0.511928
    -0.38849     0.736397    0.0156304   -0.0930775    -0.521345      1.16048    0.0486235    -0.103167    -0.384371      1.86697    -0.320917    -0.393159     -1.05049    0.0485208   -0.0384787   -0.0836387     0.337024    0.0207548     0.884975     0.131659     -0.51899    -0.169017     0.034038     0.465563    -0.378975     0.285536    -0.099428     0.514414     0.345241   -0.0781601    -0.116548    -0.132414
   -0.895047    0.0892401    -0.325981     0.356793   -0.0466265     0.286678    -0.425214    -0.249301     0.288622    -0.380437    -0.835394    -0.759419      -1.0244    -0.104088    -0.172534    -0.784979      0.38606       0.1265     0.101788    -0.479062    0.0176816     0.681164    -0.734427    -0.650964     0.652532     -0.36083     -0.15064    -0.310997    -0.544898    -0.850396     0.436765     -0.64851
   -0.448969    -0.129561     0.069906    0.0737881    0.0843703    -0.512749    0.0038433   -0.0382622   -0.0800016    -0.235939    -0.267012     -0.14989    0.0427653    -0.387911     0.244894    0.0361771    -0.130344    -0.335592     0.170292    -0.257997     0.431666      0.40622      0.26721    -0.853642     0.266633    -0.046723   -0.0548171    -0.085412     0.101685   -0.0195411    -0.406178     0.113879
   -0.603728     0.226421     0.627737  -0.00749553    -0.910288     0.978708    -0.303829    -0.524599     0.213041      1.88821   -0.0332177    -0.545957    -0.404134     0.166791     0.338512    -0.307925     0.763534      1.18177       0.4205     0.364794     0.448579    -0.122785     0.109363     0.447426      1.24511    -0.123307     0.705032    -0.738386     0.171128    -0.300214    -0.292349     0.268669
   -0.595333    -0.184271   -0.0564963     0.251308   0.00190046    -0.274953     0.533493     0.787123   -0.0765569    -0.389922    -0.152361     0.291752     0.131496     0.166582    -0.659998     -0.23519     0.143767    -0.645205     0.073963    -0.935892     0.721218      1.03875     0.137814    -0.759092     -0.16815      0.42378     0.103149     0.198892     0.564671     0.245638    0.0391988     0.363331
    0.605082      0.76265    -0.299373    -0.169889    0.0346057   -0.0283526    -0.145245     0.110783     0.711494     0.451553   -0.0790742     0.307592    -0.452641   -0.0639727    -0.240183     0.265397     0.275106    -0.190467    -0.476154     0.900241     0.330373     0.678434     0.285288     0.723298    -0.506978     0.461682    -0.508112     0.249621    0.0388306     0.106267    -0.390513     0.543078
   -0.340207     0.380708    -0.193274     0.771429     -1.08377     0.574527    0.0719769     0.021826     0.503878      1.14583   -0.0288828     0.126552    -0.775115     0.822658     0.192075      0.38487     0.601853     0.256668    -0.317788    -0.638386     0.313175     0.272784    0.0545305     0.122396    -0.119161    -0.185139   -0.0617333   -0.0798824    -0.419606    -0.112828    -0.516422    -0.163993
   -0.836595    -0.348037   -0.0605485   0.00405646    0.0618465    -0.247903     0.923656    0.0698511      1.09048     -0.64508     0.040757   -0.0533361     0.731213    -0.557928      0.47067     0.228222    -0.819661    -0.912083    -0.317904     0.274025   -0.0827248    -0.151313      1.23682    -0.713406     0.485764    -0.121988     0.175305     0.839135      1.36467     0.857455    -0.412609    -0.360254
    0.297512    -0.601671    -0.188673      0.14226      1.00276    -0.355958     0.384318      1.45067     0.056444    -0.222297     0.202229     0.660195    -0.517189    -0.871056    -0.590282     0.853937     -0.11633    -0.850033    -0.627637    -0.827251    -0.845699    -0.319721        1.079    -0.179968     -1.11579      1.14875    -0.224127     0.849199    0.0861396      0.42187     0.198355     0.776369
    0.386349    0.0276063     0.261678   -0.0421591     0.500708     -0.32237     0.136041    -0.467096     0.111892    -0.293793     0.228175    0.0108647     0.387061    -0.260416   -0.0253638    -0.270874     0.162235     0.180032   -0.0545127     0.220183    0.0723905    -0.400588     0.194852   -0.0662076     0.377289     0.269913    -0.315859    -0.102975     0.222136   -0.0648874    0.0326502     0.177378
    0.259506    -0.152251    -0.313047     -0.23856  0.000489808     0.551405    -0.208941    -0.102944    -0.309559   -0.0372525    -0.248752    -0.465124     0.192675    -0.494096     0.639468    -0.233666     0.159744     0.358369    -0.180456     0.458216     0.270714    -0.474098    -0.104859     0.588832    -0.135913   -0.0319369     0.434053     -0.35294    0.0345735     0.233359     0.375424    -0.715919
   -0.110094     -0.70099     -1.47492    -0.568738     0.744308    -0.910965     0.492645   -0.0961702    -0.413288     -1.65613    -0.207954    0.0517429     0.272281      -1.1451    -0.167922     -1.57962    -0.168548    0.0431637    -0.817501       1.0112      0.80799     0.136666    -0.214281    -0.850856    -0.131839    -0.556446    -0.210345     -0.24124    0.0800182    0.0969104       0.7289    -0.527233
     1.44167    -0.409509     -2.16302    -0.411852     0.384237     -1.29785    -0.623486      1.17308     0.335147    -0.431379     0.512858     -0.10693    -0.786008     0.971538    -0.351759      0.47558    0.0304449   -0.0617556    -0.858036      1.06712     -1.24959      1.22159     0.682323    -0.476489     -1.54375   -0.0562554      0.60112     0.586694     0.605835    -0.696556    -0.381075    -0.289699
    0.446427    -0.715964     0.911016     0.287353     0.682332     0.187148    -0.593294     -1.04838    -0.664204     -2.79035    -0.292411     0.514865    0.0635773    -0.479989     0.356605     -0.48845   -0.0021929    -0.632151     0.199185    -0.393869    -0.671492     -0.65608    -0.298248   -0.0687889     0.768067     -0.37628     0.412653    -0.435501     0.820713    -0.578395      1.07588     0.765847
   -0.131576   -0.0934415    -0.440907     0.207555    -0.178749     0.247895    -0.304585   -0.0974624    0.0313016      0.22189   -0.0171033     0.156375    0.0459454     0.293067     0.236418    -0.263214     0.274265     0.241654     0.457937     0.378108     0.242815     0.293524     0.254866    0.0421522   -0.0948938     0.151667   -0.0626135   -0.0478851    0.0189514   -0.0275675    -0.414847     0.482428
    0.470128     0.236055    -0.520411    0.0981836    -0.278616     0.292414     0.194029     0.149699  -0.00457599    -0.174274  -0.00543283     0.017227     0.118184     -0.35449   -0.0272464   -0.0810313    0.0406525   -0.0950147     0.233255     0.297315     0.107374    0.0746028     0.152354     0.322395     0.331179    -0.117114   -0.0511447   -0.0116808  -0.00341231     0.213208   -0.0129874   -0.0203271
    0.543698    -0.454618   -0.0746996    -0.694427     0.871426     -0.99058     0.453906     0.254107     0.066916     -1.87747   0.00400789   -0.0547507    0.0743828    -0.957254     0.551463     0.282994    -0.557411    -0.286561     -0.46863  -0.00825369     0.559387   -0.0822042     0.631409     0.731537     0.537572    -0.031446    0.0434585      0.30108    0.0977606   -0.0667988   -0.0168346     0.131604
    0.318879     0.127629    0.0023135    -0.503895    0.0652906     0.093884    -0.331253   -0.0602372    -0.185295   0.00762665    0.0529066      0.46565     0.475674   -0.0946336     0.116252     0.123499    -0.123483    -0.151144     0.399424      0.11939    -0.675893     0.106376    0.0291544    -0.299767   -0.0794837   -0.0653082    -0.143251    -0.198851    0.0879746     0.331152    -0.495626   -0.0388582
    0.590664    -0.345544    -0.406906     0.132226     0.364498    -0.739238    -0.091656     0.432054   0.00788535     -1.15766     0.224143     0.077053    -0.473888    -0.332385     0.527388    0.0622222    -0.274235    -0.464322    -0.653294     0.195669     0.461561     0.453247   0.00260313    -0.227664    -0.318965     0.976925     0.247298   -0.0173621     0.407027     -0.38444    -0.160135     0.681163
   -0.743648     0.410015    -0.488425     -0.14877    -0.419155     0.166245   -0.0942023     0.374083     0.139778     -0.13698    -0.113351     0.296994    -0.557274    -0.149022   -0.0980627     0.277299     0.348406     0.132307    -0.333082    0.0867916     0.470717    -0.119837     0.165066    -0.802923     0.200218   -0.0730408   0.00697327       0.6534    0.0569379    0.0861062     -0.49391    -0.396318
    0.755366    -0.132895    -0.263793   -0.0230801     0.309451     0.402679    0.0332072    -0.263942   -0.0244108    -0.583774    -0.358441     -0.15049    -0.260225    -0.400539     0.109298    -0.373658   -0.0747213   -0.0247133    -0.297919   0.00756163     0.156215   -0.0435885    -0.403482     0.597756    0.0562097   -0.0985669    -0.286473    -0.807849    -0.410144     -0.26381     0.435414     0.792697
    0.169451    0.0330357   -0.0095329    -0.404728    -0.330526    -0.182409     0.253466    -0.259406     0.618953     0.492253    -0.180393   -0.0173119     0.109189     0.503515   -0.0516545     0.374837  -0.00395756    0.0158669     -0.31299    -0.144905     0.330436     0.216144     0.117594      0.35885    -0.461336     0.107122   -0.0438865    -0.146446    -0.339662     0.351847     0.323059   -0.0866376
   0.0225153    -0.153902     0.583468      0.44596     0.961693    -0.664812      0.73843    -0.503248     0.139491     -2.60421    -0.118927     0.405006     0.285469    -0.594168     0.123447    -0.153107    -0.379246    -0.450393    -0.533493    -0.600301     0.163155     -0.61144     0.015963    -0.131311      1.13171     0.355737   -0.0319223    -0.123001     0.237921     0.865036 -0.000251362     0.662249
    0.413697    -0.595326    -0.700578     0.735521     0.709567    -0.413309    -0.304282     0.697698     0.188662     -2.19926     0.180466     0.463344    -0.396011     0.140934     -0.76788     0.407734    -0.334858     -1.15433    -0.313762     0.294168    -0.640769     0.458757     0.428885    -0.709278     -0.47336     0.212198   -0.0557609     0.601591     0.679157   -0.0928487     0.190432     0.305627
    0.107262  -0.00843012   -0.0586213      -0.5027     0.214202     -1.12318    -0.128636   -0.0848748    -0.102528     -1.20016    0.0569772     0.510028     0.763492    -0.015137    -0.636569     0.352881    -0.231975    -0.448316     0.233908     0.282382     -0.50277     0.058322   -0.0117761   -0.0451407    -0.403982     -0.71599    -0.954659     0.791302     0.483151    -0.696289     0.141674     0.115581
    0.453101    -0.147935     0.402781     0.513964    0.0535747    -0.369393   -0.0509798   0.00858217     0.234252    -0.524904     0.287581     0.339597  -0.00126193     0.139452     0.211389    0.0404934   -0.0683452    -0.284631      0.30196    -0.176929    -0.543198    -0.310472     0.136492    -0.125258      0.13354      -0.2126   -0.0333746     0.378649    0.0605101   -0.0827136     0.485938     0.260129
  -0.0491689    -0.141997   -0.0133635     0.122108    0.0279848    -0.203773      0.56909     0.388785     0.169224    -0.515411    0.0661531      0.73755     0.318062     0.699067    -0.278766     0.404631    0.0350675    -0.380163     0.717896    -0.288027    -0.398489     0.762842    -0.207136     -0.95879    -0.302313    -0.141361     0.460134      0.64048      0.43964     0.317851      0.89069     0.211384
   -0.301603    -0.245803     0.317659     0.172031     0.268574    0.0327748     0.634592     0.377215    -0.234407     -0.94944    -0.309876    -0.152583    -0.183427      -0.1455    -0.200549     0.525323    -0.537237    -0.393178     0.370067    -0.371368   -0.0719362    0.0521167    -0.383533     0.225617    -0.338639    -0.204874   -0.0773655     0.309966     0.188666     0.772833     0.366524    -0.219961
   0.0535536    -0.197234    -0.696038    -0.260492     0.040372     0.451612    -0.507054    0.0814987    -0.195387      1.00132     0.429974     -0.29385      0.92093     0.085774     -0.28942    -0.303408      0.12273     -0.20865     0.177836    -0.381344     -0.14535     0.382303     0.498688    0.0683679     -1.12197    -0.463996     0.184461    -0.280021     0.101037    -0.440114     0.346578   -0.0630699
   -0.209447    -0.507305     0.103974       0.2595    0.0192991     0.462208     0.654822    -0.135749    0.0929165     0.435473   -0.0907649    0.0641182    -0.194345     0.769164   -0.0127372    -0.451437     0.204309     0.634842    -0.235687   -0.0764214     0.574929     0.250253     -0.14204     0.466116    -0.366828    -0.191075     0.314731    -0.367469    -0.159393     0.374369     0.100819  -0.00752662
   -0.290616     0.930751     0.578172      -1.0244    -0.284971    -0.473657     -0.11603     0.560484  -0.00333863      1.46242    0.0483442    -0.156438     0.602301     0.531171    -0.181974     0.510397    -0.300695     0.192806     0.794982     0.408832     0.892594      0.23146     0.118651    0.0945142     0.467539     0.460782   0.00771448     0.418676    -0.249607      -0.3965    -0.224356    0.0733488
   0.0393051   -0.0581739    -0.175588    -0.163191     0.399236    0.0863505   0.00930475   -0.0980826     0.296418     0.421202   0.00330763    -0.165945    -0.470157    0.0455724    -0.412845     0.128813      0.40274     0.570268    0.0202538     0.156204    -0.398727     0.689946   -0.0424851     0.108301    -0.996166    -0.645944    -0.083584   -0.0171368    -0.632734    -0.335292     0.449811   -0.0400875
    0.564553   -0.0351172    -0.536316     0.764809     0.920829    -0.635369     -1.18299    -0.434217     -0.39845    -0.595623     0.195917    -0.140484  0.000485372     0.966074    -0.236544   -0.0999287    -0.352426     -0.52902    -0.952007     0.698214    -0.672806    -0.332299    -0.395263     0.324732    -0.713705     0.770696     0.196406    -0.875716    -0.299145    -0.731033   -0.0468981   -0.0101317
     1.02213    -0.108323    -0.162323     0.224415     0.556597     -1.35738     0.396424     0.543601    -0.511901     -1.79821     0.709679     0.246123    0.0480245    -0.560187    -0.713855     0.817396    -0.594499    -0.246122    -0.780478     0.117148     0.298847    -0.802931    0.0801785     0.145575    0.0406265    -0.473151     0.546868     0.487025       0.5488    -0.921017     0.752315     0.561867
 -0.00727275     0.506448     -1.04855    -0.807341     0.522811    -0.489812     0.122231    -0.011655    -0.376681    -0.467503   -0.0324993     0.200564    -0.176335    -0.200101      0.29501    -0.686749    -0.471537    -0.174234    -0.590029     0.014439    -0.493429     0.941799     0.155313    -0.522789     0.416831    -0.592464     0.172478     0.292657     0.315665     0.185891     0.124887    -0.883619
   -0.132838       -0.525    -0.677416    -0.173859    -0.489846     0.511182    -0.425739     0.116267    -0.288203     0.932377    -0.153036    -0.392666     0.637615    -0.130538     0.796752   -0.0278672   -0.0186359     0.624843    -0.375106     0.424545      0.34444     0.154398     0.021475     0.272708   -0.0236014    0.0921572     0.415954    -0.450752   -0.0574813    -0.157712    -0.677696    0.0242807
    0.138327    -0.439139    -0.658011     -0.25331       1.4179     -1.75634     0.218906     0.975544     0.337826     -3.01074    -0.307234    -0.179734    -0.958472    -0.332245    -0.475411      0.34187    -0.428705    -0.831177    -0.792285     0.054235    -0.415662     0.556087   -0.0602631    -0.419628    -0.696745    -0.483524     0.238469      0.72804    0.0371449   -0.0164245      0.73901    0.0113861
     1.18883      0.24223     -1.13598      0.21283     0.506008    -0.295414   -0.0305366     0.266344     0.242213    -0.590385     0.209738    -0.228688   -0.0156779     0.570426    -0.213414     0.487691    -0.379913   -0.0646583     -1.04549     0.299389    -0.203117     0.788925   -0.0464622    0.0496446    -0.672308    -0.323575     0.041611    -0.213209     0.217563     0.164491      1.14756     0.304303
   -0.546979   -0.0027473     0.164534    -0.200719    -0.742003     0.373866   -0.0755613     0.104329     0.456049      1.24301    0.0912355   -0.0237665     0.474986    -0.162977    -0.248698    -0.205634     0.421692     0.339832    -0.128608     -0.45284     0.129631      0.43742     0.116412    -0.835098    0.0957312    -0.516837    -0.336441     0.166174     0.333399    -0.246439    -0.258041    -0.400973
   -0.313256    -0.162706     0.861379    -0.274642    0.0336556    -0.177737    0.0176834       0.2222    -0.227601     0.508138     0.377334     0.574551     0.381309      1.29327    -0.590835      1.51436     0.982633     0.136964     0.304699    -0.788645     -1.04982    0.0749741     0.198178     0.190548       0.9238     0.882565     0.565891    -0.441416    -0.397095     0.858356    -0.220713       0.1467
   -0.482662      1.34653    -0.197907    -0.139662     0.794606    -0.202662    -0.561006    -0.511419     -0.13811    -0.746055    -0.149553    0.0671058    -0.204731    -0.179552      0.46119    -0.476023    -0.392189     0.211319    -0.631362     0.128483     0.374801     0.701392    -0.601342     0.122741   -0.0277048     0.878358    -0.531727     -0.76334   -0.0737714    -0.598165     -1.08749     0.422243
   -0.238276     0.603299    -0.565478     0.285293     0.712957    -0.278272    -0.227085    -0.080087    0.0209621    -0.280558     0.255967    0.0453675     0.226464    0.0489079    -0.216392     -1.53931    0.0394795    -0.105872     -0.45244     0.367286     0.951628     0.124721    -0.568883    -0.859639    0.0461564     0.636035    -0.782382    -0.546136   -0.0808584    -0.831277     -1.03722    -0.693528
    0.143601    -0.170566     0.197486     0.157605    -0.025693    -0.116336    -0.185242  -0.00333062    0.0103393     0.409275    -0.227138     0.160364     0.200029      0.12168   -0.0635204     0.166489    -0.113851    -0.177115   -0.0281516    -0.157935    -0.430266   -0.0820956   -0.0166565     0.146357    -0.429372   0.00531199    -0.280985    -0.151669    -0.142616    -0.208853    -0.294056     0.191015
   0.0268082     0.726531    0.0303791     -0.28993     -1.12904     0.373103    -0.374419    0.0173764     0.406829      2.26182     0.400239   -0.0521596     0.265009     0.529088    -0.501697    -0.415534     0.754175     0.314496     0.386205    0.0452729   -0.0677744   -0.0884625    -0.179643     0.253836   -0.0532845     0.528967    -0.485087    -0.486762    -0.561717    -0.052612    -0.216324     0.447353
   -0.488479    -0.108287   -0.0170467    -0.902296       1.1187    -0.649735    -0.279097     0.992234     0.135315     -1.57407    -0.223294   -0.0467131   0.00510528    -0.270475     0.363515     0.925201    -0.341244    -0.848678    0.0644285      0.19684    -0.444147     0.340214     0.248396    -0.762256     0.143067    -0.672197    -0.189033     0.916649    0.0115187     0.382088    -0.729418    -0.105584
   -0.192507    -0.431108     0.126656     0.646016     -0.27208    -0.242582     0.114602    -0.205862    -0.359791    -0.952373     0.711475   0.00855536     0.208747    -0.487524      0.14704    -0.480285    -0.564128   -0.0707401     0.282312    -0.494775    -0.173585    -0.224837     -0.35719    -0.384594     0.325091    -0.166363     0.306934     -0.43741     0.709217      0.23767     0.641648     0.604991
   -0.818572   -0.0986782     0.991949    0.0457996     0.309629    -0.208358      0.17559  -0.00924698     0.350983    0.0851472    -0.138143    0.0273477     0.757791     0.190001    -0.715441    -0.121317     -0.29545    -0.069675     0.714737   -0.0522492     0.799042     0.407854     0.568091    -0.283136    -0.219097     -1.18391    -0.524262    0.0183798      0.22168     0.986854     0.533116    -0.106786
    0.484314     -0.34752     0.884618     0.273739     0.223369     0.398088   -0.0455002     -0.37886    -0.137219    -0.320029     -0.15755     0.267759     0.693449     0.124627     0.081134     0.233265   -0.0693911    -0.308433     0.422173    -0.853992     0.156231     0.186282    -0.483995    0.0772737       0.3401    -0.298128     0.177856    0.0823554    0.0338616   0.00283728     0.728813     0.565503
    0.286566    -0.206018     0.342687     0.596571     0.371531    -0.281435     0.115646    -0.432531    -0.186264    -0.151873    -0.233856     0.226581     0.278552     0.348482     0.515077    -0.370332    -0.280136     0.497381    -0.380048    -0.487656    -0.476207    -0.302676    -0.148212     0.995246    -0.369641     0.765702   -0.0289375    -0.810896    0.0196166    -0.365339     0.452193   -0.0206547
    -1.05501   -0.0925939    -0.686186   -0.0810106    0.0628932    0.0841114   -0.0817235   -0.0513163    -0.454025      0.20313     0.424049     0.318736     0.197672   -0.0286074      0.40617   -0.0271601    -0.274689    -0.408698     0.134912     0.459252     -0.10002     0.793522   -0.0116644    -0.626398    -0.749895     0.426157    -0.894583     0.387298    0.0183056     0.068788    -0.880973     -0.90348
   -0.124701    -0.186754     0.975181     0.995762   -0.0890415    -0.351971     0.687001     0.411872     0.389846  -0.00432218    -0.118896  -0.00762566     -1.04278    0.0549535    -0.876016      1.06249     0.179266    -0.067573      0.71936       -0.745     -1.18892  -0.00645924    0.0746486      0.28795    -0.571641   -0.0102945     0.248859     0.359008     0.472182    0.0138822     0.230618     0.748522
    0.727808     0.327257     0.286413     -0.20397      0.62556    -0.842846     0.173281    0.0758906     -0.13051     -1.08554    -0.416307    0.0458392     0.148532   -0.0023529    -0.176512     0.151925   -0.0909985    -0.449286     0.168947    -0.532911     -0.38349      0.38512   -0.0838113     0.135443     0.193358     0.223168     0.448235     0.306086     0.192303     0.315795     0.169933      0.46052
    0.123184     0.228805   0.00117778    0.0970842     0.412803     -0.44608     0.725677     0.607373   -0.0612521    -0.082253    0.0969138     0.411997     -0.43329     0.738887     -1.82319     0.585639     0.197448   0.00402872    -0.487039     -0.65006    -0.918635     0.615097   -0.0177112    -0.392991     -1.10742      1.09423    -0.227358     0.905184   -0.0732323    -0.437681     0.827237    -0.452285
     1.08566     0.326227   -0.0765527    -0.456283     -1.09732     0.469266    -0.937587      0.58323     -0.30604      1.53857     0.103038    -0.447075    -0.479512      1.56882    0.0858136     0.262122     0.460644      1.08057    -0.113987    -0.379856   -0.0974873   -0.0897104      0.22277     0.903542    -0.638569       1.5586    -0.780747    -0.581119    -0.505964     -0.20175    -0.574064    -0.262666
    0.369039    -0.154827    0.0578919     0.102769    0.0989653    -0.493479    -0.876982     0.372271    0.0767099    -0.417931    -0.290151    -0.323033      0.94997     0.396404     0.289052    -0.320502    -0.741167     0.348622    -0.244871     0.370246     0.138248    -0.564636     -0.17487     0.726608    -0.275325      0.60531     0.229398    -0.486137    -0.290989    -0.778076    -0.808288     0.294271
   -0.470779     -0.28262     0.416793     -0.71563     0.545268     -1.21717     0.127695    -0.899688     0.475415    -0.443551     0.136796    -0.688882      1.01265     0.822348     -0.53836    -0.717681     0.022604     0.668492     0.808177   0.00985434     0.641608     0.424332    -0.127053    -0.237245     0.470941     -1.88043     0.111591     0.768079    0.0736541   -0.0385633      1.48731    -0.152113
    0.232965     0.436182     0.466766    -0.326603     0.164815    -0.427722     0.386574     0.211232    -0.286997    0.0242735    -0.287686    -0.475067     0.402696     0.518342     0.304025    -0.942212    -0.295344     0.106981   -0.0982204      0.37696     0.418451    -0.304294   -0.0308273     0.279942    -0.336801    -0.629654   -0.0808475    -0.132736     0.111503   -0.0243447     0.397888     0.226985
     0.35136     0.263368    -0.101096     0.357767    -0.416474     0.812327    -0.125237     0.346855      0.18259   -0.0375983     0.226308    -0.364004     -0.67762     0.359205     0.119627     0.215248   -0.0822127     0.289647      0.06399    -0.294809    -0.849643    -0.148484     0.100319     0.327984    -0.345556     0.704283    -0.212804   -0.0385022     -0.15257    -0.069824    -0.506275    -0.127903
     0.77515    -0.527244    -0.574227     0.511536      1.19663    -0.913074    0.0319504     0.430737     -0.35121     -2.27882      0.31533      0.55222    -0.596653     0.188827    -0.480704    -0.328359    -0.321638     -0.91621    -0.702317    -0.227473    -0.354077    -0.500958     0.676151     -0.10159     -0.52564      0.14537   -0.0836511     0.114014     0.953633    -0.287455     0.488369     0.409181
   -0.516353    -0.107324      1.04502     0.383464    -0.525281     0.507451    -0.208814   -0.0501888     0.212911      1.09607   -0.0607737   -0.0424617    0.0271509    0.0360094    -0.479432    -0.511618     0.592474     0.424276     0.416835    -0.714773    0.0742926    -0.408514     0.272743     0.533634     -0.13421    -0.487646     0.303131     -0.26793    0.0887301     0.433745    -0.388646      1.27756
   0.0667804     0.901567    -0.220913    0.0619726      1.49251    -0.695478    -0.228524    -0.439917     0.450103     -1.70556     0.277047    -0.130806     0.118139     -0.16898    -0.392591    -0.829657    -0.379068    -0.222153    -0.361523    -0.208973     0.151223    -0.153221    -0.332507    -0.660274     0.687937    -0.565655      -1.0779    -0.315771   0.00623824    -0.147362    -0.119128    -0.135027
     1.27817     0.718706     -1.18835    -0.187863     0.979154    -0.879192     0.183148     0.153949    0.0134247     0.013608     0.374417   -0.0559775    -0.519389     0.455068     0.337957     0.439219   -0.0451266    -0.426988     -1.32117     0.913329    -0.939863     0.604961     0.499298     0.783516     -1.70989     0.579303   -0.0350436     0.161839    -0.362207     0.022917    -0.351626    -0.263072
    0.152025    -0.335508     0.103154    -0.303844     0.149087    0.0654413    -0.101677    -0.260937    0.0420363     0.155323   -0.0474971     -0.10034   -0.0289968     0.199086     0.165413    -0.361961  -0.00130343    -0.131094    -0.101812      0.10525     0.382903     0.133337     0.223229    -0.209793    0.0541179     0.028286      0.23256    -0.110453  -0.00831091    -0.126204     0.595231    0.0798699
  -0.0606596    0.0964704     0.180196    -0.239746     -0.47379      1.13326     -0.39058    -0.351856     0.155967     0.660029     0.245022    -0.228499    0.0739415    -0.320299     0.621419    0.0841946     0.320777     0.549888     0.863741    -0.107871     0.276094    0.0945215    -0.127648      0.12269      0.08419    -0.137166   -0.0814683    -0.340087   -0.0487681   -0.0190825   -0.0973135    -0.691608
   -0.278184   -0.0753871    -0.571432     0.291192     0.408861    -0.719691   -0.0019706     0.208531     -0.17227     -0.37223     0.190444     0.245823       -0.138    0.0836253    -0.502786     0.227831    -0.255063    -0.237945    -0.541521     0.266326    -0.119532      1.25025     0.575535     -1.01621    -0.781681   -0.0138507     0.140633     0.377893     0.216741    -0.337186    -0.123234     0.450532
   -0.365583     0.488817     0.615328    -0.482081    -0.917361     0.880566    0.0239321    -0.698718    -0.289929      2.18196   -0.0915157    -0.597249     0.730429   -0.0446033     0.424487    -0.434822     0.711301     0.549231     0.938131     0.214921     0.647699    -0.496327      0.18862      1.01846     0.977575     0.424658  -0.00701192    -0.702382      -0.4678     0.213869    -0.402596     0.201474
    0.411685    -0.316939   -0.0938326     0.397868     0.129315     0.408967      0.49743    -0.095323    -0.439269    -0.812864    -0.375398     0.126558     -0.30814   -0.0565784     0.296356    -0.666803   -0.0880387    0.0213625     0.316112    -0.345489     0.756227   -0.0387959     -0.31461    -0.401956    0.0597433     0.231224     0.164585   -0.0868436      -0.1672   0.00357876     0.458962     0.376251
   -0.111534     0.576112    -0.174631      0.18039     0.353392   -0.0797659     0.178946    0.0223986     0.749505     0.901184     0.357453   -0.0577198     0.237246    0.0798631    -0.229498     -0.39192    0.0386983     0.124486    -0.464559    -0.384501      0.19863     0.302929   -0.0886169     0.385311    -0.113795     0.227955     0.159452    -0.434961    -0.349875   -0.0114607    -0.398759     0.246995
