 -2.21576
 -2.15447
 -1.24825
 -1.31406
 -1.87902
 -1.29854
 -1.29512
 -1.27491
  -1.4573
-0.693675
 -1.33378
 -1.19018
 -1.66022
-0.726923
 -1.81212
-0.788291
-0.844831
 -1.98886
-0.879222
-0.949552
 -1.01996
 -1.65266
 -1.02548
 -1.27087
 -1.13701
 -1.42052
-0.964549
 -1.33341
-0.963108
 -1.39277
-0.972379
-0.853634
-0.847601
-0.971042
 -1.24261
-0.919745
 -1.50744
-0.974265
 -1.59893
 -1.08847
 -1.18661
 -1.17743
-0.941538
 -1.24481
 -1.63105
-0.951396
-0.794093
-0.903492
 -1.17367
 -1.00292
 -1.06266
 -1.01112
 -1.09961
 -1.11791
-0.945929
 -1.16513
-0.778082
  -1.1225
-0.865347
 -1.66412
 -1.15105
 -1.29996
 -1.42722
 -2.13146
-0.944036
 -1.35525
 -2.09676
-0.951818
-0.938704
 -1.20048
-0.889131
 -1.09639
-0.894415
 -1.44006
 -1.63372
 -1.15497
   -1.137
 -1.12039
 -1.65352
 -3.56689
-0.664757
 -2.16071
 -1.17536
 -1.06405
 -1.49151
-0.738021
 -1.13651
 -1.20359
  -0.9252
-0.759964
 -1.42623
-0.905587
-0.971297
  -1.1233
 -0.87272
-0.990648
 -1.07752
 -1.11776
-0.674661
 -1.00084
 -1.90754
 -1.09846
 -1.68241
 -0.76723
 -1.02082
 -1.68835
 -1.56472
  -1.3301
 -1.70162
 -2.03606
-0.804319
 -1.13669
 -1.09695
 -1.39983
-0.905199
-0.798202
 -1.31145
 -1.17173
 -1.08372
 -1.71851
 -1.33254
-0.965966
 -1.44713
 -1.83512
 -1.66431
 -1.33268
-0.976905
 -1.15517
