    0.299643    -0.291508     0.152724     0.838033     0.235221     0.629668    -0.062079    -0.104134     0.226071     0.675129    -0.017141     0.606526    -0.560623     0.477285   -0.0380385    -0.100439     0.486421    0.0595496      0.12283    -0.295814    -0.485278    0.0409295    -0.194416     0.592268    -0.250881     0.319054   -0.0460293    -0.181805    -0.222131    -0.164402    -0.281677    0.0168214
  -0.0477108     -0.16913     0.342635    0.0395873    -0.500963     0.518145    0.0252645    -0.203934    -0.446579     0.533252     0.195442    -0.164542    -0.451116    -0.458763    0.0236134     0.334028    -0.123689    -0.181816     0.591828    -0.701834   -0.0479479    -0.647422    -0.110157    -0.387581    -0.108406     0.102261    -0.231831    -0.365128    0.0861423   -0.0545906   -0.0212967      0.26425
   -0.144298    -0.190598     0.273672    -0.343423     0.171066     0.376817    -0.123207    0.0654756     0.155128    -0.215968   -0.0358277  -0.00151402     0.941999     0.194957   -0.0141218    -0.213054     0.100141   -0.0182967     0.100042   -0.0255123     0.244623 -0.000408116    -0.273194    -0.575473     0.402894    -0.393355     0.102099    -0.165521    -0.163656    -0.191311       0.1776    -0.190156
  -0.0210176    -0.466238     0.230083    -0.378952     0.602354     -0.17675     0.129728     0.357782     0.753781   -0.0768097    -0.701922   -0.0255154     0.412256    -0.233262    -0.104667    0.0678568    -0.563728    -0.550302     0.115945   -0.0577401      0.16256    -0.143223     0.408463     0.259689    -0.320132  -0.00686112    -0.337754     0.205727    -0.090359    -0.404443    -0.152757      0.10936
   -0.181664    0.0853572     0.107951    -0.448305    -0.702178     0.683692    -0.133947      0.10429   -0.0386618     0.939771     0.041183    -0.344129     0.251822    -0.441574     0.449957    -0.110628     0.477149     0.897402     0.170851   -0.0368944   0.00417254    -0.700131    -0.806562     0.542216     0.552721     0.587791    0.0384314    -0.258744    -0.888559   -0.0556546    -0.088326    -0.231135
    0.145092    -0.151056     -0.65426     0.748077    -0.738603     0.765978    -0.720692    -0.141299      0.13078      1.06817    -0.170301     -0.18901    -0.114681    0.0188036     0.177109    -0.226847     0.596797     0.955044     0.480545     0.361922     0.460748    -0.306614    -0.631024    0.0602495     0.215293    -0.254798     0.588476    -0.396784    -0.429307     0.217042    -0.726046    -0.411526
     1.43796    -0.922999     0.152096     -0.11829     0.623498    -0.455748    -0.127289    -0.716798    -0.518617    -0.912824    -0.296274    -0.594513     0.650552    -0.749507     0.594218    -0.570591    -0.197537   -0.0361211    -0.513845     0.287485     -0.26494     -0.46596    -0.507877     0.400364     0.429607    0.0290742    0.0890993      0.17018     0.384795     -0.78737     0.341885     0.400199
    0.723699     0.180895     0.328164   -0.0485863     0.643959  0.000191254   -0.0583377    -0.395806    -0.288823    -0.258453     0.413462 -0.000723482     0.140122   -0.0856399     0.345427   0.00928521    -0.416952   -0.0336358     0.239099    -0.267495    -0.302181    -0.104058    -0.728287   -0.0587964     0.255749   -0.0229482     0.336138    -0.434805    0.0262075    -0.630127     0.667264     0.269981
   0.0366114     0.104177     0.235845    -0.680807    0.0863153     0.359874    0.0106196     -0.27446    -0.340074    -0.119417    -0.240874    -0.432108     0.102985    -0.324048    -0.133204     0.111186    -0.537011    -0.396776     0.298606    -0.665356    -0.244458    0.0253957    -0.225545     0.174402      0.26184    -0.668993    -0.100312     0.164385    -0.261578   -0.0344161     0.167285    0.0011382
  -0.0376885    -0.504537     0.806222     0.093736    -0.176017    -0.410439     0.293109     0.845899     0.784129     0.222811    -0.245096    0.0760543    -0.770048    -0.235644    0.0685334     0.850668     0.196247    -0.454412     0.558709    -0.590178   0.00297207      1.07824     0.267196   -0.0404523    -0.382494    -0.188198    -0.259452     0.662401   -0.0198161     0.627468    -0.319275     0.510534
   0.0859364     -0.14525    -0.351892    -0.270743     0.369213    -0.234349    0.0469435    0.0947936    -0.193462    -0.836569    0.0821101   -0.0108993    -0.257581     0.164049    -0.460081     0.714419    -0.253857    -0.287263   -0.0922603    -0.255393    -0.167229     0.381885     0.612579    0.0961909    -0.127402    -0.262934    0.0960436     0.257617    0.0414746   -0.0235898     0.102551   0.00988727
   -0.258789    -0.391208      0.85713   -0.0832185     0.083155     0.711482     0.361531     -0.13036    -0.436082    -0.323948     0.317966    -0.561011     0.736198   -0.0552565      1.12299     0.671415     0.266931     0.165604     0.269781    -0.601424   -0.0012505     -0.23852     0.571706     0.174892     0.523531    -0.561267       1.2224      0.33966      0.22168      0.58915     0.391575     0.445849
   -0.839618    -0.449812    -0.310024     0.233205    0.0688251      0.51579     0.433716    -0.610789  -0.00762554     0.072631  -0.00282037    -0.358657     0.531281     -0.23201     0.250123     0.341446   0.00779329     0.037814    -0.122416    -0.421382     0.177041    -0.186632    -0.056172     0.168995     -0.24973    -0.281511     0.044477    -0.452709    -0.448283     0.462264     0.200595     -0.54045
      0.1916    0.0591383    -0.591996   -0.0247086    -0.431496     0.763092    -0.377766     0.322969     0.113501     0.150848     0.152255     0.248751     0.335746     0.439229   0.00587903    0.0928089     0.200796     0.252709    0.0252295     0.615023    -0.335652    -0.525644    -0.146896     0.116841     0.171045    -0.295816     0.553385    -0.783747    0.0610371   -0.0295985     0.194089    -0.263409
   -0.189981     -1.79084     0.248253     0.479448    -0.514591    -0.284709     0.108585     0.505452     0.591199     -1.23122     0.158998     0.274761    -0.431229    0.0312833     0.480952     0.390304    -0.112316      0.01248   -0.0576511     0.252326     0.194255     0.522616     0.407134    -0.918148    -0.425802    -0.791015   -0.0745714     0.557814     0.796943      1.12126    -0.229632     0.295823
   -0.647209     0.166275    -0.563042     0.500294     0.180072    -0.770793     0.183942   -0.0941752    -0.199186    -0.721351     0.168757    -0.108944     -1.02624    -0.561129     0.409523    -0.396119    -0.259417    -0.709471     0.276388     0.160571     0.450712     0.860195     0.254887    -0.340953    -0.467883    -0.077609    -0.211146     0.654064      1.01395    -0.319834    -0.202533     0.351919
    0.290643     0.113052     0.223411   -0.0269506     0.542742    -0.584095    0.0511176     0.158927    -0.359806    -0.924976      0.23905    -0.763564     0.123233    -0.381968    0.0594791    -0.705335     -0.33973  -0.00988129    -0.270074      0.16011  -0.00456193    -0.503461    -0.933361    -0.107543     0.263987    0.0541774    -0.406657    -0.397984     -0.34719   -0.0207704     0.120508    -0.279837
    0.316564    -0.576888    0.0399374     0.334365     0.110724     0.576768     0.474397    -0.291381    -0.274813     0.171083    -0.553383    -0.264878      0.17308     0.111362    -0.609677    -0.150278     0.716954     0.188844    -0.106649    -0.575767    -0.142025    -0.140282     0.227028    0.0587134   -0.0492979     0.421159  0.000602252     -0.65943    0.0410936     0.556274    0.0836394     0.524212
    0.239401    -0.036009     0.239152     0.207286    -0.836521     0.748239    -0.280976    -0.507641   -0.0511273     0.700719    -0.162546    -0.260523      1.01049     0.303871     0.980563     0.268534    -0.108029     0.351598     0.647815    -0.293051   -0.0602844   -0.0133295    0.0361855     0.260369     0.475689     0.427415     0.425012    -0.353757    -0.405463     0.389927    -0.478173    0.0802732
   -0.343112     0.106003   0.00521038     0.522973     0.714736    -0.347441     0.142028     0.304004     0.971566    -0.696141     -0.41922   -0.0115896    0.0807835   -0.0292719    -0.162502     0.224179    -0.263472     0.225243     0.278774    -0.228225    -0.178031     0.193312     0.386597  -0.00284851     0.749801    -0.239268    -0.228055     0.642249     0.749239     0.162055    -0.419183     0.306632
   -0.198767     -0.28019     -0.33465 -0.000704018     0.349594   -0.0703267    -0.307384    -0.157769     0.239497     -0.46401    -0.102012    -0.284363     0.151013     0.239259    -0.258048    -0.202589     0.407305     0.479929     -0.49969      0.46776     0.260124    0.0281724   -0.0870424   -0.0726877    -0.621079    -0.354659   -0.0969671    0.0201843    -0.623958    -0.384899    0.0409552     0.440374
     1.04168     0.918785     0.772268     0.155416     0.699106    -0.510006    -0.162342    -0.370389    -0.673727      0.85525    -0.911974   -0.0734001     0.140604    0.0190259      0.96912   -0.0829645   -0.0375984    0.0779091    -0.114779    -0.299782    0.0640351   -0.0716829     0.715592     0.574546    -0.771082     0.277846    -0.189545     0.147451    -0.298207    -0.673033     0.234065     0.915424
   -0.465259     0.515592     0.173171     0.093859    -0.314958     0.106064     -0.40229     0.391531    0.0918022     0.942392    -0.050886     -0.36484    -0.267525     0.130173    0.0663223    -0.224302   -0.0384012     0.718687    -0.427518      0.97716     0.286369    0.0791165   -0.0808272    -0.175923     0.304884    -0.415302   -0.0596552    -0.272903    -0.568939    -0.351513   -0.0349235    0.0735805
    0.436892     0.126438   -0.0719956     0.231341     0.313466      -0.5735    -0.122428     0.402992    -0.664382     -1.09935     0.486377   -0.0335572     0.286063     0.453121    -0.244653     0.252067    -0.362646     -0.32836     0.296484    -0.267638   -0.0303306    -0.659832   -0.0319908    -0.470649   -0.0330451   -0.0657325     0.199872    -0.438457     0.207579     0.161057     0.429299     0.196892
    0.557624     0.279882   -0.0276833     0.141757   -0.0496687   -0.0695281     0.400648    -0.620514    -0.253332    -0.261777    -0.248532    0.0385586    -0.415549    -0.214353    0.0216126    -0.353582    -0.208885    -0.113786     0.470859    -0.392713     0.297589     0.043762    -0.172377     0.159977    0.0372853   0.00927633     -0.13772    -0.489443    -0.502971    -0.063422     0.184453     0.589045
   -0.293507   -0.0667388    -0.702838    -0.297699    -0.575268     0.305452    -0.181598     0.263972     0.387259   -0.0194993    -0.144101    -0.159838     0.412221     0.253313   0.00983139    0.0589499     0.376688     0.613486     0.222208     0.168193   -0.0332156      0.67319     0.256186     0.141485     0.252061     0.748693   -0.0180872    0.0549656    -0.690415    -0.124481    -0.191766    -0.574175
    0.859269    -0.503049      0.46297     0.722818     0.534868    -0.991469     0.241037     0.651716    0.0158754      -1.1303    -0.198538    -0.261652      0.17967    -0.250988    -0.236332     0.710007    -0.137049      -0.1339    -0.364507     0.436019     -1.01114     0.225451     0.353689    0.0726585    -0.229923    0.0346532     0.393551     0.296032      0.27024    0.0269044     0.431486    -0.665544
    0.512836     0.149326    -0.657628     0.214638     0.757795     0.208209    -0.288073    -0.380454     0.158975     0.453929     0.428208     0.776539    -0.465693   -0.0213674     0.453235     0.699739     0.120371    -0.726523    -0.525087     0.810911     -0.12426     0.173129     0.764684  0.000189513     -0.53324     0.393691    -0.118696   -0.0858331     0.534823    -0.134804     0.213327     0.486789
    0.173406     -0.58879     0.194777    -0.453253    0.0633802     0.147922    -0.465085     -0.12393    -0.166431     0.996809    -0.558462   -0.0526629    -0.179072     0.163258      0.17288   -0.0380051     0.442139     0.202952    0.0102634     0.116038     0.232041   -0.0734455    0.0529306   -0.0753558    -0.300124     0.224838    -0.019695    -0.674253  -0.00730659     0.314666     -0.23035   -0.0217902
    0.976729     0.276671     0.491251     0.546747     0.176524    -0.538856    0.0514489     0.161742    -0.710249    -0.929708     -0.37914     0.147294    -0.559985     0.246082     0.251635     0.126036    -0.158409     -0.30389    -0.352478     0.106904    -0.126247     -0.25325    -0.299504     0.354607   -0.0758766    -0.030997      0.49849    -0.256266   -0.0755853    0.0887539     0.398335     0.417394
    0.116322    0.0554565    -0.192244     0.467402     0.173667     0.474665   -0.0817026    0.0288737     0.291043     -0.54242     0.186004    -0.126027    -0.694754      0.20682    -0.271101    -0.103023     0.289927   -0.0942056    -0.248858    0.0621465  -0.00799119    0.0443303   -0.0161455     0.104797    -0.287784     0.149001   -0.0918156     -0.14726     0.220176    -0.251434     0.118616     0.168686
  -0.0132996    -0.570066    -0.482056    -0.454928    -0.238659     -0.31422    0.0504969     0.432675     0.132526    -0.235797     0.559391   -0.0526106    -0.468692     0.031762   -0.0966503     0.430452    -0.182814    -0.171891    -0.103311     0.375369    -0.113234   0.00383609    0.0632309    -0.135725    -0.184062    0.0379377    0.0964255     0.691812     0.237251    -0.286439   0.00548078    -0.018455
    0.014272    -0.381604     0.444098     0.154321    -0.400245     0.404053     0.539534    -0.494769     0.029201     0.381292    -0.439663    0.0395662    0.0139624    -0.796186      0.22688     0.236709    0.0658732     0.237319     0.270748    -0.602791    -0.551768    0.0200901     0.419909     0.311673     0.267182    -0.398225      0.30146    -0.482661    0.0959961     0.666507     0.304596     0.301007
    0.135409     0.212719     0.345336    -0.584121    -0.611571     0.671767    -0.146363    -0.548569    -0.784659       1.0525    -0.103481   -0.0734753     0.217469     0.614465    -0.219426     0.193812   -0.0597494    -0.234615     0.248508   -0.0551721     0.272933      0.14478    -0.323734     -0.26033     -0.38082     0.196035     0.245563    -0.620302     -0.45459    -0.149228     0.327302    -0.243946
   -0.420887    -0.758244    -0.102759     -0.41723    -0.144747     0.165752    -0.236642  -0.00934026     0.209189    -0.294135     0.229563   -0.0867614    -0.115561    0.0989464     0.231191     0.134128     0.354298     0.205382    -0.439975     0.648136      0.12684    -0.105854      0.22362     -0.37786   -0.0561223      -0.3498    0.0319885   -0.0926218   -0.0493829    -0.199868   -0.0983803   -0.0629748
    0.300957     0.375661     0.136231     0.492794  -0.00814446      0.55945    -0.404742    -0.797366    -0.702889     0.331953     -0.40055    -0.336301     0.268635    -0.439847     0.409066     0.142039     0.379731     0.520629     0.128782    -0.302195     0.166323     -0.45565    -0.329424     0.139354     0.536427   -0.0543396     0.248837    -0.729504     0.120836    -0.122456     0.170303     0.701283
   0.0475804     0.543822     0.729435     0.195979    -0.184859    -0.278386    -0.176551     0.325273     0.129146     0.127395     0.113614    -0.381188    -0.860583    -0.161225    -0.159094     0.384755    -0.560134    -0.136139      0.31445    -0.516701    -0.286042    -0.417248     0.237618     0.480929     0.172278     0.334756    -0.184903     0.146633      0.47467    -0.604996     0.927541     -0.26684
    0.146471   -0.0679298    -0.294966   -0.0952355    -0.293273    -0.107884    -0.211482    -0.309952    -0.401566    -0.179107     0.574934     0.132159     0.289647    -0.200928    0.0590546     0.229583     -0.42078     0.123247    -0.356837     0.739583     0.308775    -0.728269    -0.142162   -0.0574522      0.40626     0.189492      0.24633    -0.610024     0.970289    -0.434403        0.414    -0.535956
  -0.0910794     -0.57953     0.812556     0.343038    -0.567452      1.12537     0.382247    -0.257743     0.158893     0.249367    -0.036361    -0.147335     0.993019    0.0810434   -0.0658893     0.219208     0.180862     0.177828     0.245485    -0.640217     0.355494     0.277864   -0.0316414    -0.474053    0.0548241  -0.00871109     0.320977    -0.315557     0.433311     0.327129     0.230074    0.0110784
    0.584407    -0.162757     0.768984     0.210978    -0.076236     0.530124   -0.0555999    -0.415786    -0.221478     0.785283   0.00187366      0.10563    -0.581544    -0.980829     0.217562     0.585732     0.402327    -0.154972     0.305706     0.209916    -0.279554    -0.754484     0.375294     0.320595     0.642123     0.334487     0.271517    -0.327934    -0.209527     0.399273     0.404175     0.719675
   -0.492749    -0.520326    -0.196941     0.354317     0.909892    -0.745198    -0.309267   -0.0399176   -0.0376261    -0.599856   -0.0264148    -0.233961    -0.687044   -0.0618749     0.169125     -0.19664     0.015378    -0.695756    -0.240015     0.665609    -0.110705    -0.226985    -0.204485    -0.420201     -0.18031     0.341993     -0.34181      0.42156    -0.028823    -0.404224    -0.219409    -0.484726
    0.218981    -0.369734      0.15716     0.891521     0.477416    -0.302113      0.44666   -0.0186155     0.174935      -0.8604    -0.212119    0.0590295    -0.267353    0.0791152    -0.131656    -0.273392     0.177441    -0.372247      0.18584    -0.277961    0.0229148     0.113685    -0.214485    -0.584808    0.0520857     0.262121    -0.404532     0.240656     0.329889     0.743283     0.213664     0.342116
    0.172799     0.295179       0.3821    -0.250507    -0.296391      0.32132    -0.325498    -0.301487    -0.297812     0.141426   -0.0934777   -0.0663822    -0.327235    -0.644314    0.0302916     -0.39494    0.0241629     0.653294     0.586059    -0.442744    -0.291432     0.289367    -0.242017    0.0398737     0.663506    -0.232301    0.0356944    -0.157491    0.0913948    -0.022511   -0.0820124     0.463647
   -0.163161    -0.122087     0.238455   -0.0751264    -0.160686    -0.405569    -0.210643    -0.356732    -0.627996    -0.306308     0.306247   -0.0765211     0.166324    -0.525742     0.335529   -0.0162782    -0.107419    -0.581749    -0.165287   -0.0929185     0.148275     -0.14025     0.305629      -0.3596    -0.185332     0.155781     0.245423    0.0174482       0.3504   -0.0384923  -4.4045e-05      0.13477
    0.182864     0.307295    -0.121465  0.000630542    -0.167846    -0.435891    -0.250389   -0.0556098    0.0903813     0.397627     0.145602      0.19762     0.273361    0.0319794     0.267579     0.225041     0.241157     0.490434    0.0532909    -0.245342   -0.0561252    0.0298795     0.403713     0.669728     0.271096     0.296312    0.0921245    0.0766904    -0.288922   0.00361972     0.193402     -1.01683
   -0.318391     0.769197       0.3431     0.454856    -0.822096     0.531807     -0.20597    -0.280004    -0.247138     0.920639     0.103387    -0.167013     0.056737   -0.0460222    -0.468201     0.100321     0.439583     0.376721   0.00937091    0.0368325     0.174979  -0.00900901   0.00112807    0.0493907    -0.257172   -0.0387145    -0.184299     -0.24274     0.017616     0.603088    -0.461939    -0.693935
    0.604603     0.893289      0.10481    -0.184286    -0.441656     0.423738     0.105256     0.115581     0.103121    0.0437276    -0.254273    -0.614408     0.309263      0.28218    -0.124873     0.309162    -0.968311    -0.038914     0.304872   -0.0953921    -0.342458    -0.358784    0.0150953     0.500229     0.678841     0.425314     0.473266     0.373789 -0.000671008    -0.103386      0.18251     -1.00488
     0.62462    -0.271985    -0.201467      0.21714     0.510066    -0.228382     -0.50885    -0.287773    -0.641283     0.425566     0.226859    -0.296006     0.402706    -0.113331      0.48921    -0.572363      0.18167   -0.0180302    -0.456355    -0.234882     0.219876    0.0772784     0.335456     0.248028     0.112611     0.921029     0.371757     -0.36611     0.164381    -0.626781   -0.0897946    -0.505088
   -0.231731    -0.684543     -1.13471    -0.306969     0.734277    -0.203265     0.427817     0.985438     0.646242     -0.78062    -0.341236    0.0941871    -0.841539     0.137544    -0.587393    -0.179278    -0.238008     -0.45407    -0.592368     0.602537     0.302004     0.736352     0.462806     -1.36202    -0.532571    -0.395599    -0.527799     0.646003     0.327758    -0.176835    0.0980541    -0.840305
   -0.346565     0.578167    -0.279125    -0.206736  -0.00910168    -0.109094   -0.0681704    -0.268125  -0.00902051     0.124023    0.0138234   -0.0943775    -0.456298   -0.0668673     0.431351    -0.283865    -0.168481    0.0136979    -0.152988      0.52397    -0.405644     0.203817    -0.149222    -0.019586     0.660755  -0.00471426    0.0978663   -0.0698514     0.326767    -0.503622    -0.944284    -0.129656
    0.139685     0.131329     0.479146    -0.189755    -0.525755     0.933779   -0.0942434    -0.245077    -0.152286      1.16055    -0.190408     -0.33298    0.0785197    0.0250739     0.164407    -0.493645     0.171357    0.0365713     0.325669     0.204209     0.684041    -0.332841    -0.712896     0.436982      0.45397     0.389124    -0.122114    -0.647375    -0.210867    -0.289031   -0.0946153     0.451806
    0.333059     0.425318    -0.217642    0.0423299    0.0705738       0.5138    -0.272824      0.21776    -0.111871     0.132729     0.159587   -0.0191701    -0.665957     0.351852    -0.280954    -0.355955    -0.259832    -0.215985    -0.546739   -0.0940879   -0.0683181    -0.249782     0.187565     0.294191      0.11731    0.0884759     0.218974    -0.453347   -0.0138851     0.367111      0.50467     0.125006
   -0.305675     0.177736     0.102063     0.170082    -0.145983     0.463267     -0.57973     0.555158     0.204663     0.844156    -0.297082    -0.194023    -0.174699    -0.778185     0.176942    -0.287342     0.475337    -0.372014     0.603197  -0.00783527    -0.105886    0.0701939    -0.371491    -0.116903    -0.073418    0.0767321    -0.383987   -0.0168408    0.0561914    0.0992828      0.12032     0.321451
  -0.0541161     0.894272     0.991252     0.039659    -0.140683    -0.436277    -0.355967    -0.583949    -0.834078      1.60318     0.122191      -1.1502     0.525469     -1.38775     0.937204     0.105931   -0.0455018    0.0562126     0.389582    -0.104143     0.602348      -1.1553     0.317562     0.236624     0.442171     0.160698    -0.646429    -0.869818    -0.452007     -0.36612    -0.714988     0.473169
   -0.185647     0.269818     0.475336     0.134274      0.69568     0.173093    -0.279654    -0.529463     0.613203     0.730916  -0.00123596    -0.417985     0.479062   -0.0732683     0.375132    -0.517089    0.0299044     0.332569     0.139143     0.129704   -0.0267744   -0.0519364     0.207977     -0.17522    0.0926274    0.0591304    -0.363724   -0.0261981     0.378515    -0.714903    -0.473507    0.0892634
   -0.595457    -0.575129    -0.314474    -0.202955     0.170656    -0.534225    -0.111782     0.195551     0.413886    -0.839926    -0.280055    0.0190084    -0.128612    -0.359014   -0.0213665     0.651165    -0.131781    -0.508744     0.681625    -0.401662     0.437003    0.0415442    -0.113286    -0.845719    -0.104232    -0.792138     0.113066     0.858288     0.550408    0.0840066    0.0883916    -0.325441
    0.803692    -0.418409    -0.036442      0.18206    0.0696565     -0.49408    -0.476863     0.135344    -0.128221    -0.224398    -0.483441     0.245583   -0.0576691   -0.0398367    0.0361161     0.884638    -0.136349    0.0665076    -0.373767     0.253799    -0.539117      -0.3859    0.0829748     0.227288     0.216652     0.708293     0.246299    -0.246317    -0.440557     0.133049    -0.136554     0.607567
  -0.0731057    -0.400376     -0.10662   0.00834507     0.429165    -0.962509     0.446868     0.255647    -0.223998   -0.0462434   -0.0896768     0.187918    -0.315257     0.163064    -0.439084    -0.148362    -0.713091    -0.155658     0.192187     0.220577     0.542915     0.137397     0.252549    -0.274776    -0.429731     -0.61382   -0.0543704     0.569023      0.29429     0.551119    -0.206295     -0.81299
    0.186465     0.232613    -0.279171     0.308021     0.750911      0.15228     0.132056    -0.177015    -0.491384     -0.61836    -0.244605    0.0145586     0.186068    -0.170199    -0.411506    -0.137027    -0.285315    0.0982998    -0.186275     0.125846     0.319576     -1.01704    -0.219391     0.320789     0.133729     0.201374   -0.0781921    0.0508343     0.151183   -0.0808725     0.329934    -0.186794
    0.126801     -0.82649     0.997472   -0.0613946    -0.258404   -0.0520767    -0.404052     0.193937    0.0626276   -0.0625606    0.0905435  -0.00552249     0.428761     0.348603   -0.0227821     0.447332     0.421974     0.180189    -0.431045    -0.241616     0.309075   -0.0439299    0.0899579   -0.0329619    -0.477842    0.0176217     0.297269   -0.0804671    -0.289153     0.588956    -0.436498     0.521701
   -0.917293     0.272646     0.502915    -0.105335    -0.995694     0.773622    0.0500104    -0.375785     0.220897      1.16576   -0.0717683    -0.420607     0.582191     0.377129      0.39518     0.623826     0.677066     0.921487     0.243692     0.200394     0.188998     0.394106    -0.426609     0.341477   -0.0974907    -0.385905   -0.0308905   -0.0916139     0.104344    -0.117241    -0.557032     -0.24018
   -0.248617     -0.38258   -0.0944032   -0.0585354     0.469517    -0.627974  -0.00791707     0.354349    -0.162827  -0.00826127     0.576724     0.108428     0.138559     0.176335     0.367888     0.552323   -0.0858836    -0.173826     0.160333    -0.509055    -0.616095     0.440648     0.108341    -0.495157   -0.0566851    -0.561678     0.267952     0.628505    -0.108957     0.239337     0.610165   -0.0421089
   -0.601485    -0.377339    -0.326034    -0.142027     0.588533     -0.37489    -0.182244    -0.193104     0.488805     0.128496     0.251022   -0.0397356    0.0858227     0.125117     -0.18164    -0.255033   -0.0163403     0.362158    -0.796972      0.63252     0.368688     -0.24478    0.0664733    -0.153536   -0.0520508   -0.0933988     0.346404    -0.307074    -0.276126    -0.471232   -0.0828605    -0.430472
   -0.303415     -0.15676    -0.981944     0.223167     0.415765    -0.294228    -0.357047    -0.338346     0.463156    -0.200471    -0.647997     -0.12906    -0.271786     0.029254   -0.0392656    -0.253517   -0.0714002    -0.307842    -0.254207      1.06656    -0.183119   -0.0860149   -0.0832108    -0.124929    -0.666572    0.0751921     0.350923    0.0524211    0.0852013    -0.410833   -0.0788017    -0.583559
  -0.0900301    -0.321216    -0.288849     0.217739     0.623236    -0.686884    -0.161455     0.294607     -0.15068    -0.884512    -0.352728  -0.00686609    -0.700014     0.409612    -0.487905     0.534174   -0.0171259    -0.933926    -0.350241    -0.505489      0.21852     0.506582    -0.130967    -0.436918    -0.704684    -0.419536    -0.318327     0.782763    -0.170017     0.535641    -0.100953     0.409447
  -0.0360306   -0.0724712    -0.731992    -0.272187     0.160755    -0.254628      0.11579     -0.40218     0.482493      0.41728    -0.119424    -0.337577     0.358314     0.534292    -0.360594   -0.0818569     0.218125   -0.0117309    -0.826147     0.137296      0.25813     0.355132    0.0795059    0.0714147   -0.0529673    -0.244797     0.204377    -0.257705      -0.7268    -0.334328    -0.367943    -0.291382
   -0.402467    -0.121946   0.00197592    0.0564231     0.497606     0.485728     0.794294     0.252112     0.512266    0.0923709    0.0633456    -0.152296    -0.130163     0.381156    -0.114524     0.284136     0.520928     0.603299     -0.20085     0.216277    0.0407293     0.165901     0.566292    -0.118292    -0.206424    -0.363127    0.0965626     0.637028    -0.234652     0.542775    -0.646349    -0.493748
    0.397582    -0.263276   -0.0791186     0.506802    -0.752315     0.838726    -0.314989    -0.640421      0.31708     0.383792    0.0389356    -0.144127    0.0219037    -0.736817     0.370861    -0.129435     0.533068     0.191658    -0.149537     0.593936     0.165579    -0.684836    -0.443096     -0.21795     0.666592    -0.180069      0.31028    -0.476345     0.207163     0.218261   -0.0535358     0.593769
    0.573214     -0.11723    -0.175423    0.0279419     0.175785    -0.252594    -0.228464     0.262358     0.219617      -1.0578    0.0314031     0.136801    -0.301728     0.474718     -0.27286     0.371132    -0.710839    -0.303428     0.268808    -0.460808    -0.436816    -0.288311    -0.361904     0.205992    -0.349912     0.370968     0.186687    -0.049777    -0.675903     0.246206  -0.00119066     0.112235
  -0.0360132     0.116753     0.311493    -0.505603    0.0542362      0.29087   0.00753147    -0.737345    -0.201692    -0.551904    -0.457055     0.347885     0.157888    0.0178311    -0.453381    -0.158178     0.230814    -0.140421    -0.063231    -0.517876    -0.451583    -0.251175    -0.415125     0.543766    -0.402974     0.164496    0.0661865    -0.139303      0.16889     0.112722     0.542869     0.207587
    0.296127    -0.127922     0.414016    -0.139693     -0.31031    -0.028637     0.124914    -0.883206    -0.400633     0.894114    -0.118684    -0.356629     0.867459    -0.830409     0.660661    -0.904231     0.283812     0.172726     0.459775     0.159124     0.569189    -0.635619    -0.683948     0.253642     0.619945     0.711877    -0.199542    -0.566041     0.118492    -0.565841    -0.333058     0.459546
   -0.592175     0.133966    -0.283058    -0.605718     0.558952   -0.0719474     0.312399     0.336401   -0.0755795     0.512427     0.237727    -0.143798      0.27103    -0.194185   -0.0822893  -0.00784429   -0.0580478    -0.866788     -0.67472    0.0119977     0.438887   -0.0129909     0.371588    -0.201668    0.0513847     0.432272   -0.0701101     0.241865    -0.144794     0.327653    -0.576989     -0.78894
    0.133851    0.0130328    -0.249862    0.0799881   -0.0481557     -1.11958     0.264467      1.21062     0.431525    -0.451338   -0.0880358     0.467997      0.24982     0.258444    -0.439263     0.653468    -0.140455      0.12838    -0.186401     0.563296    -0.298093     0.371466     0.252835    -0.433774    -0.568157     0.377423      0.26664     0.916099     0.261535     0.159102    -0.379093     0.190693
    -0.21824      0.14293      0.62877    -0.157717     -1.09734     0.785987   -0.0331122   -0.0809297     0.157493      1.63515     0.288197    -0.121298     -0.38086     0.168742    -0.179412     0.792087     0.722117      0.50345     0.555794    -0.241891    -0.257899     0.156101    -0.531049     0.388001     0.257219    -0.499152     0.189577     0.192351    -0.343037    0.0294436   -0.0954894   -0.0399778
    0.347734     0.098078      -0.3226    -0.217342    -0.662179    -0.122601   -0.0559927    -0.236108    -0.471664     0.457897     -0.30168    -0.389233     0.326899    0.0627527     0.182345   -0.0125594    -0.155389     0.465201      0.28732    -0.663296    -0.217868    0.0521077   -0.0305579     0.310434    -0.371279     -0.31028     0.318879    -0.181394    -0.244558    -0.389178    0.0545497     0.320314
   0.0364445     0.238593   -0.0232539     0.256701     0.102222       0.2729    -0.425316      0.24874  -0.00362571     0.344263   -0.0503826    0.0740572    0.0424349    -0.156415     0.377726    -0.333067    0.0617631    0.0978242      0.28975     0.184416     0.745919     0.130468    0.0068963    -0.115238   -0.0836705   -0.0234986     0.592688    -0.418936     0.417032    0.0752265    -0.215468     0.131059
    0.141622    -0.187611     0.318534    -0.217671    -0.155608   0.00721788     -0.41886    -0.514885   -0.0497715      1.22869   -0.0457883    0.0816303    -0.215002   -0.0864435       0.3248     0.219415     0.533752     0.140151     0.918024     -0.27885    -0.391931      0.24235     0.315499     0.223447     0.426513    -0.457115   -0.0274282    -0.487844    -0.359396     -0.55915     0.784155     0.552648
   0.0902722     -0.22098   -0.0283758     0.852631    0.0486568     0.365323    0.0360186    -0.309004     0.036009    -0.290689     0.116052   -0.0377587    0.0061696     0.401076    -0.499801      -0.1491    0.0679781    -0.141711     0.194446    -0.517734    -0.377255    -0.105479     0.113853    -0.275828    0.0452539     0.504879    0.0884265   -0.0424145     0.354388   -0.0650127    -0.108865     0.746731
   0.0395989    -0.178804    0.0756885   -0.0686907     0.452185     0.247118     0.355384    -0.408044    -0.451169     -1.14991    0.0139788   -0.0616385      0.25462    -0.820438   -0.0583624     0.118443    -0.360116    -0.604089     0.171894    -0.441147    -0.485991    -0.381112    -0.130905    0.0443206    0.0406478    -0.300242     0.171756    -0.221922     0.294634     0.403656      0.78849     0.625186
   -0.601154    -0.780132     0.318078      0.42042     0.193905    -0.313055     0.286163     0.465086    -0.129591    -0.325039     -0.14482    -0.570884     0.192234    -0.824288      0.27534     0.507692    -0.115852    -0.841211     0.202137     0.221935    -0.216303     0.386567     0.654113    -0.284061      0.34266     0.289367     0.684084      0.44882     0.595259     0.269786     0.187211    -0.343842
   0.0118433    -0.627473    -0.164003    -0.087289   0.00191349       1.2152     -0.27111     -1.13686     0.393595     0.538265    -0.255661     0.173238     0.201061    -0.219119     0.407963     -0.23365     0.379111   -0.0995263    0.0556897   -0.0505649     0.771241  -0.00446321    -0.706055     0.632288     0.247209     0.257049   -0.0034103    -0.914727    -0.312768    0.0956771    -0.572809     0.227685
     0.22258     0.330276    -0.407196    -0.153217    0.0280316    0.0238068    -0.337554     0.111681    -0.341954    -0.372022    0.0831896   -0.0102957      0.52135     0.258127     0.353786     -0.27574     0.044449     0.769996    -0.158369     0.365219     0.225891    0.0212384    -0.246413   0.00688365     0.433957    -0.105521     0.137498    -0.696088    -0.441975     -0.40444   -0.0832967    -0.102797
  -0.0399195    -0.248909     0.666176     0.142186    -0.610975   -0.0283974     0.367563    -0.188018     0.343127     0.624972    -0.492095   -0.0839145      0.22011    -0.472438    0.0997207     0.307103     0.130068    -0.147487      1.03758    -0.956362     0.408247   -0.0879662      0.67752     0.435245     0.199296     0.127827     0.188352     0.345084     0.280847     0.455907    -0.112922    -0.153424
   0.0247937    -0.017273    -0.158708    -0.273822    -0.461663     0.506573    0.0482075    -0.185047    -0.591703     0.387552    0.0876209     0.199241    0.0343937    -0.541962   -0.0193188    0.0151874     0.486072    0.0936833     0.444654     -0.21234     0.354534   -0.0989263     0.183613   -0.0211736     0.435936     0.200625     -0.28423      0.16019    -0.265876     0.136403    -0.989668     0.179642
    0.102813    0.0677918     0.574082     0.601713    -0.306389     0.365104     0.184618   -0.0596197     -0.71248    -0.319648    -0.171033    -0.209114    -0.602724    -0.759565     0.529954    -0.645694    -0.895135    -0.223692     0.429544    0.0544721     0.308074    -0.926883    -0.810537    -0.272961     0.910802     0.609426    -0.279175    -0.484371     0.513217     0.297874     0.201164     0.577701
    0.105318    -0.387274     0.397721    -0.229953    -0.714078     0.483234     0.344567    -0.251036     0.102556     0.755237    0.0108759    -0.201753     0.619309     0.117798    -0.111689   -0.0369988     0.205759     0.304491     0.491439    -0.139561   -0.0153041    -0.324157    -0.303007     0.332513    -0.110825   -0.0254094     0.160829    -0.142322     0.296009     0.124562    -0.089309     0.518698
   -0.538186    -0.061772     0.228188    -0.277445    -0.295236      0.63381    -0.111186    -0.128947     0.234238     0.134097   0.00987015    0.0284254    -0.141818    -0.561865     0.142102    0.0209718    -0.129198    -0.441203    -0.446406    -0.232214     0.355468   -0.0313029     0.188492    -0.546127     0.427346   -0.0742709     -0.36627     -0.20772    -0.256592      0.50207     0.607804    0.0366229
  0.00843332    -0.196985    -0.324925     0.482923     0.618719    -0.163884    -0.281676    -0.218878   -0.0838479    -0.641137     0.386305     0.226192    -0.508057     0.396033    -0.123402    -0.371236    -0.450162    -0.260882    -0.101082    0.0001263    0.0229359     -0.36281    -0.374742    -0.386005    -0.565314     0.333927    -0.185514     0.192314     0.166995    -0.568431    0.0194002     0.422511
   -0.379541     0.620946   -0.0223208    -0.107538    -0.782514     0.637992    -0.152405    -0.175577    -0.471534     0.861119     0.110062    -0.171433  -0.00331308     0.468691    -0.132421    -0.490724     0.373188      0.83289     0.677229    -0.282007    -0.213709     0.364294    -0.424512     0.137883     0.496708    -0.221505    0.0338988     0.146575     0.133495    -0.850323    -0.468564    -0.553577
    0.460953     0.420491  -0.00388238   -0.0520849     0.219006    -0.285838    -0.296407     0.319968     0.255632    -0.113266     0.161921    -0.106995     0.221815     0.187827     0.358591     0.211546   -0.0587737    -0.153178    -0.087784    -0.437149     0.393151     0.125792    -0.200948     0.470358     0.147929    0.0868665     0.160798   -0.0946608    -0.246617    -0.336799    -0.726109     0.216174
   -0.576369    -0.319046    -0.207134   -0.0796397    -0.197292     0.329669    -0.366112     0.288403     0.962494     0.817335    -0.180451    -0.416776     0.764328     0.560683    0.0553722    -0.135341     0.355836     0.146476     0.144969     0.395846     0.808745     0.330352     0.484003    -0.413634    -0.256311    -0.634575    0.0695675     0.251183    -0.114561    0.0828061     -1.25905  -0.00676425
   0.0332357     0.194432      0.55408     0.698551     -0.64707     0.680596     0.107832    -0.852652    -0.414588     0.712164    -0.434195    -0.283475   -0.0477639    -0.335653      0.72534    -0.291981    -0.490931    0.0699896     0.211344     0.326501      0.66375   -0.0241071    -0.191103     0.581328     0.714513     0.675101    0.0312965    -0.794152    -0.294753  -0.00290187    -0.452582     0.278539
    0.315784     0.571996    -0.122751    -0.471927     0.352106    -0.414556    -0.300066   -0.0752762  -0.00837909   -0.0370838     0.481665  -0.00810351    -0.249974     0.344137    -0.176543    -0.218845     0.016053     0.160171    -0.198709     0.488678    0.0617411     -0.16329     0.356583    0.0593283    -0.400341   -0.0342786    -0.718408     0.252677     0.119272    -0.453723     0.223545     -0.35786
    0.493574    -0.870397     0.537016     0.373473    0.0317836   -0.0871327     0.562819     0.167222    -0.400404     0.316979    -0.258671     0.526933    0.0937563    -0.106281     0.133519     0.949492    -0.375356    -0.553291     0.127214    -0.144134     -0.35197     -0.67871     0.330617     0.371653     0.265968      0.41802     0.874354      0.43143     0.472288     0.182341     0.770869     0.656522
  -0.0522809   -0.0454994   -0.0684893     0.184907     0.493386    -0.591281   -0.0166528    -0.101334   -0.0837275     -1.61345    -0.113873    -0.229941     0.053898    -0.911047    -0.599144    -0.201289    -0.689994    -0.187606   -0.0113319   -0.0679159    -0.603463    -0.436578    -0.414523  -0.00580092     0.113672    0.0541029     0.131787    0.0344025      0.36251    -0.148661    0.0710192     0.180346
    0.490503    -0.117527    -0.874945     0.274513      1.07731    -0.456021     0.367389     0.191652    -0.147736     -1.57984     0.206217   -0.0143088     0.202706    -0.274344   -0.0674598   -0.0557632    -0.440408    -0.339955    -0.600244     0.302854     0.296832    0.0156165    0.0879687    -0.422857     0.161922    -0.112728      0.51832     0.413846     0.620092    -0.313422     0.380287     0.248293
    0.352544     0.162084     0.355985     0.341861     0.231317    -0.429421    -0.541375   -0.0701192    -0.657841    -0.491619       0.2422     -0.27969     0.215318      -0.0412     0.224646    0.0797508    -0.565853     0.210504     -0.13799     0.413765     -0.37082    -0.922535    -0.220951    -0.150983    -0.199151     0.636224   -0.0506164    -0.256671     0.271321       -0.357    -0.284156     0.102339
   -0.494631  0.000692442    -0.233339    0.0510641     0.149299    -0.399543    -0.154813     0.368419   -0.0695706    0.0867332   -0.0967614     0.373324   0.00516834     0.436167    -0.144275    -0.189695   -0.0308827    -0.149533    -0.114094    -0.246544     0.370319      0.11419    0.0258421    -0.452414     0.171093     0.636575   -0.0459512    -0.161602    -0.333094     0.132472    -0.671184  -0.00233328
   -0.283527    0.0242682     0.158576    -0.308018   -0.0349914     0.546411     0.221827     0.209212     0.807392   -0.0371906     0.185895    -0.044041     0.232461     0.228908     0.162724    -0.240912     0.447991     0.181491     0.467416    -0.720318    -0.122498    0.0621003     0.291813   -0.0583874     0.486254   -0.0876287    -0.132767     0.470772    0.0730715     0.570288    -0.202212     0.273621
    0.652289    -0.152693   -0.0835615     0.292876    -0.370745    -0.279491    -0.137549     -0.38485   -0.0837886     0.415373    -0.162065    -0.122127   -0.0851489    0.0210435   -0.0738554    -0.593288   0.00987771    -0.371086    0.0472848    -0.326299     -0.26186    -0.110722    -0.545934     0.123764    -0.308713    0.0686291    -0.360313    -0.377028     0.182506     0.280887     0.294446    0.0340555
  0.00122858    -0.330726     0.442816     0.176968    0.0701186    -0.399213    0.0680566     0.409258     0.404657    -0.055957     0.553951     0.338265    0.0675247   -0.0580879    -0.219872     0.413387    -0.156461      0.10323     0.316679    -0.684078    -0.783284     0.596955     0.485978   -0.0301119    -0.115706    -0.212102     0.185385     0.424656    -0.460833      0.11708    -0.257312    0.0783986
     1.02218     -1.02205     0.638116     0.268119     0.390704    0.0937793      0.99419      0.51995     0.147458    -0.881924    -0.153937     0.777991    -0.436333     0.397599    -0.249104     0.256134    -0.436185   -0.0535325     -0.22202     -0.65023    -0.776898    -0.555592     0.360659      1.02543    -0.509899     0.251478     0.265497    0.0831834    0.0822077      0.83065     0.521563     0.784197
   0.0273105    -0.398167    0.0784554     0.466272    -0.340018     0.540282    -0.160319    -0.695151    -0.322733    0.0748508     0.122798     0.144717      0.35448    -0.303109     0.187792   -0.0103131    -0.057332     0.285389       0.3058    -0.279127    -0.295443    0.0185865    -0.132279    -0.282878     0.157382     0.206832      0.41847    -0.317615     0.400369     0.637664     0.247907     0.178305
   0.0242549     0.172479     0.233447     0.138174    -0.509057      1.09942     0.158627    -0.424307       0.5604      1.42724   -0.0254358    -0.346264     0.513199    -0.328999    -0.512644    0.0903597     0.773646     0.996565      0.78072     0.395722    -0.371625    -0.181396    -0.579551     0.472746     0.335574     0.121326     0.437754    -0.193434    -0.459771   0.00629304    -0.625228    -0.225766
     0.22698    -0.268785    -0.368388    -0.563972     0.617589    -0.719516    -0.453981     0.352438    0.0993183     0.215907     0.685384     0.344228     0.399342    -0.189417    0.0872381   -0.0279981      0.10692    -0.515155    -0.585239    -0.206551      0.38631     0.301031     0.494402     0.478915     0.249634     0.509614    -0.143829    -0.022355     0.239407  -0.00490826    -0.381189     0.267927
   -0.413536    -0.222196    -0.640018   -0.0568102     0.451631    -0.674172   -0.0225366    -0.140852    -0.185652    -0.651213     0.163731     0.329274    -0.284871   -0.0982648    -0.688484     0.529704    -0.348213    -0.119095    -0.713523     0.661123    0.0818743     0.175037     0.361001    -0.684888   -0.0595796    -0.172044    0.0229648     0.428163    0.0173197    -0.167833     0.265885     0.117911
    -1.29343     -0.67325     0.114028   -0.0329689    -0.306451     0.442099    -0.377735    -0.125385      0.32186     0.469624     -0.21909    -0.158735     0.294658     0.816093    -0.719194    0.0760365     0.321689     0.594041     0.611122     0.185916    -0.735192    0.0260495    -0.754849    -0.687232    -0.545245    0.0637369    0.0621949    -0.457041    -0.194445   -0.0131691    -0.543207    -0.567254
    0.176333     0.418143      0.46928    0.0449735      -0.1452      0.11311    -0.020376    -0.220049    -0.268628    0.0737903   -0.0336966    -0.162325     0.176325      0.27944     0.612738    -0.177395    0.0607819     0.457329     0.594328    -0.223149     0.179596    -0.946857    -0.627186     0.423777     0.227554     0.778612     0.279584    -0.329427    0.0603339   -0.0324492     0.354019     0.111518
   -0.380993     0.130399    -0.171494    -0.269387   -0.0948774    -0.139793    -0.508761    0.0838502      0.26409     0.733187     0.478738    0.0239229     0.278672     0.369174     0.339982    -0.301971   -0.0248584    0.0657038    0.0338972     0.227315   -0.0164872    -0.128256    -0.335808     0.105242     0.203293    -0.394963   -0.0121178    0.0643248   -0.0302858   -0.0904542    -0.404823    -0.532382
   -0.550687    -0.285495     0.498335    -0.272323    -0.166968     0.432397     0.336214    -0.176493     0.528554     0.574447   -0.0789738   -0.0861326     0.713191    -0.536698     0.402811    -0.157672     0.140291    0.0406926     0.475456    -0.191882   -0.0285209     0.138297     0.618977    -0.149185    -0.302384     0.281005  -0.00730011   -0.0613295     0.172784     0.378894   -0.0124443   -0.0749404
   -0.279232    -0.195766     0.405079    0.0576644    -0.186342    -0.024498    0.0933424   -0.0845277    0.0672889    -0.459367    -0.171579    -0.105001     0.213099    -0.556848     0.170052    -0.526481    -0.192581     -0.17295    -0.102914    -0.426764     0.500392    -0.232315    -0.275502    0.0854424     0.671581    0.0228256     0.115469    -0.379783    -0.103526     0.270149     -0.20523     0.461007
  -0.0723163    -0.209793     0.330948    -0.131734    -0.608807     0.567177    -0.337998    0.0206309    0.0540167     0.445261    -0.116037     -0.21359     -0.19165    -0.227941     0.358533   -0.0342892     0.318052     0.143635    -0.160273    0.0729341     0.611667    -0.247313      0.18691     0.483356      0.24086    -0.437958    -0.168671      0.11466     0.130171   -0.0388931     0.416172     0.399644
    0.398865     0.162428    -0.392143     0.205128     0.359221     -0.31587     0.658525      0.47995      0.40978    -0.515722    -0.291275     0.264502    -0.109496   0.00673395    -0.470443     0.192927   -0.0404859     -0.31659     0.302364   -0.0359418    -0.669787     0.171906     0.230583     -1.07475    -0.250668    -0.189077    -0.194581     0.142326     0.580188    -0.360113     0.607876    -0.147421
    0.536851     0.552465    -0.136741     0.252214     0.513142    -0.267967   -0.0659486    0.0771164     0.327923     0.076744    -0.131961     0.364602    -0.385055     0.474106     0.114585    0.0784852    -0.108604    0.0109687     0.270904    -0.150607    -0.627832     0.855983    -0.219718    -0.614921    -0.345114     0.289699    -0.196736    -0.229167     0.186936     0.203362    -0.278935     0.210942
   -0.045612     0.125286    0.0433169     -0.23324     0.144797    -0.860836     0.485291     0.138542    -0.486168    -0.354181    -0.169604    -0.601694    -0.132023    -0.255083    -0.528467     0.439729     -0.21259    -0.140409    0.0555951    -0.380629    -0.451198     0.179386   -0.0273908   -0.0451507    -0.377924    -0.497643     0.423716    0.0185599     -0.36508     0.469752      1.00021      0.18313
    -0.17393    -0.279161    0.0036611    0.0730339     0.511959    -0.846743    -0.403122      0.59105    -0.473819     -1.08429     0.110113    -0.165029    -0.687152    -0.322706      0.15753    -0.481705    -0.341841    -0.864838    -0.155814    -0.178748    -0.235474     0.304362     0.231981    -0.383114    -0.507906      0.17029    -0.252151     0.435256    0.0436939     0.119946     0.253891     0.329277
   -0.562017   -0.0614048     0.160707   -0.0254956      0.23984  -0.00244315    0.0478852    0.0487604    -0.247512    -0.198138   -0.0379735   -0.0374207    -0.218235     0.118913     0.289183    0.0956588     0.275105     0.127621   -0.0850296   -0.0748132    -0.364994      0.24304     -0.12281    -0.510583    -0.465176     0.158181   -0.0280761   -0.0250865     0.173583    -0.391334     0.145742    -0.255072
    0.283697     0.373922     0.125464     0.882426   -0.0826232     0.202144    0.0522245   -0.0186676    -0.165225     0.856219    -0.288915    0.0528723    -0.565816     -0.56534   -0.0832598     0.428709     0.309436     0.283699     0.527182    -0.549007    -0.424707    -0.295269     0.254704     0.300675    -0.245091     0.578171    -0.323739     0.115757   -0.0649306     0.473285    -0.046334     0.189275
    0.602841   -0.0784021    -0.887558    -0.335484     0.328598    -0.281499   -0.0352273      0.26515     0.208105    -0.396479    -0.201195    -0.161162    0.0523994     0.390009    -0.743771    -0.613392     0.136247     0.208058    -0.291495   -0.0346884     0.429787    -0.177204   0.00914654   -0.0483074    -0.564445    -0.428438     0.122388      0.45658    -0.324838    0.0292278     0.826933     0.097309
  -0.0122716     0.357792    -0.365507    -0.570366   -0.0461958     0.237582     0.181798     0.105057    -0.632542     0.354841    -0.420092    -0.527243      0.11392     0.259108    -0.111177    -0.155499    -0.118388     0.825126   -0.0660015     0.208495     0.236483     -0.41151    -0.416298   -0.0582989     0.212067   -0.0542793     0.162002    0.0655917    -0.275733    -0.304999    -0.463215    -0.254967
     0.58797    -0.842642     0.242274      0.16685     0.407969     -1.07771   -0.0181174     0.459101     0.506796     -1.39561    -0.242277    0.0619485     0.272379    -0.201631    -0.459406    -0.379287    -0.610746    0.0690404    0.0455941    -0.616932    -0.165778    -0.561693    -0.151447     0.246592     0.020282    -0.149882     0.674404    -0.305178     0.535309    -0.190005     0.295572   -0.0512445
    0.258335   -0.0667003    -0.925802    -0.206009       0.5661     0.208699    -0.152059     0.237613    -0.320471      0.03433     0.341084    -0.105822     0.701564      0.44339      0.17881     -1.08717   -0.0595625     0.343581    -0.970511     -0.63949     0.599924     0.294225    0.0348981     0.244559     0.370448     0.258995    -0.035346     -0.35808     0.605361     -0.86871    -0.903141     0.175239
    0.324359    -0.350172     0.423974    0.0453183    -0.169789     0.764438    -0.199555    -0.434708     -0.17335    -0.700866    -0.289657     0.475422     0.108274    -0.225477    0.0602398    0.0868986    -0.235095   -0.0307639    0.0533075    -0.382994    -0.226576    -0.802003    -0.442046     0.467689     0.276575     0.204175   0.00621289    -0.265163    -0.299431  -0.00410015     0.056945     0.428172
   -0.133325    -0.204447    -0.346228    -0.411301     0.260609     0.414502   -0.0726483    0.0180413     0.481832     0.632948      0.47556    -0.282258    -0.237006     0.174268    -0.403559     0.485226     0.466193    0.0807126    0.0657695     0.718428   -0.0827636      1.22128   -0.0319126  -0.00253735    -0.964473    -0.156558   0.00943853     0.259815    -0.227428   -0.0200852       -1.159    -0.312081
    0.156642     0.886287     0.339432      0.37067    -0.465394     0.257712   -0.0591755     0.120711    -0.246295     0.556925    -0.405501    -0.264798    -0.325073    -0.152852    0.0573085    0.0171202     0.416408     0.469235     0.234833    0.0367156     0.631371    -0.472313    -0.400511     0.454234     0.124984    -0.252393     0.110459     -0.40545     0.242855     0.203365    -0.274126    -0.377092
   -0.379682    0.0737067     0.115902   0.00654474     0.244515     -0.19021     0.433574    -0.512866     0.368305    -0.390234    -0.290251    0.0712688     0.568126     -0.17322     0.350059     0.138788  -0.00994606    -0.163898    -0.283795    0.0751966     0.165581    -0.018389    -0.105682     0.234005    0.0452246     0.166327     0.393325   0.00256505    -0.285483    -0.136206    -0.241885   -0.0930176
   -0.296201     0.466485    -0.103156   -0.0520949    -0.254071     0.106911    -0.470482    -0.319059    -0.126206     0.508409    0.0744213     -0.50084     0.282979      0.26266     0.122889    -0.313358    -0.396993     0.107779     0.252772     0.464778     0.511422    -0.383224    -0.161126     0.268173   -0.0475122    -0.224106    -0.114092    -0.532001    -0.443528   -0.0480422   -0.0947222    -0.349355
    0.454127     0.104975    -0.250769    0.0563641    -0.201421    -0.490618   -0.0231935    -0.377751    -0.109859    -0.601372    0.0757928    0.0837999    -0.176813    -0.105907    -0.183392     0.393376    -0.142859   -0.0353347   -0.0298105     0.526795    -0.434417    -0.707576     0.212732     0.301822     0.437448   -0.0933259     0.160967    -0.261621     0.508068   -0.0407226     0.406148     0.239817
