    -1.14726    -0.971213     0.543101     0.734169      -0.7025    -0.520702    -0.366841    -0.945069    -0.347469     0.721364    -0.857629     0.601899    -0.958402     -0.99502    -0.181753      0.14297     0.760972     -1.26354    -0.641486    -0.099883      1.29497    -0.703327     0.409008    -0.272001     -1.04532    -0.418721     -0.76438      0.60811    0.0134121    -0.225505    -0.443908    -0.603013
    0.133874      0.41917     -0.82619   -0.0987384    -0.242228   -0.0780193      1.52941    -0.530151      1.67719     0.652746      0.43515     0.822681     -0.84476    0.0109313      1.44015    -0.244044     0.365981     -1.04156      1.03052      1.04415    0.0371679    -0.171752     0.168219  -0.00401111     0.281853    -0.165602     0.265785    -0.143951    -0.642065    -0.194498    -0.260407      1.27856
    0.468655     -1.20214     -1.97646     0.628272     -1.29596    -0.207486      0.59541     0.501586     -1.39738     -1.81468    -0.576621     0.103965     0.660143     0.238311      1.17225     0.168467     0.766733     0.428597    0.0627738    0.0871248    -0.408116    0.0840176     0.542702   -0.0504019    -0.404209     0.702864     0.160159     -1.09525     0.726779    -0.484576      1.34078    -0.813295
  -0.0599233      1.95266      3.03798       1.6279     0.826631     0.228739     -1.63416    -0.280616     0.571202    -0.117719    -0.516938      1.11475     -1.28411     0.157614    -0.735112     0.533558    -0.332998     0.862833    -0.877065     -1.66667     0.751493     0.382444     -1.46611    -0.333663    -0.530036      1.93393      2.00183    -0.435374     0.105301     0.523718    -0.920189   -0.0155814
   -0.210361    -0.541419   -0.0598634     0.297623    -0.257791     0.208935      0.20051     0.666339     0.298155    0.0398875     0.526885     0.204558    0.0350359     0.694771     0.310471    -0.380196    -0.586116     -0.16352     0.423766    -0.375499     0.964353     0.671678    0.0460389     0.240291      1.01253    -0.790319     0.101238     0.220368     0.366836     0.056662     0.733807    -0.879105
   -0.417461     -1.37625     0.246086   -0.0107963      -1.0465    -0.699636     0.129309    -0.650711      1.32419     -1.30531    -0.950901     0.437179     0.706453     0.154406      1.87163     0.196725     0.640576     0.436155    -0.519364    -0.139416     0.624245   -0.0481007    -0.107229     0.426019    -0.792213     0.838319     0.683326      1.05174      1.21655    -0.382061    -0.218635      1.05499
    0.932526     -1.98303      -1.5201     0.520982    -0.559151    -0.156483      2.15284   -0.0546717     0.905222     0.221571    -0.248644     -0.94253      1.66227    -0.923783      1.66831     -1.11175     0.153788    -0.100894     0.509204     -1.43887     0.309939     0.391102      0.55942    -0.450614      -1.1277      1.45559     0.584721      1.02468      1.25949      -1.2738   -0.0648985     -1.44748
  -0.0836568    -0.600108     -1.03156    -0.530259      1.23543    -0.205483     -2.27268     0.625421    -0.659235     0.873402      1.30364     -1.57241     -1.19147     0.718945      0.31674      0.31479     0.676147     0.468022    -0.429017     0.136226     0.873543    -0.044451    -0.860061     0.152573     0.922402     -1.06783    0.0345982    -0.834239     0.757416     0.126206      1.38469     -1.83991
    -2.71335    -0.570353     -2.59021     0.245013     -2.52918    -0.152977      1.17772       1.0672     -1.37657     -2.17556   -0.0582797      1.60931  -0.00435693      1.06385      1.28093     0.506457     0.368249    -0.156682      0.46327      1.14627     -2.21249    -0.307429     0.534215     -1.36209    -0.441729     -0.61343   -0.0890306     0.347136    -0.650932     0.819402     0.204695     0.657391
    -2.47443    -0.199599    -0.271803      1.19504     0.341533     0.854454    -0.357086      -1.0317    -0.333605     -1.64342      1.00892      1.28788    -0.332496      1.08674   0.00226435    -0.545486      0.36677    0.0495475    -0.422737      1.05654     0.722042    -0.601201     0.361364     0.414184      1.02815   -0.0952783  -0.00811242      0.25799    -0.128082     0.709516    0.0773614     0.827695
    -0.94134     0.890169      1.44186     -1.12944     -1.30306     0.230589     0.716865     0.912425     0.389391      1.35682     0.166101     -1.34908    -0.649213    0.0162491   -0.0795442     0.379104     0.565208     0.237188      1.34667     -0.23938      0.62466     -0.41715     0.260328  -0.00574933    -0.375963     -1.14745    -0.134958      1.08207     0.959133     0.901378      1.02889    -0.666937
   -0.663297    -0.302526   -0.0948662      1.08767   -0.0790131     0.244273     0.213434     -0.36371    -0.443876     0.463911     0.244325      0.27849     0.605047   -0.0644388     0.244441     0.172186     -0.98985    -0.561184    -0.269466    -0.226404    -0.231689     0.240294   -0.0781183     0.713453     0.388446    -0.474738    -0.904762     0.462792     0.530534    -0.342684     0.383763     -1.07843
    -1.55672      2.05878      1.93024     -1.84069    -0.898185      -1.7621      1.24619     0.563113   -0.0200259      1.75204     -1.44004     -1.21597     0.055527     -0.72527     0.481126    -0.170803      1.23449     0.854003      1.33921    -0.323796     0.664204      -1.5277     0.144984     -1.07518    -0.553399      1.08105     0.723181     0.152017     0.143048      0.15306     -1.34774      1.35837
    0.227812    -0.623065       1.9609    -0.266918    0.0120398    -0.727575     -0.54495     -1.00205     0.118463  -0.00326002     -1.02526    -0.554891     0.427152    -0.186109      0.30671     0.125083     0.108115    -0.325465    -0.422294    -0.806072     0.351668      1.58825    -0.429314    -0.230103    -0.510362     0.461903     0.563001    -0.425888     0.882854    0.0877113     0.874044    -0.104418
   -0.871489     -1.07433    -0.463519   -0.0221978     0.052492      0.13672     -0.15505     -0.21539     0.531349    -0.121713     0.989875    -0.316929     -0.89085    -0.596294    -0.190109    0.0956738     0.110956     -0.20746    -0.435074    0.0825534    -0.435924    0.0535222     0.458319   -0.0474247    -0.176954    -0.417782    -0.290708     0.394017      0.24633     0.726035   -0.0481863     -0.73219
     1.00757      1.78868      1.54994      1.23667    -0.434265    -0.183217     0.458841      1.07328     -1.17257   -0.0504325     -1.57931      0.10635    -0.178083     0.280546    -0.256684     0.406476    -0.377774   -0.0268735    0.0404395     0.132946     0.402721     0.690497     0.271217    -0.955772    -0.788386      1.15665     0.501752     0.555166     0.209419      0.39162     0.859211      1.35538
   0.0720114      0.45884     0.231398      0.41033    -0.357252   -0.0845888    -0.306359   -0.0553533  -0.00828155    -0.260041    -0.176269    -0.221329    -0.364118      0.22211     0.703812    -0.680337    -0.679149    0.0598355    -0.112529      0.28503    0.0988373    -0.328239     -0.43381      0.11687     0.128335     -0.23146    0.0055101     0.617242     0.261396     0.237956    0.0773767     -0.63209
   -0.373239      1.83616     0.284031     -1.74683     0.484271      0.72125     -2.39165    -0.470595      -1.0668    -0.395723       0.4507   -0.0710093     -1.23105     0.699294     -1.61127     0.106647     0.871667     -1.04639    -0.880591    -0.165145     -1.73642    -0.650632     0.724697      -1.2263      0.36021     0.108442      1.35608    -0.548222     -1.53688      1.72617     -1.03737      1.15981
      1.4525      1.06598 -0.000844583     0.133499    -0.982876    -0.166912    -0.679851     -1.44938    -0.933181     0.455362    -0.416192    -0.962113     0.189949    -0.878939    -0.336976    -0.220001     0.970075    -0.919879    -0.819817    -0.442487     0.235153     -0.70149     0.813576    -0.421164    -0.565678    -0.210924    -0.129889     0.470321     -2.13081     0.431284     0.243446        1.029
   -0.192425    -0.495539      1.67209      1.66514     -1.08216    -0.572869    -0.111935     0.103053    -0.751972     -1.33272     -2.02528    -0.186063      1.23153    -0.080482     0.943385    -0.151308    -0.533363     0.742512     0.800719     0.618037    -0.506669     0.114465    -0.754459     -1.43884     0.158805      1.14062     0.397754      1.89287     -1.09699     0.632235    -0.403313     0.615221
   -0.344725     0.220645      0.32499     0.213527    -0.118095    -0.221195     0.404948    -0.387957    -0.230756     0.401456     0.417943     0.141888     0.670183     0.235525    -0.431658    -0.107869      -0.8468    -0.153174    -0.433613     0.523887    -0.395796     0.486707     0.460912    -0.538255    -0.453839    -0.313203     0.670131     -0.15052    -0.799734    -0.060269     0.205292     0.310357
    -0.20741      1.06733      1.46806      -2.9816      1.15948     0.593609     -1.82718     -1.40769    -0.761358     -0.55734    -0.961803    -0.226652      1.64614    -0.930051     0.655424       1.0739      2.55318     0.592278      1.83729     -1.33451   -0.0616188    0.0174945     -1.15787     0.628589     -1.62274      0.09962       2.0856   -0.0852303     -1.07672     -0.32255    -0.724936      2.23421
    0.539479     0.426948     0.652475    -0.328759   -0.0555785    -0.668514    -0.687546    -0.390617    0.0569277     0.841374     0.585147    -0.370796     0.162189     0.139473     0.212494     0.126491    -0.331386      -0.2504    -0.528172     0.352047     0.569413   -0.0330245    -0.281209   0.00743875     0.131988      0.80038    -0.191574     0.633876     0.319942    -0.368982    -0.644443     0.461899
    0.244209    0.0770943     0.540144    0.0601687    0.0506684     0.212213    -0.148479    0.0991483    0.0732978       0.2806    0.0224306     0.560623    -0.251603    0.0390572    -0.100489    -0.196451     0.103231     0.164453    -0.242136   -0.0237748    0.0284346    -0.207683    -0.103839    -0.250274   -0.0923195     0.226237     0.128782     0.282347  -0.00262809    0.0271863     0.312805    0.0976465
    -1.55465     0.505861    -0.100703     0.973337    -0.388227    -0.760291    -0.133352       0.3161      1.26784    -0.461752   -0.0866566     0.416373     0.742983   -0.0223738    0.0159999     -1.01014   -0.0925596     0.505608    -0.375939    -0.894286     0.202329      1.40016    -0.398726   -0.0484391    0.0344519     -0.26376     0.564853     0.203961     0.130885     0.273783     0.700329    -0.498645
   -0.909775      1.23612    0.0893274    -0.598334     0.458506    0.0620716    -0.398421     0.377135     0.211958    -0.324386    -0.409334     -0.68293     0.731783    -0.123349   0.00757802     0.969719    -0.131207     0.972068      1.77786     -1.48056    -0.398224     0.280603     -1.14452     -0.17863     -1.25134     0.472807     0.172521      0.62177    0.0558436    -0.690278     0.288927     -0.16312
    -1.03861     0.305413     0.481964     0.465141    0.0450879     0.599117    -0.269503   -0.0783386    -0.210585     0.127232     0.164186   0.00315856     -0.25658    -0.100649     -0.36259    -0.077663    -0.523861    -0.225447    -0.104428    0.0697734    -0.119791    -0.445533   -0.0314585    -0.727353     0.764382    -0.451845      0.31476     0.944271    -0.186599      0.77968    -0.230273     0.823357
    0.724809     0.875878     0.267365   -0.0144321    -0.195973      1.27763     -1.08119   -0.0697388       0.8197      1.37154      1.05018    -0.511483     0.268322    -0.341829     -1.51182   -0.0170907   -0.0615205      1.38678      1.44065      1.05699     -1.03818    -0.807239    -0.824371     0.185002      1.43481      2.08984     0.180953     0.862963      1.64792     0.403574    -0.812186      1.06229
    0.612593     0.482474    -0.909177    0.0730346    -0.643696   -0.0455341    -0.809593     -1.69279    -0.940856    -0.681155     -1.84835      -0.3116   -0.0551965   -0.0675497      1.65526      1.04832       1.5524     -1.31465   -0.0258832    -0.455508     0.618334     0.154726     0.775226    -0.019023    -0.822753     0.604267     0.498402     -0.29153     0.826883     0.525828      1.22476    -0.895837
   0.0859245    -0.607628    -0.176612     0.303244     0.233911     -0.44142    -0.119063     0.364135       0.6319    0.0914147     0.888601     0.632837     0.682007    -0.482416     0.222562    -0.577711    -0.959619     -1.27849   -0.0392981    -0.323424    -0.432478     0.338592    -0.702399     0.672474      1.26192     0.079037     -1.05784    -0.272077    -0.207327    -0.603385     0.252345    -0.911306
    0.414335     -1.16547     -0.37954      1.17127     0.970679   -0.0374211     -1.08762      1.52412      1.43072      -1.0484     -1.31306     0.755138     0.785303     -1.46273     -0.11293     0.480579   -0.0418564      1.22368     -0.82609     -1.76086     0.222308     0.126772    -0.894218    -0.259639    -0.173382    0.0509756    -0.966327      0.42295     -1.73176    -0.214951    -0.350564       2.9156
     1.07192     -1.18822    -0.277642     0.178804      1.37054    -0.544209     -0.51254    -0.655328      0.76199    -0.836649    -0.390452     0.175163     0.938234      1.49597     0.816394     0.115161     0.177754   -0.0231996     0.035286     0.170513      1.06919     0.061049    -0.683236     0.242316   -0.0878798     0.692475     0.541927    0.0598817      1.42669     -1.18187     -0.25671    -0.518477
  -0.0581944    -0.106173      0.66789     0.512806     0.853529      1.53019     -1.91954     0.312534    -0.674149     -1.14997     0.878142    -0.385306     0.138815     -1.92347     0.233169     0.114371      -1.3969      0.27105     0.789149     -1.11019     0.447225    -0.315667   -0.0775441    -0.663866    0.0779253      1.30327     0.946807     0.568758    -0.463833      2.49464     0.378454     0.150997
   0.0161026     0.411334    -0.325852     -1.52093     -1.66957     0.612192    -0.519056    -0.609301     -1.26509    -0.272661   -0.0980302    -0.893339     -1.33878     0.292647     0.652544       1.6755     -0.36986     0.261929     0.181762    -0.711202     -2.07704     0.474569    -0.974862     0.146751      1.38048     -1.05916     -1.12046    -0.459091     -1.07963    -0.204452     0.697347    -0.488449
   -0.444784     0.689985    -0.969322    -0.990651     0.379237    -0.305554    -0.414548     -1.38997    -0.984706      1.54416    -0.816926    -0.566153      -1.5439    -0.377028     0.295851     0.665769      0.53335     -0.23787    -0.669069    -0.836335     0.693673    -0.948573     0.815235     0.304423    0.0192597    -0.904631     0.262802      1.45693     0.369629     0.119243     0.320958    0.0636727
    0.631919    -0.979725    0.0558873     0.979485     0.229663    -0.182883     0.787747   -0.0828315   -0.0247763    -0.171189    -0.419565     0.682549     0.424548     0.560837    -0.185024     -0.73656    -0.377939     0.260587    -0.511372     -0.12082     0.604681    -0.321612     0.579378     -1.21493      1.15229     0.330251     0.144434    -0.648244    -0.903263     0.288062     0.221245      1.14939
    -0.72861     0.179971    -0.561114    -0.574124    -0.436175    -0.395865    -0.901916    -0.959196    0.0208033    -0.759622      1.30587    -0.173364   -0.0774853      1.16232     0.988935     0.394992   -0.0156208    -0.421639     0.217396     0.586588     -1.22038      1.59398     -1.02206    -0.301181    -0.356388      1.57275     -1.17104     0.659442    -0.904169     0.574874    -0.495805     0.386512
  -0.0365692   -0.0956571     0.204515    0.0980548     0.331922  -0.00639536     -0.39195   -0.0966313   -0.0319399   -0.0121712    0.0894392   -0.0946714    -0.114735    -0.253281      0.18536   0.00895554     0.429634    -0.419097      0.35113    -0.114211     0.106069    -0.207245    -0.228653    -0.332625   -0.0790172     0.161968    -0.305326    -0.141448    -0.353974     -0.14256    -0.326438     0.560023
    0.157957    -0.901038      1.01569     0.303731     -1.41082     -1.08673     0.539409      1.79216     0.363096      1.96648     -3.60775    -0.802502     0.581194     0.182955      2.31891     -1.60716      1.11882     -2.20778    -0.095682     0.922457      2.50866     -3.66032     -1.99516    -0.903799      1.04207      1.29901     0.234997     -2.88462    -0.469255     0.916288     -2.50964     0.188299
  -0.0617678    -0.233899    -0.888482     0.589034     -0.40073     0.225857      1.57009     0.140898     0.713069    0.0675796    -0.587353    0.0789797     0.256117     0.894094     0.115281      0.45496     0.090364    -0.315304    -0.279484    -0.586085    -0.306158   0.00849954     0.594532    -0.733609      0.17749     -1.14403    -0.300102     0.674363     0.844358    -0.357437     0.184949    -0.295907
    0.347958     -1.04932      1.06417     0.157508       2.3039    -0.307295    -0.454892    -0.914718     0.310017   -0.0992039    -0.333912     0.631281     0.214199   -0.0462375      1.48696    -0.143151    -0.637386    -0.313864   -0.0430855    -0.711904      0.86346    -0.180899      -1.0598     0.026817    -0.657501     -0.36734     0.441366    -0.837332    -0.827431    -0.622065    -0.297679    -0.197664
     0.39162    -0.831957     0.314039    0.0357169    -0.910267     0.688871     -1.76501    -0.934748    -0.434821     -0.87104      -1.1362    -0.113831     0.267608     -1.13085      1.54714     0.634578    -0.147623     -1.46192      2.11321      1.57994     -1.92206     0.251614      1.50999    -0.892706    -0.155234     0.601445     -1.47445      1.82904     0.180536      0.72721     0.149614    -0.681003
     1.09333     -0.96933     0.192874     -0.13874      1.26622   -0.0310768     -1.41362   0.00627033    -0.996128     0.182228     0.696472    -0.825272     0.701074     0.976842    -0.052937     0.386006    -0.396898     -1.30553    -0.250627     -1.38959     0.436069    -0.172788      1.58133    -0.382474     -1.12875      0.88919     0.987837      1.16423     0.320214    -0.435781     -1.06884     0.945299
    0.715893    -0.280878    0.0935362     0.239964   -0.0171875     0.809637     -1.41557      1.44442      1.39717    0.0233632     0.109898    -0.563296      1.25085    -0.561332     0.608098     0.716328     -1.88862    -0.992508     0.941141     -1.26362   0.00037986    -0.385878     0.210949     0.776487     0.813017     0.185192    -0.312631     0.495221      0.96614     0.093591    -0.821375    -0.466657
    0.857904     -1.90228     -1.05014    -0.314251     -1.34852     -1.06898     -1.83654      0.22558     -1.71797     0.420305     -1.50994    -0.561549    -0.533056     -0.67916     0.948639     -1.08983      1.57588      1.95182      0.20966     -2.10933     -1.75076     -3.02406      1.43125     -1.55508     0.280887     0.755474      1.67102     -1.94084    -0.978921     0.672229     -3.10514     0.645678
    0.192334     0.834306      1.45579     0.138641    -0.381308      1.37516     -2.05518     -1.05574    -0.551594    -0.123956    -0.680579   -0.0370299     0.239034    -0.150949     -1.40134     0.362573      2.30973    -0.450374     -0.47252  -0.00699717     0.581593     -1.64702   -0.0994326     0.437155      1.97041    -0.745365    -0.909288     0.633721     -1.00208    -0.615937     -1.72282     0.465599
    0.214387     0.123163     -1.42032     0.543022    -0.385962    -0.713337     -1.28038      1.68872      1.42976     -1.71526      0.10331   -0.0770409    -0.244531      1.09884   -0.0850104     0.255682     -1.58414    -0.321676    -0.848298    -0.812051     0.480365      2.32496    0.0626902     -1.11038     0.279758     0.315031    -0.893038     0.525168     0.366931    -0.354062      2.41865       2.2216
    -1.02345    -0.445024    -0.803831     0.874182    -0.656877     0.559191     0.289295      1.09444    -0.503982    -0.603379     0.702753     0.701372     0.367173     0.188904     0.339426    -0.561971    0.0951718    -0.424213    -0.194253      0.60465    -0.641007   -0.0134192     0.223846    -0.232457     -0.69613    -0.147508     0.487584     0.382249    -0.304102    -0.078135     0.256701     0.132039
    0.515443    -0.363376    -0.159324     0.245726    -0.541913     0.197448    -0.402497     0.541752     0.463451    -0.517568     0.221232    0.0222856    0.0383772    0.0594736     0.193869    -0.288695    -0.415908    -0.547971     0.203151     0.534261     0.115403     0.529146    -0.216979     -0.48033     0.363239     0.433861    -0.302865   -0.0420283     0.291379   -0.0461894     0.155753    -0.095053
   -0.623914   -0.0967853      1.15493    -0.607755     0.318449     -1.21771     0.201125    -0.120898     -2.48138     0.266126     0.527059    -0.775516   -0.0446259      1.39462    -0.950103       0.5907     0.594005    -0.162199     0.703667     0.177513      1.48757     0.463269     0.577572    0.0118274  -0.00974638     0.263348      1.23304    -0.230723     0.589084    -0.281612    0.0689082    -0.174374
   -0.301035    0.0122306    -0.300725    -0.156254     -1.63978      2.83925     -1.39664      1.99433        1.948    -0.894918      3.51865     -2.52051    -0.646598      1.12606     -2.13254    0.0454088     -1.36194     0.727484      2.74031     0.548165     0.942193     -1.09535    -0.728673      2.36429    -0.665511      1.64214      1.95186      3.15387      1.39758      4.14407     -1.12083      1.91584
     1.36431    -0.795527      1.70113      2.06876      2.06831      1.62368     0.559143    -0.754186     -1.52977      1.49455      1.11169     0.670116     -0.34404     -1.07241     0.555192     0.837253      2.19469      2.28756    -0.649953    -0.991674  -0.00478115     -0.27331    -0.900692      2.06638     -1.08715     -2.22152     0.510976      1.87163      1.78523      1.71502      1.61649     -1.24177
    0.211934     0.371928    0.0926374    0.0771109     0.261513    -0.811361    -0.101751    -0.197708     0.112044       0.2516     0.179441     0.182451    -0.214569    -0.548171     0.398473   -0.0228956   -0.0292044    -0.573197    -0.444657     0.130312     0.425936     0.471052    -0.594488    -0.113838     -0.15087   -0.0114582      0.14261    -0.419626    -0.264723    -0.148616     0.041978    -0.142255
   -0.186376     0.116172    -0.165256      0.55322     0.135427     0.185054    0.0921581    -0.169577     0.376699    -0.989728    -0.418932     -0.42888      0.13466    -0.151361     0.320808     0.343989     0.329675   -0.0215548    -0.524369    -0.128901     0.548959   -0.0558235    0.0256079     -1.14506    -0.518535    0.0841937     0.660727     0.638721     0.244415     0.624894     0.102993     0.933927
    0.919465      1.89313      2.02282   -0.0149115     0.145062    -0.882663     -1.08894    -0.599275    -0.388401      1.70789      2.66856     0.876953     0.350328      1.17898     -1.74005    -0.735797     0.103778     -1.94978    -0.707014      1.12398    -0.351259     -1.19405    -0.460739      1.93092      1.37437      -1.6432     -1.52351     0.243765      -2.3951    -0.355063    -0.353012     0.693347
   0.0555758     0.576408     -1.24955    -0.493285    0.0290145    0.0167046     0.557253    -0.216646      1.47802   -0.0658759    -0.633909    -0.711854     -1.50686    0.0452727    -0.387666    -0.626659    -0.132277    -0.326294      1.49884     0.508067     0.234266     0.390189     -1.03947    -0.440906    -0.652348     0.422784   -0.0952533     0.573438       1.3797    -0.401033    -0.526696    -0.678693
    0.515496     -1.84857    -0.118909     0.598732     0.601342    -0.348212     0.682508     0.776859      1.52752    -0.355898    0.0135244      1.04815      1.54659     -1.22309     0.678426    -0.783747     0.410172      2.31934     0.523126     -1.22521     0.890417    -0.988894    -0.591176    -0.389669     0.368276    -0.292208    0.0885905     0.573468    -0.380638     0.955253    -0.848781     0.839608
    -1.51203       1.1442    0.0119713    -0.252639     0.220956     0.459183    -0.759727    -0.675997    -0.122156    -0.494326     0.305625     0.048411     0.178797     0.503229     0.482195     -0.26744     0.820027   -0.0507221    -0.454392    -0.103991     -1.44324     0.352797    -0.351578    -0.278204     -0.02728    -0.700463     0.599421     0.428967    -0.514383     0.536429    -0.552206     0.483892
   -0.259669     -1.06056    -0.531954      0.74379      1.52162      1.41913    -0.793291   -0.0354536    -0.121096    0.0797078      1.14665    -0.569323     0.699593    -0.262027     0.139115     0.112911     -0.58429    -0.724439    -0.148508     0.227981    -0.162224    0.0408152     0.731606    0.0334982      0.70302     0.115055     0.249394    -0.346563     0.146295     0.198411      0.48379     0.199971
    -2.20776      -2.1917     -1.31118      1.42194       1.0294      0.54587      1.14324    -0.318473     0.486342     -1.94662      1.85843     0.339272      1.85282   -0.0249692     0.135045     0.821235     0.601295    -0.612839     0.621592    -0.517341      0.30358     0.949038     -1.36566     0.266758    -0.830129    -0.198768     0.335938    -0.540497    -0.157191     0.423727      1.58267     0.365574
     2.10751    -0.403264     0.268854     0.165141   -0.0312624     0.344482    -0.327401     0.890416      1.42558     0.061018    -0.631642     0.602161     0.962714    -0.527923    0.0356457     0.207442    -0.556899    -0.468222     0.137051    -0.760534    -0.812808     0.747974    -0.431022     0.237152  -0.00154821   -0.0419146     -1.26635     0.200317     0.125602    -0.438459    -0.453585     0.256767
    0.551201    -0.147893     0.360527     0.934397     0.459038   -0.0226347     0.322152   0.00605193    -0.476515     -1.09694    -0.397981     -0.34798     0.129871    -0.343946     0.363017      0.34966     0.867175     0.865597     0.347139     0.846701    -0.521795    -0.879819     0.362271    -0.987002    -0.984767     0.602409     0.186903     0.103467    -0.782325     0.529987     -0.25715      1.50956
    0.311838   -0.0121481     0.677473    -0.543017    -0.254605    -0.174643    -0.051089     0.562078      -1.3581     -1.37422    -0.461877   -0.0980858      1.11862     0.459868     0.332038     0.160239     0.211177     0.579178     -0.51412    -0.655711    -0.271742     0.208289     -0.71491     -1.01925     -1.16229     0.510454     0.677553     0.179067     -1.01247     0.494434    -0.222499     0.672025
   -0.758221   -0.0386218    0.0502915     0.158677    -0.258353     -1.60754     0.312713     -0.59216     0.498089      1.04585    -0.962619     0.375113    -0.337106   -0.0785694    -0.333157    -0.141196     -0.46991    -0.223998     0.898618    -0.152013   0.00555237     0.072125   -0.0160919     -0.94684  -0.00773698     0.333176     0.343919    -0.292597    0.0567679    -0.438581    -0.947099    0.0634012
  -0.0871954    -0.610679      1.82879      1.66514     0.292294    -0.683268      1.10855     -0.36469     -1.45555     0.754609     0.149909    -0.922794     0.286703     0.545689       1.2164    -0.250684    -0.418285      1.53743    -0.267868      1.27494      1.67944    -0.313409    -0.641046     0.131611   -0.0331775     0.782451     0.434198    0.0961231     0.568977     0.251773     0.339731     -2.24334
   -0.401066     0.889788     0.634754    -0.529385      -1.0201    -0.736208      0.81193     0.769654     0.231993      1.22062      1.00982    -0.189578    0.0381109    -0.312404    0.0913551     0.255365    -0.796405     0.101898     0.161478     0.736593    -0.338759     0.366511     0.168319    -0.103518     -0.19389    0.0553296     0.150227    0.0731662    -0.223133     0.145505    -0.598705    -0.622888
     1.07709      1.58587     0.568202     0.609487     0.313844     0.448704      1.06109    0.0203984     0.522499     0.808616    -0.624856    -0.666935     0.648877  -0.00477837      1.35956     0.317915     0.250077    -0.113062     -0.62704     0.647781   -0.0174809     0.816035     -1.10438      1.88557     0.310099    -0.233224     0.295196      0.43456    0.0523714    -0.659107     -1.00295     0.104452
   -0.335851     0.871173    -0.510887    -0.418763      1.19697    -0.775376    -0.390187     -1.20711     0.508967    -0.139787      0.22721     0.494113    -0.140219     0.567748     0.162401     0.951027     0.510075      1.11292     0.113463    -0.569157    -0.322177      1.61323     -1.05301     0.345335    -0.633724    -0.665115    -0.786712     0.268797     -1.15119     0.229201      1.63652      1.33562
    -1.21689     0.401151      1.53013     0.248539      -0.1616     0.190175     0.807808    -0.447851     0.365017     0.840007   -0.0554087     0.261521    -0.925685    -0.300261    -0.894429    -0.623259     0.367129    -0.621863    -0.729744     0.485666     0.179915     -1.06582     0.267501     0.449799   -0.0633783    -0.305152     -0.41748     -0.50124   -0.0978451      0.32372     0.433199     -1.13345
    0.168622    0.0687223     -0.25342    0.0633982    -0.382778     0.122978    -0.928095    0.0870099      -1.0916    -0.770775     0.340936    -0.973012     0.143194   -0.0940955    0.0259131     0.560233     -0.13277    -0.461908     0.736802     0.582118    -0.548637     0.308868     0.436325     0.442826    -0.175521    -0.231461    0.0487455    -0.301008    -0.552514     0.168678    -0.682079     0.251493
     0.41546     -1.43562     0.414443     0.311845     0.551073    -0.340874    -0.215711     0.390269     0.255583    0.0915497       1.0344    -0.613238     0.533561    -0.349263     0.440046     0.800715    -0.559383     0.454541     0.920552    -0.452033      0.13258    -0.596523    -0.299241    -0.566228    -0.368517     0.354155     0.512097    -0.590054   -0.0791113     0.397812   -0.0383702     0.262311
   -0.207386      1.38479    -0.907296     -1.20633    -0.311994     -1.11938     0.661883    -0.175671     -1.15446     0.866592     0.228751     -0.23361     -1.85891    -0.400291     0.285398     0.509234     -0.17229     0.203696    -0.946566      1.25636    -0.255839    -0.340554      1.06948    -0.466967    -0.149083     0.628095       1.2186    -0.655586    -0.383495    -0.301553    -0.335724    -0.579265
    0.113437    -0.480829    -0.371828    -0.931863      1.55912     0.064901    -0.292348     -1.59844     -1.07178     0.547677    -0.348361     0.437284     0.305262    -0.450598     -0.95364    -0.838109      1.22677     0.344807      -2.0699    -0.689811    -0.208408    -0.541867    -0.403267     0.147636     -0.65978     -1.30329      0.83771    -0.824759     -2.27198     0.202415    0.0767496      0.56232
   -0.293776     -1.77609     -1.02366      1.16636    -0.642587    -0.656265     0.996933       1.6278     -1.50258    -0.595077     -1.72238     0.151309     0.838539     0.397094     0.359841    -0.557835     0.451407     0.257106    0.0178866     0.793048     0.242562    -0.139045     0.160949      -1.9268    -0.575996     0.277269    0.0121429   -0.0539546      1.08505     -0.25136     0.131599     0.324614
   -0.229481      0.11479     -0.10567    -0.287593    -0.315942   -0.0958645    -0.261084    0.0849863    0.0968666    0.0657361    -0.199358     0.323106     -0.29066    -0.367245    -0.466379    -0.104064     0.401629    0.0544284     0.304069     -0.25233   0.00856028    -0.193381    -0.317034   -0.0588128     0.206253   -0.0318941    -0.583953     0.234447   -0.0699048   -0.0868155    -0.195831    -0.269143
   0.0362828    0.0343506     0.509702 -0.000842867    -0.386287    -0.496776      0.22176    -0.157301     -0.13698      0.15525     0.424624     0.489111    -0.155868  -0.00739367   -0.0716127    -0.121015    -0.319553   -0.0224242   -0.0705072    -0.123634   -0.0921918  -0.00527075   -0.0933957     0.105984     0.366432     0.189394    -0.176969      0.27056    -0.139913   -0.0638694    -0.246273     -0.19826
  0.00138633      1.32673     0.548635    -0.966234    -0.349146     0.251728    -0.597025    -0.621604    -0.468033     0.563784      1.28947    -0.273535    -0.204927      1.43671    -0.892296     0.339855     -1.34272     -1.23386     0.199168      1.27412     -0.24427     0.154668      0.45549     0.846454     0.443623    -0.646417    -0.465635    -0.274064     0.203899     -0.70095      0.35344    -0.642634
     1.06849     0.175243     0.304549    -0.151883     0.580077    -0.816544    -0.863812  0.000477492    -0.790287    -0.950879    -0.661409    -0.359355    -0.474395     0.103339    0.0442986    -0.511849     0.130898     0.130499    -0.212044    0.0244982     0.753088    -0.321664     0.101875    -0.857181    -0.615875   -0.0888378    0.0813401    -0.163886     0.195023     0.503234     0.299757     -0.16011
    0.942595      1.72702      1.32123    -0.986545     -2.09534    -0.246699      1.24912      2.37147    -0.673636      1.57622      1.08886     0.761268    -0.781925     0.579736     -1.11834       1.2766     -1.19567     0.357804    -0.579178     -0.47147    -0.990213     -1.33052    -0.398539      1.45783    0.0662634      -1.2476     -1.93352     0.123133      1.19721     -0.66491   -0.0053604    -0.946406
     -1.2964    -0.101436    -0.987543     0.107828     0.273183     0.183636     0.342432    -0.217513      1.35977    -0.386079    -0.513973   0.00724015     -1.13584    -0.451488     0.460719      0.26328    -0.775656    -0.320744    -0.950427    -0.448662      1.65716    -0.187165    -0.043575    -0.728394     0.922405     0.365932    -0.413019     0.267072     0.481274     0.494741      1.35276    -0.882083
     3.00788     -1.61654      1.39486     0.923035      1.82153     -2.26642    -0.885005     0.784132      1.07841     -1.03772     -1.06189     0.913401      1.17685    -0.688384     -1.49499    -0.328464    -0.770457     -1.60804      1.97191    -0.470524     0.296268     0.262583      0.44083    -0.748293    -0.499086     0.420356     0.219368      1.97873    0.0524986     0.279418    -0.975538      1.03181
    -1.05874     -0.56307    -0.450086    0.0631309   -0.0172899     0.417124     0.326496     0.140967     0.359308    -0.171221     0.316191    0.0430127    -0.125667     0.173867    -0.317881    -0.732109      0.89098      0.40761    -0.145205    -0.449597     0.802969     0.332413    0.0907127     0.143728      1.40317    -0.520479    -0.517777     0.590274     0.111099     0.568796     0.335116    -0.822666
   -0.520009     0.333184     -1.06156   -0.0413783     0.536373    -0.358841    -0.406672   0.00182517     -1.02768    -0.729237      0.15897    -0.653773    -0.107407    -0.587385     -1.16256    -0.530125    0.0850114      1.30085     0.197961     0.100632   -0.0881005     0.145182     0.299397    -0.322676   -0.0336559    -0.297113    0.0578262    -0.233709    -0.465722     0.613327    -0.376883     0.954215
   -0.374083     0.234611     0.565316    -0.968976    0.0805882     0.322005     0.158441    -0.360795     0.292917     -0.27835    -0.201627     0.166606    -0.290108     0.376399    -0.494874    -0.206587     0.347353     0.702591    -0.291343     0.590104    -0.543926   -0.0914827     0.710239     0.300526    -0.587766    -0.731347     0.571202    -0.734544     -0.31451   -0.0711953     0.346742      0.55571
    -1.94509     -1.02463    -0.679047      -0.2483   -0.0256566     0.400088     0.784659     0.939355    -0.849838    -0.353884      1.73612     -1.00194     0.573339     0.382781     0.745264    -0.109432     0.871448    -0.591613      0.48339    -0.495378     -1.02124   -0.0799143     0.505212    0.0242886    -0.139909     0.028054     0.774916     0.648053     0.486026     0.508264    -0.581507     -1.91498
    0.718103     0.587333      -1.4797      1.06413       2.6821     0.914526     0.645374    -0.836232    -0.359781      1.34038     0.709507    -0.205625       -1.284     -2.65846     -2.32416     -2.06606      1.47373      2.31029     -1.25604    -0.452972     -0.73701     -1.08262      3.16663     -2.02087   -0.0919481     -1.13343    -0.458888   -0.0890278      1.48163      0.45397     0.615008     0.365909
   -0.216073    0.0218865     0.258997     0.240063     0.731206    -0.117067      1.26261     0.333591    -0.451549    -0.758257     -0.35581      -0.9343       1.4303    -0.867606      1.36972    -0.430116    -0.171752      1.03658      1.13579    -0.915506     0.554261     0.293612      0.32375    -0.229079     -1.00596     0.748035     0.566766     0.526074     0.810446      1.26224     0.857413      0.10744
    0.747577    0.0883622     -1.20709     0.946072     0.023342    -0.104225     0.444439     0.571275    -0.420103    -0.136874     -1.03482     0.410929     0.991093     0.417607    -0.582373    -0.149249    0.0548646     0.155979     0.233171     0.394092    -0.114011    -0.240003     0.482146    -0.478974     0.628538    -0.345522    -0.392973     -0.61636    -0.890994    -0.783994  -0.00158599      1.58356
   -0.331148    -0.500587    0.0316299     0.160169    0.0534503     0.267568    -0.222641    -0.195871   -0.0214803     0.758145      0.82212    -0.832297     0.423006     0.367487      0.15771    -0.186892     0.323147    -0.735486    -0.221786      1.17641      0.32697    -0.538089      0.48566    0.0688506   -0.0444753    -0.593467    -0.606237    -0.258995    -0.472419     0.578827    -0.199851    -0.610338
     1.25744      1.52313      1.55897     0.521598     0.400164    -0.460169    -0.300009    -0.192757      1.21011      1.07925    -0.792408    -0.523499    -0.281333      -0.3636    -0.105461     0.148328     0.122658      1.10083      1.33029     -0.16296     0.463887     0.805292   -0.0866685      0.63751     0.195233      1.04835    -0.396471    -0.159142     0.514274     0.859446    -0.942339     0.333586
    0.526228     0.829912     -1.31429    -0.608042    -0.550387     0.408378    -0.332925    -0.620868     0.244565      1.35149     -0.48259    -0.925016     -1.07303    -0.093971     0.101095    -0.498545    -0.016719    -0.369545      -1.0268    -0.529935     0.335405      1.17226    -0.999407     0.379571     0.875927     0.896038    -0.554347     0.210388     0.540846     -1.23167    -0.527759    -0.827738
     1.43012      1.42154     0.366677     0.880897    -0.689936    -0.714543      -1.3836     0.614314     -1.47425    -0.556032     -1.62161      1.69358     -1.99974     -1.04877     -1.18703      1.14024     0.294556      2.11974      0.19016      1.63371      1.20136     -2.06408      1.66337     -3.87241     0.467654      1.40854      2.21437    -0.612898    -0.188878     -0.16197     -2.43339     0.870052
   -0.778755     0.135453     0.546511    0.0628981    -0.304288     0.108954    -0.199792   -0.0782111     0.125453      0.57689    -0.719081   -0.0452074    -0.242443     -0.03458     0.434019    -0.200106      0.50394     -0.61697    -0.632496    -0.130084    -0.120234    -0.605734     0.592346    -0.935266    -0.975947    -0.171782     0.283766     0.267539    -0.381932   -0.0253768    -0.159835     0.148749
  -0.0674825     -1.03262    -0.575253    0.0872804     -0.62632     -1.32321      1.16075     0.314958     0.512233     0.579035     0.928223   -0.0659898      1.04851     0.217874    -0.239201    -0.734333     -1.05323      -1.6675    -0.378831    -0.424207    -0.651804     0.371038    -0.156805      1.01312     0.208782    -0.544941     -0.73638    -0.726845     0.730482     -0.64169     0.884661     -2.14441
    0.382108    -0.888939     0.396382    0.0975647   -0.0578468    -0.619675    -0.548998    -0.569107     0.856812     0.851215     -0.43712    0.0121656    -0.657018    -0.480086    -0.797704    -0.160402    -0.386824     0.256667    -0.243368    -0.530683    -0.117749    0.0583261     0.280397    -0.714572    -0.102026    -0.189222     -1.29718   -0.0168353    -0.506098   -0.0890641     0.679919   -0.0139036
   -0.155914      1.04746    0.0847087     0.520793     0.331283   -0.0793988     0.865947     0.337809    -0.136065    0.0756122    -0.571706     0.177992    -0.616591     0.681483      1.06455    -0.337997    -0.929773    -0.443745     -1.03522    -0.154197     0.406716     0.239142     -0.62952    -0.317294    -0.682999    -0.126431     0.675857    -0.631474    -0.588657     -0.49342   -0.0522007    -0.305154
    0.209582     0.200702      1.43555     0.328337     0.673881    -0.753063     0.148607   -0.0326379     -1.08361    -0.549336     0.728585    -0.195398     0.503497     0.362319     0.255994     0.683048     0.123127      1.10797    -0.482528   -0.0993747    -0.170738    -0.184291    -0.142662    -0.320863     0.369558     0.106772   -0.0797719     0.444368     -1.01107      1.38633    -0.316641  -0.00130129
    -1.41994    -0.985877    0.0595557     0.533548   -0.0721788     0.976647   -0.0472723     0.429594    -0.448541    -0.332973      1.29032    0.0285204     0.395254      0.24785     0.269113   -0.0691107    -0.895319    -0.788188   -0.0103155      1.18562    -0.809012     -1.07194     0.610382    0.0935767     0.438018       0.2684     -1.24899    -0.227199    -0.517917    -0.237703     0.437171   -0.0105256
   -0.650965     0.999879     0.101307     0.855658     0.198859    -0.446042     -1.04122    -0.577103    -0.595067    -0.795607    -0.760539     0.337444    0.0779429    -0.319648     -0.68631    0.0407059     0.207605     0.107285      1.23603   -0.0256725     0.274785   -0.0063574    -0.298611     0.364475    -0.793291    0.0377252      1.37465    -0.451779    -0.249388     0.264645    -0.667444      0.42063
    0.378537     0.460957     0.024097    -0.200735     0.598161     0.905803     0.401985     0.951562     0.951485     -1.66849     0.169969     0.144849     0.569433     -1.18486    -0.910928    0.0939435     0.336707    -0.687948     0.467964    -0.074505     -0.15452     0.473752      0.39992      0.38443   -0.0857634     -0.43942     0.495351      0.23435    -0.112373     0.482291    -0.197088      -0.3573
     1.41631      0.31964     0.408478     -1.18737   -0.0592527     0.380966    -0.250258    -0.112585    -0.342842   -0.0793713      -1.3844    -0.299138    -0.788308    -0.708018    0.0762899     0.201201   0.00309274      1.21161    -0.310356     0.797711     -2.07452     -0.90655    0.0601018     0.157458     0.188578    -0.204444     0.448377     0.571928    -0.269816    -0.142456      -1.0501     0.575838
   -0.716266      2.68981   -0.0722107    -0.486875   -0.0978899     0.399181    -0.153835     -1.77133     -0.47788      2.19805      2.74092      1.69659      -2.9561      1.55388    -0.844653     0.631926    -0.715626    -0.464584    -0.753292      1.45517     -2.52993      1.02815     0.816433     0.239619    -0.149496      -1.7129     0.801744    -0.464019     -1.17836     -1.96612    -0.438769    -0.735721
   -0.909489     -1.59043     0.523664     0.643842     -2.25138     0.579051     -1.27988    -0.225255     0.592335     0.125761     0.211713    -0.279429      2.27232     0.206032     0.345359     -1.79124      0.30516      4.34573     0.165183     0.118928      4.89107     -1.05355     -1.41106   -0.0169788     0.249325     0.395988    -0.195667   -0.0920622     -1.91111     0.157563     -1.23046     0.288589
     0.78374     0.266456    -0.160663    0.0143418    -0.573419      0.62747      0.42762    -0.976861     0.189456    -0.560566    -0.966128     0.578844    -0.633432    -0.258115     0.591658     -1.05599     0.350863     0.196769    -0.982071    -0.148867     0.662815    0.0383579    -0.253655     0.178889    -0.497678     0.893274      1.09359    -0.669533     0.120468    -0.294012    -0.436562    -0.550164
     1.16306    -0.286667    0.0421415    -0.482167    -0.392558    -0.226217    -0.235494     0.524807     0.129106    -0.173833    -0.856593     0.130343     0.261213    -0.651031    -0.282469     0.372571     0.355278     0.647789   -0.0639068     -1.07187    -0.769677    -0.910432     0.173439   -0.0642209    -0.144284     -1.13971     0.373162    -0.379277    0.0372971     0.528979     0.346757      1.13208
     0.54859     -1.25427   0.00137912     0.982228      1.02404     0.129188      -0.3069     0.521508    0.0845087    -0.216463     0.190731    0.0980667      1.04882     0.127053     0.841747    -0.188965    -0.486869   -0.0865531    -0.384685   -0.0841998     0.251124    -0.749193   -0.0764005    -0.173462   -0.0904978     0.527051     0.656356    -0.183516    -0.512389    -0.647556     0.390959    -0.402927
    0.495579       -1.289     -0.25211     0.106538      1.18395     0.749438    -0.179639     0.666276    -0.122089    -0.601122    -0.163936    -0.873061       1.2022    -0.349042    -0.239627     0.582183    -0.600549    -0.132819     0.399021    -0.593546    -0.330657      0.83543    -0.147722     -1.22904    -0.148061      1.03938      1.42445     -0.67687     0.235613     0.865103    -0.274489    -0.519857
   -0.813768    0.0922378     0.660456     0.535124     -1.08517      0.19346     0.548827    -0.218953     0.175986   -0.0564131    -0.427642   -0.0353966     0.489315     0.297364       1.0778    -0.116017    -0.438545     0.255998     0.926965    -0.680468    -0.442894    -0.586441      1.12076     0.874435      1.33985    -0.314121    -0.627341     0.198071      1.46067     0.505084     -0.53175     -1.23645
   -0.401727    -0.635502     -1.28613     0.589059    -0.154355     0.798036      1.20869   -0.0715989     0.809839      1.41492     -1.76069    -0.911432    -0.661195     0.158269     0.306685     -1.20093     0.245385     0.517535      1.62931      -0.9342    -0.743535     0.486683     0.175109      0.35759     -1.53763  -0.00622554      1.78603    -0.925432      2.24589    -0.208597    0.0357878    -0.290135
    0.830897     0.966386   -0.0456145    -0.599921     0.752082    -0.531318     0.635179     0.372642     0.392685     0.131217     0.499577     0.204163     0.352744     0.593728     0.718794   -0.0377347    -0.158764     0.391681    -0.821627    -0.253066    -0.207668     0.591835    -0.420554    0.0754423    -0.531573    -0.272112     -0.18489     -1.05227    -0.359708     -1.15346      0.93058     0.622653
    -1.60057    -0.909153    -0.275385     -1.43617    -0.283722    -0.162027      1.32251     -1.14005    -0.198139     0.526862   -0.0405087    -0.208741      1.95534    -0.209695     -0.95928    -0.156266      1.55843    -0.363633      1.76689    0.0472796     0.532288     -1.75831      1.22565     0.402497      0.47656     -1.04112      0.36611   -0.0759409     0.126544     0.370646    -0.476613     0.330241
    0.967335     0.614892    -0.800065    -0.516547    -0.403242   -0.0971525     -2.15345       1.1971    -0.658571     0.713929    -0.883965    -0.602163    -0.242786    -0.968722     -2.04557     -0.60917     -1.45035      1.44915     -0.71373    -0.172769      2.30617     -1.17063    -0.300219    -0.790558     0.981945     0.302117      1.13032    -0.114903    -0.620263    0.0115306    -0.532345     0.548049
   0.0566808    -0.521444     0.056279    -0.114908     0.629166    -0.919539      1.44047    -0.263698    -0.290577   -0.0608775    -0.328773     -0.59816      1.55994   -0.0706597     0.774028     0.604867     0.270083     0.836471    -0.316701    -0.757921    -0.369793    -0.358401     0.302422    0.0192041    -0.855626    -0.608587     0.985675     0.453225   -0.0880507     0.606962    -0.272981     0.758707
    0.349932      1.05841    -0.548836     -1.26511    -0.850702     0.194954     0.322792   -0.0922744      1.32662     0.529405    0.0760475     0.361815    0.0895405    -0.352887     -1.27499     -1.22026     0.944045    0.0475689   -0.0682989     0.686156     0.683084     -0.90583     0.830469      1.45692    -0.677021     0.043023     -0.42935      1.28295     0.888154     -1.22864     0.641424    -0.566411
   -0.598414     0.638015     0.770249    -0.221423    -0.932183     0.243063     -1.38328     0.829106    0.0846625     0.263475     0.171984     -0.46724     -2.01806    -0.199504    -0.413204    -0.835376    -0.637907    -0.919497     -1.17071     0.911631    -0.267621    -0.155899     0.504497    -0.246299    -0.174727    -0.044923    -0.440491    -0.139303     0.778816     0.779616     0.155451    0.0137267
    0.133088    0.0467764     -1.17093      1.43826     0.889536       1.0734    -0.964965     0.223347     0.498299    -0.723191     0.422711    -0.107221    -0.399114     0.847198     0.785359     0.145879     -1.28424     0.880354     -0.49753      0.26237    -0.153662     0.639348    0.0962703     -1.56901     0.267378      1.46506    0.0863114      1.03944    -0.303676     0.328515     0.189334    0.0748892
      0.4418     -1.45123    -0.554611      1.34449     0.523641     0.896748      -0.4542     0.214504   -0.0133619     0.153216    -0.510188    -0.232092     0.645477    0.0839868    -0.458535    -0.277044     0.419193    -0.505172      -1.0167     0.456742     0.757978      0.26772     0.306726    -0.177519      1.12924   -0.0975663    -0.122907     0.647084     -0.07047     0.326705   -0.0352702     0.561234
     1.19661      1.09019     -1.03693    -0.262559     0.545261     0.519358      1.01687    -0.307187     0.955764      1.80954    -0.477022     0.310675     0.357098    -0.153192     -1.20396     -1.08192      2.08438     0.358124    -0.330455     0.581778     0.433659      1.37705    0.0641808      1.23157    -0.430438    -0.341851    -0.635301      1.50982     0.154188    -0.637366      1.02612      1.38113
   -0.860187   -0.0235851    -0.320805    -0.102031    -0.875585     0.462263     0.789518     0.201198    -0.409123      0.25755   -0.0339468   -0.0834062    -0.220083   -0.0162568     0.162572    -0.473832      1.69659     0.914163    -0.860492     0.405726     -1.23703   -0.0834873    -0.596463      1.02308    -0.581812      -1.1081    -0.240785    -0.871653    -0.869008    -0.826366     0.577121    -0.300482
   -0.271374     0.600875     -0.14275    0.0698931    -0.442607    -0.196836     0.746609     0.708458    -0.924322    -0.163867     0.772654    -0.365233     0.934942     0.839909     0.532256    -0.729455      0.86739    0.0311029      1.57946      0.50284      1.04336      1.38697     0.568182     0.270094     0.392345     0.776406    0.0665632     0.365766    -0.465243    -0.235113     -0.36623    -0.117661
   -0.243113     0.845012     0.782918    -0.214603     0.335939    -0.311019    -0.211991     0.248881     -2.25219     0.466331     0.396676     -1.08381      0.19678     0.310109      0.61212   0.00795714     -0.11497    -0.138961    -0.547655    -0.830514    -0.669828   -0.0621257    -0.887139    -0.484113     0.101545     0.216408     0.697065     -1.07663     -1.33091    0.0454494    -0.740633     0.422784
    0.151091     0.861877      1.41874     -1.47452    -0.987758    -0.561713     -1.29327     -0.15909     0.175271    -0.732131       1.1079    -0.210716    -0.279218     -1.46522    -0.614163   -0.0286532    -0.402366     0.773689      -2.5419      1.01372     0.310483    -0.532639     0.230837     0.200991     0.598628    -0.440316    -0.365388    -0.149278     -1.60349     0.914886   -0.0167867      1.12064
    0.047628    -0.161926     -0.27819     0.109907    -0.048441     0.153758    -0.178855   -0.0852115     0.126653    0.0226427    0.0257959    -0.198706     0.300382     0.318703    -0.340112     0.232181     -0.21016    -0.485068     0.074159   -0.0451999    -0.027916    -0.128908    -0.126624  -0.00256823    -0.115115    -0.351103     0.374064   0.00721668     0.143645    -0.586469     0.221775    -0.118619
   -0.201653    -0.149523      0.55649    -0.474354      1.59814     -1.75184     0.394339     -1.21881    -0.314268    -0.316324     0.261011    -0.442008     0.521876    -0.900261    -0.499266    0.0244939     0.678348    -0.337372      1.47548    -0.238391     0.842909    -0.857701      1.56651    -0.417259     0.467484     0.451053      1.25489    -0.378336       1.9707     0.519323    -0.575824     -1.23175
   -0.757385      1.04279      1.08806    -0.488649       0.3002     0.495937     -1.42475    -0.564301   -0.0878988      0.44199     0.428407      0.29948    -0.981492     -0.80797    -0.844235  -0.00394121     0.112894     0.246355     -1.06092     0.182652      -1.4109    -0.530992    -0.314582     -0.22861     0.203243    -0.354932    0.0409482     -1.04562     -1.73836       1.1846    -0.390922     0.382011
   0.0226036    -0.431955     0.368528      0.71566     0.135522    0.0926204    -0.159923     0.116083     0.448044     0.323109    0.0485885    -0.344129    -0.102872     0.202501     0.390278    0.0425092    -0.525686    -0.040926      0.12732     0.212713     0.856247    0.0733731     -1.15715     0.240503    -0.104933    0.0469536    -0.882546    -0.153816   -0.0435814    -0.561793    -0.166965    -0.503452
     2.56975    -0.593353      1.05336    -0.147917      1.73707      1.58171    -0.108554      1.45545      2.02731      1.33193     0.114576     -1.55451     0.605364    -0.206651     -1.51485     0.269059    -0.681142      1.96291     -1.90724     -2.12625      1.73937     -1.04132     -2.28141      1.54395    -0.130239    0.0325473     -1.68092    0.0966764      1.43562    -0.992015   -0.0880705     -1.42524
     1.08034     0.932147     0.799127     0.254197    -0.219902    -0.771597    -0.689413     0.255858    -0.520545    -0.411692    -0.493047     0.371913    -0.474926    0.0538616     0.770853    -0.234217   -0.0954469     0.572904     0.139439    -0.714341     0.236254    -0.645311     0.661553    -0.775087    -0.466039     0.288985     0.535235     0.469225     0.209307     0.962608     0.297314      1.13645
