    0.562416    -0.729915    -0.391887    -0.214073       0.1695    -0.058549     0.135385     0.364011    -0.299121   -0.0124555    -0.148728   -0.0778368    -0.489648     0.158845    -0.152721    0.0169068      0.23921    0.0138692     0.234393    -0.129701    0.0769143     0.172067   -0.0625252      0.38065      0.30093    0.0212388     0.105722    0.0127282     0.128983     0.384513     0.127506     0.261016
   0.0537006      0.52754    0.0594913    0.0186964     0.174449    -0.155882     0.106091     0.160505    0.0443437     -0.37399    -0.203165     0.250237   -0.0333811   -0.0936216  -0.00818404     0.106511    -0.210122    -0.190129     0.281725     -0.51671    -0.291441   -0.0926823    0.0707513    -0.535819     0.287347     0.275032    0.0320129      0.17105     0.594637    0.0932716    0.0845605     0.365381
    0.126251    -0.154362    -0.314958     0.383631     0.735905    -0.228791     0.686116    -0.103603     0.499843     -1.02797    0.0788343     0.477352    -0.747012    -0.193955    -0.178667    -0.311211    -0.572287    -0.562771    0.0798413    -0.628738    -0.503135     0.212918     -0.33713    -0.940567     0.247316   -0.0952971     0.114993    0.0676653     0.376154    -0.148182     0.893274   -0.0782067
    0.101028    -0.427604     0.204475    -0.135251    -0.362811    -0.113559    0.0343752     0.698965    0.0221503    -0.646235    -0.248248    -0.314165    -0.421523    -0.156174    -0.186779    0.0666768    -0.537244    -0.255362    0.0110316     0.226648   -0.0422478    -0.183915     0.192892     0.236508    -0.350381     0.189336     0.323816   -0.0841734    0.0857699   0.00904734     0.208744   -0.0878979
   -0.212563     0.704733     -0.47993    -0.224437    -0.155058    -0.346023     0.340962    -0.169955    -0.412844   0.00619838     0.227055    0.0233664    -0.676576     0.572538    0.0938455     0.147549   -0.0180164    -0.155909    -0.606634     0.797235    -0.237585     0.364835   -0.0182834    -0.401231     0.105888     0.458586     0.315325     0.383087    -0.197784     0.135951  -0.00562084    -0.460937
    0.427251     0.157685    0.0601197     0.270029     0.681745     0.365007    -0.231618     0.390987   -0.0772652    -0.452381     0.121348     0.149053    -0.118002     0.223381     0.185189    -0.171336     0.290154     0.180346    0.0625545   -0.0509958    -0.782365     0.210326    -0.920795    -0.137623    -0.353624     0.621674     0.286647   -0.0570483     0.433604    -0.514562     -0.65546     0.361677
  -0.0141387   -0.0531486     0.400502     0.494705    -0.439587     0.368563     0.422588     0.134244    -0.144546    -0.157136     0.267352     0.165844    -0.174172  -0.00125984    -0.113979     0.578614   -0.0499296    -0.211622     0.674508   -0.0128804    -0.558767    -0.178787    -0.240807     0.347456     0.161688     0.545874    0.0188432     0.628678     -0.02053     0.319087    -0.161047     0.635993
    0.034027     0.309618    -0.333155    -0.331407     0.202741    -0.257652     0.267426    -0.454812    -0.631069    -0.832263     0.768196     -0.23345     0.267327    -0.695425    -0.407461    -0.205113    -0.182323    0.0481823    -0.283587    -0.139587    -0.210384    -0.161739     -0.19441   -0.0297812    -0.417494    -0.217866     0.597109     0.425309    -0.015822    -0.127765     0.354402     0.239818
   -0.182333   -0.0216421    -0.306908     0.376647     0.598268    -0.362303     0.162407     0.150484     0.122722     -1.68819     0.297631     0.603878    -0.602419    -0.194052    -0.694903     -0.24306    -0.535075    0.0175042     0.120338    -0.328661    -0.158925     0.249073    -0.525451   -0.0121983    -0.523286    -0.066243     -0.32245    -0.244187     0.383498     0.533787     0.344856    -0.304362
    0.483313    -0.713161   -0.0478224    -0.434405    -0.270471  -0.00792672    -0.243036     0.515899     0.145305    -0.126897    -0.289064   -0.0933582      -0.3698   -0.0139691     0.237312     0.390788    0.0181663    0.0780549   0.00991467     0.325384     0.222007     -0.25729     0.298859      0.18907     0.350934    -0.121858    -0.224376    -0.172141    -0.135513     0.104523    -0.545067     0.675765
   -0.235739    -0.143501   -0.0577368     0.134127     0.138654     0.352986     0.269167      0.44407    -0.342965     0.110075     0.163412    -0.106294     0.134341    0.0638161    0.0501051     0.189964    -0.388113    -0.111458    0.0492002    -0.524628      0.31968     0.576353     0.671715     -0.20184     0.200069      0.21717    0.0354952     0.383728   -0.0943064    -0.182554    -0.233516    -0.117079
    0.849136    -0.140562     0.243329     0.126975     0.438438    -0.740036    -0.817944    -0.600133    -0.523659    -0.853391    0.0924482    -0.403086     0.653844    -0.609577     0.768152     0.224037    -0.559828    -0.601802   -0.0518616    -0.261984    -0.524951    -0.685712    -0.263095    0.0830794     0.451884     0.372985     0.502392    -0.199985     0.120855    -0.168606     0.403037     0.725077
    0.773147     0.914753    -0.743654     -0.26321       0.3172    -0.494389    -0.135811   -0.0100238     -0.42338    -0.551686   0.00121644    -0.121049    -0.144094     0.381464     -0.38486     0.101779   -0.0187512     0.046238    -0.311916    0.0844789     -1.30068      0.32528    -0.366127     0.219394   0.00542339    0.0522297    -0.141979     0.220339     0.209295    -0.514797   -0.0720687     0.139932
    0.149313   -0.0914397    -0.124711    -0.146695      0.30088     0.288395     0.115244     0.447013    -0.155932     0.113948   -0.0283043    0.0763949    -0.040619     -0.15012    -0.312249     0.398682     0.210737    0.0326457    -0.306638     0.587721    -0.498248     0.512087     0.378611    -0.289674    -0.314259     0.605773     0.202781     0.446135     -0.20939   -0.0457769    -0.340685     0.104082
   -0.301608    -0.188096    -0.715679    -0.603256     0.425726    -0.669715    0.0538464    -0.322965      0.56066    -0.101213     0.326296    -0.193004   -0.0420583    0.0785077    0.0552053     -0.21716    -0.373492     -0.05439    -0.437048     0.915065   -0.0909733     0.599566    0.0625408    -0.348746    -0.779366    -0.262293     0.134531    -0.118083    0.0384272     0.219378    -0.524445    -0.169099
    0.683265     0.922422    -0.762095      0.55243    -0.294281    -0.184553     0.182023    -0.372237    -0.191977     0.155227     0.646761   -0.0870159    -0.154965    -0.515458      0.20298    -0.259401     0.308463     0.323831    -0.509298     0.191573     0.309184   -0.0866084     0.366228     -0.37557     0.175704    -0.309243    -0.122278   -0.0635363     0.358346    -0.349443     0.381456     0.166992
  -0.0991413   -0.0348817   -0.0662625     0.410247    -0.537681    -0.465139     0.125225   -0.0332799   -0.0850765      0.96319     0.202396     0.296362    -0.844334     0.181125    -0.582806    0.0307933     0.299447     0.166925    -0.292421     0.285025     0.323725    0.0187741    0.0763018     0.414912    -0.111054    -0.488281    -0.276472    -0.480371     0.069547    -0.252632   -0.0700841    -0.213463
   -0.287045   -0.0660429     0.013918      -0.1495    -0.080345     0.286007    0.0764063     0.132422    -0.547486      1.17383     0.240658     0.334836    -0.209018     0.379537    -0.301205   -0.0756063     0.357849    -0.471191     0.419087    -0.254925    -0.441075    0.0998012     0.548378    -0.357194    -0.372932     0.283821   -0.0871871   -0.0943053    -0.169268    -0.295178     0.145463    -0.151135
    0.402496     0.523592    -0.301729    -0.264026      0.12161    -0.629008    -0.590044    0.0122306     0.126801   -0.0328607    0.0905316     0.219561    -0.145119     0.168565    -0.286129     0.485882    -0.339941     0.337282    0.0091528     0.125021    -0.409758    0.0489631     0.280525    -0.043752     0.160926   -0.0138556      0.23128    -0.171321    -0.272444    -0.306557    -0.167247     0.550096
   -0.324517     0.626134   -0.0810703    -0.331059     0.645225    -0.210488    -0.112771     0.160262     0.435169     -0.59687    0.0839939    -0.477135    0.0126657   -0.0524151    -0.109749     -0.10378    -0.499081     0.109659     -0.10673    -0.424583     0.464086     0.266708     0.038357      0.35376     0.198413     -0.25581    -0.339556    0.0671414    -0.583555    -0.372401    -0.310834     0.390537
   -0.487284     0.188809    0.0513573     0.264204     0.453045     0.111101   -0.0782855    -0.378137   -0.0858077    -0.885745     0.324601     0.114327    -0.305242     0.120107    -0.326828    0.0569859    -0.315551    -0.642358    0.0427366    -0.342299    -0.604306     0.662703     -0.11356    -0.242189   -0.0227691      1.02459    -0.316275     0.134195     0.349548     0.177121     0.288464    -0.310331
  -0.0691256    -0.256677    -0.143457   -0.0763312     -0.26019     0.238653   -0.0166118     0.247631     0.798791     0.225353     0.058919    0.0517515    -0.289135     0.154024     0.168814     0.153138    0.0725145   -0.0181554     0.266505    -0.173113    -0.252441     0.993785     0.742494     -0.28233    -0.367348     0.077465    -0.168713     0.322498     0.175989    -0.642777     -0.84121   -0.0158891
   -0.632215   -0.0232608     0.286285   0.00512124     0.236417     0.327308     0.553591    -0.217116   -0.0476278  -0.00597233   -0.0307606     0.115701    -0.177275     0.201253     0.234404    -0.405638    -0.518543    -0.505888      0.25294     0.222964   -0.0404471   -0.0333417     0.446769    -0.349314    -0.199968     -0.15683    0.0505234    0.0662483     0.215325     0.445439    -0.139153     0.622462
  -0.0939337    -0.108693    -0.344317    0.0684272    -0.358501    -0.356146    0.0266243     0.112358    -0.101129     0.162684    -0.235363     0.122298     0.536347     0.244441    0.0850037    -0.083035    -0.299739     -0.28503     0.274201     0.194006    -0.119492     0.239388     0.265736    0.0129627    0.0794984    -0.286746    -0.016823    0.0352991     0.232092    -0.109197    -0.147076     0.623581
    0.349729     0.657881    -0.339661     0.522133    -0.295147     -0.15933    -0.141689    -0.600432    -0.771993    -0.351729    0.0796271   -0.0955215    -0.452373     0.184315     0.127153    -0.266918    -0.670328   -0.0755738    -0.324118    0.0758808   -0.0390224   -0.0981238    -0.977216     0.256984    -0.350308     0.459825     0.200505    -0.643963    -0.299134     -0.52379     0.608919     0.447214
   -0.401881    -0.109455   0.00356066       0.3159    -0.147503    -0.518214   -0.0708119    -0.108443   -0.0969528    -0.544478  -0.00421711     0.449219     0.373655    0.0235953     0.131907    -0.399779      0.15491    -0.146414     0.433445    -0.281507    0.0442206     0.401487     0.124942      -0.3534     0.509504       0.2684    -0.328325  0.000297682    -0.273081     0.333765   -0.0108666    -0.278658
    0.260244    -0.116663     0.552986    -0.178325     0.157907     0.174013    0.0679356     0.169363    0.0115216     0.370445   -0.0516496     0.126938    -0.478409   -0.0647191    -0.258687     0.316167     0.274285    -0.425954     0.359858    -0.148708    -0.131359    -0.467653      0.14685   -0.0253175     0.413158   0.00117952    -0.110215     0.258767   -0.0453908      0.17526     0.529929     0.815986
   0.0857317     0.189531    -0.133474     -0.22845     0.195994    0.0739266    -0.172753     -0.31799    -0.115838     0.586132     -0.22811    -0.317659    -0.203596   -0.0997221     0.113924   -0.0983704    -0.340969     0.378091    -0.388266   -0.0102348    0.0570594    -0.511021    0.0356492     0.566044   -0.0215931       0.5956   -0.0110226   -0.0798745   -0.0618366    -0.954294    -0.613012    -0.148248
   0.0524766     0.195898     0.192111    -0.251696    -0.478835      0.83766     0.145419    -0.377844    -0.189089     0.701401    -0.328407    -0.032615     -0.47476    -0.679396   -0.0100101    -0.264566     0.241234    0.0256252    -0.108734    -0.143062    0.0625961     0.532454    -0.127989     -0.23866     0.409727  0.000868852   0.00437742     0.267873   -0.0167795    -0.132347      0.84943    -0.171556
   -0.588391   -0.0710015   -0.0654044     0.270297     0.474262    -0.216378     0.146328    0.0260304    0.0932407    -0.238918    0.0658698     0.807752    -0.135049     0.452024     0.284371      0.42504   -0.0444318   -0.0179185    0.0446329     0.505399     -0.43732    0.0851209     0.146583    -0.165202     0.486806     0.532918   -0.0193821     0.286697    -0.142843     -0.15106    -0.273802    -0.262374
    0.117521     0.259596     0.287112      0.54751    0.0799329    -0.284192      0.23771    0.0129885     0.241299     0.600911   -0.0473008    -0.178061    -0.530173    -0.251449    -0.110457      0.15663    -0.278319     0.113232     0.313418     0.364707     0.183794     0.438783    0.0786928     0.258642    -0.592323     0.297873     0.576073     0.174355      0.08401    -0.462627     0.661218    -0.422071
  0.00479877     -0.68516     0.526975     0.205138    -0.502993    -0.042167   0.00107418     0.151548   -0.0325048   -0.0421124   -0.0388119    0.0231931    -0.668878    0.0663653    0.0696266     0.475594   -0.0217581     0.260846     0.648402    0.0555215     0.183427    -0.518049     0.513821    -0.136033     0.229504    -0.191793     0.516984     0.485974     0.189505    -0.469394     0.686092    -0.141575
    0.517675    -0.347127    -0.187275    -0.102347     0.380766     0.205476      0.42164    -0.379296     0.288266    -0.406693    0.0461934    -0.499395     0.314991    -0.915263     0.309227     0.191023    -0.315568    -0.558327    -0.128146    -0.196596     0.067629    -0.425848     0.422727     0.797542     0.508351     0.118604      0.32787    -0.458919    -0.367644    -0.152907     0.178076     0.480125
    0.806146    -0.407608     0.306825     0.259422     0.121283    0.0248988    -0.310904      -0.1889     -0.71384    -0.754783    -0.592219    0.0534842   -0.0763752     0.761034    0.0393489    -0.190382   -0.0994632     0.530122  -0.00284189    -0.233144    -0.220459     -0.63073     -1.14293   -0.0406835     0.331102      0.31422    0.0650572    -0.941604    -0.514532    -0.518786     0.249805     0.709333
  -0.0491864     0.706348   -0.0667854     0.258518     -0.14966     0.761826    -0.219013    -0.365934     -0.43492      1.58684      0.50516    -0.106374    -0.159996    0.0367776    0.0553919    -0.115585      0.71597     0.642155     0.235751     0.180063     0.112957     -0.33019    -0.243552     0.271749     0.434104     0.544848      0.25094    -0.420734   -0.0983344   -0.0264616    -0.114292     -0.32445
   -0.209237     0.385332    -0.322168     0.149957   -0.0773954    -0.499751     0.199687     0.101709     0.207683     0.285384   0.00567016    -0.462122    0.0664104    0.0440309     0.334945      0.10504    0.0113742     0.319825   -0.0724195     0.173101    0.0475087    -0.354851     0.535216    0.0129988   -0.0478545    -0.487172    0.0904527     0.256825     0.380186     0.140758     0.348454   -0.0127444
   -0.211634     0.820254    -0.483266     0.245486     0.232804     -0.21283    -0.507225     0.216634    0.0313378     0.747399     0.466301    -0.501125    -0.529971      0.87246    0.0783972    0.0378336     0.138947   -0.0468124     0.295606     0.308027     0.645301     0.263927     0.239774    -0.136512    -0.101336     0.430099    -0.298461      0.23278    -0.285604    -0.757382    -0.441392     0.064144
   -0.693301     0.318109    -0.644951    0.0310069     0.245389    -0.777439    -0.103741     -0.51125     -0.15029    -0.579188     0.253674     0.120381     0.130097    0.0230084     0.137815     0.362721    -0.366789      0.07759      -0.3168     0.478214    -0.287118     0.317122     0.323824    -0.203863    -0.393804    -0.086984     0.143603     0.267044     0.661434     0.368318     0.132415    -0.757956
    0.314882     0.333352   -0.0556751     0.206401    -0.302668     0.472416    -0.376948    -0.295987    0.0115984    -0.186404    -0.535576   -0.0355337     0.177502    -0.230619    -0.117649   -0.0133389     0.184987     0.358541   -0.0199173    0.0647047    -0.276081    -0.522389    -0.101197     0.179391     0.859639   -0.0696421    -0.265409    -0.356275   -0.0338034    -0.322797     0.670815   -0.0913121
   -0.663214   -0.0241303     0.396873     0.215342     0.262682     0.215295    -0.487282     0.321424     -0.11071     0.180245     0.312518   -0.0214467    -0.767474     -0.58622    -0.455054     0.389495    -0.215802    0.0888642      0.10859   -0.0444907    -0.141738     0.756115     0.425595    -0.574638     -0.67799   -0.0675238     0.320129    -0.359956    -0.112913    -0.566984    0.0948377       -0.307
   -0.295033    -0.235251    0.0408083    -0.132548     0.321234     -0.21125    -0.525926    -0.280775     0.510697    -0.125082    -0.392553     0.193624     0.861755    -0.144089     0.613847     0.350507     0.162912   -0.0876088    0.0818539    -0.328427     0.352831     0.223731       0.5556    -0.299253     0.559039     0.264949    -0.095195      0.22684      0.02972     0.432481   -0.0508323     0.334312
   0.0231825     0.636011     -0.31584      0.27322     0.479398    -0.706637     0.625648    0.0361449     0.255236    -0.619891    -0.740141     0.268745     0.295624    -0.142098    0.0431123     0.134684    -0.171335      -0.3125     0.750556    -0.326372    -0.138642     0.280513     0.128578     0.426132      0.47104    0.0663857     0.304997     0.353779     0.119493    -0.274058     0.188378     0.866029
   -0.604479   -0.0562537    -0.166548     0.535165    -0.028847     0.330876     0.246934    -0.185594    0.0326307    -0.202989   -0.0717635    -0.352564    -0.226845    -0.363998    -0.153531     0.145204    -0.178586    -0.135686    0.0826065    -0.173701     0.126756     0.477111    -0.313037     -0.50932    -0.437377     0.221804     0.112423     0.568461    -0.139334      0.52705   -0.0771489    -0.750073
   -0.259356    -0.306966    -0.176634    -0.394593     0.351944     0.213015      0.38118     0.569715    0.0401071    -0.230446     0.363263  -0.00676208     0.484808     0.064199     0.100616     0.217828     0.240628    0.0155306   -0.0711889    -0.311473   -0.0984524     0.359853     0.446955   -0.0136773    -0.195181    -0.139091     0.356379     0.390814    -0.252615   -0.0720372    -0.488265     0.354546
   -0.263599     0.576622   -0.0677751    -0.511986   -0.0444708    0.0496604      0.24161     -0.65087    -0.200277    -0.177985     0.547341     0.268089   -0.0423206    0.0580711     0.313269    0.0514585      0.25808    -0.230519     0.594161     0.597325     0.132879    -0.227825    -0.185534    -0.114139     0.485062    -0.766658    -0.190709    -0.374954     0.131964   -0.0382676   -0.0739428    -0.237398
  -0.0311893    0.0819874     0.381867     0.104515    -0.343947    0.0538884    0.0634269    0.0290997    -0.162075    -0.328414     0.020992    -0.110733    -0.150187    -0.518843     0.125563    -0.160394     -0.13501   -0.0896003    -0.145771    -0.289318   -0.0081099    -0.743677   -0.0603472      0.30006     0.630769     0.159085    -0.149109   -0.0481238     0.172523    -0.100695    -0.012215    0.0494501
      0.6968     0.184279     0.291748    -0.192902    -0.382157    -0.407907    -0.206819    -0.475822    0.0794112   -0.0549902     0.272357    -0.707553     0.061797    -0.327433     0.243886    -0.455172    -0.504782     0.527459    -0.665954     0.460936     0.434002    -0.539511     0.148574     0.602791     0.469492    -0.545214     0.295169    -0.435452    -0.176186    -0.449602     0.417732   -0.0317585
   -0.238658    0.0257072    0.0819877     0.525273    0.0395168    -0.364845     0.249401    0.0232284     0.498782   -0.0425501    -0.332122     0.162165     0.226826     0.631861     -0.52317   -0.0757232    -0.283872    -0.105335     0.345625    0.0859942    0.0733138     0.500064   -0.0660145    -0.268464  -0.00127531     0.510004    -0.107067     0.445209     0.609026     0.176415     0.341229    -0.783743
  -0.0646603    -0.136202    -0.570364     0.195977    -0.353987   -0.0176259     0.358878     0.377731    -0.247354       0.7059     0.509238    0.0896264     0.103764    -0.130788     0.448623     0.178739   -0.0164807    -0.149681    -0.211706    -0.401181    -0.145737     0.515082     0.115333    -0.503821    -0.146433    0.0320029     -0.41656     0.305038     0.129674    0.0830617    -0.196471      -0.2652
  -0.0783371    -0.140756    -0.167109    -0.277516     0.385932    -0.549401   -0.0300101    -0.178553     -0.31817    -0.110192      0.25691    0.0989152    -0.187551   -0.0272914     -0.30793     0.402117     0.195408    -0.233108   -0.0354094     -0.30469    -0.433656      0.41136    -0.187495    -0.526504    -0.526685    -0.443145    0.0349883    0.0959701     0.140335 -0.000404715     0.198117    -0.513591
    0.352864     0.565911    -0.130038     0.234326    -0.269728     0.771315    -0.162245    -0.564893   -0.0973609   -0.0341918   -0.0187457     0.157115    -0.339527     0.286928     0.100776    -0.430688    -0.373663    0.0692288     0.980262     0.216327     0.101746      -0.5317      -1.1025     0.124323     0.305769     0.314454    0.0133417    -0.779696      0.15501   -0.0767688    -0.568445     0.396394
    0.114426     0.616997     0.175966       1.0803      0.62606    0.0714833    -0.532802    -0.223926    -0.654323    -0.151829   -0.0737832   -0.0197501    -0.439836    -0.340466     0.130117    -0.272335     0.350296    -0.239982    -0.111232     0.197509    -0.375544   -0.0744392    -0.447372     0.154857     -0.44596     0.578325    0.0834681     -0.29591     0.151668    -0.142371     0.549921     0.342974
   -0.722117    -0.338608    -0.416382    0.0989676   -0.0400759       -0.155   -0.0818372    -0.362549     0.126274    -0.151373     0.191777      0.54994    -0.338266     0.113024   -0.0928918     0.226943    -0.243028    -0.797331   -0.0940193    0.0348244     0.100128     0.473207     0.104328    -0.230931    -0.112068    0.0829235     0.127095     0.783524     0.622741     0.115611    -0.278131   -0.0722869
    0.805567    0.0739078     0.488385    -0.492207    0.0345362    -0.566544    -0.314504    -0.382358     -1.17646      1.40301      0.15461    0.0931528     0.401605    -0.664768     0.459941     0.109328     0.100616    -0.664066   0.00572947       0.0606    -0.457109    -0.268437   0.00991814     0.692797     0.380417     0.651681    -0.690401    -0.762164    -0.894597    -0.610172    -0.724623     0.726117
    0.360062     0.529756    -0.135825      0.26257     0.153794    -0.368863     -0.33621    -0.257742   -0.0824396      0.04711     0.427184    0.0322682    -0.553248    -0.127171     0.158504    -0.356271    -0.405501     -0.35821    -0.295189     0.521745     0.462264    -0.377434    0.0353375     0.601628      0.43166   -0.0194813   -0.0807941  -0.00577493    -0.188095    -0.595544       0.5561    -0.168379
    0.506334    -0.497293     0.304362     0.210335    -0.196848   0.00254389     0.151395    -0.280137     0.711527     0.746145      0.42125     0.588466    -0.123097     0.268715    -0.783423     0.367918     0.364305   0.00631084      0.48788    -0.463349     0.428678     0.633164     0.396284    -0.562001    -0.595138    -0.419941    -0.248738    -0.114738      1.21551    -0.134848    -0.400008     -0.15806
    0.150084    -0.532556      0.21384     0.476079    -0.299853    -0.582146    0.0265434    -0.139374    -0.261624      -1.3235    -0.490304     0.154954    -0.153368    0.0276347     0.254618     0.190021    -0.717605    -0.218262     0.546583    -0.287676    -0.870351     0.161121    -0.105064    -0.249084    -0.746509    0.0745264    -0.158837     0.411218    0.0821325     0.397426     0.669989   -0.0653984
    0.344802    -0.854939    -0.107525     -0.12636   0.00909145   -0.0914797   -0.0772559     -0.16105    0.0704434     0.995301     0.216819    -0.199038    -0.341195     0.344006    -0.269435    -0.227497    0.0637088     0.322545    -0.172822      0.42302     0.423473    0.0953604     0.284612   -0.0074978    -0.908246    -0.421978    0.0501035      0.12739     0.214287    0.0804541    -0.667136    -0.522918
    0.168937     0.683983    -0.213257     0.158017    0.0509752    -0.363813      0.01043    0.0866866    -0.233186    -0.362086    -0.160008    -0.303705   -0.0832478   -0.0542981    -0.495869    -0.359204     0.139843    0.0299592    0.0689386    -0.281957   -0.0375497     0.535412    -0.368659    -0.329431    -0.664588     0.292493    -0.236228     0.719303  -0.00194103     0.404303    -0.223385    0.0163422
    0.541779    -0.463268    -0.249514    -0.207643     0.114002   -0.0452603     -0.14532    -0.001389   -0.0551978      0.57586    0.0762895     0.263687    -0.254403     0.698145    -0.208224    -0.203839    -0.168041   -0.0332936     0.135443    -0.334905     0.463116    0.0223721     0.264606    0.0233365     -0.13351     0.268422    -0.223143     -0.39966   -0.0975215    -0.513504    -0.256109     0.199691
   -0.212272    0.0470731    -0.408728    0.0666273    0.0775061    -0.614438   -0.0657345    0.0284469    0.0638722    -0.178159    -0.366438    -0.372804     0.375528     0.495544     0.324702    -0.340716   -0.0419397    -0.308055    -0.163821     0.211312    -0.416639   -0.0399814     -0.44985     0.125674     0.148734     0.232251    -0.096026    0.0692676     0.133337    -0.160097   -0.0208514    -0.104225
  -0.0539852      0.11911    -0.653116   -0.0607454     0.440781    -0.780564    0.0263601   -0.0455071     0.337514    -0.663101     0.356863   -0.0140678    -0.531568     0.458068    -0.275077     0.335729    -0.109436     -0.30666   -0.0725907    -0.401702     -1.09708     0.197737     0.481276    -0.545359     0.360982    -0.450846     0.250062     0.447852     0.541185    -0.692756     0.851224     0.350536
    0.523979    -0.629161    -0.137132    -0.260664    0.0448782     0.019281    -0.038792    0.0726471    -0.138389    -0.411366     0.141114     0.396626     0.308424     0.322993     -0.22255    -0.269349   -0.0361437    -0.337099    -0.361058   -0.0490464     0.085465     0.212089   -0.0726512    -0.269833     -0.15304     0.549778     0.191629     -0.16006    -0.205645     0.112369    -0.390939    -0.136728
    0.279955    0.0285072    -0.124905     0.451828     0.355645    -0.253077     0.387107    -0.533443    0.0103063     0.120119    0.0707435     0.182061    -0.231974     -0.16596    -0.619348     0.421893    -0.422032    -0.509621    -0.406353   -0.0290145    -0.463825    0.0774553     0.181109    -0.353868    -0.575517   -0.0276052    0.0890084    -0.226291     0.309925    0.0333793     0.535291    -0.110249
   -0.275283     0.040565     0.175499    -0.301922    0.0965371   -0.0635105     -0.23339    -0.556974    -0.375125     0.538671     0.194686    -0.187037    -0.483427     0.440189    -0.212025    0.0666628     0.105542   -0.0464272    -0.195461      0.20762   -0.0697971   -0.0988333    0.0816506   -0.0944354     -0.23398   -0.0399087    0.0845057    0.0317667    -0.476934     0.101668     0.038053    -0.733661
   0.0426394     0.436017    -0.480924      0.37766     0.174359    -0.110725     0.102717     0.610304     0.358012     0.131536    -0.081076     0.379761    -0.577243      0.35979    -0.113972     0.199863    -0.110154     0.274311    -0.580503    0.0323562    -0.378479     0.504617   -0.0831436    -0.493615     0.429428     0.259011    -0.044124     0.164667  -0.00891945    -0.158193     0.229056   -0.0284321
    0.239008    -0.374389    -0.343147    -0.253453     0.353393    0.0662564     0.277949     0.259256     0.128945    -0.668807     0.242217    -0.145689    -0.154988    -0.068558    -0.109491    -0.274707    0.0655621    -0.408252    -0.102507     0.268516   -0.0884447    0.0516656      0.41292      0.14789    -0.536617     -1.01117    -0.299485      0.54962     0.112983     0.822605     0.571086     0.417084
   -0.457873    -0.153459     0.304544    0.0203661   -0.0494903     0.254986     0.118578    -0.270944     0.275738     0.365177    0.0937614   0.00104863    -0.317336    -0.212238     0.459923   -0.0392439     0.311125    -0.259262     0.535513   -0.0549162    -0.693198     0.623739    -0.537312   -0.0834727    -0.222367    -0.366742     0.017873     0.194562     0.063812     0.449296   -0.0911598     0.382619
   -0.183847     0.288784     -0.28485    -0.305062    -0.220202    -0.610437   -0.0955809     0.134185     0.267225      0.57581     0.203599    -0.571697    -0.275476     0.505176    -0.222746    -0.156873   -0.0431269     0.207295     0.556141   -0.0837854    0.0161749     0.178118    -0.496083     0.150121    -0.665979    -0.237053   -0.0979176    -0.422307    -0.285397    -0.227518   -0.0873133     0.249643
   -0.111835     0.109296    0.0651155    -0.458678     0.126289    -0.171578    0.0893677    -0.147976     0.175039    -0.416356    -0.150677     0.407082    -0.268804     0.384286    -0.561591    -0.756445    0.0876375     0.122156     0.034622     0.115901    -0.366859     0.669047    -0.690021    -0.162378     -0.46247   -0.0988936    -0.161805    0.0590658     0.375588    -0.166662      0.80212    -0.248523
   -0.185799    -0.561218    -0.551818     0.352715     0.854697    -0.155538    -0.206758    -0.234287    -0.329354     -1.25551    0.0855083    -0.323889     0.109273     -0.92785     0.379111    -0.688068    -0.427008     -0.76966    -0.473278     0.686115     0.249143    -0.302218     0.357765     0.321736    0.0537618      1.40796    -0.200551     0.259149     0.164111    -0.454492    -0.303426     0.256486
  -0.0749278    0.0413393     0.203432    -0.115864     0.519624    0.0566403    -0.196015    -0.157139     0.153327     0.229913    0.0740329     0.185407   -0.0450807    -0.123791     0.243825   -0.0103708     -0.61248    -0.289648    -0.546475     0.455211     0.126715    -0.749692     0.234924     0.495498     0.571623     0.257044    0.0582622    -0.233079    -0.100303     0.192066     0.376426   -0.0507014
  -0.0745859    0.0296516     0.944561     0.359768    -0.103369     0.153632     0.482351     0.732868     0.460568     0.123656   -0.0712464     0.609134    -0.312463    0.0487336    -0.134587     0.677183    -0.154215    -0.435151     0.169533    -0.727561    -0.490047    -0.257093     0.125474     0.386371     -0.28885     0.563868      0.17988     0.667157     0.238139     0.771332    -0.120249     0.261428
    0.638604   -0.0907933     0.248658     0.136309     0.439879    -0.233959    -0.139363    -0.206974    0.0110025    -0.178166   -0.0505576   -0.0359873     0.402657   -0.0910191     0.092474     0.144251    -0.434343    -0.193534     0.198446    -0.224892     0.103701    -0.367025     0.123257   -0.0757146     0.130217   -0.0705054     0.373878    -0.251079     0.111403  -0.00957575     0.328017     0.509841
   -0.205367   -0.0262346     0.156511    -0.214653    -0.110158    -0.019211     0.325086    0.0470272      0.37329    -0.156048   -0.0743433    -0.188596     0.136819      -0.4927    -0.494957   -0.0414304    -0.224659  -0.00557314     0.396109    -0.360991    0.0952197     0.271835    0.0114079     0.475803     0.297184    -0.211169     0.192792   -0.0492645    -0.343168   -0.0121822      0.21135     0.321654
   0.0175987    -0.500281     0.618782   -0.0159045    -0.249354    0.0245009    -0.139956     0.272322     0.103564    -0.659142    -0.149958    -0.104271    -0.488232    -0.192874     -0.25832     0.308915    0.0434931    -0.309574   -0.0513848  -0.00680229     0.233081    -0.442908   -0.0504192    -0.464913    -0.439348   -0.0107996    -0.285278     0.291247      0.24452     0.174409     0.233664     0.444428
   -0.133501    -0.744066    -0.833672     -1.09378     0.403835     0.267436    -0.234856    -0.321549    -0.220391     0.581493     -0.30526    -0.229577    -0.187012    -0.222219    0.0794553    -0.901067     0.539823    -0.136674    -0.387456     0.552968     -0.12942     0.186807    -0.996825    -0.437926    -0.201897    -0.524188     0.150967    -0.213248    0.0459065      0.17206     0.302602   -0.0801796
   0.0152392    -0.162951     0.289184    -0.093484     0.740905     0.389762     0.490076     -0.64531     0.606073    -0.533188    -0.369295    -0.753284     0.392016   -0.0418132     0.253555    0.0431232    0.0688248     0.120563    -0.228569     0.258505    -0.315401     0.142181     0.314259    -0.326034    -0.094394    -0.478578     0.242212   0.00110241     0.127428     0.153878    0.0930599    -0.137162
    0.183299   -0.0651476     -0.31959     0.494233    -0.387346     0.339866     0.558244    0.0845305     0.365753      0.23225    -0.282838    0.0984112   -0.0495097    -0.152322    -0.107554    -0.067329    0.0821549   -0.0555151    -0.158433     0.141572   -0.0595671      0.11093    -0.155057     0.741842    -0.249505     0.672344   -0.0574158      0.35303    0.0558238      0.29167    0.0773396     0.526276
    0.097808     0.418715    0.0533227    -0.230897    0.0423494    -0.726375     0.336124    -0.639461    -0.409846     0.145025     0.076527    -0.317702     0.264005    -0.063694     0.459474     0.214047   -0.0690868     0.188984     0.385767     -0.37001    0.0355585    0.0743284     0.281677     0.213824     0.777538   -0.0667952    -0.153296   -0.0404211    -0.239415    -0.297361     0.452691     -0.25309
   -0.163522    0.0820759     0.386051    0.0495513    -0.210962     0.752577   -0.0244714    -0.544036    0.0586705    -0.257968    -0.237774      0.62245     0.332851    -0.386806     0.333552     0.360114   -0.0862374    -0.396267     0.338568    -0.228272    -0.296223    0.0984665    -0.162613     0.430901     0.619302     0.724459    0.0871361    0.0240013    -0.067298   -0.0295182    -0.293567    0.0487484
    0.235708     0.323352     0.443375    -0.137872   -0.0220806    -0.290854     0.123695    -0.190735    -0.275605     0.168836    -0.022693    -0.220369    0.0855985    -0.120844     0.179993     0.111955    -0.204592     -0.38828    0.0335001     0.186323   0.00443481    0.0954341    -0.347343     0.164744    -0.251578     0.623169      0.13463    -0.379109     0.106205    -0.244988     0.317262     0.180038
    0.247736    -0.436139     0.284484     0.133576    -0.292595     0.708397     0.580714    -0.042192     0.547638     0.262952   -0.0351769    -0.271345     0.151566   -0.0183459     0.254145     -0.38702     0.166647     0.185577     0.410305    -0.399451   -0.0152511     0.190666     0.637386     -0.15111     0.764604    -0.589916    -0.300017     0.383112    -0.147519     0.195283    0.0892347    -0.153374
  -0.0344215    -0.485346    -0.244728   -0.0482142     0.289441     0.302153   -0.0865404    -0.462825   -0.0382096    -0.773907   -0.0847424     0.524624    -0.300395     0.366572   -0.0406477    -0.173123      1.04358    -0.658452    -0.210458   -0.0687656    -0.407056     0.157624    -0.627679    -0.806892    -0.301416    -0.408434    -0.659233    -0.666387    -0.206587     0.274387    0.0286816     0.328353
     0.35628     0.269905     -0.26805    -0.411584     0.852718    -0.525654    -0.477845    -0.126056   -0.0621892     -1.03319   0.00936613     0.247252     0.688098     0.105491     0.563991    -0.731549    -0.694505    -0.405989    -0.325086     0.961137     0.359849    0.0360638    -0.143896      -0.0728     0.513558   -0.0850533    -0.187197    -0.362977    -0.540472   -0.0469799      0.30019   -0.0415521
   -0.499335    -0.091357     0.329594   -0.0396888    -0.590488      1.01345     0.166726    -0.397814   -0.0539073     0.619179    -0.101854    -0.469225    0.0318025    -0.689784     -0.15207      -0.2521    -0.253062     0.622818     0.367659   -0.0693681     0.193451    -0.387544    -0.317996     0.446049    0.0312549     -0.52972     0.317121     -0.50285    -0.162932   -0.0579272     0.454829     0.239626
   -0.355859   -0.0438549     0.190824    -0.235042     0.118718     0.543908     0.677677    -0.553489     0.490435    -0.402017    -0.106551    0.0177031   -0.0334676    -0.923481     0.117918    -0.148026     0.149622    -0.456494     0.363161    -0.167967     0.145983    0.0310579     0.110049    -0.450075     0.609221    -0.328724     -0.20672    -0.322168    -0.114904     0.304495     0.283013  -0.00769363
    0.212378    -0.865271    -0.080546    -0.388407     0.237731    -0.693923    -0.515468     0.197357    -0.412405     -1.18764     0.176997     0.126911    -0.267397     0.263679   -0.0983131     0.535389    -0.316573    -0.627554    0.0424199    0.0813408    -0.383637      0.11987    0.0077201    -0.760543    -0.220365    0.0381203     0.223896     0.471366     0.288176    -0.291446     0.322986     0.111852
    0.292744    -0.431939    -0.307595     0.249989    -0.214731    -0.788516     0.318968     0.537577     -0.08919    -0.436382    0.0360976      0.39167    -0.772145      0.64884    -0.411255    -0.180644   -0.0336001    -0.367363     0.238017    -0.183624   -0.0970413   -0.0725702   -0.0451861     0.245606   -0.0587637     0.108402    -0.355244    0.0582301    0.0725078    0.0399223     0.552379     0.369611
    0.507912   -0.0900793    -0.405878    -0.405049   -0.0392307    0.0455214     0.117799     0.376347    -0.407926    -0.756038     0.286889    -0.039893     0.442877     -0.26286   -0.0439273   -0.0600815    -0.671825    -0.603704     -0.36062     0.218189     0.361263    -0.279846    -0.571115    -0.170819     0.170351    0.0877664     0.409511     0.329539     0.329527      0.11119     0.146715    -0.655392
   -0.321496     0.229267     0.201751    -0.647017     0.241186     0.577517     -0.28743    -0.554177      1.04121     0.659848    0.0264145    -0.322404     0.175123     0.147821    0.0368246     -0.72878     0.302719     0.233383     0.521194     0.714656     0.493267    -0.421879    -0.366814    0.0276021   -0.0944585    -0.470207   -0.0982823    -0.612587    -0.186102     0.243102    -0.182211      -0.1435
   -0.529143    -0.161053     0.724141  -0.00279699    -0.380276   -0.0485551     0.241582     0.348428    -0.548132     0.119815    -0.355945     0.304889    -0.356838    -0.923892     0.768072   -0.0355855    -0.576127      -0.4233    0.0306296     0.231057     0.245546    -0.520496     0.300783      0.28569     0.561275      0.60612    -0.411952     0.125995    0.0353003     0.184112    -0.468996     0.143806
    0.287234     0.553432   -0.0645178     0.492627     0.123475    -0.337929    -0.271969    -0.874027    0.0756859     0.470351     0.127863     -0.30631    0.0689594     0.106529     0.166155    -0.238136    -0.206106     0.062207     0.276954     0.602336  -0.00101684    -0.280331    0.0715462     0.519358     0.550001     0.403539    -0.387892   -0.0150467     0.258523  -0.00963056    -0.175067     0.366224
    0.158423    -0.740558     0.280477     0.151725    0.0261319     0.738013     0.234793    0.0831273     0.236711     -0.24694     0.240725   0.00492909     0.163182     0.295988    -0.146548    0.0911297   -0.0871146   -0.0781161     0.141247    -0.103298    -0.223287     0.053135     0.117422   -0.0930871    -0.221172   -0.0187531     0.734092    0.0345261      0.49274    0.0197555    -0.178229     0.156009
   -0.370907    -0.151079    -0.042106    0.0760247     0.473482    -0.867703     0.469543    -0.136106     0.277662    -0.617355     0.149129   -0.0553214    -0.336979    -0.605555    -0.272436    -0.404238    -0.191164    -0.154424   -0.0618002     0.547329     0.214532   -0.0104226    0.0343851    -0.482834    -0.156352    -0.406832     0.241207    0.0548984   -0.0990985    -0.522915    -0.100365    -0.636632
    0.415513    -0.505802    -0.468522     0.591465     0.217659         -0.3     0.202401     0.571315    -0.144502    -0.317942    0.0627109   -0.0449643     0.592066    0.0698393    -0.349822     0.486506    -0.217684    -0.249462    -0.322846     0.207248     0.127692     0.046884     0.498621      0.25512    -0.143691     0.256399     0.454629     0.346168     0.321514    -0.382859       0.3943    -0.211037
   -0.311904    -0.205438    -0.503797    0.0255002     0.277887      0.37102    0.0258606   -0.0663502     0.203179    -0.452775     0.326189    -0.256992     0.181601     0.138032      0.21584    -0.572238    -0.284541     0.341395     0.367842     0.161202     0.439862     0.776085    -0.113984     -1.37354     0.279213    -0.409671  -0.00926303   -0.0959463     0.221119    -0.232619   -0.0171849  -0.00728864
   -0.323034    -0.285586   -0.0764748     0.725301    0.0293619     0.471019    -0.694838   -0.0791971    -0.493297      0.46564    0.0221318     0.114233    -0.601497     0.297418    -0.160872     0.060451     0.112551     0.437404     0.392821     0.307411    -0.515138     0.201141    -0.118498   -0.0576491    -0.593738     0.612072    -0.155097    -0.479898    -0.428254     -0.15698     0.153131    -0.551728
    0.196091     0.827165    -0.145975    -0.110819    -0.385991     0.929168  0.000784429     0.133954    -0.143219     0.478138     0.335782    -0.287447     0.137237    -0.235796     0.196581     0.301464     0.241878     0.140207     0.484762    -0.401443     0.116962   -0.0679154    -0.230295     0.520017     0.343164     0.722094     0.129975    -0.135821   -0.0580303    -0.203229    0.0266551    -0.393541
     1.37125    -0.146096   -0.0674858    0.0687403     0.289356    -0.752407    -0.309437    -0.181939      -0.1809     -1.11883    -0.277423    0.0704381    -0.511525    -0.336762   0.00143855    -0.576122    -0.179256     0.242551    -0.100188     0.407535    -0.385639    -0.676709    -0.372843     0.222341     0.160607     0.691622     0.204338    -0.512383     0.211862  -0.00101873     0.426375     0.650579
     1.03067      0.58242      0.09276     -0.47191    0.0310746    -0.224658     -0.25725     0.271185    -0.216008    -0.189458    0.0387978    -0.287787    0.0709226     0.202781    -0.144537     0.276646     0.135224     0.162106    -0.120331     0.154951    -0.524562   -0.0926665     0.314292     0.306028    -0.104664    -0.475423    -0.332699  -0.00484961     -0.48921    -0.250838     0.343948   -0.0435723
   -0.325466     0.671154     0.622017     0.751209     0.461376   -0.0114778     0.264953    -0.114581     0.493267    -0.791213   -0.0966152    -0.104798    -0.832505  -0.00950406    0.0310615     0.168087    -0.480055    -0.686731    0.0787606    -0.411614    -0.135327     0.454507    -0.335556     0.134577     0.298888     0.188406     -0.13671    -0.135403     0.538015     0.384885     0.117673     0.425955
   -0.136854     0.358827     0.333275    -0.126216     0.144706     0.129874    -0.155675    -0.271552    -0.174665     0.192281   -0.0940192   -0.0651041    -0.267563    -0.339643    -0.106079    -0.250935   -0.0232535   -0.0192943     0.160172     0.327433    -0.672978    -0.632586    -0.323344     0.583841     0.264155      0.41912    0.0534013   -0.0773069    -0.273423    -0.196459      0.54112     0.273655
   -0.100727     0.296363     0.493042    -0.111755    -0.548244     0.317425     -0.48059    -0.452196   -0.0195068    -0.161105     0.441075    0.0451625    -0.123669    -0.081606    -0.331951    0.0814879     0.145022     0.231964    -0.269774     0.452129     0.656334   -0.0145405    -0.623894     0.543944     0.241757    -0.172723     0.160488    -0.458097    -0.600643      0.31997    -0.388044   -0.0503153
   -0.437368    -0.138626     0.104506    -0.882624   0.00431324    -0.341853    -0.216459     0.623284    -0.042638     0.883467     0.654503    -0.573064     0.140005     0.194982     0.359936    -0.286744     0.277228    -0.353599   -0.0168719    0.0624644     0.329003     0.336831    0.0189418      0.62334     0.335811     0.487821    -0.115178      0.27964    -0.588423    0.0754721     0.214354    -0.200666
   -0.389673   -0.0747421    -0.103069    -0.359901    -0.097103    -0.279572   -0.0630947     0.350199   0.00022666    -0.393721   -0.0884775    -0.155305    -0.588815   -0.0540374    -0.127692     0.431348    -0.216914    -0.267294     0.529362   -0.0802584     0.358259     -0.18879     0.540264     0.274574     -0.25176   -0.0617509    0.0443341      1.11516     0.188647    -0.170513     0.188666    -0.428894
   -0.724237     0.103385    -0.277398   -0.0471759   -0.0883135    -0.398842    -0.234699     0.311527     0.474062    -0.463046    -0.180063     0.185785     0.200553     0.634306    -0.194358    -0.104235    -0.422105    -0.350796    -0.150767     0.260065   -0.0230434     0.169388    -0.193155    -0.138881    -0.202476    -0.612854   0.00693432     0.238996   -0.0992529    -0.239227    -0.160365    -0.443879
    0.011321    0.0784474    -0.369563      0.75426    -0.233524   -0.0104642    -0.170861      0.21082    -0.462828   -0.0287139    0.0104022    0.0139787    0.0755745      0.21541   -0.0465562    -0.129954    0.0309774   -0.0530575   -0.0942792     0.239892     0.168303   0.00202106    0.0859562    -0.100018    -0.275031    -0.387642    0.0161869     0.248073    -0.283703    -0.155919     -0.13943     -0.10931
   -0.332531     0.106269     0.254107     0.413073     0.339031      0.33214     -0.39084     0.454986    -0.293056     0.410633     0.282859     0.271377     0.201295    0.0741749    -0.205793    -0.492781     0.481345     0.527561     0.191405    -0.461268   -0.0536679    -0.140003    -0.824078   -0.0688987     0.133835     0.225514    -0.196457   -0.0190876       -1.099    -0.487726    -0.451048     0.472976
   -0.274717     0.188241      1.03202     0.170712     0.200605    -0.350472      0.14153     0.387657     0.299616   0.00357806    -0.444976    0.0697639    -0.256677    -0.429463     0.108738     0.204622    -0.139172    0.0692054      0.30534     0.356938     0.160301     0.281357     0.760929     0.197044    -0.386325     0.713295    -0.161613    0.0463961    -0.195917     0.295431    -0.576895     0.429357
   0.0267308    -0.634904     0.232925     0.272657    -0.305635    -0.530636     0.372615     0.681112     0.514654     -0.71791    -0.450753     0.369909    -0.156341    0.0181742    -0.514228     0.292538     -0.16603    -0.286969   0.00808585    -0.751032    0.0290864     0.492205     0.418787    -0.529642    -0.580749     0.143444    -0.171701     0.211402     0.467031    0.0536201     0.302488     0.515496
  0.00786443      0.53996    -0.110443    -0.420251   -0.0690554   -0.0909811     0.215347   -0.0670634   -0.0950135     0.591105     0.154311   0.00411467     -0.19431   -0.0688982     0.135803   -0.0914462   -0.0344401   -0.0365379    0.0729727    0.0770003     0.367072    -0.154518     0.146231     0.241188      0.60791    -0.186764    -0.656895     0.246137     0.178945    -0.450041    -0.266016     0.300467
   -0.263311   -0.0200472    -0.133568    -0.457646    -0.218478    0.0536398     0.673942     0.229277   -0.0726117     0.322045   -0.0290309     -0.15516    -0.694233   -0.0790396    -0.409204     0.118634     0.377962     0.112547     0.303481    -0.199727    -0.474481  -0.00798093     0.350985    -0.216505    -0.612585    -0.504035    0.0973351     0.417467     0.692005    -0.222478     0.491029    -0.371138
  -0.0258843     0.875615     0.120255     0.136274     0.327833    0.0239475    -0.307046    -0.117047    -0.157839     0.141504     0.199861  -0.00392075    -0.503029     0.836265    -0.122142     -0.10759      0.24979    -0.283271     0.217868    -0.308518    -0.702823     0.337292   -0.0343602     0.065034    -0.289053     0.174568    -0.281387     0.169597    -0.179323    -0.316934    -0.432255     0.130934
    -0.30712     0.584288     0.290691     0.237102     0.610908    -0.411451     0.183498    -0.068876    -0.226108    -0.558722    0.0126955     0.204326     0.263464     0.493867    -0.171601     0.211485    -0.145043    -0.195483    -0.457309   -0.0364846    -0.715118     0.316788    -0.318819    -0.303432     0.239896    -0.498577     0.194028     0.153046       0.1979     0.188689     0.628504    -0.355539
   0.0339521     0.178151     0.298747   -0.0381895     0.359442    0.0482155    0.0105806     0.220564     -0.61158     0.127139    -0.206429    -0.186033    -0.754281    -0.123825    -0.509846    -0.239736     0.106185 -1.03382e-05     0.231046    -0.464636    -0.366644     0.396008     0.437946    0.0862921    -0.579094     0.729874    -0.317546    0.0994443     0.370574    -0.575588      -1.1568     0.621329
    0.762434      0.44504     0.353896    0.0959472      0.41144    -0.087163    -0.283249    -0.151069    -0.546909    -0.988502     0.443884    0.0349693     0.190697    -0.252292     0.285277     0.853514     -0.27947    -0.340226     -0.23809   -0.0483331    -0.810022    -0.583291    -0.283961    0.0328694      1.19101      0.27552     0.262142   -0.0601996     0.796086    -0.442796     0.170006       1.0244
    0.281814     0.445614     0.120515    -0.165439    0.0704016    -0.691706    -0.347093   -0.0263207    -0.355653    -0.105129   -0.0202558     0.283911     0.115496    -0.317784     -1.05878    -0.178537    -0.141624     0.219434    -0.112257     -0.12142     -0.39864     0.273488    -0.276388    -0.478663    -0.135714    0.0275194   -0.0174604    -0.537556     0.299357   -0.0152598     0.131112    -0.124058
   -0.278329    0.0369738    -0.253382     0.384538     0.124329     0.119349    -0.123463    -0.577468    0.0211577    -0.189938   -0.0176711     0.137643    -0.238092     0.279896     -0.36422     0.207321    -0.168559    -0.668652    0.0692468    -0.106521    -0.562606     0.246357    -0.262544    -0.728404    -0.185389     0.254467   -0.0939671     0.153459      0.37899     0.346827    0.0772007     -0.48959
   -0.436269    -0.159568   -0.0731116    -0.272201    -0.121625     0.326059    0.0345506      0.44141     0.272804    0.0941663    -0.113637    -0.335974    -0.222883     0.459035     0.324059    -0.106018     0.162422    -0.495224     0.123466   -0.0225816      0.35778   -0.0327232   -0.0762629    -0.146498     0.671181    -0.263259    0.0977004     -0.16566     0.346474     0.172175    -0.258443    -0.315448
    0.211287    -0.201334     0.160671   0.00870728    -0.128951     -0.17412     0.599237    0.0978621   -0.0186878    -0.202818    -0.273537   -0.0101102    -0.171418   -0.0554656    -0.662917    -0.177399    -0.315977    0.0596155     0.335156    0.0330126    -0.537803    0.0152148    -0.231755   -0.0206008    -0.319951    -0.228208    0.0314037     0.427485     0.202065   -0.0845448     0.490501    -0.137415
   -0.257176      -0.6307    -0.355681    -0.598729     0.127582   -0.0479552      0.17915    -0.193099    -0.476089     0.820009      0.24314     -0.30096    -0.514837     0.886882    -0.360983     -0.15353     0.634098    -0.255092    -0.528665    0.0521569     0.427828     0.463164    0.0784825    -0.531662    -0.136673     0.280459   -0.0658328    0.0581081    -0.166983  -0.00869127   0.00116439    -0.613465
   -0.518858     0.931185    -0.603837    -0.352093     0.367509    -0.233688     0.313525     0.211372     0.132614    -0.540338     0.670934   0.00485854   -0.0825583     0.258352    -0.199714     0.429884    -0.519595    -0.346364    -0.106062     0.147091     0.244825    -0.309166   -0.0154514    -0.334769    -0.456822    -0.302038    -0.121048     0.408381   -0.0966385     0.324053    -0.120005    -0.143625
      0.1011    -0.192807    -0.576781     0.512832    0.0813449     0.423412     0.142577    0.0502935    -0.230175     0.671883     0.218236    -0.237846   -0.0278079    -0.328319     0.376918    -0.234446     0.052186    0.0376888    -0.216031    -0.415538   -0.0781932   -0.0375718    -0.298262    0.0181191     0.260887   -0.0482763   -0.0463513   0.00310447    -0.246889     0.330404    0.0454142     -0.13479
   -0.520863   -0.0885531    -0.139483     0.362151    -0.441947    0.0435484     0.704087     0.554001   -0.0699341     0.728171     0.118713     0.174046    -0.285774     0.690994    -0.385283      0.14036   -0.0615871     0.468245     0.177026   -0.0995284    -0.139259    0.0345266    -0.120518   -0.0792141    -0.767289    -0.276647    -0.175643     0.544643     0.229926     0.305796    -0.396886    -0.751813
    -0.50703      0.32021     0.143247    -0.113074    -0.624747    -0.242892      0.34959     0.040055   -0.0722694     0.664685    -0.338343   -0.0743676     0.148471   -0.0299878     0.265654     0.250721   0.00761018    0.0647954     0.224992     0.191011     0.172174     0.104806    -0.142374    -0.299627     0.142537    -0.369081    0.0370412      0.58803      0.02028     0.279217    -0.544149    -0.337751
   -0.481574     0.216125     0.209525     0.524514    -0.218899     0.689725    -0.446245     -0.35492    -0.294013   0.00324032    -0.351589    -0.388902     0.694283    -0.090155    0.0831374     0.331841    0.0166345      0.15488      0.54464     0.304907     0.213106    -0.011794    -0.545502     0.524781     0.256544    0.0888797   -0.0491369    -0.594216    -0.508086     0.268064    -0.490084      0.24514
   -0.602054    -0.584482     0.543395    -0.607121     0.132432    -0.500755     0.234751    -0.129958    -0.634951    -0.445829    0.0343783     0.316906    -0.405389    -0.784191     0.156691    -0.199948   -0.0757884    -0.257382     0.250116     0.328004   -0.0553488     0.217076     0.518848    -0.950202     0.408948     0.168529   -0.0679679     0.302734     0.520687     0.511633   -0.0949006    -0.633288
