0 1 0
4 1 1
5 1 2
2 4 3
2 82 4
1 82 5
2 81 6
2 10 7
1 11 8
2 83 9
1 12 10
1 15 11
2 17 12
1 84 13
1 10 14
1 85 15
2 20 16
2 87 17
1 86 18
1 26 19
2 88 20
2 11 21
2 84 22
2 15 23
2 35 24
1 89 25
2 90 26
1 40 27
1 42 28
2 89 29
2 40 30
1 81 31
2 91 32
1 83 33
1 88 34
1 20 35
1 92 36
1 49 37
2 50 38
2 51 39
1 87 40
2 93 41
1 50 42
2 94 43
2 95 44
2 55 45
1 96 46
1 56 47
1 17 48
1 94 49
2 86 50
2 26 51
1 97 52
1 61 53
1 98 54
1 62 55
2 99 56
1 100 57
1 95 58
1 55 59
3 11 60
1 91 61
1 101 62
1 102 63
1 103 64
1 66 65
3 12 66
1 104 67
2 92 68
2 105 69
2 85 70
1 106 71
1 68 72
1 107 73
2 49 74
1 108 75
2 109 76
1 35 77
1 110 78
1 69 79
2 97 80
2 61 81
1 111 82
3 15 83
2 100 84
2 73 85
2 112 86
2 12 87
1 4 88
1 113 89
1 114 90
2 115 91
2 116 92
3 20 93
1 117 94
1 118 95
2 96 96
2 56 97
1 119 98
1 75 99
1 120 100
1 121 101
3 4 102
2 102 103
1 122 104
2 123 105
1 124 106
1 105 107
1 51 108
2 106 109
2 98 110
2 62 111
2 114 112
2 121 113
2 76 114
2 125 115
1 93 116
2 126 117
2 103 118
2 66 119
2 127 120
1 128 121
1 129 122
2 110 123
1 130 124
1 126 125
2 131 126
1 90 127
2 132 128
1 133 129
1 134 130
1 116 131
2 101 132
1 135 133
1 136 134
1 137 135
1 138 136
3 17 137
1 139 138
2 68 139
3 125 140
3 123 141
1 125 142
2 140 143
3 10 144
1 115 145
3 87 146
1 141 147
1 142 148
1 143 149
2 124 150
2 144 151
2 146 152
1 131 153
3 35 154
1 147 155
1 79 156
1 144 157
1 148 158
1 149 159
1 150 160
2 151 161
2 139 162
3 50 163
2 108 164
2 129 165
1 99 166
1 152 167
1 153 168
2 154 169
2 119 170
2 75 171
1 155 172
1 156 173
1 132 174
1 157 175
1 158 176
2 159 177
2 107 178
1 161 179
1 163 180
1 164 181
1 165 182
2 166 183
2 117 184
1 167 185
2 168 186
2 169 187
1 162 188
3 99 189
2 153 190
2 170 191
2 171 192
3 51 193
2 134 194
2 145 195
1 172 196
