   -1.19298
   -1.00894
  -0.752301
   -1.17119
   -1.30172
   -2.24485
  -0.093801
   -0.90059
  0.0767713
   0.114191
  -0.474936
   -0.55162
  -0.270683
   -0.92335
   -1.07031
  -0.626035
  -0.323298
  -0.424297
  -0.950448
   0.912842
   -0.93856
  -0.860209
   0.678665
   -1.35288
   0.777894
-0.00250438
    2.21375
  -0.518631
  -0.957226
    1.05739
   0.869436
   0.844483
    1.27373
    1.75543
  -0.292615
    4.40838
 -0.0463603
    1.07688
   0.740544
   -2.30706
  -0.917749
    2.58114
  -0.656445
    1.62015
   0.456232
  -0.707536
