    0.131553     0.220681     0.359282    -0.483399    -0.111586      0.40467    -0.354792    -0.376807    -0.390163    0.0439316     0.557987    -0.379754     0.364571     0.813815    -0.430632    -0.166679     0.422436    -0.408309    -0.575236      0.32228    -0.262085     0.353731     0.320713     0.199899     -0.04494    -0.186116     0.363484     0.171825   -0.0706996     -0.16321     0.207606    0.0388736
    0.402668     0.077653     -0.25999     -0.16162     0.155136     0.319688    -0.252254     -0.29661     -0.46539     0.204231     0.229387    -0.458264    -0.251218     0.157242     0.446663   -0.0113256    0.0888611    -0.590182   -0.0716137    0.0777797    -0.361048     0.201969    -0.158851   0.00758657    0.0539604     0.450817    -0.140072    0.0668223    0.0636563     0.398814    -0.312168    -0.157556
   -0.230286     0.351426    -0.115842     0.344426    -0.240964    0.0434088    -0.384523  -0.00340664     0.103149     0.496895      0.61515    -0.553753      0.15021      0.31644     0.377021    -0.176011     0.268192    0.0706588     -0.57085      1.08584   -0.0541612      0.11252    -0.354971    -0.130672    -0.323005    -0.167694    -0.268462    -0.107934     0.606823    -0.757231     0.118019     0.458383
    0.174907    0.0268872    0.0535937    -0.166647     0.363848    0.0416597     0.109259    -0.406801    -0.385439    -0.172371     0.325175    -0.231653    -0.101061    -0.399674  -0.00843718    -0.224741    -0.414877    -0.498963    0.0129074      -0.2819     -0.22083     -0.34958    -0.129336     0.142754     0.397467     0.200429    0.0833138     0.164696    -0.356384    -0.511207    -0.280065    -0.129198
     0.06553   -0.0835388    -0.462538    0.0106971    -0.234283      0.18868     0.153841     0.243147    0.0016742     0.252106   -0.0748168     0.114653    0.0804191     0.141828    -0.101492   -0.0892073   -0.0603026   -0.0695739    0.0605857     0.253624     0.290739     0.100613    -0.202853    -0.251224     0.197813      0.17975     0.128808    0.0287367    -0.108615    0.0112131     0.263534   -0.0608982
    0.105701    -0.834824     0.281726   -0.0863394     0.446648    -0.398725     0.252741    -0.128225     0.949665    -0.072741     0.395341    -0.147839    -0.854838  -0.00736086     0.625203    -0.917176     0.116238    -0.377238    0.0933567     0.815675     -1.09073    -0.360081     0.182459     0.139338       0.3617     0.911435     -1.08281   -0.0655259      0.13337    -0.501895      0.27403    -0.547959
    0.230029   -0.0955776     0.018095    -0.501831     0.783367    -0.812127       0.2134      -0.4584      0.78678     0.437979     0.337684   -0.0725268     -0.67043   -0.0530994     0.556838    -0.658459    -0.127276    -0.244608     0.912929     0.105553    -0.177526     0.850285     0.633165     0.678658     0.669531     0.743109     -1.51124     0.119044     -0.18252     0.589486     0.318432    -0.647825
  -0.0528955     0.250937     0.333144    -0.110452     0.535845     0.066237     0.318335     0.269476        0.046     0.270387      0.32088    0.0859118    -0.530058     0.207896     0.338103    0.0146703     0.114637    -0.138946    -0.888187     0.309002    -0.880779     0.251575    -0.435187    -0.108301     0.104773   -0.0338867     0.259827      0.26809     0.107986   -0.0248957    -0.169499    0.0456948
   -0.228253    -0.103685   -0.0441436     0.481769     0.682985     -0.25836      0.55158     0.387574    -0.273519    -0.208563     0.357739    -0.085972     0.164346     0.360772     0.248518     0.190265     0.273429  -0.00605986     0.279149    -0.835695    -0.222503     0.607283    -0.357306     0.875416   0.00888537     0.208664    0.0388733     0.113956    -0.118949     0.154926    -0.140307    -0.612803
    0.658722    -0.343324    -0.369482    -0.646479    0.0953717     0.146547     0.251237    -0.650567    -0.363066     0.228363     0.402011    -0.418887    -0.543393    0.0270844     0.146829    -0.165238    -0.305283    0.0746999    -0.584026     0.230758    -0.353907     0.290135    -0.115179    -0.191116     0.292479    -0.436721    -0.258423    -0.380166    -0.105083    -0.344729     0.611968    -0.331494
    0.516903     0.311795     0.398572    -0.163364    -0.100528     0.879594     -0.30557     -0.48019      0.13356    -0.651724     0.448583   -0.0746255     0.231524   -0.0741363    -0.468682      0.50306    -0.511968    -0.515075     0.520833    -0.817856     0.429533     0.424901     0.284152      0.15102    -0.514401     0.245421     0.146982     0.529118     0.371945   -0.0802081     0.396473     0.421631
    0.295848    -0.157345    -0.622955     0.588083     0.270984    -0.153674    0.0541114    -0.528321    -0.127364   -0.0334029     0.890422    -0.476434     0.109684     0.237935     0.481373     0.240641    0.0428693     0.572244     0.117348     0.987902     0.156562    -0.102056     0.127315    -0.190976     0.397877     0.220243     0.126705    -0.292155     0.363354    0.0986796    0.0690465     0.918125
    0.733286    -0.291765    -0.117866    0.0366464    -0.447697    0.0758394      0.49042    -0.512237    -0.499352      0.10566     0.753855     -0.56656   -0.0969662    -0.130321   -0.0350405    -0.611109     0.156378     0.680996     0.363825     0.109374    -0.128399   0.00411854      0.59971    -0.492825     0.454041     0.319234    -0.121174    -0.616144   -0.0344145    -0.232568    -0.264604    0.0537853
   -0.259513     -0.34257    -0.157245     0.111809  -0.00713133    -0.155913     0.410237   -0.0450185   -0.0707256     0.114805     0.310346    0.0498381     0.209442     -0.43722   -0.0394606    -0.220833     0.388595    -0.341442    -0.331439     0.112022      0.40301     0.175415    -0.416124     0.354432     0.382516     0.151745    -0.505213    -0.339024    -0.513531    -0.352663    -0.114248    -0.405125
   -0.207663    0.0557502     0.389826    -0.197109    -0.253399     -1.13419     0.255201     0.096232     0.812008     0.361447     0.391422    -0.557733    -0.628467   -0.0293481     0.304738    -0.111433      0.66897      0.42279     0.174931     0.245276    -0.820765     0.301292     0.297876   -0.0449297     0.323445      0.29853     0.424039     0.353206     0.397048    0.0188819   -0.0195059    -0.274608
      0.1585   -0.0233418     -0.43392    -0.209075     0.276554     0.328589    0.0124079    0.0744747  -0.00653657     0.159066    -0.153894    -0.356086   -0.0513952   -0.0856897     0.395977    -0.164209    -0.145708  -0.00468774    0.0407841   -0.0247343    0.0526298    -0.510495    -0.356786    -0.725274    -0.276868   -0.0716996    0.0236336      0.11947    -0.121952    0.0936828     0.153756    -0.224416
   0.0431242    -0.378856       -0.215     0.273033    -0.362277    -0.230232     0.351212    0.0768939   -0.0438388     0.418258    -0.154087     0.952587   -0.0388883    -0.608964   -0.0373501     0.174503     0.064931     0.231154    0.0034453     0.144081    -0.332346    0.0996532    -0.131615     0.762371     0.340577   -0.0864451    -0.323868     -0.33233     0.152036    -0.420614      0.23311   -0.0733984
    0.432221   -0.0665432      0.25149    -0.347872     0.299014    -0.589885    0.0382448    -0.166937     0.061579     0.452627     0.467609    -0.377023    -0.771633   -0.0163581  -0.00302567   -0.0532886     0.038832      1.04817    -0.360159      1.24664    -0.349746     0.311049     0.229345    0.0331981     0.121683     0.117063    -0.146708   -0.0182351     0.406082     0.540706    0.0406239    -0.371753
   -0.152893    -0.192814    -0.276113     0.166026    -0.270395   -0.0772637     0.353003    -0.696998     0.369615      0.12242     0.158911   -0.0139148     0.153209   -0.0434559    -0.127504     0.118046    0.0125126    0.0264626     0.361674   -0.0624029    -0.318766   -0.0936056   -0.0955277     0.224831     0.499153     0.325586    -0.934235     0.165936     0.732964    -0.203282   -0.0835746      0.23467
    0.241509     -0.24737    0.0194097   -0.0589183    -0.118524    -0.188313       0.5212   -0.0172921     0.352824    -0.237985      0.10686     0.247776     0.345569    -0.519028    -0.488856    0.0180903    -0.336957     0.188698     0.724251    -0.432824    -0.168495      -0.0689    -0.642193    -0.288058    -0.060342     0.228596  -0.00338159     0.135568    -0.495066   -0.0241192     0.281551   -0.0718796
    0.193189    0.0602693     0.296563    0.0719136    -0.445253    -0.273045    -0.145473    -0.664923    -0.132546    -0.219866   -0.0625551   -0.0345228     0.105811     0.495525    -0.151955   -0.0216191    -0.145404     0.190516   -0.0359036    0.0545216   -0.0772036    -0.263707   -0.0824001   -0.0795759     0.103375   -0.0208867     0.286683    -0.258535     0.380015    -0.149303     0.223286     0.605369
    0.382246     0.296016     0.237425    -0.106224     0.247934   -0.0354362   -0.0737677    -0.627516     0.119997    -0.125515    0.0181097   -0.0178111     0.128847    -0.554824      0.13085  -0.00220498      0.13645    0.0819499    -0.663639     0.202348    -0.415964    -0.131435    -0.485481   -0.0997931     0.411363     0.189778    -0.152435     0.163737     0.288327   -0.0981949     0.249151    0.0665694
   0.0215469     -0.28032     0.120803   -0.0210778     0.293577   -0.0836773     0.266554    0.0299884    -0.139537     0.355964     0.394513    -0.260991    -0.328166    0.0184735    -0.192193    -0.058459    -0.543629     0.476494    -0.224146     0.093858    -0.259826     0.223061    -0.329798    0.0756777     0.369233      0.23895    -0.042769    -0.198935     -0.60732   -0.0912454    -0.175884     -0.51188
   -0.402538     0.280045     -0.25463   -0.0717678    -0.067184      0.20604     0.203323    -0.483376    -0.166643     0.107598     0.996863     0.274105     0.170475    -0.290716    0.0411941     0.580675     0.109396    -0.828786    -0.423727     0.102894    -0.457771    -0.323296    0.0262798     0.547331     0.452487    0.0298316    -0.325515     0.140734    0.0924497     0.289154     -0.51378    -0.337952
    0.354448   -0.0765667   -0.0122683     0.163047    -0.594903     0.204506    0.0220359    -0.372458    -0.376255     0.246565     0.306914     -0.17802    -0.394523      0.16424     0.193882     0.540461    -0.235488     0.557626    -0.625977     0.516423    -0.184917   -0.0937538     0.282777    -0.428406   -0.0515642   -0.0999669    -0.273273    -0.538253    0.0380093     -0.22303    -0.481396     0.577872
   -0.178241     0.283091   -0.0572235  -0.00250477    0.0075054    -0.348288    -0.372446    -0.150014    -0.273361     0.194141   -0.0586959     -0.42986    -0.141756    -0.227544     0.275942      -0.3243   -0.0367962     -0.13523     0.305259     0.314749     0.131196     0.233741     0.463761    0.0726375      0.20073     0.264583    0.0104807   -0.0157309   -0.0647689      0.42852   -0.0195451     0.276118
   0.0814034    -0.025225    -0.385839    0.0392298    0.0915143     0.303462     0.144567     0.744782    0.0193227     0.696402     0.562259    -0.447494    -0.358271    -0.064906     0.207546     0.710894    -0.774055     0.291763    0.0103962    -0.552482     -0.53607   -0.0443058    -0.402001    0.0387972    0.0502629        0.389       0.3637     0.494217    -0.101725    -0.195874   -0.0380966    -0.282054
    0.161385   -0.0185938    -0.563153    -0.663157    -0.128073     0.116963    -0.468384    -0.749713     0.134065    -0.109888     0.794469    -0.297624     0.749328   0.00387522    -0.225662    -0.322517    -0.602015    -0.197253     0.576042     0.517508      0.31126     0.426167   -0.0309435     0.355008     0.339531     0.847519    -0.643804     0.237621    0.0377084     0.581923    -0.507318   -0.0983517
   -0.742137    -0.475991    0.0751837    -0.252369    0.0574696     0.262501    0.0407099    0.0488646     0.289255     0.360629   -0.0672681     0.456447    -0.376964    -0.141479     -0.02199    -0.310543     0.216903    -0.129803     0.125547     0.431663     0.124097     0.293976      0.10099    -0.393608  -0.00681622     0.244323    -0.187957    -0.340861    -0.358851      -0.4378     0.194564     0.463826
   -0.249871    -0.293171     0.128714    -0.237117     0.108798     0.170227     0.108238    0.0286323     0.135159    0.0595899     0.207526     0.591407    -0.426868     0.033249    -0.405674     0.194793    -0.326337    -0.176934     0.310969     0.607686     0.229461      0.12857     0.484944   -0.0138178    -0.430185     0.097249    -0.351497    -0.225825    0.0871027     0.599446     0.155895    -0.564855
    0.145579    0.0797563    -0.401072     0.426887     0.320574     0.163074    -0.195888     -0.60853     0.244513    -0.543692     0.245692    -0.373709     0.470118      0.12319     0.402361    -0.198962    -0.510963    -0.449651    -0.412774    0.0217827    -0.358386    -0.383722    0.0122583    -0.412217    0.0801352     0.296226    -0.222569     0.138894     0.233923    -0.131592    -0.214046      0.64618
   0.0675119    -0.529686    -0.010683    -0.143483    0.0509877    -0.333577     0.830075     -0.47742    -0.756185     0.387208     0.160919    -0.377528    -0.253763    -0.126171     0.214787    -0.378662    -0.292411     0.407465    -0.333051   -0.0230825    -0.361707    -0.402936    -0.139219    -0.651588    -0.360276   -0.0177726    -0.233872    -0.156857    -0.300985      0.16079    -0.104763     0.318404
   0.0120952    -0.363104    -0.346554   -0.0901047     0.155812   -0.0131636     0.244708    -0.190029    0.0679103    -0.134981     0.159258    -0.221255    -0.818859     0.222727     0.410663    -0.588315     0.277758     0.363977    -0.246907     0.481097    -0.316052   -0.0135014    -0.293964    -0.126516   -0.0487206     0.815092   -0.0948849    -0.155909     0.356134    0.0017027     0.166188     0.733517
    0.330786    -0.650247     0.195057    -0.142484     -0.29605    -0.296068   -0.0704601    0.0768348     0.324032     0.020448    -0.131791    0.0437896     0.272558  -0.00777936    -0.129456     0.264516     0.196632  -0.00454238     0.590694     0.321348    -0.341426     0.205366    -0.427136     0.348226     0.310403     0.213395    -0.415164     0.341057   -0.0763989     0.422229     0.485171   -0.0916384
   0.0528735   -0.0671555    -0.162193    -0.261918    -0.115111     0.144573    -0.320888    0.0676101    -0.425612    0.0490948    -0.138547    0.0468011   -0.0321512    -0.315023    -0.539187     0.222187    0.0853499    0.0342784    -0.295907    -0.279126    -0.314256   -0.0308374    -0.385726    -0.234583    -0.384891     0.146523     0.499304     0.101271    -0.529563    -0.258217   -0.0680621      0.10324
   0.0476572    -0.172717     0.421494    -0.192929    0.0891667   -0.0794849     0.688373      0.42167     0.298661       0.5229     0.237092    -0.460379    -0.826112     0.291962  -0.00411737     0.113208     0.498722     0.196904    -0.709747     0.362941     0.314479    -0.341285    -0.317381      0.19835    -0.386601    -0.179149     0.321179    0.0475188    -0.432176     -0.62721     0.123071     0.490589
    0.683995    -0.228429    -0.709141    -0.629721     -0.16797    0.0565014     0.286811    -0.161934    -0.122888     0.287886     0.795222    -0.271338    -0.109628     0.359594   -0.0952322     0.365853   -0.0896026     0.305001     0.235155     0.149248     0.279622    -0.103756    -0.179941    -0.262491    0.0196762    -0.150744      0.17068     0.169134     0.239119     0.406987     0.502389     0.718739
   -0.170507    0.0174261     0.107651   -0.0906898    -0.288671    -0.315528     0.635971      0.15883     0.288114     -0.10601     0.378793    -0.657954    -0.708006    -0.251052      1.17843    -0.343806     0.837646     0.453853    -0.161889     0.341404     0.267163   -0.0865137   -0.0853999    -0.787918      -0.1209     0.296732   -0.0751318     0.406654  0.000518396    -0.240533     -0.51357     0.294478
   -0.393867    -0.412271    -0.253508    -0.390886    -0.180531    -0.725996     0.254021    -0.044677    -0.114317     0.390927     0.423557    -0.658037     -0.50947   -0.0303168      0.20032      0.17517     0.162245     0.684111     0.126652     0.474928    -0.650876    -0.187525     0.472174   -0.0639821    -0.227532    -0.127457    -0.313913    -0.389884     0.392121     0.307317   -0.0980545     0.044852
   -0.102255    -0.395049   -0.0815725    -0.244517    -0.364688   -0.0781834      0.35459    -0.219262   -0.0229716     0.456233     0.306936      0.20779    -0.074229    -0.228916    0.0972534    0.0605796    -0.149524    -0.205578     0.132878    -0.108189     -0.50421      0.54808    -0.464998    -0.109394      0.16719     0.444815    -0.453559     0.184095    -0.439658    0.0528429     0.471031    0.0214615
   -0.277113    -0.208249   -0.0516752     0.474185    -0.128283    -0.126749    -0.436342     0.132335   -0.0836176    -0.292019   -0.0645552   -0.0728434    -0.231077    -0.156896    -0.236635    -0.135457  -0.00544354    -0.457061   -0.0215918    -0.571358    0.0120858   -0.0377969     0.136453     0.300944      0.10676     0.334104    -0.182872    0.0500997    -0.655103    -0.315293    0.0731408   -0.0571958
     0.38652     0.120902    -0.261155   -0.0841013    0.0317273    -0.318817     0.295606    0.0710176    -0.357298     0.194256   -0.0394006    -0.130762    -0.498472     -0.38216     0.394202     0.241588   -0.0863194      0.53795   -0.0913244   -0.0141857    -0.518187     0.264947     0.110014    -0.271376   -0.0493666    -0.106706    -0.135573   -0.0689202  1.43769e-05     0.114217    -0.223807     0.345005
   -0.207874    -0.215102    -0.311631    -0.152677     0.328266    -0.213672    -0.267291     0.260707    0.0511061     0.725043    -0.044095    -0.301541    -0.157596    -0.465779    0.0893496    0.0546001    -0.186178   -0.0405409     0.116274      0.31264     -1.12551    -0.144755     -0.34024     0.351574     0.719948     0.028688     0.133065     0.118938   -0.0640621    -0.494914    -0.179106    0.0305643
    0.388636     -0.44704    -0.721592    0.0292554     0.299424      -0.4195    0.0718601    -0.345813    -0.468856     0.086502     0.124822   -0.0480141    -0.350864     0.904895    -0.367877     0.946707     0.348049     0.699481    -0.623168     0.587077    -0.403285    -0.244267     0.239903    -0.248352     -0.13774     0.073518    -0.200281    -0.927638   -0.0986417     0.170339    -0.335747      0.66359
    0.162262    -0.163323    -0.568098    -0.132143   -0.0996433      0.51384     0.202411     0.247039     0.013941     0.204766      0.68192   -0.0311436    -0.571285    -0.266435   -0.0875569     0.201524     0.483052     0.379534     0.311147     0.338572     0.042212    -0.267495       -0.176    -0.688648   -0.0480421    -0.173789     0.398703    0.0476763     0.103451     0.161256     0.193712     0.453796
   -0.364746    -0.226013    -0.273077    -0.700472   0.00969686    -0.273065    -0.113709     0.209058     0.717736     0.417148    -0.417967    0.0408008    -0.276127      0.18669     0.218046     -0.20884     0.210736     -0.23257      0.52763     0.717424    -0.244226    0.0790515     0.271691   -0.0478435       0.6488     0.725545    -0.140729     0.047505     0.301083   -0.0754305    -0.195224   -0.0734433
    0.187007    -0.706153    -0.315193    -0.105142    -0.299367   -0.0603877    -0.139537     -0.24379     0.382505    -0.238295     0.405235    -0.425492    -0.543828      0.43058     0.127012   -0.0476958     0.256911   -0.0934263    -0.466971    -0.267321    -0.276091    -0.227172    -0.624791    0.0715511     0.145242   -0.0530777     0.120331     -0.11751     0.370028    -0.174221     0.465227   -0.0542439
    0.166539    -0.496183     0.166943    -0.391586     0.261511    -0.336004      0.46129      0.69431     0.453518     0.123931     0.458559    0.0640727     0.116598    -0.250776   -0.0464945   -0.0160667     0.442473     0.133329    -0.381347     0.011539    -0.556108     0.161114    -0.542063    -0.121793     -0.13126     0.365316     0.163205     0.202403     -0.34078     0.247968  -0.00972116     -0.61985
    0.184678     0.448036    -0.278755     0.319438    -0.127917    -0.170196   -0.0269558    -0.444349       0.2431     -0.31111     0.276262     0.209304    0.0625718    -0.111236     0.233739    0.0976405     -0.39718  -0.00819473    -0.521267    -0.357804    0.0424387   -0.0519724    -0.235365    -0.254478     0.276835     0.210175   -0.0475452    -0.160098     0.223785   -0.0403467    -0.300879     -0.25803
    0.460308     0.254803    -0.167648     -0.71831    -0.175158    -0.512078     -0.38663    -0.225065    -0.281741     0.494639     0.611523    -0.414554    -0.467264     0.119178   0.00143489    -0.220005      -0.1784      0.40272    -0.255614    -0.196501    -0.302349   -0.0751241    -0.427037 -1.69049e-05     0.212124     0.134438     0.435913    -0.228528    0.0580629     0.227227     0.499283    -0.949765
  -0.0599436    -0.495548     0.103567   -0.0142209    -0.386826    -0.407692     0.664464    -0.715598     0.220548      0.67104     0.353099    -0.416113    -0.107568     0.252745     0.404246    -0.317623    0.0036545     0.157345    -0.201792      0.11177    -0.146136    0.0873884     0.163552    -0.431897     0.503732     0.335937     0.141649    -0.422804     0.380757    -0.287956     0.117507    -0.141137
    -0.23739    -0.192088    -0.329406   -0.0677488     0.256032     0.689456      0.28162    -0.345579     0.661291    -0.261353    -0.654111   -0.0105703     -0.38784    -0.560138     0.487651    -0.437776    0.0581632    0.0808682     0.190659     0.311607    -0.148973    0.0876415     0.213967   -0.0967169     0.573902     0.402438    0.0823755    -0.440327    -0.370031     -0.25641    -0.323149    -0.122103
 -0.00110045   -0.0764678    -0.170892    -0.272408    0.0122969     0.193935    -0.328566     -0.46556     0.304996    0.0940216   -0.0438718    0.0828195    -0.105858     0.636565     -0.25976     0.108875    -0.311588     0.563025   -0.0568628    0.0618642    -0.260559     0.167127     0.084799    -0.144115   6.7475e-06     0.183532    -0.429697    -0.129677    -0.217853    -0.118414    0.0334913     0.150157
    0.111821    -0.170172     -0.28692   -0.0292925    -0.158931   -0.0349118    0.0805933    -0.445634    -0.252466    -0.137924      1.21875     -0.94492    0.0524309     0.162303    0.0910102     0.152284     0.434262    0.0272816    -0.271935   -0.0665331     0.169397     0.570276    -0.359197     0.169916   -0.0944233   -0.0683393     0.268774     -0.23664     0.545448      0.26045   -0.0277904    0.0390301
    0.200452   -0.0927203   -0.0151369    -0.234992    -0.871511    -0.501578    -0.240394     0.388515     0.162831     0.103229   0.00116023   -0.0378081     0.468622    -0.548317   -0.0305513   -0.0160864    -0.265565   0.00594531   -0.0393537   -0.0417482    -0.599872    -0.100392    -0.114451    -0.195569    -0.565626    -0.110377    -0.195187      0.13066     0.250818     0.142095    -0.423368    0.0435409
    0.312496    -0.473552    -0.101281     0.162188     0.136893     0.161108     0.135682     0.266518      0.48977     0.152841   -0.0365399    -0.232885     0.129104    -0.259537     0.172017    -0.404359   -0.0599328    -0.340043    -0.234499    -0.297896    -0.197276    0.0865257    -0.445672    -0.145353     0.216117   0.00810257     0.034209   -0.0373336    0.0944283    -0.551077    -0.362176     0.119084
   0.0901816  0.000186988     -0.54178   -0.0988512     0.505625    -0.477043     0.227797     0.319605    0.0650744   -0.0633855     0.352005    -0.283189    -0.140564     -0.21062    -0.290568     0.133981     0.368857     0.151631     0.122165     0.344871    -0.180324    -0.297562     0.123326     0.474127     0.218236     0.305821    -0.482253    0.0411531    -0.485791    -0.330455    -0.308448    0.0923862
    0.529401     0.681657     0.603777     0.236023    -0.180835      -0.3424     0.366566    -0.438389    -0.327136     0.375001    0.0617521    -0.270781     0.139379    -0.220337    0.0451032    -0.145872   -0.0455512   -0.0115813     0.255677      1.17775    -0.536616     0.252823    -0.144914   -0.0682311     0.620224     0.298204    -0.629265     0.492649   -0.0192435     0.952255     0.138902     -0.56235
    -1.20111      0.19924      0.36087     0.106464     0.526235    0.0621129    -0.525131    -0.470061    -0.237239     -0.31183     0.424373     0.527447     0.433711   -0.0857546    -0.113512     0.183297    0.0864527    -0.529962     0.250243    -0.283115    -0.179981     0.044068   -0.0880688      0.46507    -0.252011   -0.0201585     -0.35939    0.0707129     -0.43028   -0.0748433    -0.244499    0.0528034
   -0.506078    0.0942053    -0.228937     0.415363   -0.0699416      0.16459     0.937135    -0.194646    0.0226252    -0.418942    -0.152626     0.551436     0.402938    -0.151004    -0.346873     0.116107    -0.177003     0.132719     0.370739     0.118859    -0.143267    -0.674016    -0.186985    0.0715312    0.0312762     0.523759     0.205651    -0.116678    -0.200154    -0.100366    0.0324184     0.603211
  -0.0912131    -0.164064   -0.0188818    -0.184119    -0.127418   -0.0760309     0.212799    -0.190476    -0.381268     0.118138     0.418451    0.0131451    -0.197148     0.398951    -0.155648   -0.0340258      0.43966    -0.251659     0.120291     0.208057    -0.121337    -0.414692    -0.160299     0.407889     0.304944    -0.364095    -0.166015   -0.0677264   -0.0842804     0.258253    -0.110836     0.252502
    -0.15249    0.0607087   -0.0742403     0.166084     0.148276    -0.349729     0.420258    -0.913668    -0.138123    0.0592298     0.183965    -0.286536  -0.00822797   -0.0147299     0.379626    -0.302157    -0.251108    -0.220993    -0.295609      0.64757     0.104252   -0.0798499     0.431382   -0.0490588     0.239841    0.0776433    0.0401609    -0.223066    -0.179844   0.00569874      -0.2458     0.472392
   -0.348445     0.432282   -0.0098905    -0.100487    -0.115631     0.746957     0.123646    -0.231323    -0.136301   0.00462806     0.424652   -0.0634695    -0.492906    0.0954895    -0.134359     0.537798    -0.312018    -0.152817     0.210033     0.419916     0.114494     0.418072     0.153956     0.145417    -0.358662    0.0618935    -0.174359   -0.0436976     0.702262     0.160506     0.375081     0.284825
    0.368261     0.071611     0.277972     0.333793  -0.00301231   -0.0352623     0.267809      0.32148    -0.198497     -0.42673     0.153007    0.0401529     0.481086      0.14403    -0.503653     0.491978    -0.548989  -0.00445411     0.330203     0.113513    -0.337593     0.241449     -0.38675     0.351965   -0.0100144     0.398155    -0.225038    -0.146088    -0.486618     0.162169    -0.209234    -0.143349
    0.416923   -0.0541794     0.122825    -0.516126     0.205981     0.466605   -0.0741023    -0.408557    -0.330228     0.295799    -0.297338    -0.100809      0.68882   -0.0180763      0.10271    -0.355214     0.306113  -0.00954082     0.269568     0.467769      0.33908    -0.135431   -0.0293258    0.0514684     0.478608    -0.273946    0.0312692    -0.181953     0.364228    -0.103351      0.18211   -0.0557603
    0.357968     0.803816      0.11023     0.096848     0.271479    -0.448567     0.110614   -0.0907825    0.0269128     0.317012     0.433414   -0.0395744     0.652451   -0.0160653      0.30487     0.175086    -0.651643    0.0995991     0.056849     0.069263     0.301769    -0.372767    -0.445731    0.0763579     0.221714     0.325097     0.120056     0.226589    -0.147139    -0.477649   -0.0119905     0.413232
    0.196383    0.0407347     0.330897    -0.231374    0.0174653    -0.144123    -0.163665    -0.403337     0.273704    -0.035266     0.054357     0.246922    -0.340103   -0.0087826     0.260635    0.0775119     0.160839   -0.0733172   -0.0194994    -0.331106     0.570632   -0.0462191     0.231847    -0.113452    -0.188123   -0.0232914    -0.371494    -0.166909    -0.122523  -0.00137409    -0.156295    -0.176272
    0.331752    -0.379887    -0.174449    -0.149081    -0.230613     0.217697     0.083711    -0.246572     0.525145    -0.147415     0.172057    -0.194847     0.242803    -0.129262     0.311197   -0.0842774    -0.223181    -0.304476     0.490081    -0.307594    0.0527327     0.213675    -0.846294    -0.140301     0.216551     0.374384      0.52162   -0.0982125   -0.0551021    -0.251966     0.313093    -0.395263
   -0.232554     0.078885     0.172233     0.154866     0.295073     0.018707     0.297524    -0.130366     0.283752   -0.0889915     0.666548    -0.139868     0.212517    -0.223456   -0.0190813    -0.168943     0.349243     -0.17718     0.053089    0.0345978    0.0383823    -0.227524     0.408855    0.0977512     0.172551    0.0465788    -0.364346    -0.142833    -0.077532    -0.366508     0.112588     0.004933
 -0.00561548    -0.524108    -0.291992   -0.0449634    0.0756526     0.164912     0.435459     0.166324     0.507057     0.179618     0.216361    -0.303926   -0.0861193      0.10145    -0.034855    -0.167017       0.2285     0.141123    0.0500083     0.856104    -0.338778     0.307097    -0.726487     0.104135     -0.16533     0.309169   -0.0980588   -0.0144478    -0.211673    0.0750871      0.02911    -0.598703
    0.292157     0.377545   -0.0137781    -0.635704    -0.218082 -0.000101183     0.171996    -0.261752     0.041937     0.518164     0.137225   -0.0760561    -0.280686     0.292961     0.295364     0.265789    -0.315083  -0.00267543    -0.298139     0.109824    -0.586753    0.0200485    -0.409028  -0.00400347    0.0940489    0.0236435      0.30969    -0.303812     0.186671    -0.133376     -0.15428     0.283135
   -0.132452    -0.429236      -0.1503     0.230752    -0.304662    -0.572859   -0.0667698     0.259329     0.238513     0.380412    -0.419218    0.0263713    -0.142655    -0.385965    0.0577598     0.268691     0.165625     0.195868    -0.134605     0.220294    -0.594441    -0.429448    -0.262741     0.331655     0.727812     0.710205    -0.866222     0.173061     0.150094     0.026589     0.241256   -0.0596355
  -0.0156693    -0.361986    0.0619931     0.124678    -0.126438    -0.358335    -0.108922     -0.18854    -0.377402     0.261935      0.43817    -0.267943    -0.192808     0.245055   -0.0790841     0.427189    0.0596193    0.0197581    -0.529828     0.246565    -0.600541    0.0669792    0.0280746    -0.233469     0.136092     0.630811     0.379965    0.0114417    -0.059881   -0.0866325     0.341254     0.315527
   -0.205461    0.0824754    0.0567827    -0.307648     0.257277     0.120475    -0.170236    -0.309744    -0.446613     0.492548     0.567632    -0.254369   -0.0546256     0.650678     0.301478    0.0762955     -0.11547    -0.278186    -0.623088    -0.150845  -0.00727355    0.0705111   -0.0256583    0.0937242    0.0369816   -0.0548732    -0.474177    0.0532915     0.365636    0.0962068     0.229687    0.0509126
    0.165152    -0.426092     0.145188     0.251184     0.130629     0.214862     0.210194    -0.614363    -0.527021      0.34689   -0.0664569    -0.323079     0.057116    0.0813993     0.401723    -0.109596       0.1453     0.487523    -0.334392     0.291958    -0.161024     0.126916      0.23403    -0.145319     0.149642     0.872802    -0.494596    0.0987069    -0.183731     0.230014     0.105087    -0.341366
   0.0940949    0.0406659   -0.0128285     0.109616    -0.771743    -0.126733    -0.369723    -0.303665    -0.534685     0.401369    -0.138688   -0.0844676    -0.564636   -0.0277066     0.651716    -0.312419   -0.0643086     0.131245     0.245833      0.53567    -0.525269      0.20208     0.261154    -0.382028   -0.0087899     0.145666     0.105451     0.329288     0.608768     0.388491     0.437571    -0.138654
    0.126414    -0.318373     0.180272     0.057742    -0.187022    -0.536163    -0.106273    -0.308585     0.262715     0.321757     0.543654     -0.29134   -0.0837129     0.318322    -0.168615     0.327914   -0.0801552     0.332077    -0.031293     0.692692     0.154998     0.114827   -0.0375652    -0.128497     0.424579     0.481478    -0.555168    0.0734871    0.0560697     0.351579    0.0886502     0.168905
    -0.18047     0.365982    -0.419549     0.180303     0.302948    -0.456648     0.295034     -0.93852    -0.267044     0.145861     0.689781     0.183278     0.219594    -0.302465     -0.11282     0.630763    -0.339988   0.00374261    -0.710518    -0.237226    -0.206778    -0.125496      -0.3591     0.156285     0.305615     0.205084   -0.0189919     0.255843     0.435698     0.312593      -0.3987   -0.0156965
    0.295082  -0.00151119    0.0700246    -0.327955    -0.474023    -0.286656   -0.0690094    -0.509957    -0.724702   -0.0306144     0.113317    -0.382045    0.0813809    0.0866746    -0.109385     0.491441   -0.0394331   -0.0271843     -0.17403     0.274405     0.192339    0.0356765    -0.092999     0.162783      0.21221    -0.505091  -0.00547871    0.0444733     0.263756     0.107809    -0.680533    -0.126859
  -0.0177777   -0.0718843     0.175075     0.463734    -0.340302    -0.073788    0.0176471    -0.630206    -0.146173     0.237539    -0.100136    -0.223301    0.0995167     0.602222    -0.183519     0.321036     0.261288     0.464128    0.0404031     0.383198     -1.00084    -0.878064    -0.447842    -0.241599     0.489161     0.326867    -0.287421        0.124    -0.348645     -0.24026    -0.461026     0.616389
    0.102098    -0.129249    -0.235598     0.174913    0.0506979    -0.199433     0.256153   -0.0410044     -0.06029    -0.043144    0.0133952    -0.320462     0.158662   -0.0942321   -0.0888747    -0.431379    -0.233881   0.00387837      0.23798  -0.00727477    0.0399417     0.143179    -0.320407    0.0172201     0.212555     0.257362    -0.335328     0.150341    -0.323752   -0.0818088    -0.135238   -0.0851567
    0.149076    0.0314608     0.558826    0.0255338    0.0408028    0.0571407     0.758228    -0.234581     0.347644     0.470664     0.339183      0.13162   -0.0295739    0.0465178     0.161815    -0.164155   -0.0690142     0.131484     0.209739     0.483703    -0.333827   -0.0867449     0.121335     0.486537     0.729798     0.186312    -0.541446    0.0922918     0.594871    -0.154268     0.110212    -0.195447
   0.0620182    -0.211669    -0.035379    -0.293149     0.212688    0.0852551    -0.045855    -0.641378  -0.00177341     0.111054     0.687162    -0.232242    -0.445766     0.223013     0.602133    0.0853163     0.206178     0.281533    0.0786095     0.651441    -0.268602    -0.121157     0.178792    -0.218546     0.409055     0.176541    -0.324263    0.0930728    -0.389016    0.0274671   0.00957158    -0.228387
   -0.432495   -0.0544579  -0.00670775    -0.177326     0.266837     0.221175    -0.269801   -0.0696736     0.754802    -0.201054    -0.140495    0.0802932     -0.34395   -0.0182663   -0.0512507   -0.0448996     0.101575     0.148094     0.099268     0.569796    -0.119883     0.487007     0.123703     0.338445    0.0739854    0.0110343    -0.162577     0.255862    -0.608367     0.574306    0.0439901   -0.0927048
   -0.115891   -0.0798872     0.173391     0.723197    -0.223987     0.129976    0.0479411    0.0551595    -0.126824     -0.37524     0.402037     0.371183    0.0945289      0.23715    -0.684941    0.0752654    -0.128397    -0.334952    -0.192488    -0.470929     0.190382    -0.156785    -0.114829   -0.0817978     0.457771    -0.283309     0.453116     0.136523     0.891888    0.0438325     0.300441   0.00764419
    0.274905     0.477947      0.13128     0.142884    -0.160352     -0.10608     0.131035     -1.10025   -0.0996985   -0.0903875    -0.313022   -0.0537702     0.409784     0.447678   -0.0440743    0.0636818    -0.524959    -0.592937     0.359033     0.550588     0.210499    0.0778212     0.131483    -0.227556    0.0005914    -0.126628     -1.09263     0.168272    -0.258397    -0.457039    -0.593202     0.132752
   -0.346106     0.218902   -0.0195409    -0.910331    -0.165849    -0.324575    0.0980945   -0.0813916     -0.45089      0.26932     0.799672       -1.059    -0.677113   -0.0162429     -0.51081     0.326727     -0.22569     0.679408     -0.38684     0.733629     0.165215   -0.0567223      0.25577   -0.0217149     0.271338     0.583205    -0.032449    -0.162736     -0.59687   -0.0926138    -0.342913     0.174297
  -0.0520218     0.195335    0.0232634     -0.22398   -0.0829962    -0.424165      0.71159    -0.526755     0.420422     0.288203   -0.0122154    -0.556366    -0.533575     0.560936     0.631574     0.039339    0.0327028     0.193565     0.252582     0.525817    -0.130811    -0.265909     0.262062    -0.249575     0.408423     0.379043    -0.243265   -0.0411651  -0.00836198     0.461124     0.143199   -0.0542353
    0.360596    -0.342896  -0.00272015     0.189261     0.346044    -0.617461    0.0836829    -0.125057    -0.191237     0.169404    -0.457991     0.187966    -0.234067  -0.00738333    -0.297602   -0.0317553   -0.0308908   -0.0372367    -0.251815      0.16008    -0.222023    -0.099761    -0.228064    -0.107023    0.0743572     0.239853     -0.67144      0.41464    -0.505577    -0.167949    -0.495836    0.0340196
   -0.490006   -0.0265786    -0.532322    -0.662711    -0.430207   -0.0443028   -0.0201427    -0.648034     0.563687    -0.374005      0.53192   -0.0294165    -0.206894    -0.420817     0.293197     0.455517    -0.292609   -0.0644872    -0.321756     0.167044      0.22796     0.381027     -0.20656     -0.11292    -0.149805    -0.390772    -0.362544     0.152958     0.574756     0.138899    -0.127069     0.455451
   -0.757748    -0.483908     0.136072     0.410035     0.113592   -0.0278763    0.0757745    -0.168816     0.215539    0.0867873     0.175789     0.226018    -0.352018     -0.08218     -0.35922     0.167347    0.0317991     0.440845     0.270705     0.187488    -0.186997     0.110191    -0.468627    0.0344367    -0.163425     0.178576    -0.294014     0.401614    -0.443955      0.20153      1.03664     0.782995
    0.263217     0.167898    -0.431667    -0.574499     0.529411    0.0358171    -0.122501    -0.169853    -0.185846      0.21048     0.496691      0.68585    -0.106889    0.0425132  -0.00426317    -0.324556    -0.620951    -0.127532    -0.222245   -0.0567597    -0.255031     0.139554     -0.47015    0.0353984     0.256982     0.374668    -0.279854     0.196546     0.503349     0.257557    -0.655359   -0.0397118
    0.381379    0.0725568    -0.796528     0.534654     0.230211    -0.226675    -0.323423    -0.253813   -0.0764256    -0.056822     0.766891    -0.155685      0.19126     0.486811     0.101302    -0.145052       0.1853     0.200713     0.229935  -0.00287667    -0.198775     -0.11154    0.0335294    0.0881328     0.463778    -0.295127     0.198272    -0.160333   -0.0116719     0.346911     0.188362     0.704442
    0.129255     0.188355    0.0978257    -0.633672     -0.24068    -0.136538     0.169728   -0.0782515    -0.195709     0.179041    -0.207806      0.21695     -0.75189    0.0150948     0.437469    -0.239429     0.124678     0.128679    -0.102618   0.00124977    -0.138013     0.387212    -0.263211    -0.296126     0.285734     0.408059    -0.354602    -0.174343      0.24741     0.155894     0.218969    -0.557351
    0.164559     0.164489     0.479653    0.0516903    -0.263283     0.247658      0.31856    -0.571211   -0.0918731     0.533412     0.613207    -0.272091    -0.502626     0.276258  -0.00891368    -0.025685     0.089886      0.18129    -0.848843     0.647751    -0.562404   -0.0249883    -0.229531    -0.497336     0.589523     0.194613     0.345865    -0.462162     0.170723    -0.472429     0.517829    -0.393285
    0.472116   -0.0901435     0.184695   0.00344646    0.0883834    -0.590196    0.0393803     -0.55165    -0.335212     0.053564     0.302963    -0.333848     -0.57878    0.0937546     0.644635     -0.06179    -0.528794    0.0844077    -0.247643  -0.00733671     0.309394   -0.0997335    -0.362783    -0.143535     0.199007     0.380876   -0.0619583    -0.171893     0.236247     0.224579    -0.289403     0.203465
    0.352281     0.369228   -0.0396532    -0.316789  -0.00624431    -0.278375      0.26123    -0.131755     0.434399    -0.031908      0.10416    0.0556096    -0.195162     0.273726     0.663877   -0.0500925    -0.116032     0.638518     0.663886     0.113823    -0.404868     0.324081    -0.426654     0.541188     0.178484      0.35091     -0.53074     0.298955    -0.263413     0.845374     0.716738    -0.639014
   0.0404801    -0.237269    -0.367035     0.177312   -0.0737785    -0.472902     0.596461    -0.909593    -0.142021      0.24869    -0.130343    -0.667355    -0.153459     0.180661     0.460185    -0.158352     0.681017    -0.325164     -1.18878     0.713074    -0.795653    -0.256377    -0.141714    -0.278877    -0.142136     0.932605   -0.0815667   -0.0514925    -0.235526     0.495533    -0.386219      0.64442
    0.353954    -0.505234   -0.0205419    0.0942815     0.386249   -0.0973182     0.323058    -0.346045    -0.221678    -0.224148     0.497135     0.673579     -0.34029     0.211406    -0.175406    -0.134631    -0.264965    0.0389568     0.122432     0.042943    -0.267184     0.608627     0.480841    0.0663232     0.261809     0.223799     0.305053    -0.180748    -0.233143    -0.574415     0.165805    -0.456549
    0.325554    -0.158428    -0.134492    -0.536217    0.0589558   -0.0288478     0.195702  -0.00299634    -0.378703     0.672272     0.308781     0.397966    -0.458029    0.0861487   -0.0199304    -0.213086    -0.205545    -0.450653    -0.311665    -0.371854    -0.302829    -0.232907     -0.34048    -0.277536   -0.0190643   -0.0332493    -0.372008    -0.116524     0.668659     -0.31889    -0.180493     0.376974
    0.116893    -0.397856     0.242678      0.50385    0.0755996    0.0423551     0.456435     0.276673   -0.0784689    -0.144349     0.400348     0.261917     0.171299   0.00356004    -0.160348     -0.16224   -0.0244761    -0.306589   -0.0708046     0.476899      0.25978    -0.085542    0.0365543     0.188028     0.267012    -0.330309    -0.120334     0.420425  -0.00240697   -0.0696034     0.223262     0.117736
    0.112483     0.419902    0.0151747    -0.186143     0.483234     -0.11695    0.0913319    -0.467147     0.438421    -0.133223    -0.283634     0.667281     0.301292    -0.266175   0.00647959     0.108447    0.0895336     0.119001     0.106532     0.183842    0.0637658    0.0501204    -0.191692    -0.252744    0.0961615    0.0942001    -0.275997    0.0898035     0.336229   -0.0731535      0.05739     -0.15625
    0.142109    -0.460945     0.456807  -0.00702119    -0.285887    0.0157018    -0.321154   -0.0956474    0.0198697   -0.0460471      0.27318     0.364572     0.260613     0.462927    -0.453598    -0.334524     0.464972  -0.00868736    -0.694639     0.612934    -0.326694    0.0622672    -0.134424     0.232768    -0.325729     0.075473    -0.179375    0.0995807    -0.149255     0.114602   0.00756231     0.604882
    0.036403     0.290003     0.183506    -0.181376  0.000965123    0.0934292     0.654818   -0.0355989     0.285709   -0.0225367     0.334778     0.451093    0.0431984   -0.0576739     0.639285     0.503066   -0.0915394    0.0335886   -0.0439959    -0.595132     0.500252    0.0207388     0.251915    -0.139893    -0.144779     0.104316     0.422524     0.108207     0.062179     0.202142      0.10827     0.713902
    0.209612   -0.0602912    -0.257068    -0.125677     0.707323     -0.28897   -0.0530137   0.00526866    -0.195041    0.0441216     0.158739    -0.055578     0.274882    -0.155907    0.0831173    -0.218511    -0.122818    0.0941264     0.295593     0.137535     0.250919    0.0295597     -0.32756    0.0570951     0.139265     0.531324     0.122744    -0.126612     0.130656    0.0749237    0.0377254    -0.302508
    0.137917   -0.0705662    -0.391797    -0.323716    -0.148535    -0.352853     0.210082     0.117556   -0.0182547     0.244209    -0.224488     0.301793     0.442496    -0.116826    -0.129959      -0.1245    0.0872276    -0.190783     -0.31089   -0.0399616    -0.240282     0.338259    -0.240823    0.0547364     0.122348     0.186189     0.460493    0.0853038    -0.366133    -0.118404     0.126834    -0.019436
   -0.158921    -0.355958     0.181187     0.406224   -0.0239685     0.184929     0.369422   -0.0395695    -0.239156     0.480965    0.0952791    -0.244653    -0.426965    -0.084869     0.345116     0.128616    -0.452481    0.0612476    0.0568927     0.105312    -0.150584    -0.449815   -0.0661919     -0.66066     0.250397     0.204862   -0.0825548    -0.207552     -0.23243     0.574665     0.035037     0.518776
   -0.216898    -0.530246     0.373037    0.0966477     0.219422     0.262542    -0.102397    -0.192614     0.484455   -0.0949692     0.015205    -0.117481    -0.883946      0.39787     0.260867     -0.51037    -0.188358    -0.811607     0.183941    -0.175051   -0.0371423    0.0110986   -0.0640008     0.472332      0.27253     0.229845     -0.27513      0.17827   -0.0373509     0.125981     0.132802    -0.301261
   -0.457624    -0.584008     0.461053     0.361007     0.425582     0.024585      0.49626    0.0149943   -0.0652142     0.206081     0.701198     0.251407    -0.543248    -0.260342     -0.25867     -0.16583     0.396612    -0.472397    -0.658763     0.339998    -0.128067    -0.356651    -0.437261     0.582662    -0.572052    0.0307126     0.181799    -0.107262     -0.89818    -0.576308     0.349478      0.16777
    0.190292    0.0498125    -0.223026    -0.217938     0.393874    -0.362591   -0.0376867   -0.0287369     -0.97694    -0.142074   -0.0992804    -0.470273     0.549903     0.108571     0.799921    -0.265237     0.747089    -0.619608    -0.722214     0.437159     -0.14518    -0.322503   -0.0704378   -0.0400162     0.116555     0.829215    0.0767705    -0.216374    0.0670834    -0.167974     -0.16538     0.111984
   -0.305149     0.493993    -0.424441    0.0213437    -0.121902    0.0579528     0.745187    -0.281108    -0.275952    0.0135264     0.272289     0.355488     0.779366     -0.30389    -0.325825     0.661895     0.224632     0.707717      0.51788    -0.455265    -0.124859    -0.328618    -0.153019      0.29431    -0.414348    -0.237422     0.470955   -0.0787016    0.0528564    0.0209561    -0.398162     0.121853
    0.250996    -0.130462     0.278695    -0.156511     0.144908    -0.140052     0.282588    -0.898242      0.70158     0.483451     0.484761     0.117353     -0.73068    -0.508432     0.278852      0.24035      0.38217    -0.415672    -0.213369     0.794357       -1.028    -0.293403      0.16743  -0.00313452     0.518847     0.588892   -0.0096535    -0.103737    -0.983105    -0.353545    0.0909101    0.0601181
  -0.0208163    -0.363071 -0.000172498    0.0240146    -0.138193     0.159539    -0.455639     0.145111     0.102791     0.173139      0.46903     0.382753     0.144553   -0.0616465    -0.482652     0.364951      -0.1037      0.23486    -0.089272    0.0191619     0.279817     0.209485     0.057179    -0.026048     0.105661     0.222163     0.127776     0.629166   -0.0839149     0.423574      0.11708    0.0198124
    -0.18565    -0.610784    -0.710302    -0.387006    0.0910119    0.0280529    -0.326573     0.163855     0.127666    0.0815447     0.657417   -0.0720082    -0.501671     0.264115   -0.0954289    0.0399722    -0.138879     0.287797     0.335198    -0.157592    -0.276856     -0.54952  0.000822331     0.344035     0.547934     0.469393   -0.0622117    -0.417285    -0.353455     -0.32966    -0.136024    -0.279159
  -0.0383661    0.0769953      0.15376    -0.777473     0.228661    -0.282036   -0.0720466     0.102941    -0.384737    -0.464894       0.6019     0.226658    0.0836501     0.136928    -0.443982   -0.0980467     0.127082     0.252342     0.231191     0.473589   -0.0185383     0.661346     0.267707     0.270396    0.0123673     0.543156    -0.307259     0.222435      0.16054     0.203961     0.372828   -0.0103718
   -0.248154    -0.457443     0.344884   -0.0138105    0.0663433     -0.61665    -0.208028     0.143832    -0.269413     0.210564   -0.0554505     -0.13639      0.05493     0.404548    -0.415279    -0.303891     0.621566      0.39196    -0.811136     0.154196    -0.151304   -0.0155842   -0.0646367    -0.425072    -0.220373   -0.0914656     0.167887   -0.0165898     0.198557    -0.392685    -0.161736     0.390557
   -0.297461    -0.328528     0.316371    -0.637578    0.0813047    -0.217579     -0.42179    0.0294155     0.201265    -0.139885   -0.0462448    -0.560388   -0.0878317     0.440349     0.145229     0.182847    -0.298305    -0.179137     0.100629    -0.469273    -0.499507     0.273442    -0.758833     0.237775    -0.560632   -0.0449131   -0.0907482     0.594818    0.0717301   -0.0277997    0.0781489    0.0196503
  -0.0316428    -0.276979     0.426776     0.108006     0.339865   -0.0157058    0.0694356      0.42768      0.35595    -0.385666    -0.176426     0.419516      -0.2802     0.284992     0.347611    0.0363554   0.00169787    -0.382952   -0.0122065   -0.0920601     0.339132     0.221585    0.0991043    -0.156933   -0.0087924     0.103513     0.277273     0.174937   -0.0330259    -0.268492     0.585952    0.0573719
   -0.101293     0.106127    -0.172866     0.186024     -0.75592    -0.149576     0.336674    -0.314962     0.147009      0.17259     0.286218    -0.170239    -0.341148     0.717843     0.667146    -0.104304     0.461913    -0.112592    -0.264074     0.290222    -0.151437   -0.0310368    -0.113236    -0.247855     0.377308   -0.0905761    -0.283119      0.05919  -0.00157414    -0.283162   -0.0397455    0.0979588
    0.315722    -0.236146    -0.350563     0.444483     0.185402     0.116518    -0.336996    -0.700655    -0.300959     0.664408     0.470105     -0.95452    -0.415549     0.610926     0.348228     0.083057    0.0338363     0.316717    0.0185606    -0.124697    -0.310329    0.0428221    -0.197641    -0.234159     0.629316     0.580031     0.134477    0.0755612    -0.128801     0.428185    -0.314934    0.0664013
   -0.333742    -0.431133    -0.273754    0.0917866    -0.130832     0.495353    -0.436355     0.242009     0.611618    -0.483632    -0.381707     0.507462    0.0885811    -0.144149   -0.0921315    -0.151744    0.0294669    -0.477938     0.789398    0.0563842     0.168604    -0.197687    -0.400971     0.698633     0.173604    -0.577081    -0.252747     0.465561    0.0602124    -0.180358   -0.0226577    0.0448396
   -0.563198    -0.155763     0.101735   0.00351468    -0.493878     0.166117    0.0372141     0.551282    -0.283627      0.20709    -0.356451    -0.414745     0.509647     0.327123     -0.75635     0.700056     0.148796      0.10175    -0.329495     0.013597    -0.783647     0.382683    -0.125961     0.564991     0.222896    -0.221687     0.293192     0.561504    -0.585536     -0.28663    -0.371082    -0.596424
    0.104999     0.193789    -0.559157    -0.124273    -0.683593      -0.1159    -0.144535    -0.349195     0.271678    -0.228556   -0.0613906    0.0517193   -0.0868042    -0.646991    -0.137158    -0.541232   -0.0344236     0.177535     0.303688     0.255652     -0.16985    0.0445168    -0.112954    0.0691204      0.30777   -0.0129547    -0.154853     0.143607    -0.371668      0.13601    0.0258122    -0.084516
   -0.279618    0.0418109   -0.0109077    -0.389343   -0.0850373    -0.158109     0.179178    -0.480219   -0.0599317   -0.0831243     -0.18207     -0.43493    -0.128073    -0.324524    -0.293923   -0.0377321     0.190144     0.344687    -0.602753    0.0585935    -0.232911     0.146372    0.0737396    -0.354879   -0.0278145    0.0947632    -0.384611    -0.171162     0.114148    -0.244848     0.256384     0.189544
   -0.194103    -0.194417     0.176103    -0.260874    -0.100971   -0.0904884     0.180903  -0.00635768    -0.109995     0.505433      0.42805    -0.355293   -0.0946046     0.395704     0.343193  -0.00733018    -0.411742 -7.42081e-05    -0.109895     0.273963   -0.0685735    -0.251422    -0.167505    -0.153357      0.33228    -0.115578   -0.0108128     0.183697     0.010599  -0.00755247     0.724706    0.0431207
    0.279988    -0.136361   -0.0311677     -0.27548    0.0101064     0.128854    -0.320113     0.225722     0.187337       0.1842    -0.113975     0.651247     0.228264    0.0857309     0.744782    -0.437902    -0.748965     0.417058    0.0330752     0.200153    -0.141085    0.0791298    -0.615998    -0.312455     0.529572     0.789756     0.248688     0.164993     0.226229     0.406495    -0.195109      -0.2418
   -0.267029   -0.0812718    0.0361904     0.250689     0.298116     0.180818     0.683086   -0.0204992    -0.254422     0.219164     0.683051    -0.153507    -0.628055    -0.195038    -0.148074     0.371157     -0.60353    -0.411273    -0.265853    0.0379563    -0.236537    -0.236795    -0.635791    -0.207097    0.0391497    -0.102663    -0.209961    0.0751464    0.0819455    -0.305124     0.308695    -0.129675
   0.0997406   -0.0940004    -0.173681    -0.281886   -0.0819689     0.177245   -0.0393471    0.0263026    -0.144807   -0.0918514    0.0780288   -0.0936368   -0.0741744    -0.164187     0.225199    -0.147799    0.0482385    0.0616248   -0.0896392     0.433444    -0.348495    -0.489676    -0.281676   0.00564288    -0.223145    -0.176066     0.379652     0.243628    0.0968329  0.000843245    0.0687141     0.236963
