   0.882867
  -0.158078
  -0.665958
  -0.812392
  -0.318126
  -0.317167
   0.410413
  -0.290701
  -0.404568
  -0.289794
  -0.294961
   0.185975
  -0.865833
   0.243659
   0.359928
   -0.27579
 -0.0478286
  -0.291795
   0.227065
   0.300468
   -0.15133
  -0.326445
 -0.0709644
  -0.411242
  -0.749225
   0.265836
   0.322242
  -0.788252
   -0.29256
 0.00723869
   0.138599
  -0.728468
   -2.90978
  -0.268266
   -0.41145
   0.235777
   -1.41432
 -0.0394548
   0.191192
  -0.309483
  -0.187171
  -0.481634
   0.652728
  -0.351937
  -0.677757
  -0.404059
   -1.77698
  -0.108408
  -0.415694
   -0.54405
   -1.07659
  -0.569534
   0.113368
  -0.123055
  -0.785405
  -0.274557
   -0.77979
   0.341713
  -0.607339
    -1.4122
    0.12471
  -0.806471
  -0.540591
   -0.30518
  -0.468821
  -0.531834
  -0.454386
   -3.89797
  -0.223522
  0.0712707
  -0.944462
   -1.05919
  0.0648615
   -1.13956
    0.28571
   -1.67206
  0.0424426
  -0.777652
  -0.963295
   -1.61004
    0.24481
   0.328493
   0.118902
 -0.0988949
  -0.808821
   0.413294
  -0.458788
   0.196163
  -0.369646
  -0.466257
  -0.541466
   0.394701
   0.369567
  -0.375968
  0.0464681
  -0.136801
   0.569839
   0.140336
  -0.137228
  -0.457825
-0.00159755
  -0.109432
  -0.641084
  -0.324785
   0.910485
  -0.668983
  -0.187008
   -0.45623
 -0.0203577
  -0.029338
   0.339627
  -0.310848
     0.4188
   -1.00676
  0.0264644
  -0.622471
  -0.536309
  0.0823173
   0.772316
  -0.156147
  -0.619516
   0.260943
  -0.293625
   -0.56402
  -0.434392
 -0.0798548
  -0.173223
   0.059897
