   -0.153214     0.190172    -0.466863    -0.163959    -0.214834    0.0569725     0.159056    -0.240214     0.228317    -0.258335   -0.0901197     0.502066     0.403669     0.097773    0.0801134     0.694185     0.114289    -0.473148     0.359105   -0.0511477      -0.1029     0.168981     0.208957     0.407956   -0.0422777     -0.18617    -0.435381    -0.288719     -0.36617  -0.00576174    0.0462392     0.530432
 -0.00956332    -0.555426     0.254863    -0.979244      1.03365     0.568247     0.328578    -0.164889 -0.000207004     0.705688     0.358946   -0.0952058    -0.569517    -0.939428     0.119487     0.222805    -0.110492    -0.985939    -0.131305   -0.0391194    -0.134595     0.160593    -0.539465    -0.299653   -0.0180348    0.0227469    -0.764406   -0.0948019     0.189868   -0.0991492     0.439619   -0.0625235
    0.469915    -0.386385     0.304787    -0.399786    -0.168859    0.0561266   -0.0732828    -0.147439     -0.26619     0.212979     0.467494    -0.766417     0.380864     0.342184    -0.363573     0.518777   -0.0177778     0.659788    0.0304742     0.492612    0.0617902     0.199018      0.37693     0.220395    -0.384862    -0.202778  -0.00573832     0.483673      1.42665    -0.398406     0.501128     0.771803
    0.128755    0.0505305    -0.165849    -0.107986    -0.185294     0.309473    -0.454236     0.407956     0.231805     0.118985    -0.331662    -0.220907    -0.942003     0.302598     0.699582     0.180999    0.0311696    -0.452556     0.127056    -0.473517     0.360809       0.4333     0.170992     -0.62622     0.220536   0.00136355       0.3115    0.0696088     0.446298    -0.582762     0.232411   -0.0133639
    0.330027     0.501866  -0.00687619     0.322071   -0.0397467    -0.144647     0.136028      0.53987    -0.180267    -0.397432     0.576384     -0.11367     0.118025      -0.1004    0.0253891    -0.170615     0.367982    0.0394718     0.140729     0.595277     0.580593    -0.211279   -0.0756895    0.0424476     0.110191    -0.199271     0.358089   -0.0170842     -0.31834    -0.695846    -0.371667    -0.079838
    0.292676    0.0890572     0.216934    -0.936706    0.0805442    -0.240056    -0.475591    -0.564081     0.410812    -0.393724     0.471523    -0.772019    -0.739189     0.541923     0.278842    0.0218341     0.952216    -0.145029    -0.860239   -0.0403128   -0.0840086      0.11295     0.441845     0.302595      0.49605     0.570689     0.692416     -1.01841      0.45261     0.250856     0.724343    -0.448812
    0.697624     0.132622    -0.119594     0.547846    -0.278454     0.615801      0.66826    -0.302004       0.2898     0.208506     0.104504     0.616018     -1.09742     0.932324     0.143011    -0.194528      0.37575    -0.268263    -0.488037    0.0713757    -0.438228     0.121256    -0.237419    -0.436507     0.592857     0.112886    -0.248543     -0.61238    -0.147117      0.42244    -0.040615    -0.407747
   -0.248548    -0.188998     0.426433   0.00208057    -0.173402     0.166183    -0.014066     0.118835    -0.380794    0.0369388   -0.0542385     0.288682     0.486142    -0.179358    -0.443932     0.300623   -0.0209486     0.444298     0.201632    -0.415782    -0.160211    -0.111437     0.351617      0.63058    -0.376685    -0.383232     0.400323    -0.105456     0.182492     0.172882   -0.0528184     0.504125
    0.686479      0.25357     0.728783     0.266769     0.220954    -0.343813    0.0237856     0.816406    -0.158132     0.109381    -0.422032     0.111687     0.455179    0.0745871     0.503908     0.218649     0.436329     0.380449     0.429906    -0.338991    -0.477711     0.645718     -0.29779      1.16908    -0.293001     0.433727    -0.544157     0.925171     0.334655     0.318689    -0.806036     -1.00283
    0.268374     0.119318    -0.454956     0.198128     0.145415     0.636157    -0.384585    -0.182592     0.458251    -0.422552     0.652666    -0.259603    -0.737405    -0.524506     0.821881   -0.0179272    -0.493926     -0.11506     0.537937     0.828572    -0.249321      0.39322   -0.0857472    0.0578014      0.49464      0.48768    -0.123571    -0.737119     0.276716     0.554375    -0.334825     0.204302
  -0.0365871      0.49289     0.370883    -0.468253   -0.0118912     0.154156    -0.310052       0.1368     0.574989     0.103475     0.277228     0.112893     0.107012   -0.0026411    -0.347869    0.0328914    -0.323551    -0.939747     0.437721     0.714634     0.104301      0.23048    0.0457798      0.05132     0.155939    -0.525345      0.31251    -0.343232    -0.520285    -0.117521    -0.100546    -0.490518
    0.366211    -0.168455   0.00302653     0.464327    -0.166391     0.184851     0.248559     0.270481     -0.71019     0.302767     0.161909    -0.302159    -0.138418     0.147163    -0.455679    -0.108142    -0.191719   -0.0680654    -0.167797     0.235895   -0.0863959    -0.287072     0.320795    -0.226401    0.0854715  -0.00134826    -0.171457   -0.0374343     -1.06992     0.102235    0.0451133      0.39577
    0.916202   -0.0046747   -0.0368549    -0.023216     0.427228    -0.549998     0.553692     0.234278   0.00511377    -0.125482    -0.359682     0.111034    -0.618117   -0.0844811     0.159405    -0.676385    -0.135944      0.33836    -0.465123     0.567137   -0.0907983     0.851222     0.206806    -0.572166     -0.46211     0.570193    -0.663848     0.204744     0.299735     0.175873     0.224173    -0.181574
   -0.262854    -0.440238   -0.0669654     0.392362     0.151364    -0.291356   -0.0601064     0.108144     0.157754    -0.222656     -0.21276     0.525792    -0.191716    0.0521731   -0.0061766     0.125376    -0.080546    -0.276119   -0.0480624    -0.456679     0.379965     0.488928    -0.247975    -0.562584     -0.31863     0.351957    0.0118683    -0.241752    -0.488937     0.190514   -0.0604538     0.117618
    0.157113     0.601356     0.149167    -0.454579    -0.547095    -0.351964    -0.640944     0.277577     0.468479     0.144117     0.217037     0.420575     0.501775     0.110664     0.454504    -0.815694     0.462507    0.0815224     0.279304     0.287708    -0.226043     0.604816    -0.220799    -0.114804     0.267498    -0.165067    -0.743198     0.410606     0.668354     -0.61441      0.59999    -0.591324
    0.308523    -0.187188     0.109388     0.175322     0.232316     0.337582   -0.0562239     0.332571      0.48252     0.344826     0.138448    -0.114325    -0.223621    -0.372413     0.311518    -0.369843    -0.296554      0.30252     0.685283     0.127348     0.305963     0.363089    -0.413656    -0.202662    0.0182132    -0.240777    -0.727979    -0.145399    -0.274062     0.334353     0.316591     0.321827
     0.35045     0.371973     0.673254    -0.370441     0.230184    -0.356265     0.282707   -0.0750769     0.148188    -0.112987      0.80418    -0.447657     -0.36489   -0.0971664    0.0491332     0.229848    -0.446698     0.306383     0.390618    0.0768649     0.865373     0.749183    -0.506078    -0.335864    -0.519704     0.115308     0.109509     0.325014    -0.447372   0.00259771    -0.330751      0.43133
    0.737737     0.220203    -0.116125    0.0227494     0.474695    -0.283219     0.298414     0.232741     0.017498   -0.0841079    -0.537306      1.07411    -0.461353   0.00235824     0.223518     0.144343    -0.224294    -0.519367    -0.444025    -0.218459     0.267185     0.360091     0.170739     0.210504    -0.311253   -0.0150912     0.139066     0.333534   -0.0304666   -0.0526557    0.0497276    -0.333376
   -0.401247      0.49583     0.155218     -0.18034     0.560339    -0.202312      0.25993    -0.126294     -0.22305    -0.506466    -0.303287    0.0538587    -0.566263     0.344823   -0.0198817    -0.189349     0.255497    -0.413956   -0.0110299    -0.322468   -0.0872671     0.211092   -0.0147971     0.059486     0.440343   -0.0918653    -0.629767    -0.161212    0.0445872     0.940464     0.335429   -0.0171789
   -0.123819     0.396055    0.0476078    -0.635071     -0.21389      1.21463    -0.690817      0.12259    -0.293394   -0.0242626     -0.19835     0.534223     0.985311     -0.18186     0.427587    -0.355556     -1.11162    -0.145128     -0.43459    -0.669408     0.409893     0.247795    -0.501904     0.109242     0.385383   -0.0179017    -0.220336     0.266379    -0.107842     0.504717    -0.211065    -0.648752
   -0.321002     0.465408    -0.174231   -0.0138923     0.118985     0.162518    -0.410536    -0.419216    -0.370302    -0.243933    -0.116916    0.0152578     0.403445     0.121241     0.161032    0.0116918    -0.655069    -0.468913    -0.164317     0.174584    -0.154987     0.261191     0.153984      0.24739    -0.587764    -0.494215     0.080912    -0.223199     0.218406     0.325326     0.232467    -0.115591
    0.882873   -0.0667419    -0.136522      0.51321     0.551272    -0.254321    -0.419062      0.17323    -0.112353    -0.290907    -0.381173     0.549706     0.133591    -0.151618     0.137239     0.202592    0.0278604     0.515981    0.0473997    -0.379343    -0.470267     0.314179    -0.187689     0.508071     0.578543     0.649451     0.108521     0.189382     0.675815    -0.516576    -0.534079     0.492147
  -0.0730296     -0.17567     0.213329    -0.626041     0.469175    -0.131008    -0.378044   -0.0923405    -0.874294      0.29825    0.0164113     0.596687     -0.39762   0.00697198     0.352033    -0.365423       0.2837    0.0985458    -0.212146     0.114216    0.0352917    -0.110985     0.711953    -0.456094    -0.368351    -0.168376     0.106737     0.181712     -0.45709    0.0878714     0.455289    -0.525814
    0.285805     0.166598     0.232475    -0.403586     0.528182    -0.201135     0.147206     0.273835    0.0819438    -0.106855     0.039213     0.882518     0.402234    -0.250012    -0.286523      1.27162     0.916503    -0.422819       0.2931    -0.491567     0.312417     0.348536     0.536152     0.150321   -0.0300303   -0.0226238  -0.00711215    0.0758937      1.04677     0.356006     0.420456    -0.372288
    0.456145      1.06036    -0.142889   -0.0656097    -0.291623     0.372646     0.397331    -0.131511     0.109833    0.0851586    0.0670227   -0.0539559     0.132551     0.630165     -0.10294      0.25189    -0.565693     0.364288    -0.194106     0.276251     0.687491     0.333325     0.315688     -0.19136    -0.178758   -0.0923707     0.307377    -0.617214     0.918701     0.804014    -0.286581     0.310614
   -0.144048     0.403075    -0.433267     0.385607     0.376371    -0.409448     0.403394     0.215299    -0.367649    -0.561576     -0.42389      0.17029    -0.614369     0.536698   -0.0599757     0.605918     -0.03564   -0.0622953     0.213562     0.726468     0.274306    0.0980276     -0.67495   -0.0499313    -0.276922    -0.208974     -0.35605    -0.376896    0.0806045     0.240252    -0.327389     0.135952
   0.0972472     0.664416   -0.0412322    -0.177395   -0.0827965    -0.204826    -0.157968     0.234437     0.300492    -0.371896     0.543399      0.74405    -0.107522     0.299407    0.0748694     0.388806    -0.416749    -0.141392     0.145489    -0.850749      0.17374     0.177991    -0.188078   -0.0413209     0.460848    0.0737649     0.182879   -0.0624335     0.575166     0.386517     0.214244    -0.824597
    0.379433     0.345991     -0.24037    -0.510465      0.45182    -0.325335    -0.174047      0.21859     -0.27559     -0.27741    -0.202206    -0.164534     0.524031     -1.00823      0.58707     -0.23772    -0.308479   -0.0641824    0.0821862    -0.339571   -0.0749529    -0.373198    -0.316968     0.531001    -0.221591    -0.230174    -0.550463     0.334515    -0.553339     0.620745    -0.388178     0.196773
  -0.0498778    -0.495841  -0.00927069    -0.309722     0.136823    -0.235666     0.425215     0.302337     0.211668     -0.38449   0.00288686     0.410904    -0.672827     0.651252     0.438562     0.418497      0.12701    -0.322693    -0.634574      0.33362    -0.266878     0.788209    -0.602502    -0.538939     0.320155     0.796718     0.345828    -0.236135     -0.29415    -0.836602      1.05444     0.377438
    0.152521      0.80151     0.324366    -0.441964      0.79494   -0.0889188     0.304481     -1.13981    -0.383657    -0.162551   -0.0656417    -0.289489   -0.0495489    0.0324197     0.265789    -0.378258     0.681889    0.0065706     0.726675    -0.459682     0.178307    0.0432837     -0.65806    -0.404091    -0.471178    -0.549197    -0.341493   -0.0672128    0.0341173     0.164621      1.15582     0.135931
    0.944803     0.344677     0.564831     0.284936    0.0661778    -0.135759      0.50677  0.000304283    -0.570867   -0.0314195    -0.289255      0.28193     0.203813     0.182224    0.0465752     0.503822    -0.461962     -1.33754   -0.0700026    -0.420144    -0.429925    -0.316793    -0.130367    -0.290399     0.915725     0.183101    -0.645931   -0.0267529    -0.879057    -0.569068    -0.224349      1.37194
    0.574503    -0.677017     0.360584   -0.0621682     0.417428    -0.140601     0.649401     0.328066    -0.132202    -0.153554    -0.314345   -0.0108236   -0.0638262     0.283106      0.43987    -0.513099    -0.348522   -0.0705563    -0.825158     -0.23338     0.284022     0.114741       0.3593   -0.0293328    0.0862642    0.0693142   -0.0909364     0.183038     0.792572    -0.127837     0.486088     -0.34777
    0.696539     0.634572    0.0493078     0.171485      0.15165    -0.157422     0.229107     0.440501    -0.533892    -0.372177    -0.278338     -0.12593    -0.328894     0.412958   -0.0145822    -0.098381    -0.637247   -0.0159603     0.385515     0.362391    0.0394158     0.190635  -0.00998095   -0.0411741    0.0443334      1.15979     0.497406       0.2047    0.0338512   -0.0569067     0.484223     0.246565
   0.0650894    -0.143893     0.423991    -0.334925    0.0633557    -0.495731  -0.00589772     0.208919     0.145083    0.0368289    -0.124415    -0.266585     -0.29649    -0.297192     0.501169     0.311971     0.490014     0.134479     0.249494     0.488736    0.0615945      0.31865   -0.0601664     0.375032    -0.616424      0.66385    -0.262776   -0.0697607     0.781197    0.0400843     0.626565     0.200399
   0.0108835     0.278025    0.0628851   -0.0247654    -0.200674    -0.439432    -0.618795    -0.415868     0.335022     0.115707    -0.739273     0.246161      0.10952    -0.188533     0.200808     0.233039     0.141432     0.135415     -0.45171    0.0833049     0.105479  -0.00176416    -0.347997    -0.152558    -0.797915     0.102539    -0.523662     -0.21948     0.196993    -0.344636     0.199439     0.852578
  -0.0873875      0.20353     0.665931     0.230972     0.513547    -0.229647    -0.569276    -0.124208     0.474187     0.285819     0.174109     0.199966     0.538412    -0.218202    -0.269309     -1.01736    -0.148941     -1.30657      0.11254     0.330402   -0.0010989     0.054742     0.523888   -0.0206382     0.245865     0.407364    -0.408554    -0.252553    -0.576994     -1.02318     0.242812     0.517188
    0.394238     0.538472      0.40586     0.173681     0.297888    0.0285946     0.241843    -0.462853    0.0596817    -0.158092     -0.37181     0.191996     0.242569     0.306221      -0.6514      0.13277     0.313066      0.38971   -0.0696736   -0.0188448     -0.18985    -0.483776      0.12589     0.163819     0.377248     0.283638   -0.0187238    -0.357666    -0.226787     0.105832    -0.523138      0.48039
    0.355715     0.807139     0.347568     -0.63318     0.146963     0.665367    0.0177616    -0.598479     0.880786     0.380243    -0.208808    0.0400062     -1.21335     0.563897      0.44141    -0.400078     -0.40919    -0.125955    -0.375668    0.0533303     0.555208    0.0918688     0.502568    -0.223702     0.628378     0.555242     0.383928    0.0252549     0.407595   -0.0367097     0.933112     -0.14952
    -0.70168     0.170867     0.635553   -0.0370655     0.432249    -0.328625     -0.56693    -0.276467    -0.151155    0.0772611    -0.265255    -0.705934     0.256825    0.0724077     0.184101     0.577978      0.54764     0.327006     0.325352      0.21153    -0.670278     0.108852     0.172843     0.260594    -0.549879     0.287714    -0.164603    0.0492404    -0.306186    -0.146874     0.281297     0.144237
    0.471904     0.136912     0.157433     -0.17691    -0.366584    -0.307174    0.0429557    -0.110597    -0.209779    -0.683886    -0.229895    -0.237703    -0.527013     0.475707     0.170108    -0.241292    -0.499889    0.0885989    -0.319654   -0.0938465    0.0701715      0.50531    -0.217621    -0.291465    -0.440141    0.0970539    -0.245124     0.112015     0.101023     0.777253     0.297209   -0.0786481
   0.0428848    -0.280622    -0.447428    -0.327247     0.171025      0.10255     0.202378     0.131818   -0.0654947     0.327561     0.229867    -0.898084    -0.924457     0.320308     0.467932    -0.166836      1.19766    -0.205988    0.0127243   -0.0719821   -0.0846001    -0.657936     0.807162    -0.196025   -0.0620746     0.135999     0.292653     -0.36082    -0.232366    -0.274436     0.162388    -0.215543
    0.592174    -0.223997    -0.197636     0.114781     -0.52954    -0.645524   -0.0911953   -0.0788498    -0.254897     0.516655     0.187173    -0.377671   -0.0842067     0.273183     0.340125    0.0486888    -0.223729    -0.352789    -0.316673   -0.0602463     0.205166    0.0716769   -0.0820977     -0.25342     0.217197     -0.67206    -0.288824    -0.244967     0.198119    -0.307047     0.108403    -0.229839
   -0.286303   -0.0517778     0.287232      0.49796     0.363716    -0.136445    -0.326854    0.0704783    0.0631603    -0.440383     0.481974     0.170518      0.14389     0.247868    -0.363306    -0.264866     0.773387   -0.0890787     0.466097    -0.175621    0.0125225    -0.369076     0.470009   -0.0940598     0.262865   -0.0908423  -0.00184668    -0.190878   -0.0188265     -0.06751     0.584548   -0.0528828
    0.734144     0.740004     0.236581    -0.493096     0.170573    -0.477252    0.0108481     0.356401    -0.291375    -0.524981     0.804751     0.481077    -0.166087     0.351936    -0.537694     -0.40788    -0.550217    -0.498638    -0.138195    -0.137658    -0.413712     0.242459       0.3413   -0.0706658    -0.157195    -0.231282    -0.442351    -0.474417     0.598705      1.06772     0.402135   -0.0571654
    0.151664     0.158125    -0.228625    -0.156572   -0.0902497     -1.00396    -0.233158     0.249505    -0.430064    -0.130948      0.10693      1.33125     0.283583    -0.190382     0.295667    -0.143017     0.578805      1.05574    -0.300782     0.343196    -0.631566     -0.17466       0.3961    -0.871882      0.28737     0.607416     0.423788     -1.25068     0.054605     0.507566     0.124955      1.38172
    0.346042    0.0643096   0.00138444    -0.523927    -0.292452   -0.0554096    -0.109577    -0.070127    0.0894899     0.502748    0.0129699    -0.079146    -0.832979     0.779433    0.0410772     0.573237   -0.0868575     0.136841   0.00531609     0.443849    -0.128312     0.336696     0.467191     -0.14023    -0.583757     -0.47593     -0.21358    -0.298568     0.425441    -0.138223    -0.402253    0.0608828
   -0.321381     0.193875    0.0920289   -0.0407057     0.543657      0.50081     0.404123    0.0736295     0.662664    0.0861445     0.164146     0.314727    -0.244644    -0.150188    -0.172319    -0.189613    -0.512487     0.276941     0.199898    -0.629692     0.177655     0.383336     0.369327    -0.295997    -0.172815    0.0604957   -0.0261752   -0.0668525     0.393506     0.414987    -0.333118    -0.407994
    0.459117    -0.493156    -0.163051     0.271168     0.240438     -1.24595     0.108196     0.488433    -0.165607     0.481191    -0.549633    -0.387654    -0.115589    -0.453316     0.319854    -0.126523     0.221346     0.261974     0.213606     0.291176    -0.634557     0.650392   -0.0848173   -0.0131447    -0.114897     0.303597    -0.140996     0.199247     0.320142    -0.294033    -0.351935    -0.485546
   -0.421196     0.654529      0.56038    -0.710695     0.313502    -0.451063    -0.126397     0.329078     -0.86531    -0.880038      0.48334     0.213635     0.290943     0.325325    -0.465971     0.145914      0.13146     0.868956    -0.289953     0.333818   -0.0778075     0.341525     0.105737    -0.668485    -0.456015    0.0531431     -0.38533    -0.424223     0.546383   -0.0337102      0.60016     0.179222
    0.245369 -7.40469e-05     0.263585     0.479123   -0.0342114     0.403155    -0.242762     0.234468    -0.133024      0.58836     0.107476     0.235584    -0.395445     0.525774    0.0561295    -0.859864     0.684731     0.497076    -0.704286     -0.24353     -0.14625    -0.379907    0.0719749    -0.201397    0.0382888    -0.509499   -0.0454353    -0.254302     -0.41482     0.392371    0.0199833    -0.512157
    0.766598    -0.493947     0.193819    -0.186919   -0.0582116     0.658102     0.209723   -0.0529766    -0.161548     0.443844    -0.703655     0.170747    -0.591829    -0.262793     0.582492    -0.780455    -0.379817     0.636502    -0.129437     0.208459       0.1695     0.608074     0.759143    -0.952746   -0.0193824    -0.497795    -0.395633    0.0668943    -0.158712    -0.300701    -0.187526    -0.161498
    0.238344    -0.454421    -0.189936     0.097654   -0.0831165   -0.0111829    -0.199304     0.151959    0.0640143    0.0916717    -0.219846    -0.272196    -0.511941    -0.186691     0.893099    0.0414686    -0.027673    -0.956847     0.548892     0.319909     0.465219      -0.4116   -0.0434983  -0.00597817     0.601786      0.30547    -0.728534    -0.175678   -0.0919504    -0.593626    -0.709833   0.00973222
    -0.33934    -0.369667     0.566689     0.506923     0.865929     0.263196    -0.592343     0.633054     0.258541     0.207795     0.320407     0.596638    -0.701165    0.0791021       0.4014    -0.383572     0.185814   -0.0144816     0.239376   -0.0413708     0.093803     0.615816    -0.174244    -0.219978     -0.94367     0.266124    -0.114694    0.0255316     0.340439     0.139474     0.147812    -0.557086
    0.309246     0.832991    -0.188741     0.386765    -0.050222    0.0653764   -0.0872611    0.0101059     0.348981      0.29024    -0.132016     0.490621    -0.568466     0.315018     0.846907     0.210735    -0.192824    -0.596355     0.879611     0.611456     0.327397    -0.481358   -0.0370691   -0.0171322    -0.549331     0.180046    -0.305223    -0.046213    -0.640541      0.45223     0.394669      1.10645
   0.0394294   -0.0399922   -0.0907319    -0.405976     0.091433  0.000660179     0.693824    -0.842628    -0.130532    -0.223684     0.217429    0.0510043     0.541467    -0.464311    -0.181543     0.331884     0.324857   -0.0764116    -0.129809     0.350816    -0.348281    -0.550713    0.0415797    -0.285119    -0.120974    -0.186113    -0.270098     0.104947     0.514962    -0.477616     0.201261     0.026227
   -0.488752     0.450292     0.210216    -0.505357     0.127467     0.325229    0.0283561     0.460194    -0.688367  -0.00420963    -0.484142      1.02467     0.162392   -0.0699176     0.100346    -0.419355     -0.59471   -0.0457275     0.255552    0.0719417    -0.224492     0.514275     0.176395     0.105373    0.0280548      0.29938      0.23354     0.253718     0.398206     0.425879    -0.223871  -0.00282048
    0.224655    -0.375525   -0.0194503    -0.222109     0.129689     0.220437   -0.0973192     0.166251     -0.42604     0.106728     0.125136    -0.809779     -0.26341     0.182343     0.100712    -0.241298     0.424223    -0.711651    -0.166416     0.221479    -0.426208    -0.228994    -0.246377    -0.118822     0.210779     0.262576    -0.343413     0.382694    -0.495296    -0.463371    0.0112551    -0.302738
    0.461193   0.00649225     0.618117    -0.220766    -0.104133     -0.52937    -0.337198    -0.104072     0.193711     0.167268     0.829144   -0.0232723    -0.333473    -0.574202      0.17015    -0.116853    -0.257256    -0.242079    0.0879661    0.0658748     -0.27492    -0.109529      0.14365      0.24251      0.18723      0.65439     -0.69479     0.151109    -0.394976    -0.352288     0.546453    -0.984801
   -0.417913    0.0272157     0.433469    -0.262962    -0.110795     0.495603    -0.730753     0.443052     0.334474    -0.319453     0.312184     0.650876     0.217048     0.211525    -0.178031     0.279738    -0.180823    -0.551288     0.308712     0.432583     0.317385    -0.241661     0.430716     0.317757     0.353829      0.37078   -0.0503729    0.0155927     0.405566    -0.068762     -0.32893    -0.196098
    0.216201   -0.0191283      1.03224    -0.287842     0.175435    -0.153605     0.697142      0.43438     0.157848    -0.280455    -0.112809     0.598249   -0.0387237    -0.202162    -0.466949    -0.179872     0.379666   -0.0325746    -0.201285    -0.353558   -0.0910545     0.268277     0.736457    -0.383795     0.232708    0.0242808    -0.937279     0.135362    -0.417582    -0.017024     0.126015    -0.250938
    0.304213     0.291984     0.104848     0.201112     0.148726    -0.325263   -0.0968032    -0.226243    0.0461023   -0.0208615    0.0368594     0.919024     0.571646    -0.302547     0.250537      0.84671    -0.856672    -0.218091     0.205529    -0.490332     0.568785     0.347054     0.148236    0.0576409    -0.188479     0.342328    -0.812493     0.127706    -0.446758    -0.247613    -0.650144    -0.528217
    0.310813    0.0706757    -0.170738    0.0607688   -0.0874799    0.0657646     -0.24858    0.0741191     0.181546    -0.415362    -0.049255     0.608133    -0.373141    -0.227565    -0.382557    -0.659626     0.243848    -0.136726    -0.241598     0.285795     0.346632     0.792459     0.690209     0.293582     -0.25265    -0.147227     -1.11633     0.313542     0.392715     0.283723     -0.18881     0.511248
    -0.12814     0.360948     0.975483      -0.1349     0.667441     0.150267    -0.144709     0.319709     0.280288     0.610265     0.549567     0.222757    -0.736443     0.194402     0.206036    0.0741627    -0.188822    -0.395444    0.0311604    -0.219609     0.288852   -0.0370466    -0.768359     0.100125   0.00937424     0.318667    -0.506245    -0.335217     0.281186    -0.712371   -0.0383037    -0.337426
   -0.241617    -0.240394     0.585695    -0.522748     0.628102     0.881387   -0.0715246     0.435523   0.00362218    -0.324443     0.105542    0.0316898    -0.222238     0.506582    -0.329361   -0.0878066    -0.414372    -0.204127      0.17658    0.0689638     0.182004   -0.0629313    -0.220095     0.150081     0.663087     0.470812    -0.124262    -0.347486    -0.431443    -0.371251    -0.772026    -0.518063
    0.831513     -1.18233    -0.731567    0.0627924     0.531724     0.669477     0.144105    -0.571961     -0.14357     0.472604    -0.526847   -0.0721663    -0.149105     -0.21187      1.04447    -0.539351      1.12142      1.02436      1.01207     0.773304     0.660705     0.150108     0.409353    0.0769766     0.389132     0.873207   -0.0725565    -0.831763     0.722247   -0.0631818      1.20405     0.559751
    0.294568     0.180125     0.323761     0.737408    0.0602458    -0.240021    -0.505273     0.316608    0.0139647     0.178351   -0.0942489    -0.201589     0.507775     0.196186     -0.61773      0.33162    0.0277728    0.0373458     0.136276     0.055441     0.359395    -0.137365    0.0940003     0.265443     0.404941    -0.443347    -0.820318       0.3202      0.63888    0.0513903     0.692204    -0.783671
     0.22781    0.0332077     -0.16682      0.26169   -0.0344833    -0.300944    -0.398268    -0.793711     0.268992   -0.0163244     0.371423      1.03127    -0.276104   -0.0986578    -0.131707    -0.136749     0.521687    -0.507608    -0.213236     0.307741      0.25745    -0.242168     0.588381    0.0847812    -0.163099    -0.399916    -0.193801   -0.0954308   -0.0238964     -1.03222    0.0609538    0.0243296
    0.563067    -0.378195     0.812627     -0.52912     0.539914    -0.281732     0.622712       0.6052    -0.332081     0.342285     0.435144      1.03325    0.0270714     -0.45439     0.675547     0.131199     0.305024    -0.117969   -0.0225004    -0.619433    -0.219377     0.108877   -0.0454005      0.40235     0.765286     0.161823   -0.0686728    -0.187745     0.826347    -0.225912   -0.0740633    -0.118992
     -0.8551    -0.148388  -0.00452692     -0.30642    -0.602359    -0.137477    -0.256726     0.277565    -0.520457    -0.028417    0.0292712     -0.19347    -0.215286     0.391001     0.567141     0.514797   -0.0879352     -0.24048    -0.490773     0.556612    -0.433628     0.679456    -0.052265    -0.795716    -0.558253     -0.44952     0.264526    -0.226393    -0.589478    -0.434862   -0.0257026    -0.122402
    -0.23225     0.252804     0.208709     0.635446    -0.136864     0.043082     0.486437   -0.0451656    -0.218332    -0.492959    0.0112913    0.0164088    0.0117612 -0.000677283     0.218699    -0.666561    -0.270736   -0.0733773    -0.116749    -0.146281     0.256333    -0.435524     0.197738    -0.553949    -0.156544    -0.149422    -0.603848     0.377665     0.648408     0.270553     0.442237     0.170844
    0.330633      0.36317     0.789271    -0.471331      0.11097     0.189609    -0.602503     -0.11765    -0.133471    -0.335295    -0.510079     0.693029    -0.368252    -0.380472      0.19737    -0.259405    -0.191538    -0.544982     0.465106     -0.19902    0.0109731     0.372424     0.188311    -0.489486    -0.041402     -0.28083    0.0384545    0.0255408     0.385144    -0.085737     0.223053    0.0907336
     0.45969    -0.327874     0.536099     -0.33365     0.521142      -1.3656     0.454502    -0.306255    -0.342037     0.480608     0.428148    -0.252148    -0.444725     0.252016     0.208363    -0.430656     0.324244     0.348657    -0.817033     0.536256    0.0729201    -0.314512     0.125685    -0.698031     0.129501    -0.321814    -0.132319   0.00483905     0.219972    -0.563545     0.422656    -0.335398
    0.365519    -0.342281    -0.247338     0.189987    -0.428164     0.096792    -0.192994     0.506768    -0.424559     0.368235    -0.610075    0.0162458    -0.695851     0.165487     0.250047    -0.720203   -0.0719197     0.417311    -0.147189   0.00291336    -0.660317     0.452186    -0.443073    -0.301381    -0.223062    -0.518097    -0.747898     -0.36173   -0.0604375    -0.470904    -0.205573    0.0554863
    0.476973   -0.0155775     0.928648    -0.132254     0.637612    -0.126899    -0.299182      0.14889   0.00188535     0.904675     0.335667  -0.00224233    -0.931809     0.570328     0.438262     0.249916     0.354343    -0.553012     0.203006     0.430594    -0.865268     0.405085    0.0181194    -0.128587     0.304495   -0.0347869     -1.01041     0.166919    -0.914892      0.44671    -0.175236    -0.411356
     0.48503     0.364543     0.156637     0.203566     0.412082    0.0231542   -0.0265072     0.584968      0.61247    -0.119953    -0.712558     0.425359     0.519983    -0.423488     -0.56413  -0.00715827   -0.0270902    -0.596952     0.585479     0.332756  -0.00146438     0.670756     0.426744     0.263976   -0.0771294     0.241101    0.0401737     0.633433     0.367846     0.625042     0.434908     0.374064
    0.737544     0.639364     0.389873    -0.402813   -0.0658071    -0.281597     0.454887   -0.0223136    -0.305586   -0.0749585     0.322203    0.0949565    -0.157948     -0.36367      0.24637    -0.354001   -0.0265729    -0.212162     0.385247    -0.315075    -0.330535     0.342047    -0.647067     0.162365    -0.191481    -0.348208    -0.324884    -0.104442     0.561979    -0.175776     0.166521    -0.462289
   -0.479742   -0.0610902   -0.0598331     0.619933      0.60557    -0.549287     0.493524    -0.278933      0.27225    0.0191262    -0.490853       0.2656     0.223946   -0.0916013    -0.508073     0.111245     0.355332     0.193123   -0.0059209     0.120439     0.355089    -0.253967     0.288929   -0.0263004    -0.279152    -0.217483    -0.693758    -0.138947    -0.375906     -0.51401    -0.252424     0.959457
   -0.251072    0.0937268     0.015074    -0.716586    0.0780761     0.281327     -0.23908   -0.0356128    -0.166376     0.437094    -0.557866    0.0293332     -0.39534    -0.339607     0.179855     0.123963    -0.615612    -0.202144    -0.414063     0.395187    0.0147472    -0.104607    -0.384293     0.275143    -0.761111    -0.138792    -0.131064     0.253255    -0.387598     0.441244   -0.0356341    -0.188302
    0.402522    -0.507938     0.172084    -0.195964    -0.335893    -0.204027     -1.19977    -0.183731     0.124747     0.190857     0.149657     0.598537     -0.50248     0.332323    -0.603285    -0.332892     0.615885      0.10154     0.722536     0.407294     0.635264    0.0361466  -0.00200275   -0.0580066    0.0388418     0.108022     0.194087     0.271063    0.0427056    -0.171737    -0.093742    -0.138743
    0.624584    -0.747917    -0.489895   0.00404185    -0.321958     0.130554    -0.447746    -0.173849   0.00670836     0.689087    -0.447052     0.394225    -0.572343   0.00115283     0.623579      -0.8804    0.0356443    -0.815395     0.593946    -0.324953   0.00730253     0.345476      0.84873    -0.203382     0.238419    -0.135382    -0.729263    -0.222575    -0.508305     0.175114     -0.60733   -0.0944904
    0.161413    -0.160243     0.222371    -0.157368     0.288146    0.0951824    -0.477476     0.211815      0.28529     0.452709   -0.0110401      0.16335    -0.290592    -0.448885     0.156438    -0.062742    0.0796341    -0.106691    -0.450064     -0.23872    -0.183034     0.264708     0.179246    0.0468619    0.0783867   0.00218064 -0.000921843     0.324089    -0.031408     0.426742    -0.436442    -0.263212
    0.199377   -0.0424269     0.385899    -0.220551     0.459188    -0.164865     0.218021    -0.613046    -0.387614     0.103441    -0.601034     -0.35392    -0.392181      0.48171     0.439191    -0.274485    -0.552728    -0.705642     0.122882      0.67271   -0.0826498    -0.461693    0.0558678    0.0615303     0.417756    0.0134614   -0.0167175  -0.00472735    -0.216474   -0.0369128    -0.642745    -0.569441
    0.390916    -0.544302     0.145615     0.742867    -0.166519     0.679358     0.371149    -0.416421     0.684928    -0.161092   -0.0430077     0.313826   -0.0560034    -0.156618     0.427544   -0.0197414     0.152542     0.679867    -0.615226    -0.396424    -0.121666    0.0860259     0.181535    -0.105365     0.116599     0.398073    -0.489697    -0.346839  -0.00384672    -0.185847    -0.254834    -0.461331
   -0.219343     0.273629       0.5114    -0.395203    -0.632448     0.117904     0.174021    -0.722717    -0.961898    -0.246987    -0.462857     0.320583     -0.34645     0.342375    -0.196907     0.170336     0.203045    -0.587181     -0.65847    0.0893294   -0.0470216   -0.0254513    -0.781466    -0.781527     0.172154     0.106174    -0.688082    -0.233007    -0.180968    -0.181233      0.45491     0.608574
    0.357069    -0.782828     0.624519     -0.98085     0.467242    0.0738559    -0.184284     0.512945      -0.6755     -0.40765    -0.573813     0.603242   -0.0533911    -0.651013     -1.16405     0.512084     0.333685    0.0151135   -0.0133594     -0.28263    -0.313676     0.135588    -0.405688    0.0169401     0.737469     0.573518    0.0322492      0.23922    -0.432709    -0.539568     0.526328      0.57801
     0.83067      1.06773       1.2805      0.29329     0.260642     -0.13952     0.239511    -0.218528     0.298336    -0.412511    -0.563992    -0.254705      1.09859   -0.0220796     0.333539     0.163807    0.0502545     0.138311      1.16783     0.290506    0.0456981      0.32601     0.350651     0.223114     0.579447    -0.674153     0.059338    0.0591588    -0.345603     0.232026     0.620844     0.717005
   -0.214423     0.437683     0.557553    0.0280414     0.465472    -0.185726     0.832578    -0.255606     0.088753    -0.340582     0.471932     0.170257     0.858498     -0.22714    0.0112036      0.21703    -0.368285    0.0533482     0.123631     0.178049     0.593408    -0.106102    -0.160413   -0.0695625     0.234453    -0.589693   -0.0420752     0.105699     0.153934   -0.0701199     0.869776    -0.356653
    0.374978     0.309631    -0.899982    -0.506971     0.095421    -0.182179     0.586236    0.0907669     0.265466     0.169845    -0.862666    -0.539562   0.00980244    -0.190503     0.414809    0.0155044    -0.197237    -0.695307    -0.403528     0.225324    -0.145338     0.165522    -0.232447   -0.0911561   -0.0288377     0.878312     0.203069    0.0258246     0.404811    -0.550353    -0.487999     0.731406
    0.678607     0.373455  -0.00799817     0.606361     0.524187    -0.825414    -0.261892    -0.130825     0.113826    -0.224859    -0.335004    -0.376976     0.375321    -0.129763     0.183667     0.464046     0.404782    -0.107506      0.36212     0.795026      0.41358    -0.291467     0.572323     0.713217     0.562161     0.225334    -0.308242    -0.236251     0.251856     0.388223     0.253734   -0.0171464
   0.0364732      1.38396    -0.313526   0.00211605     -0.10333     0.179705    -0.919518      0.04776    -0.522298    -0.737207    -0.702438    -0.728571    -0.217833     0.319602    -0.596025    -0.439675     0.495671     -0.56273     -1.14022    -0.199687    0.0963601    -0.347875     0.211179     0.604019     0.805092   -0.0141505    -0.670096    -0.144765     0.740654     0.921249    0.0290338     0.585308
   -0.706425    -0.885125     0.165811    0.0784956   -0.0938587   -0.0211266    -0.871423     0.153592     0.151826     -0.17913    -0.103754     0.915367    -0.307602     0.285661    0.0277879    -0.202705    -0.125809    0.0094748      0.31815       0.0673     0.140674    -0.251501    -0.132721     0.084556     -0.12585    -0.440875   -0.0602894     0.522386    -0.615898     0.212302     0.624771     0.319351
     0.47187    0.0684562     -0.10136    0.0899699     0.347555   -0.0663098     -0.10472    -0.648512    -0.214209     0.160274    -0.264416   -0.0826195    -0.790675       0.1696     0.249485     0.186775     0.153497   -0.0824136    -0.284179     -0.10126    -0.373281     0.277035     -0.74483    -0.699066     0.158711    -0.228804     0.146767     -0.21184     0.179682    -0.141738     0.691111   -0.0758271
    0.697583     0.025229     0.585037     0.303757     0.396094    -0.335911     0.422164     0.433348    -0.165327     -0.39039    -0.271281     0.322318    -0.527179      0.10292    -0.126022     0.532102   -0.0328379   -0.0272764     0.504509    -0.335345     0.302207    -0.137171      0.38668    -0.839964     -0.23379    -0.712895      1.12268    -0.239063  -0.00862025  -0.00487592     0.616207      1.04943
    0.450312     0.387228    -0.283682    0.0627389     0.604201    -0.741277    0.0624127  -0.00137163     0.145081     0.162332    0.0514007      0.46151      0.16352     0.322165     0.703422    -0.210592    0.0162467    -0.227758    -0.417242      0.53107     -0.12794     0.276552    0.0508284      0.28794     0.243684     0.768619    -0.194888    -0.139921    0.0506723    -0.699255     0.332259    -0.175171
    0.120643     0.186466     0.197942      0.37655   -0.0665201    -0.120945    -0.642146     0.456667     0.589862  0.000902729    -0.959072      0.73407     0.120703    0.0754706     -0.33553    -0.339522     0.400643     0.491628    -0.660542     0.580485     0.394835    -0.421393    0.0893358     0.222747      0.20505       0.0268    -0.127612    -0.440221   -0.0079493    -0.785893    -0.206147   -0.0239378
   -0.096264     0.252953    -0.181405    -0.164741    -0.507082     0.354917    -0.233701    -0.546767     0.429262    -0.145139    0.0894865    -0.362706     -1.03843     0.849319      0.43512    -0.080969       0.3844    0.0953947    -0.245429    0.0741542    -0.142231     0.294626     -0.45163   -0.0126112    -0.183065     0.397504   -0.0991618    -0.122776    -0.220392      0.41786     0.235157     0.300413
    0.682065     0.136531     0.127052     0.378144     0.264812    -0.256052    0.0164602     0.269358   -0.0927269   -0.0382364    0.0173417    0.0011258    -0.285987     0.217771     0.367198    -0.187662    -0.197858    -0.453228    0.0369875      0.28199   -0.0724135     0.161396      0.53861     0.460548     0.073454  6.61715e-05    -0.100385     0.247938    -0.694432    -0.329971    -0.573326    -0.360905
    0.712674     0.456807    -0.353449     0.244261    -0.208041     -0.49047     0.503939   -0.0983888    0.0502224    -0.150751     0.176047    -0.119889     0.334507     0.279212     0.571348    -0.191019    0.0392374    0.0759918    -0.303207     0.451116    -0.401781     0.168156     0.126167     0.571461      0.62772     0.949563    -0.523885     0.293929    0.0963847    -0.232837    -0.383287     0.305625
    0.392611     0.236039     0.332224    -0.131509    -0.150965    -0.418984    -0.488402   0.00286218     0.324067    -0.384381    -0.447011     0.669181    0.0668945    -0.429137     0.175954    0.0914096    -0.301377    -0.945611     0.773352    -0.213532    -0.187495     0.212574     0.848956   -0.0741468    -0.271136     0.213282      0.25474   -0.0711443     -0.53957    0.0626707    -0.300046     0.485678
    0.293051    -0.107564     0.184082    0.0066559     0.138342    0.0295714    -0.515427   -0.0433853    -0.424398    -0.439668     0.113608  -0.00497346     0.419786    -0.028407     0.632253     0.297412    -0.175044     -1.25373   -0.0547045    -0.405527    -0.458439    0.0747142    -0.621325      0.13126    -0.154563    -0.439576    -0.857725    -0.162167     0.222164      -0.4492     0.282292    -0.461633
    0.754969     0.346275      0.16017     0.217496    -0.331481     0.327856     -0.58831  -0.00618236     0.405528    -0.599252     -1.04533     0.412408   -0.0798571    -0.364415   -0.0631732     -1.01338      -0.7775     0.109118        0.189   -0.0315028   -0.0477683   -0.0448866    -0.329599      0.41689     0.427149    0.0421604    -0.328783     0.226347    -0.255432     -0.34412    -0.534463    -0.283907
    0.160949      0.39159    0.0363394     0.156776    -0.379094   -0.0771045   -0.0150989    -0.189708    -0.233873     0.074028    -0.820175     0.299311    0.0188415     0.204423     0.625482     0.236085     0.303436     0.301521     0.754099    0.0552294   -0.0110983    0.0640743     0.493786    -0.273038     0.317478     0.431875     0.139838    -0.286921    0.0840063    -0.138043     0.445957      1.11143
   -0.240728    0.0116827    -0.413881     -0.64938      -0.4676     0.250825     0.325201     0.961513    0.0971131      1.22904    0.0809454    -0.448738    -0.438975    0.0197636    -0.153935     0.118318     0.260424     0.125822   -0.0525528     0.906238     0.851961    -0.192502    -0.182699    -0.435168     0.102249    -0.265351     0.116959    -0.498348    -0.939292     0.182433    0.0434701     0.441192
  -0.0736573     0.599841     0.435918     0.133359    -0.677937     0.638189  -0.00347419    -0.156901     0.732829    -0.188395    -0.209023      0.61583    -0.499445    -0.129897     0.230141     0.931201     -1.07842      1.09889   -0.0807651    -0.240425     0.644067     0.737405       0.4794     -1.66173    -0.465041     0.340468     0.420154     0.454983     0.976787     0.166814    -0.143639     0.607631
    0.100882     0.158067    0.0830545    -0.169169     0.610874     0.380221     0.287696    -0.265693    0.0849055     -0.33835    -0.372776     0.135564     0.243801    -0.441822      0.11829    -0.180387    -0.321975     0.129476    -0.294501    -0.465256    -0.372605    -0.440211    -0.492922    0.0948253     0.516528     0.133115     0.528641     0.293281     0.551724     0.189947     0.269022     -0.39081
    0.854335    0.0210308     0.108165    -0.413693    -0.246243      0.26028    -0.265976    -0.244644     -0.13493    -0.085737     -0.11781    0.0743455     0.131161     0.308015     0.222624    0.0448542    -0.353979     0.143857    -0.173899     0.123193    -0.467157     0.175466     0.331143    -0.532431    -0.451721    0.0241478    -0.666234    -0.950416     0.229424    0.0549858    0.0473182     -0.24658
   -0.618313    -0.253912     0.529673     0.291493     0.614935     0.288021    -0.450096    0.0432296   -0.0544843    -0.480091     0.159034   -0.0892994     0.417633     0.813428     -1.00546    -0.461355   0.00337221     0.236135   -0.0102095     0.833332     0.549158    -0.259686    -0.224993     0.200371     0.180726     0.206234     0.119079     0.780054     0.140876     0.639826      1.35776     0.282939
   -0.109244   -0.0875109     0.222431      0.76506     0.947038     0.624794     -0.17735   -0.0792565    -0.551736     0.144867    -0.583435   -0.0718466     0.679802     0.469803    -0.260618    -0.017331     0.257392     -1.52487     0.637288    -0.777943      1.03213    0.0842625   -0.0295294    0.0875834    -0.688832     0.475129      -1.6464     0.273426    -0.816738    -0.981806     0.192497     0.472416
     0.31962      0.40719     0.976061     0.614869     0.241921     0.207209    -0.219082     0.236862     0.187216  -0.00680671    -0.473995     0.315444     -1.01104    -0.328731       0.5796    -0.145739     0.698292      -1.2028    0.0403707      0.50997     0.298754     0.449282     0.130257    -0.537935    0.0408251    -0.255979     0.688926    -0.350778    -0.537917    -0.824605   -0.0593271     0.446895
   -0.114843    0.0789249    -0.123745    -0.214621    0.0275894    0.0111963    0.0424276    0.0630213     0.088103   0.00508228    -0.236197    -0.444638     0.053888     0.260854     0.249667    -0.833717   -0.0100803    0.0660977     0.202489   0.00849152    0.0606381     0.127998     0.477875    -0.379474    -0.120647     0.394518   -0.0835695    -0.292925     0.505577   -0.0584469   -0.0599026    -0.257372
  -0.0526482     0.399776     0.201471   -0.0893507     0.431944     0.435168     0.652356     0.528077     0.097974    -0.956527    -0.240021     0.847101    -0.370002    -0.219296   -0.0188523    -0.142413     0.188093     0.426048     0.301823     0.283627     0.323878    -0.515997   -0.0039347    -0.362367    -0.977551     0.155271   -0.0939514     0.197296      0.60902    -0.247812    -0.185862     -0.53786
    0.182502     0.611578    0.0136227    -0.296151    -0.157211     0.238814    -0.852323   0.00817861     0.416132     0.586721     0.655065      0.36192    -0.617791     0.518649     0.483396    0.0636872    0.0525584 -0.000126456    -0.369968     0.230847     0.123066     0.115703     0.525187    -0.116142     0.249165   -0.0946563     0.264484     -1.32555    -0.276334      0.66488      0.76249    -0.191115
    0.276367     0.249664     0.358275     0.615738     0.128647     0.493119     0.217149   -0.0436958    0.0228508    -0.303622     0.348714     0.714005     0.607867    -0.375396    -0.544407     -0.20412     0.428005   -0.0194915     0.145718    0.0529054     0.331499    -0.297376   -0.0452125     0.229369     0.353642     0.167408   -0.0802673     0.633505   0.00135182     0.343907      0.53877    0.0829724
   -0.103721    -0.104023    -0.170684    -0.188658     0.285474    -0.139617     0.114839   -0.0911029     0.481725    -0.507858     0.228039      0.10289    -0.565537    -0.190197     0.361412    0.0387316     0.869135   -0.0931362   0.00978435    -0.235484    -0.328889    -0.684855     0.197153    -0.505244    -0.448673    -0.378493     -0.16728     0.106954    -0.647856    -0.510223     -0.12108    0.0457238
    0.357416     0.204828     0.146036   -0.0389622   -0.0696892   -0.0563293    -0.420569    -0.173382     0.161901     -0.89673     0.312681     0.184738    -0.162847     0.544926     0.222491    -0.587474     0.528141    -0.612364     0.176214     0.247867    0.0612339    -0.500191     0.352029   -0.0797268     0.573805     0.104606    -0.110225    -0.238257      0.58143     0.394914     0.703786    -0.243848
   -0.294595    -0.775912   -0.0618961    -0.757574     0.455622     0.745248    0.0675597      0.30642    0.0437096     0.538027    -0.750349     0.253119    -0.576018     0.272256    0.0252112    -0.262715    -0.158245     0.293909   -0.0149333     0.484776    -0.205548      1.12959   -0.0385498    -0.161388     0.102036     0.331973     0.109713     0.566701   -0.0209453     0.675863     0.573797    -0.133898
   -0.153371     0.663597     0.105634    -0.132241    -0.474101    -0.681581      0.31259    -0.204528     0.153567     -0.10516     0.192838    -0.273832   -0.0633039     0.265303    -0.456359     0.254588    -0.607191     0.189198    -0.319348    -0.522372       0.3567     0.168689    -0.957377     0.463463    -0.138822     0.163848   0.00444004    0.0239223     0.811254     0.660454      -0.2702     0.123475
  -0.0136539    -0.437534    -0.551695     0.296092     0.672395     0.942678    -0.056913      1.12921     0.528774     0.524094     0.113887    0.0952005    -0.357896     0.132341    -0.265374   -0.0967133    -0.105455     -1.44735     0.444983      0.33124     0.983655    -0.225877    -0.641227    -0.576193    0.0282053    -0.017709    -0.200552    -0.171143    -0.215851    -0.949206     0.383251     0.369108
   -0.012509     0.639578     -0.39864     0.154902     0.586659     0.652887     0.403748   -0.0208347    0.0533478    -0.349676    -0.229944      0.20537     0.532951    -0.309482    -0.323857    -0.773948    -0.420011      -0.2349    -0.740085     0.221233      0.20092    0.0764627     0.332774   -0.0158139      0.29527     0.381564    -0.485259    -0.627277   -0.0558608     0.428798    -0.142218     0.381416
    0.502591     0.117039    -0.456846     0.625484     0.739186      -0.0614    0.0591579    -0.325682    -0.631856    -0.478849     0.127323   -0.0908231     -1.01275     0.467894     0.106787   -0.0950905    -0.119108     0.531792    -0.210072    -0.391857     0.260826     0.394329    -0.408469    -0.656722     0.169122     0.102828     0.286486    -0.487267     0.252487     0.517859     0.650849    -0.373684
   -0.372556     0.760315     0.584702    -0.180704     0.571844     0.180301    -0.325417     0.248107     0.854746    -0.418738     -0.13918     0.543312   -0.0213147     0.136119    0.0986212    -0.349249     0.411814     0.450763     0.400666    -0.247405     0.469936    -0.377351    -0.327266    -0.850798       0.1512     0.630446    -0.378396     0.474701     -0.47798     0.306353    -0.200595     -0.69275
    0.377767      0.37161    -0.106171     0.356545    0.0816139    0.0423166    0.0850085      0.47158    -0.398682    0.0874899    -0.024379      0.18636      0.72273     0.063285     -0.42119     0.518856    0.0116038    -0.406369     0.699587    -0.474593   -0.0276847    0.0868284      0.10828    -0.238993    -0.912066    -0.578286    -0.431567     0.140825     0.525013     0.185011     0.517362     0.423342
   -0.156176    -0.175552    -0.185062    0.0799546     0.102698   -0.0110824     0.182692    -0.332944    0.0386786    0.0331557    -0.332791    -0.033353    -0.196703    -0.211075    -0.271243    0.0858141    -0.228605    0.0747959    -0.413982    -0.221997   -0.0890639    -0.412745     -0.26154    -0.475449    0.0221147    -0.207286    -0.549038    -0.278582     0.107833    -0.229822     0.603602    -0.354448
   -0.133045     0.223178     0.393136     0.147565   -0.0207757     0.390967   -0.0912334     -0.49189    -0.271481    -0.506955      0.13376   -0.0295673    -0.292725      0.18311    0.0273895   -0.0555396   -0.0834613    -0.546033     0.575201    -0.968903     0.538179     0.602247     0.484748    -0.138725    0.0704415     0.227565    -0.634708     0.265606   -0.0758586    -0.498364      -0.1846     0.140649
  -0.0777077     -0.11995     0.162361      -0.2257    -0.398163    0.0337591    -0.572758    -0.325077     0.356339     0.393643     0.567451    -0.537953    -0.623006     0.149635       1.0129    -0.627782    -0.453654    -0.785308     0.246159     0.284728  -0.00701545    -0.293332   -0.0453487     0.154625     0.466784     0.109037    -0.389183    0.0505295    0.0587218     -0.19842   -0.0239165    0.0152372
   -0.274281      0.13622     0.503373     0.159368    -0.515129   -0.0818358    -0.469332    -0.209587    -0.991785    -0.762037     0.456847 -0.000288849     0.269881    -0.176343    0.0793876     0.482091     0.648187     0.864323    -0.418736     0.414669    -0.755722     -0.52047      0.10174     0.518031     0.319668    -0.890093    -0.387835    -0.247162      1.22309     0.175521    -0.244588      1.16427
    0.738556    -0.190227     0.292231    0.0187927     0.148339     0.111262     -0.28378     0.733072   -0.0252524     0.491223    -0.768819     0.922111    -0.381406    0.0993431     0.424135    -0.577756     0.402619    -0.418929     0.202558     0.814133    0.0094506   -0.0831953     0.315764     -0.17187       0.3741    -0.122694     -0.39746   -0.0652813   -0.0705557    -0.870362     0.386709     0.250561
    0.126942    -0.129179    -0.103371   -0.0364291    -0.701608   -0.0628852    0.0908711     0.258719    0.0468459      0.37617     -0.58864     0.834202     0.305541    -0.412202    0.0661347    -0.138008    -0.712271     0.340438      0.46465    -0.276619    -0.486937     0.467395    -0.095988   -0.0238018    -0.318922      0.66111     0.497287   -0.0497339     0.290101     0.030853    -0.217484     0.195454
