   -0.437502    0.0644118      0.24905    0.0477341    -0.101084    -0.108646    -0.252138    -0.303457    -0.574146    -0.237365    -0.101814     -0.23982   -0.0115215    0.0719827     0.410321     -0.14089      0.30454     0.109277   0.00447848    -0.420857    0.0921654    -0.280446    -0.639407     0.541553    -0.249944     0.132265    0.0723385  -0.00837549    -0.174386     0.203884    0.0807199   -0.0996404
    0.252265     0.096014    0.0268175   -0.0899215    -0.107145     0.206897     0.383415    -0.132385     0.101636     0.382202    -0.272672    -0.350955     -0.20325     0.168018    -0.155005    0.0656091   -0.0145021    -0.550647    0.0376751    -0.314159    0.0434624    -0.244661     0.185918     0.229607     0.502011   -0.0575285     0.137878    -0.266911    -0.156907     0.574883     0.455864    0.0428194
   0.0969205    -0.341336     0.372314    -0.204035    0.0642968     0.376037    0.0663066    -0.586084    -0.679626    0.0493123     0.342742    -0.196045    -0.287904    -0.165414    -0.434687     0.259599     0.332101   -0.0435171   0.00893449    0.0290873    -0.142098    -0.171527     0.275431   0.00246402    -0.170286    0.0937225   0.00374352     -0.28755     0.370246     0.321007     0.185975    -0.328778
   0.0497199    -0.610515     0.452229    -0.114927    -0.160089   -0.0221718    -0.436701    0.0145994     -0.82044    -0.349803     0.345165     0.119425    0.0495876     -0.71029     0.229186     0.204972   -0.0601181   -0.0734233     0.073471    -0.138372     0.553439     0.303613    -0.189669     0.573372     0.262032    -0.162861     0.324584     0.177442     0.283895    -0.324391    -0.407688   0.00361059
   0.0103966     0.436142    -0.197084     0.391444     0.303666   -0.0532043     0.143814     0.134336    0.0882539     0.191762     0.239133    -0.165192     0.169001   -0.0780184   -0.0106511    -0.042849    -0.088233     0.119315     0.170383      0.18683    -0.643138    0.0160232     0.319773   -0.0948974    0.0234711   -0.0132128     0.487104     0.029363     0.253293    -0.010601    -0.485838     0.216227
  -0.0422343     0.334228     0.126434  -0.00696814     0.313592    -0.364882    -0.180312     0.260975    -0.360144     0.513873     0.421825    -0.431345     0.495918    0.0834925     0.255437    -0.145246  0.000620157    -0.127089    -0.233155    -0.102314     0.261509    -0.483127     -0.16375    -0.147046    0.0140323     -0.21121    -0.215459     0.106837   -0.0327316     0.113351     0.180564    -0.366039
    -0.36023     0.785615      0.22168     0.764145   -0.0543217    -0.752666     -0.28859     0.511028     0.493861    -0.147863     0.341712      1.13824     0.141421    -0.172359     0.877061    -0.337004    -0.102801     0.350352    -0.579509    -0.209453    -0.285769     -0.11151     0.449162   -0.0362763    -0.584053    -0.627431  -0.00346972     -0.60427    -0.239737     0.156591     0.347168     0.130274
    -0.43464     0.239322     0.187527   -0.0437796    -0.161882     0.070308     0.074504    0.0511467    -0.279029    -0.466675     0.406025     0.136246     0.244722     0.233782      0.14148     0.139536     0.616791    -0.385044    -0.291836   -0.0876833     0.252738     0.289493     0.472943      0.32627    -0.769942     0.240641     -0.62399   -0.0129362     0.199655   -0.0361557    0.0752593    -0.733513
    0.288923     0.596551   -0.0259498     0.473595   -0.0851706    -0.142806    0.0246597    -0.134778    0.0759299    0.0102792    -0.282378    -0.696664     0.279645    -0.652283    -0.215058    0.0355466    -0.228798    -0.122553     0.447518    -0.303002    -0.169031     0.417011     0.132514     0.153138     0.263531      -0.2632    -0.216488      0.58686    -0.143348    0.0290187   -0.0406972     0.256345
     0.20131     0.284062      0.25724  -0.00878174   -0.0383294    -0.275698     0.449093    -0.271842   -0.0609426    -0.501552   -0.0273231    -0.349986      0.22578    -0.241228   -0.0668081     0.489024   -0.0580577    -0.199791    0.0711551    0.0163053     0.333705     0.181345     0.297036     0.430418    0.0802015    0.0827081     0.260859     0.275189     0.262073     0.302554    -0.450722    -0.400146
    0.245214    -0.426399     0.158974    0.0588346    -0.118075    -0.157641     0.313816   -0.0494645    -0.288986    -0.368907   0.00538438     0.323995     0.472529     0.148134    -0.465963     0.223821     0.791768     0.256264     0.066487    -0.288696     0.593312     0.328857     0.223813     0.159088    -0.554882     0.512186    0.0218584    -0.629962     0.439399    0.0338491     0.214241    -0.309386
    0.210036     0.591992    -0.826506    0.0463566    -0.341776    -0.148498     0.446827     0.405836     0.136693     0.499269     0.108491      0.59762    -0.237393    0.0283935    0.0461899    -0.189485    -0.389324     0.117602    -0.103883      0.38408    -0.105249    0.0989741     0.661361    -0.486139   -0.0963737    -0.455899    0.0173553     -0.35378    0.0276422    -0.156449     -0.48641    -0.124115
    0.131352     0.334553    0.0866611    -0.182807    -0.403478     0.153637     0.341925   -0.0431668    -0.293433     0.238556     0.773581     0.897593     0.157536    -0.384653  -0.00432099   -0.0350059     0.272222   -0.0980875    -0.511228   -0.0207538    -0.380109     0.397785     0.236429    -0.174555    -0.576806      0.20699    -0.108262      0.16673      0.19895     0.455399     0.197954    -0.343662
    0.294134    -0.187869     0.591047    -0.660035    -0.208524   -0.0987627     0.331789    -0.124094    -0.264131    0.0620486   -0.0998444     0.143306     -1.08854   -0.0683001     -0.39574    -0.221184     0.113952    -0.607107    0.0246244    -0.160369      0.32387    -0.308953    -0.162254    -0.454384      0.60608     0.313535     0.178245    -0.601536     0.185904    -0.240643     0.499473    -0.183681
    0.307516    -0.413797    -0.564992    -0.378378     0.112802    0.0867053    0.0773081    -0.132412    -0.468662     -0.13552    -0.477204     0.381454    -0.284162     -1.01285     -0.50204    -0.124227    -0.271696     0.144289    -0.183857     0.104158      0.18358     0.107588     0.684791    -0.237658     0.459001   -0.0630255     0.636281    -0.119201     0.125467     0.760526     0.256508    -0.883457
   -0.405678     0.127372      0.69881    0.0543853    -0.494022  -0.00663185    -0.395959    -0.568651    -0.387646    -0.491281     0.850254     -0.58973     0.853188    -0.159945    -0.311907     0.216425     0.543085    0.0633841    -0.104259   -0.0900554     0.293732   -0.0354343     0.169147     0.856276    -0.637224     -0.37392    -0.687429     0.198306      0.59398     0.225508     -0.64215    0.0628679
    0.118778     0.297107   0.00557925    -0.219436    0.0671523     0.267354    0.0604648    0.0940334    -0.126972    0.0139498     0.689425     0.434985     0.113032   -0.0960529     0.112258     0.415285    -0.505405    -0.299551    0.0790819     0.222224    -0.235393     0.216123     0.147832    -0.498765    -0.188536   -0.0409425     0.488132     0.596405     0.158473     0.244163     0.615862     0.800114
   0.0944797    -0.110648    -0.307032     0.220965    -0.106751    -0.232932     0.149007     0.245942     0.327255    0.0146627    -0.035361    -0.259538    -0.132085    0.0571435     0.280818    -0.126348     0.195347    -0.566597    0.0406894     0.354756     0.390459     0.211382   -0.0655235    -0.289246     0.264945   -0.0779407    -0.161321     0.265728    -0.395114    -0.176009    -0.195717     0.221118
  0.00564367     0.240513    -0.423931    0.0624687    -0.118844    -0.201278     0.558316 -0.000362413     0.174921    0.0985407    -0.177354    -0.380654     0.633744    -0.138032   -0.0715006    -0.455551    -0.382309     -0.29348     0.494875    -0.230769    -0.150254    -0.158162    0.0508986    -0.460355    -0.492411 -0.000510601   -0.0289327    -0.257307    0.0632003     0.596858     0.448981   -0.0389327
   -0.156667    0.0885092     0.140866     0.151133     0.409314     0.192555    -0.312393    0.0143368    -0.167667   -0.0752421    -0.134881    -0.559112    0.0288085   -0.0188415     0.711073     0.114521     0.223467    -0.353551    0.0126847    -0.854789    -0.172048    -0.170424    -0.460163    -0.247629     0.051464    -0.461681    -0.247066     0.152034    -0.366702   0.00748592  -0.00819098     0.426895
    0.304358     0.146334     0.271684     0.498722    0.0262676     0.137493    -0.425865   0.00338594    -0.486423     0.070089    -0.199309     0.171099     0.751679     0.423983   -0.0672644     0.069413    0.0206156    -0.194184     -0.31571    -0.448493     0.195639     0.488585       0.1961     0.252203    -0.465478     0.220482    -0.330656    -0.344838   -0.0706449     -0.60633     0.250416   -0.0587757
   -0.142066   -0.0539299  -0.00794447     0.346328    -0.105913   -0.0421006    -0.260118    -0.127049   -0.0696023     0.118576    -0.458824     0.591736     0.404518    0.0948661    0.0230513     0.113314     -0.19806     0.556052  -0.00622563    -0.135145    -0.341809     0.476952    -0.307802    -0.300699    0.0243959   -0.0108269     0.188823    -0.632866    -0.118366   -0.0457199   -0.0205569    -0.341273
  0.00511464     0.291216     0.228319    0.0228321    -0.411393    0.0220665     0.218514    -0.346851    -0.272556    -0.150724    -0.383982   0.00604376    -0.504313  -0.00925188   -0.0691674    -0.375994     -0.18048    -0.095328    0.0976737    -0.499901     0.139546    -0.217021     0.196095     0.372473     0.295805     0.554746    -0.575722   -0.0927486     0.140958    -0.402522       0.6838     0.638314
    0.387979    -0.817333    -0.663573    -0.391173     0.190507     0.131277    -0.129258    -0.314624   -0.0280147  -0.00473178     0.518857     0.329904     0.152234     0.397193     0.104911    0.0250066   -0.0959697    -0.571268   -0.0912558   0.00615773      0.24001      0.43397    -0.118596    -0.306073 -0.000934306   -0.0461639     0.226897     0.400978      0.30693     0.209042    -0.644264     0.164548
  -0.0473363     0.344122     -0.20865    -0.183922    -0.086071    -0.119394   -0.0581012    -0.537494    -0.280321    -0.286157     -0.16597    0.0983932     0.199799    -0.289093     0.104719    -0.229886    0.0889797  -0.00806101    0.0336844     0.173439     0.175079    0.0270209     0.470302    -0.203532    0.0542506    -0.513089   -0.0748547    -0.191478     -0.14676     0.486294      0.13637     -0.47999
    0.477322     0.291035   -0.0093945    -0.136629    -0.243793    -0.366516   -0.0410283    -0.364945    -0.276592   0.00411543    0.0834578     0.106771     0.516701    0.0582539     0.179493    0.0783734     0.162838    -0.431444    -0.374822    0.0195622     0.419412      0.12634    0.0785502   -0.0815134    -0.119091    -0.363487    -0.526311   -0.0418117    -0.482087    -0.415122    0.0355274     -0.26679
    0.225508     0.160496    -0.595932     0.582962   -0.0324348    -0.535692    -0.487649    0.0342112    -0.370081    -0.302749     0.875603     0.115958     0.257851    -0.188522    -0.423306   -0.0542646    0.0576852    -0.465461    -0.272816     0.257051    -0.433438     0.128531     0.316849     0.233771     0.197359    -0.128009     0.203355     0.174048   -0.0138091  -0.00646543    -0.262241   -0.0409276
   -0.248365     0.250287     0.153597    -0.217601    -0.347052     0.318168     0.234412    -0.053698     0.131519    -0.205914    0.0416912    0.0173636    -0.515649     0.326331    -0.203156     0.299955     -0.22035     0.353145    -0.114697     0.153212    -0.398475   0.00236407    0.0463643     0.162639    0.0683919    -0.188906     0.231029    -0.540076  -0.00327973   -0.0962708     0.127069     0.433253
   -0.153367     -0.40227    -0.368508   -0.0360722     0.250918     0.161447    -0.143144     -0.30001    -0.263328   -0.0595246     0.345141    -0.322058   -0.0578258  -0.00624358   -0.0306019    0.0184002    0.0739068    0.0160698     0.406477     0.168123   -0.0689098    0.0989119     -0.45175    0.0118209     0.409992     0.366534     0.177725     0.494253    -0.162663    -0.694851    -0.974148     0.630391
    0.104185    -0.188254    -0.208614     0.568225   -0.0605845    0.0180335     0.498248   -0.0552457    -0.380685     -0.86216     0.405119    -0.368353    -0.573229    -0.386632     0.321791     0.101561    0.0550191     0.108464  -0.00447492    -0.131004   -0.0939906     0.326318      0.73972   -0.0648907   -0.0214215     0.225559    0.0887788   -0.0451325    0.0617008     0.106503     0.419586    -0.204679
  0.00713327     0.373888      0.57921     0.110955    -0.211596     0.211144     -0.31554    0.0421772     -0.89739    -0.345516     0.388489       0.2361     0.513703     -0.13264     0.381956    0.0976161     0.497442      0.24929    0.0924639    -0.187515     0.159641      0.15714     0.209253     0.902444     -1.18275    -0.796038    -0.279894    -0.016037     0.291046     0.217775    -0.106795    -0.512356
  -0.0832159    0.0168457    0.0387483    -0.138679    -0.123566    0.0107458      0.14608    -0.805948     0.123871    0.0159726     0.287097   -0.0360195     0.785791   -0.0565351    -0.118876   -0.0802448    0.0996875     0.377348     0.410576     0.341686     0.213731    -0.111454    -0.609537    -0.348235    -0.453097    -0.323723     0.124596     0.293355     0.285277     0.033275    -0.977484     -0.30141
   -0.141306    0.0461056    -0.148712    -0.189648    0.0920192     -0.06558     -0.13022    -0.315404  -0.00187874    -0.197463     0.520384     0.114581     0.123111    0.0127046   -0.0788427    -0.286414    -0.192822      0.14479     0.261593   -0.0146133   -0.0772901   0.00891323     0.451317    0.0194634   -0.0770194    -0.365908      0.41739     0.233121     -0.26151    -0.149295    -0.173297     0.157046
    0.264248    0.0925566     0.160576    -0.387442    -0.217735     0.338176    0.0971728    -0.266526   -0.0292522    -0.161418     0.257302     0.489029    -0.148985    -0.269995     0.484359     0.278898     0.293505    -0.369618     0.491346    -0.324832    -0.124898      0.17862   -0.0791034    -0.620689     0.124406    -0.163034    0.0989021    0.0596539     0.298111    -0.128681     0.227586     0.540996
    0.167297     0.491984    -0.506008     0.250462     0.422937    0.0991514     0.171904    -0.600514     0.154609     0.126381   -0.0511595  -0.00787417   0.00705758    0.0469303     0.176713     0.120162    -0.506144     0.319799    -0.196159   -0.0394578    -0.647385      0.13313     -0.24307 -0.000373635 -0.000421775    0.0821558    0.0349499   -0.0162253    -0.231541     0.183036     0.239836    -0.427625
   0.0468559     0.100181     0.685719    0.0596542    -0.179211   -0.0907804    -0.208927     0.671068     0.420321    -0.363112      0.49415   -0.0106095     0.137201     0.592866     0.367308   -0.0110071     0.206636      0.27518    -0.528157     0.224861     0.247723     0.479377    -0.264134     0.546581    0.0996213     0.188381   -0.0725879    -0.249663     0.173531    -0.321613    -0.217569    -0.178717
   0.0884268     0.177725      -0.1838   0.00451788     0.163897     0.209821    -0.170697    -0.203037    -0.179915     0.181339    -0.121303    -0.351746    -0.111731    -0.094856     0.118197   -0.0536165    -0.176941    0.0501334    -0.284738    -0.302493     0.341134     0.150878   -0.0298307     0.455343    -0.174141     0.103772    -0.383844   -0.0314872    -0.133089     0.153748    0.0805238    -0.312705
     -0.5828    -0.368378    -0.534615     -0.24895     0.259982     0.108776     0.216766    -0.213357    0.0413802     0.506471     -0.29592     0.373467    0.0820958     0.404169    -0.148124    -0.149827     -0.64744     0.230873     0.101218      0.44742    0.0223534     0.126658     0.117763    -0.422145    0.0953982    -0.313823    0.0708441    0.0503342    0.0545944   -0.0961031    0.0359512     0.619905
   -0.468716      0.25318     0.359881    0.0355038    -0.427975     0.198617     0.540432    -0.138506     0.396372     0.548422    -0.267675   -0.0108499    -0.567279     0.323371    -0.352544     0.382007    0.0472248  -0.00820717    -0.402853     0.179365    -0.474668    -0.352468    -0.232617     0.228315    0.0636998   -0.0399575     -0.15698    -0.963046     0.372328     0.737325     0.398005     0.192542
   -0.834476     -1.09341    -0.405668      0.14485   -0.0389182      0.25628    -0.697786    -0.715391    -0.215984    -0.132724    -0.150189    -0.160194    -0.538943     0.589745     0.287701     -0.16275    -0.105502     0.800052      -0.1066    0.0020949     0.429929    0.0252428    -0.364324     -0.29156    -0.209397   0.00782091     -0.33379     0.664895    -0.709093    -0.604888    -0.447857     0.199512
  -0.0261289     0.417007    -0.242621    -0.547726   -0.0609565    -0.230885     0.158652     0.202897     0.202734     0.415639    -0.155996       0.0916     0.498419     0.493327   -0.0106794    0.0528115     0.403456    -0.435876    0.0659153   -0.0645884     0.598291    -0.260029    -0.502956     0.150725   -0.0433231     0.667762    -0.371566    -0.350164     0.143869    -0.152409    -0.268927     0.297405
  0.00929407     -0.33301     0.315074    0.0037367     0.076369     0.153899     0.313813    0.0608552     0.151617    0.0814462    -0.144501   -0.0954839   -0.0146278    -0.345966     0.614445    0.0574648      0.27099    -0.358749     0.245856    -0.746339    -0.322598   -0.0422226     0.370589   -0.0745652    -0.258709    -0.392301    -0.148547    -0.112365   -0.0673673   -0.0146351     0.168937    -0.320638
   -0.336056     0.221826    -0.162359    0.0815081    -0.180129    -0.080655     -0.24699     0.541071     0.245811      0.77674     -0.20703     0.708859     0.604309     0.211346      0.21561   -0.0426569     -0.27381   -0.0537711     0.357213    0.0345784     0.342864    0.0508992    -0.604359    -0.576683    0.0920866    0.0204745   -0.0825031     0.641367    -0.231511   -0.0492762    -0.460066     0.627667
    -0.39782   -0.0762054    0.0762715   -0.0190477     0.207925    -0.086453    -0.105131   -0.0656834    -0.646908    -0.488338    -0.148144    0.0774459     0.104763    -0.118788     0.279403   -0.0211055     0.437486   -0.0630675      0.13615    -0.403382    0.0160595   -0.0687463    -0.277119    0.0940567     0.272249    -0.101929    0.0981848    -0.199638   -0.0436878    -0.051575     0.229565    -0.281878
   0.0607832     0.139103    0.0843401    -0.338788     0.130367     0.242354   -0.0761729      0.11548    -0.163902     0.020693   -0.0288614    -0.226729     0.119738   -0.0375759    -0.125816    -0.222769    -0.129186     0.100046     0.349446     0.925107    -0.344323    0.0469391     -0.12991      0.40048     0.122787     0.348239    -0.328055     -0.11383   -0.0112101     0.340747     0.493783     0.759126
    0.157535  -0.00880153   -0.0552347    -0.165014     0.123399   -0.0278277     0.628621   -0.0224989  -0.00938996    -0.314226     0.147097     0.118875    -0.247472    0.0499443     0.514007    -0.119062    -0.473043    -0.394374    -0.152065     0.242866    -0.217019   -0.0493611     0.542436    -0.120976     0.175169     0.341692     0.443159    -0.397011     0.141494    -0.556808      0.30267     0.237127
    0.111343   -0.0937607    -0.236623    0.0578197    -0.502296     0.016915     0.279768    -0.253138     -0.29014    -0.219762     0.195787     0.111393     0.354778   -0.0598556   -0.0474703    -0.177074     0.672032    -0.390341   -0.0847763    -0.333378    -0.126254    -0.183379    -0.222472     0.388242     0.254252    -0.133343    -0.597092    -0.114476    0.0672384     0.383012    0.0264993    -0.348449
   0.0648971     0.167727     0.344313     0.230099   -0.0183326    -0.254745     0.129724    -0.233938    0.0794965     -0.13631   -0.0352553    -0.247245       0.5163     -0.44768     0.624261    -0.221766    -0.430606     0.328934      0.22112    -0.136041     0.213112     0.375367     0.491151     0.194402    -0.235384     -0.26521     -0.19941     0.244892    -0.450472    -0.084963    -0.439232     0.254836
   -0.260262    -0.121353      0.37387   -0.0517909    0.0337476    -0.157777    -0.462391     -1.17597    -0.935008     -1.07267     0.682962     0.116154    -0.668515    -0.619868     0.164545    0.0409741     0.332192    -0.193491     0.436002     0.811347    0.0733924      0.29188     0.623697     0.244827     0.172508     0.180569    -0.283781     0.624031       0.2629     0.332937     0.711637    0.0657603
   -0.184608     0.063403    -0.796902     0.119953     0.247261     0.175436     0.619512  -0.00859457    -0.113269    -0.132465     0.529602    0.0930771   -0.0754578     0.172753    -0.533395    0.0645141    -0.106223    0.0201735    -0.177499   -0.0470441   0.00669111    -0.211655   -0.0281412    -0.715819    -0.574007    -0.369953   -0.0555247     0.253383    0.0669598     0.520879     0.302282    -0.248879
    0.192811    -0.149598     0.365222   -0.0716651     -0.20699    0.0869424     0.370856     -0.52867    -0.377638    0.0890499    -0.157737    -0.368903     0.139055   -0.0931478    -0.132214    0.0262136     0.379117    -0.267491    -0.306494     -0.59913    -0.255561    -0.248206    0.0540875    -0.234209    -0.137218    0.0389411   -0.0837458    0.0322601    -0.239177     0.280629    0.0322339     0.227691
  -0.0870343     0.340498     -0.29446     0.292333      0.23805    -0.241018     0.103552     0.548783     0.528129     0.312188     0.235024     0.364707     0.430717   -0.0338069     0.034971    -0.234416   -0.0201949    0.0425224    -0.223008    0.0715007    -0.255262   -0.0188273    -0.350754    -0.267947     0.503235     0.132252    -0.154832    0.0760765  -0.00994793   0.00367703    -0.140676  -0.00095345
     0.34212     0.304051   -0.0786277     0.331997     0.136907     0.439857    -0.433986     0.442304    -0.427406   -0.0744499   -0.0206139    0.0993544    -0.420267    -0.318751     0.293764    -0.631264    -0.358036   -0.0589796    -0.155661      0.13868    -0.394912     0.349571    -0.114129    -0.133053     0.537575    -0.442539   -0.0798491    -0.203104    -0.273706   -0.0828175     0.393622     0.166721
  -0.0342761   -0.0877583     0.185303     0.212834   -0.0793484     0.186268     0.185571    -0.253295    -0.242528    -0.084896     0.411609      0.35572     0.468439     -0.34611    -0.359136   -0.0523919     0.109645    -0.158122    -0.193397        0.101      -0.2415     0.141922     0.489196     0.426735     0.243902    -0.153001     0.025211    -0.130773    -0.084513    -0.126388     0.056407    0.0922258
    0.467958     0.497078    -0.173459    -0.171855    -0.473659     0.321553     0.179922   0.00665573    -0.235323      0.19837     0.514326     0.266201     0.185038      1.00463    -0.330022   -0.0184364   -0.0723114    -0.064074   -0.0624318    0.0959151    0.0945157    0.0227057   -0.0580776    -0.307542    -0.357549    0.0175869     0.572459    -0.542013     0.315274    -0.474583     0.147286    -0.280854
  -0.0703457     0.104951   -0.0610605   -0.0142254    -0.186606     0.189481     -0.15954     0.181144     0.123582    -0.357651    -0.218154    -0.201112    -0.425651    -0.698796   -0.0124477   -0.0971086     0.274506     0.438167   -0.0717418     0.277716    -0.388963     0.704674   -0.0853074     0.198172     0.145762     0.184052   -0.0918736     0.381301    0.0239646     0.234009     0.452207   -0.0810017
   -0.529226     0.224476    0.0339404     0.468172     0.123282   -0.0839603     0.268369     0.228116    -0.219486     0.195944     0.396507     0.301541     0.122179    -0.151079     0.149321     0.151037    -0.125616  -0.00102691     0.205303     0.107233    -0.210924   0.00311358    -0.470336    -0.646898   -0.0533939   -0.0217136    0.0102657    -0.351947     -0.41407    -0.343661    0.0226813    -0.371183
  -0.0954545     0.454901    0.0150056    -0.450124     0.123066    -0.309863     0.149119    0.0410602    -0.764433    0.0334309    -0.348916    -0.261907     0.335594    -0.451014  -0.00146616    -0.467857     0.146057     0.086044    -0.181631    -0.674226     0.316417      0.33803   -0.0667053     0.682962    -0.269608    -0.111523    -0.408542    -0.408582    -0.239748     0.283629     0.179545    -0.161723
   0.0589779     0.405896    -0.817042     0.516596   -0.0846555     0.120653      0.61834    -0.136637    -0.207241     0.485286     0.698907    -0.266424    -0.354105    -0.298764     -0.11668     0.472019     0.560356    -0.263973    0.0917775     0.354606   -0.0202708    -0.609406     0.222481    -0.554517    -0.288721      0.19274    -0.703718   0.00678432     0.379009     0.989395     0.642207     0.444113
    0.105096    -0.810131    0.0653897     0.303281     0.413892     0.269692     0.106976    0.0481854     0.609409    -0.602045    0.0358387    -0.754661     -0.44963     0.450049     -0.41484     0.551312    0.0755499  -0.00559042     0.381683    0.0395875    -0.560126    -0.283317     0.170933     -0.29169    0.0747677     0.535678     0.235021     0.426945   -0.0829308   -0.0698749     0.177299     0.384803
    0.114231    -0.133658     0.137005    -0.183656    -0.361787     0.267573     0.134298     0.417561    -0.529928    -0.172217    0.0150398      0.15415     0.450504    -0.379105    -0.102366     0.369011   -0.0217099   -0.0553825    -0.233068    -0.391871    -0.644219      0.38598     -0.10921     0.407957     -0.63731   -0.0248742    -0.602307     0.305362    -0.970648     0.269959   -0.0346526    -0.205878
    0.098189     0.459228   -0.0752692    -0.566597  -0.00672463    -0.179785     0.512134   -0.0179232     0.137004      0.28158      0.49698    0.0978481     -0.20677    -0.573539      0.07975    -0.286576   -0.0546894    -0.749248    -0.186761     0.101922      0.25316     0.416486     0.516651   -0.0449221     0.659469    0.0797028    -0.233386  -0.00266761     0.103308     0.396744     0.741442     0.685964
    0.220717   0.00246258     -0.39196     0.725281     0.527376    0.0955314    -0.169197    -0.253642    -0.560869    -0.220459     0.126296     0.209818    -0.970932    -0.675694    0.0819212     -0.34663    -0.256059    -0.212218    -0.153857     0.411956   -0.0129348     0.715474     0.611333   -0.0761735     0.478614     -0.12905     0.101732     0.141896    -0.288426    0.0922974     0.941783     0.471643
   -0.231861    -0.355336    -0.445314    -0.371213    -0.116184     0.314678    0.0761714    -0.190346     0.342122    -0.347417    -0.335103     0.108519   -0.0243247     0.765149    -0.313949   -0.0594644    -0.252439    -0.375552   -0.0860488     0.262775     0.392051     0.210068    -0.059001    -0.363823    -0.219892    0.0652324    0.0198439   -0.0486106    -0.190708       0.5267     0.194117     0.176708
   0.0913831     0.529145    -0.246461     0.424525    -0.101861    0.0948262   -0.0926378     0.458076   -0.0388416   0.00964024     0.326902     0.648487    -0.356147    0.0358789      0.38096    -0.438544    0.0654984    -0.370433    -0.162598     0.648674    -0.112091     0.493027    -0.219136    -0.216138     0.129845   -0.0906237    0.0674067    0.0761911   -0.0129643    0.0103209     0.217325  -0.00336288
   -0.373826     0.776594     0.418789      0.48717    0.0818056    -0.180899    0.0125158    0.0803807    -0.262657    -0.553083    -0.317024    0.0500358     0.883475     0.283408      0.31042     0.585466    0.0632545    -0.100146  -0.00168808    -0.116578    -0.470285     0.344406   -0.0741747     0.152099    -0.542876     -0.17777    -0.402351   -0.0826653   -0.0743911    0.0960541    0.0755391    0.0866806
   -0.306889    0.0706018     0.169622  -0.00699894    -0.165509     0.184122     -0.13497     -0.20146    -0.137039     0.532879     0.124753     0.936566     0.011209     0.277401     -0.09263     0.121348   -0.0633721    -0.131891     -0.12154    -0.233034     0.094264     0.288827    -0.116893    -0.436451     0.120653     0.151147     0.201654     -0.34257    0.0639003    -0.243049    -0.135054   -0.0363358
   -0.338018    -0.162242    -0.524497     0.198907   0.00867516     0.147025     0.206413   -0.0601466     0.251354    -0.062149    -0.132315    0.0540654    -0.151382    0.0896443    -0.149064      0.21557    -0.403384    -0.327134    -0.119723     0.319938    -0.240354    -0.124514    0.0236606    -0.514316     0.276201    -0.129982   -0.0363192   -0.0401163    -0.278867     0.139846     0.443255     0.238445
    0.200439     0.491942    0.0134009     0.167404   -0.0883484    -0.102787     0.102006   -0.0507177    -0.149771     0.267043    0.0543624     0.216836    -0.717167     0.369094    -0.147922    0.0627702    -0.211902   -0.0161618    -0.222852    -0.177125    -0.419789    -0.325237     0.123524     0.200129    -0.121534   -0.0815754    -0.121359    -0.467578     0.089808    -0.247299    0.0621441    -0.363262
    0.562512     0.348746   -0.0603426    0.0189017    -0.203648     0.191096   -0.0730923    0.0280342    -0.472751    0.0754624     0.261835    -0.245519    -0.302352   -0.0232303    -0.167501     0.302413     0.211128    -0.048486    -0.386947    -0.114933    -0.198219    0.0454093     0.723273     0.189929   -0.0424608     0.463348    -0.771299   -0.0640437     0.397146     0.433109    -0.296924      -0.4535
   -0.291024   -0.0100544    0.0875898   -0.0542928   -0.0945154     0.134915    -0.344262    -0.374575     -1.13119     0.090141    0.0660379    -0.572098    0.0383372     0.333074    -0.215636  -0.00691331     0.269911    -0.210533    -0.178118    -0.460788     0.235595    -0.676645   -0.0242242     0.798899   -0.0712344     0.261333    -0.843178   -0.0480786    -0.537172   -0.0623354     0.234053     0.183349
    0.256735     0.373323    0.0378998    -0.536449    -0.375761     0.497011     0.047704    -0.246561   -0.0750361    -0.282945     0.105957    -0.457515    -0.138277    -0.470435    0.0114632   0.00724884    0.0767515   -0.0256912    0.0404522    -0.162716     0.517862    -0.155822     0.602559     0.294716    -0.456889      0.14313    -0.595148     0.420447   -0.0693602     0.344799      0.29402   -0.0739061
    0.334507    -0.104722    0.0573727    0.0209117     0.206152      0.47182    -0.163239    -0.253621     0.043717     0.726809     0.192361    0.0486817   -0.0677892    -0.654767      0.41026    -0.167549     -0.68654    -0.155335     0.716017     0.227777    -0.193317    -0.515116     0.341271     -0.57892    -0.103407    -0.368082     0.357456   -0.0423827   -0.0653005    -0.178357     0.150859     0.133287
     0.31304     0.311182     0.164849     -0.39471    -0.689352     0.122354     0.184335    -0.329648   -0.0501351     0.154816     0.391376     0.386532   -0.0691812    -0.341101   -0.0755026     0.147893      0.37028     0.176662    -0.154518     0.371537     0.242006     0.201015     0.194274     0.193398     0.156467    0.0766093     0.140367     0.526458     0.662759   -0.0204765    -0.358761    0.0769832
   0.0711218    0.0514229     0.100408  -0.00883791     -0.51076     0.014051    0.0944794     0.315891  5.43764e-05    -0.298258     0.408767     0.126601    -0.191422     0.448558     0.743168    -0.247638     0.186684     -0.25678    -0.169172   -0.0280354    -0.493064   -0.0980023     0.121074    -0.295983    -0.386636     0.154955    -0.250683    -0.259912    -0.312419  -0.00958559    -0.149575    -0.470223
    0.141234    0.0310386     0.141973   0.00160511    0.0252838     0.426407     -0.13134     0.138627   -0.0805227     -0.35741     0.259908     0.346229    0.0491308      -0.1542   -0.0758641     -0.21265   0.00783943   -0.0207035     0.491691    0.0656355     0.171136    -0.087491     0.198315   -0.0172567   -0.0672232    0.0249673     0.280728     0.268543   -0.0553507   -0.0036281   -0.0330131     0.267748
   -0.273851    -0.694574    -0.204223    -0.261846     0.132947      0.49736    -0.197683    -0.729617    -0.339003    -0.808788     0.199464    0.0137389    -0.471711   -0.0334643     0.182624     0.464115     0.130126     0.141858     0.445028    -0.174362     0.422504    0.0537594    0.0914529    -0.217088    -0.095267   -0.0255821     0.153353     0.711268      0.43099    -0.126017    -0.268456    -0.047301
   -0.842626    0.0113713     -0.23358     0.206459     0.238265     0.558741   -0.0743957     0.135863    0.0931624    0.0709555    -0.370496    0.0208663    -0.346467    0.0544325    -0.113233    0.0750775    0.0179516     0.489185     0.229569    -0.120403    0.0599911     0.281793   -0.0445125     -0.18104     0.107653    -0.026241     0.222916    -0.665621     0.395223    -0.150551     0.138326     0.173419
  -0.0755358    -0.535537    -0.689717     0.931184     0.209397   -0.0880055   -0.0986991     0.116483     0.665973    -0.278821    -0.148287    0.0866679     0.236353      0.51264     0.535291    0.0756625    0.0465714     0.321177    -0.386268     0.046713    -0.236922     0.174839    -0.705823    -0.816924     -0.19391    -0.205076   -0.0332151    0.0777724    -0.470717    -0.332029    -0.585782    -0.602961
    -0.32781    -0.117504     0.147849     0.161868    0.0701392      0.25412     -0.52088     0.493931      0.34644    -0.277824    -0.247544     0.224052     0.495054    0.0484726     0.278141      0.36429     0.216402    -0.264965     0.338126     0.294321      0.41173     0.603696    -0.472997   -0.0791443    -0.285012    -0.189931     0.189522       0.2376   -0.0638906     0.094748    -0.405767     0.344172
    0.175213    -0.240248    0.0969993    -0.216194     0.029103    0.0504672    -0.091428    -0.399974     -0.28697   -0.0403847     0.404492     -0.18648    -0.319254    -0.119127    -0.779627     0.232718     -0.44008    -0.105172      0.44017     0.512449    -0.189002     -0.20548    -0.607896     0.387418     0.115766    -0.533385     0.413372     0.171627     0.200651    -0.304411    0.0192178   -0.0282336
   0.0383911    -0.136338     0.405786     0.529695     0.243953     0.386118    0.0412658    -0.554046   -0.0232371   -0.0299362     0.121592     0.312588    -0.143481     0.195876      0.17634     0.535384    0.0200385    -0.012002    -0.382606    -0.223204    0.0507356   -0.0744441     0.760069   -0.0979142     0.320233      0.35862    -0.328719   -0.0752489    -0.334656     0.276317    0.0627112  -0.00965702
    0.248716   -0.0984071      0.09602    -0.193278    -0.154056     0.147885    0.0784766    -0.071599    -0.291798     0.307278      0.47255    -0.178615     0.437008     0.332987    -0.145325   -0.0750555      0.13476     0.181206    -0.105387    -0.207391    0.0121145    -0.144659     0.246796    0.0165093    -0.610341    -0.327195     0.282694     0.304401    0.0757906    0.0719935   -0.0301553    -0.314324
  -0.0868567    0.0887998     0.260542     0.340053    -0.140266    -0.314768   -0.0152413     0.682324    -0.208654    -0.191223    -0.404111   -0.0826457    0.0633056     0.331144    0.0693556   -0.0448395   -0.0266731    0.0677222   -0.0330535    -0.141484    -0.543874    0.0855396    0.0945637    0.0134513    -0.255784    -0.229963     0.154433    -0.159946      -0.3942      -0.1161    0.0153846    0.0972797
  -0.0811112    -0.419773    -0.203281     0.347716     0.348938    -0.797773    -0.246296     0.405777   -0.0525082     -0.15419    -0.359064     0.196082    -0.138782     -0.16202    -0.308668    -0.110292      0.48558    -0.245821    -0.502275     0.334517    0.0235277     0.323616   -0.0610014      0.37906     0.396456  -0.00819744    -0.363614      0.12065     0.202483     0.170862      0.28548    -0.271724
   0.0470682     -0.11999      0.52211     0.232932     0.207547     0.145987       0.3074   -0.0230312   -0.0722989    -0.200523     0.348605   -0.0350733    0.0194147     0.358485    -0.168622    -0.222044    -0.433732    -0.116113    -0.113973  -0.00299571    -0.103327    -0.395415   -0.0284366    -0.113337    0.0348639   -0.0767715     0.218677     0.345497    -0.298619    0.0576059     0.206217     0.101726
  -0.0352453     0.152965     0.635971     0.132214    -0.286523    -0.133377    -0.247072     0.291807   -0.0292976    -0.134104     0.265198     0.442912    -0.369057    -0.168774      0.32162     -0.28308     0.380461    0.0678252     -0.41989    -0.397113    -0.195266    -0.138052      0.72301     0.374455     0.182139     0.433263    -0.524657    -0.193873    0.0358943  -0.00312137   0.00601546    -0.397262
   -0.267349    -0.436311    0.0364051     0.281021     0.311896     0.335864    -0.566121     0.200882    -0.479903     0.167748    0.0450283     0.216934    -0.231166    -0.115515     0.123849    -0.167012     0.251715    0.0883685     0.423062     0.497107    -0.274573    -0.329194    -0.221659    -0.149513   -0.0918634    -0.149447     -0.27531    -0.636882     0.516093    -0.414455     0.157733     0.303931
    0.389799    -0.132449    0.0614643     0.263465    -0.337712    -0.483547     0.161943     0.154709     0.230681     0.284134    -0.306173     0.276046    -0.495628     0.611917    -0.357695    -0.212073     0.110099   -0.0998252    -0.400013    -0.389805     -0.31042     0.236531     -0.05021    -0.124792     0.294271    0.0976135    -0.321366     -0.27155    -0.337716    -0.185268    -0.164272     0.585588
    0.263862    -0.012938    -0.373529     0.356206     0.506323    -0.326552    -0.111023   -0.0632948     0.411719    -0.047363  0.000408925    -0.586596     0.392537    0.0956472    -0.227286     0.283683    -0.176357    0.0365417     0.161477    -0.199641    0.0597566   -0.0676755     0.220547      0.70323    -0.445905    -0.299145    -0.431799    0.0547202    -0.632131     0.267027     0.411926   0.00726173
   -0.342278    -0.119695   -0.0387312  -0.00417463    -0.276654      0.20588    -0.255126     0.606873   -0.0588028     0.230606   -0.0846698     0.385083    -0.354626    -0.336883    -0.393646   -0.0859772     0.115095     0.265135    -0.100586    -0.163988   -0.0119063     0.244914     0.484847    -0.107507   -0.0950526     0.124523    -0.784515     0.619304    -0.256056     0.367694    0.0166439     0.445732
    0.157161    -0.102614     0.623676     0.251636   -0.0797309    0.0652726   -0.0112735     0.180407     0.457799   -0.0918564    -0.135254    -0.421231     0.755179     0.123686    -0.141813    0.0622218     -0.01924    -0.124079    -0.167309    0.0374597     0.637772   -0.0416037     0.542524     0.117421    0.0956148     0.249025     0.232575    0.0333112     0.226785     0.291536   -0.0130419   -0.0581044
   -0.323524     -0.36698     0.292152    -0.306372     0.243968    -0.310908   -0.0401712    -0.150537   0.00431621    0.0298478    -0.155108     0.356266    -0.418017      0.21821     0.383093     0.217401      0.20736     0.285844    -0.581472    -0.212259    0.0460883     0.494679    0.0479551    -0.242897     0.145249     0.341157     0.277774    -0.651354     0.316133    -0.239856    -0.138741    -0.204619
   -0.485907    0.0410781    -0.137496    -0.762795    -0.394038    -0.129065    0.0633994     0.688061     0.367569    0.0500416     0.374236    0.0245281   -0.0783996     0.134065    -0.490962    -0.958505    -0.195205     0.388845     -0.50695    -0.315477    -0.580693     -0.29267     0.501024     0.276917     0.639313    -0.141243    -0.423069    -0.693762     0.251254    0.0356343  -0.00639826     0.216987
    0.398359    -0.289331  -0.00874763     0.145251     0.742126     -0.53729    -0.122269     0.302502     0.356381     0.513659     -0.18441     0.212003     0.543716   -0.0183457     0.258548   -0.0341318    -0.449406   -0.0703007    0.0571334     0.698428     0.311189     0.475659    -0.952313    -0.222816     0.755103    -0.218599     0.845077     0.151886    -0.684508    -0.551923    -0.463032     0.280474
    0.510264     0.219288    -0.364755     0.267996     -0.28659     -0.15777     0.349578     0.558136     0.642145     0.267441    -0.248166     0.206988   -0.0674497    -0.342324     0.321471    -0.354824    -0.160066    -0.479726    -0.254366     0.237785    -0.108696    -0.224983    -0.401991    -0.167594     0.132747    -0.353486    -0.353586   -0.0737741    -0.597734     0.431366     0.698626   -0.0611272
    0.354142     0.547409    -0.508751     0.555752     0.119697    0.0644598    -0.110639      0.12503    -0.421654     0.326161   -0.0014714     0.345906    -0.669718    -0.241227   -0.0488884     0.104049    -0.336788    -0.375842    0.0729372     0.482753    0.0530259     0.292834    -0.143875    -0.358015     0.486573    0.0723765     0.465956    -0.184735     0.235569    -0.290672   -0.0617327    -0.175352
  -0.0422492    -0.378811   -0.0791862    0.0267437     0.167986    -0.325081    0.0954441     0.380368      0.40946    -0.272361    0.0976514   -0.0603402     0.127228     0.219789   -0.0877953    -0.366647    -0.108826   0.00488975    -0.598998     0.298149    -0.428881     0.297793     0.052959     0.202407    -0.125403    0.0974675     0.409518    -0.229319    -0.254696    0.0759731   -0.0776456     0.174442
    0.480803      0.47712    0.0463629     0.370449    0.0559059     0.155674     0.273814     0.364216     0.116602   0.00140581    -0.404866    0.0592694   -0.0480969     0.112812     0.747779    -0.263538    0.0881012    -0.236383     0.204328    -0.082002    -0.339563     0.130779    -0.742531   -0.0346948  -0.00197547    -0.199374    0.0535196    -0.414664    -0.440391    -0.187198     0.126497   -0.0771479
    0.316487     -0.13358     0.113728   -0.0514528   0.00217766    -0.191866     0.115146    0.0207435    -0.595448    0.0287645    0.0572243    -0.368981      0.36514   -0.0341187     0.359662   -0.0467019      0.14416    -0.268085     0.073396    -0.498565    -0.212722   -0.0516119     -0.26836    0.0977938    -0.117108   -0.0349836     0.185982    -0.301804    -0.140449    -0.132412    0.0307349    -0.463999
   -0.123868    0.0357377       0.2208     0.591547     0.317398    -0.154229   0.00299503    0.0644001    -0.768766     0.198856    -0.678556    -0.190968    -0.236936    -0.426076   0.00863652    -0.109037     -0.17657    -0.139576   -0.0424647    -0.447284     0.498084   0.00850048     0.247542     0.369243     -0.14422    -0.300853    -0.214455    -0.277445   -0.0197098    -0.345712     0.239391    -0.502953
     -0.1297    -0.202703    -0.168147     0.309813   -0.0785165    -0.462734     0.458846   -0.0312332     0.167581    -0.698855     0.143178    0.0855708     0.545849     0.469907     0.315451   -0.0493984       0.5017    -0.209779     -0.47384     -0.45393    -0.322281     0.488628     0.476876     0.100155     0.311105     -0.19722    -0.233298     0.229904   -0.0624369      0.24569    0.0696008    -0.165929
   -0.229637   -0.0336554     0.557151   -0.0268278     0.116587     0.187399     0.148998     0.387313     -0.34999   -0.0147581     -0.15027    -0.221005     0.216916    -0.356099   -0.0340654    -0.409389     0.149714    -0.043791    -0.091653     0.224983    0.0141192   -0.0913826     0.297606     0.363811   -0.0629985     0.127053   -0.0718812    -0.127749     0.365521   -0.0593487   0.00744941    -0.026695
   -0.246579   -0.0404152     0.181849     0.350382    0.0981585     0.477982    -0.425583     -0.23601    -0.544345    -0.361868   -0.0480708     0.368122    -0.804339     -0.50651   -0.0434591     0.538754     0.713621    -0.268413    -0.210193     0.253972    -0.106974     0.385929     0.506148     0.228544    -0.353415     0.478123     -0.12881     0.595216    -0.170779     0.077215     0.154217   -0.0208311
    0.520704     0.591659    -0.632957     -1.05133     0.422163    -0.241581     0.470413     0.154368     0.448779     0.140998    -0.105411     0.600542    -0.417434    -0.915969     0.372231     0.201501   -0.0048091     -0.35001     0.211771    0.0983952     0.203821    0.0399129    -0.133468   -0.0641373      1.03749    -0.341676       0.6236   -0.0573159     0.293759    -0.119272     0.101877   0.00738438
   0.0352015     0.403727      0.76032     0.261812    -0.283665   0.00287471     0.161677     0.214441     0.114434    -0.014128    0.0196508     0.145096     0.104152     0.578361     0.195861    0.0369123    -0.228044     0.298745   -0.0743819   -0.0750731    0.0687078     0.551412   0.00642858     0.566881    -0.361457     0.118041     0.146406    -0.162978     0.590676    -0.132587    -0.363391     0.303418
    0.652906     0.911899     0.162376    -0.244697    0.0400859    -0.264231     0.176436    -0.120038      0.15262    0.0902301     0.171896   -0.0138446    0.0873885   -0.0938445    -0.492371    -0.280602    -0.537079    0.0610096    0.0870692    -0.143285     0.291635     0.120403     0.436532     0.581147      0.24903      0.26012     -0.48263    -0.308451    0.0639839    0.0747189     0.235103    -0.221465
    0.245828     0.137588    -0.370406     0.309512    -0.237759     0.297873   -0.0503943     0.271727    0.0939524    -0.302611     0.512293   -0.0310835    -0.324246   -0.0290704    -0.180131    -0.042581     0.161339    -0.377392    0.0959924    0.0121453     0.346653     0.228793    -0.119045    -0.102073     0.435303      0.13753     -0.11809      0.10846    -0.178843     -0.22199     0.223306     0.151504
   -0.526162    -0.285422     0.124835    -0.028253     0.349504   -0.0463122    -0.161766     0.590385   -0.0368739    -0.129045    -0.307147     0.572889     0.331558     0.171687    -0.212604    -0.160782     0.165443     0.447726    -0.149418     0.205417    -0.119724    0.0783079    -0.162239   -0.0470125     0.719994   -0.0411214    0.0226229    -0.178751     0.263523     0.323997    0.0356642    -0.673646
  -0.0977919     0.637125    0.0799413     0.191581      0.11575    0.0600603     0.706682     0.344444   -0.0239086   -0.0541676   -0.0056599   -0.0207336    0.0874477    -0.292044    0.0577827      0.03326  -0.00381181    -0.170865     0.209138     0.646701     0.351069      0.10995     -0.18376    -0.239477   -0.0950691   -0.0714589     0.414083     0.096918   -0.0135984     0.276582     0.447408     0.667587
    0.204985     0.144717     0.215758     -0.46509    -0.131258    -0.305525     0.139072     0.119616     0.164408    -0.188849    -0.119929     0.512288     -1.05416    -0.326679      -0.1296   -0.0916525     0.194097    -0.566295    -0.259843    -0.454907     0.201049      0.18101  -0.00594713     0.232495     0.682663     0.181018     0.210935       0.0517    0.0891503    -0.169326     0.454872   -0.0769302
  -0.0402933    -0.218876       0.1258   -0.0598591    -0.226819     0.257639   -0.0234426   -0.0325765     0.134451    -0.336101     0.358633    -0.161132   -0.0659249    -0.190901    -0.264894    -0.074053       0.1992     0.284605      -0.2967     0.113222    -0.315619    -0.192545     0.233394     0.219267   -0.0283648     0.237465   -0.0596074     0.813617    -0.126941   -0.0748311    -0.351871   -0.0647294
   -0.111706    -0.457355    -0.203382    -0.125954     0.301462     0.164803    -0.169802    0.0989797    0.0617013    0.0892952    -0.166179    0.0614475    -0.311668    0.0131996     0.389229    -0.031757     0.272446    -0.290845    0.0778054     0.300881    -0.233106   -0.0455582     -0.46376    -0.447137      0.22615    -0.389664     0.503944     0.232754    -0.243115   0.00785599    -0.316303    -0.263148
   -0.275466    -0.164968    -0.189478   -0.0708072     0.521339     0.102596    -0.586044    -0.221367   -0.0260607     0.225337    -0.324095     0.531562     0.137152     0.181649    -0.247907      0.33594     0.135545   -0.0835989     0.326938     0.163123    0.0013069       0.1586    -0.265935    -0.665515     0.205595     0.191973     0.585896      0.12815   -0.0369947    -0.262784    -0.210633   -0.0679598
   -0.274309    -0.448539     0.429258     0.622056    -0.293029    -0.422564      -0.4892    -0.907374    -0.433579    -0.156318     0.396523    -0.395293     0.358033     0.689128    -0.203022     0.336984     0.667489     0.403265   -0.0393054    -0.277704    -0.521639    -0.335579    -0.375801   -0.0732381     0.320804     0.230642  -0.00974891    0.0531381    -0.197535    -0.304232    -0.725734    -0.253177
    0.232428     0.778028    -0.590991     0.218174     0.118824     -0.46626     0.647719     0.150122      1.08517     0.150177    -0.494692     0.487216    -0.473312   -0.0120856     0.384114    -0.230291    -0.385765    0.0399311    -0.033414     0.455179 -8.31233e-05     0.387985    -0.332447    -0.706804   -0.0665908      0.11251     0.212333    -0.131801    -0.302185     0.654226     0.046369    -0.273723
    0.190089     0.285684     0.540159    0.0913799    -0.184056   -0.0728024    -0.389127    0.0478185    -0.825471    -0.174735   -0.0630564     0.184182     0.705034     0.510711     0.191539     0.472396     0.199644    -0.802861    0.0132069    -0.466518    0.0206145    0.0702284     0.132887      0.16624    -0.447885   -0.0596963    -0.163289     0.490968    -0.447294     0.161973     0.124346    -0.268083
    -0.23855     0.114309     0.740284    -0.441828    0.0546569    0.0921734   -0.0485511    -0.403356    -0.266635    -0.251659    -0.182086     0.269545     0.312387    -0.105652    -0.142421     0.436728      0.26035    -0.299469 -0.000987304    -0.252563     -0.26584   -0.0932689     0.127371     0.566513    0.0670312    -0.480816    -0.247366     0.104589     0.677095    -0.102221     0.255122   -0.0959056
   0.0535919      0.62082     0.522164    -0.182253    -0.758629    -0.472609     0.432282    0.0270972    -0.535467     0.249795  -0.00437956    0.0150966      0.14833    -0.310754     0.218322   -0.0729383   -0.0211995    0.0225104   -0.0954747    -0.259169     0.124576     0.216824   -0.0689584     0.267809   -0.0987307   -0.0774111     0.116135    -0.418794    0.0359177    -0.282802     0.158967    -0.302002
  -0.0696344     0.412114     0.278753   -0.0311634    -0.197976   -0.0542625   -0.0782301   -0.0989031   -0.0541717     -0.08887   -0.0199012      0.76704     0.419998     0.974697     0.231309     0.057268    -0.296618   -0.0012603    -0.725015    -0.124035    -0.175833   -0.0492717    -0.307776     0.337421    0.0341698    -0.168055    -0.560704    -0.290613    -0.124886     0.164858    -0.137287   -0.0629046
   -0.322077    0.0471793   -0.0554175     0.740085     0.555266     0.336586     0.141047    -0.381477    -0.247294    -0.145768     0.494244     0.514758    -0.343406     0.267108     0.512598    -0.377227    -0.227432     0.468286    -0.420606     0.154624    -0.459878    -0.282825     0.247271    -0.488366     -0.51766    -0.226747     0.211447      0.21363    0.0205534    -0.111979    -0.219782    0.0819006
   0.0320804    -0.509713    0.0281711      0.32066    -0.165859     0.386819    0.0750087    -0.827339     -0.10327     0.357966    -0.542036    -0.307276    -0.961684    -0.294914   0.00448438     0.335399    -0.251096     0.132274    0.0762802     0.377007     0.042538     0.211795    -0.245111    -0.175514    -0.265748    -0.315817     0.683464     0.335735    0.0130073     0.059228     0.360825     0.364749
    0.167312     0.379329    -0.291716   -0.0422958    -0.394479    0.0640686     -0.03295    -0.207469     0.644361    0.0798481     0.883942     0.312788     0.260951     0.560451    -0.352504   -0.0135662    0.0581062   -0.0982336    -0.443435     0.654547     0.160605    -0.203632     0.566492      0.23746    0.0357178    -0.253005     0.325758   -0.0144439     0.258842     0.131095  -0.00491563     0.418668
  -0.0812324    -0.131561    -0.290529     0.114006    -0.199231    0.0904452     0.427861    0.0563297  -0.00954109     0.157839    0.0856526     0.146585  -0.00885743     0.527915     0.243754    -0.234055   -0.0228862    -0.225158   -0.0119133   -0.0871028     0.132371    -0.327635    -0.340034    -0.314531     0.144093     0.268284     0.356529     0.343177     -0.25137     0.118654     0.144878     0.571982
  -0.0170966     -0.25739     0.290109     0.611714  -0.00161198     0.120026    0.0442597    -0.201696    -0.539026   -0.0145366     0.782867    -0.248766    -0.228156     -0.44905     0.423899     0.454965    0.0192599     0.103232    -0.142982    -0.170935    -0.235412    -0.464212     0.753743    -0.432475    0.0675293     0.274337     0.163654    -0.558671     0.293412     0.111468     0.108056    -0.132504
    0.211678     0.348859    -0.266321     0.245865    0.0664463    -0.245473    0.0651832    -0.021465    -0.170843     -0.19016     0.280447     0.735528     0.194886     0.065972     0.785168    -0.184645    0.0336368   -0.0115963    -0.390858     0.455385     0.143818     0.564936    0.0895093     0.142635   -0.0231887    -0.167408     0.338524     0.184636    -0.509027     0.372776   -0.0274257   0.00916261
   -0.356689    -0.111623     0.257235     0.305741     0.292519    -0.594887    0.0719054    -0.291914     0.347636    -0.618254     0.340351    -0.365978     0.348149     0.223291    -0.070705     0.147375     0.323472     0.607867    -0.271446    -0.315331    -0.252711      0.13523   -0.0747254    0.0997956     0.262804    0.0517306    -0.111934    -0.170139     0.313067    -0.030667     -0.68971      -0.6644
    0.333694     -0.28405   -0.0249907     0.363804     0.031621    -0.117138  -0.00510606     -0.17336    -0.235157    -0.226923     0.179928     -0.38055     0.648152   -0.0275675     0.129406     0.613285    -0.247435    -0.622226    0.0372734    -0.110234    -0.154712    -0.101663    -0.384609   -0.0612228    -0.325471    -0.123817     0.372144       0.3189   -0.0543379     0.230787     0.474555    -0.428585
