  -0.531881   -0.124937    0.521648    0.587513   -0.381766   -0.238009     -0.3386    0.336429   -0.669806    0.104778  0.00814983    0.477499  -0.0843007    0.307823    0.500222   0.0597841    0.216688  -0.0739359   -0.237735    0.349048    0.778824    -0.31754  -0.0719514    0.262919   -0.782922   -0.260431  -0.0107231   -0.319815   -0.713638   -0.133713    0.531704   -0.542427
   0.310584     1.07205    0.153586    0.717413   -0.815778   -0.408889  -0.0888755   -0.724356   -0.118644    0.471455    0.504557   -0.655195    -1.05893    0.177382    -1.09449   -0.505626    0.583623   -0.877519    0.995689    0.300073   -0.576623     0.41072  -0.0755627   -0.980335    0.950642    -0.86366    0.865496     0.43705    0.520867   -0.331153   -0.558305     1.03168
    0.46583    0.133572   -0.440642    0.461231    0.306921   -0.874939    0.798024     0.81328    0.336791   -0.327246   -0.131301    0.801807   -0.549707     0.35497   -0.180538    0.287127   -0.364743    -1.34928    0.133889    0.189232   -0.364101   -0.150459     0.71072   -0.443407    0.292635    -0.51613    0.367279   -0.730678    0.239217   -0.204557   -0.027436    0.185586
   0.566929    0.759996    0.851178   0.0825365     1.03044   -0.692145    0.840078     1.30589     1.02982   -0.413886   0.0104577      1.3689    -0.75628    0.129578   -0.348471   -0.988011   -0.397513   -0.939233   -0.158121    0.886372     0.10148   -0.755961     0.03712    0.172502    0.419431   -0.530229   -0.529122   -0.360891    0.661418    0.221328    0.270604   -0.306166
   0.470269    0.675889     0.23509    0.132662   -0.342369   -0.152181     -1.3157   -0.384878   -0.664602    0.340561    -0.67424    -1.00658   -0.278971  0.00357243    0.032063   0.0806787    0.265095    0.434645    0.285928    0.264107   -0.470579     1.46876   -0.707904    0.305881    0.655871    0.606952   0.0158384    0.325408    0.642808  -0.0915915   0.0280494   0.0971904
  -0.889289   -0.259711    0.386449   -0.633008    0.035228    0.187867   -0.465604    -1.68251   -0.299908   -0.772392   -0.360671   -0.862999   0.0622534    -1.40499    0.551852    0.269134    0.830012   -0.267705   -0.201402   -0.111104   -0.569052    0.770161   -0.759249   0.0749838   -0.457336     1.16787    -0.22595    0.910067    0.233423    0.371475    0.143377    0.359069
   0.521073  -0.0677455   -0.157169   -0.539709   -0.576653    -0.24313   -0.752761   0.0956852    0.716704  -0.0351457    0.161112    0.978778    0.578546    -0.47136      1.3078    0.518256   -0.531205    0.285663  -0.0155232   -0.132501   0.0905161  0.00601188  -0.0400546   -0.318508     -0.3755    0.649902    0.646806     -0.2669   -0.528217   -0.183777    0.686524   -0.591446
  -0.238636    -1.35069   -0.887075    -1.89041   -0.435628     1.03654   -0.175305    0.191659    0.760534   0.0645904   0.0305397      2.1838     1.22751   -0.562492   -0.506351    0.878019   -0.467746     1.12218    -1.37154    0.959975     1.08386   -0.482494     -1.2305    0.326713     0.45629   -0.128924    0.239613    -1.68003   -0.354864   -0.475566    0.201467   -0.900483
  -0.531398     0.29226   -0.653829    -1.25664    -1.11858    0.383261   -0.279506    0.709368  -0.0344718    0.382256    0.590654    0.355976    0.642907   -0.278846    0.426048     1.12156   -0.716152   0.0408499    0.287124 -0.00499466    0.472746   -0.120351   -0.117443    0.175977    0.183467  -0.0432198    0.404022   -0.459861    0.108381   -0.310073    0.180639     -1.0318
    1.57099   -0.248661   -0.140376   -0.286268   0.0507503   -0.187138    0.456591   0.0345562   -0.195721   -0.258656   -0.626732    0.630349   -0.826372    0.641506    0.123776   -0.807883    -0.04325   0.0400067    -0.66271    0.452173    -0.70947    0.313348   -0.619908    0.566301    0.480354   -0.542078    -1.13871   -0.786268     0.30804    0.632326   0.0838338    0.825781
  -0.520534    0.476065   -0.802053     -0.6291    -1.31136    -1.60921   -0.576394     0.13033   -0.499651    0.796281  -0.0624986  -0.0250375    0.343166     -1.0962    0.231923     1.31467    0.256647   -0.632317  -0.0112156    -1.30016    0.118198    0.319672    0.823751   -0.201622   -0.113637     1.13808   -0.504458   -0.144536   -0.201904   -0.235386    -0.45977   -0.144125
    -0.7736    -0.29679    -1.26646    -2.42053  -0.0364049    0.906861  -0.0365687    0.143575    0.339316   -0.354588    0.616155   -0.328903     2.08289  -0.0230815    0.695739    0.647622   -0.715493    0.660665   -0.554589    0.564205      1.0732  0.00252942    0.137177   -0.775948   -0.677297     1.20683  -0.0534682      -1.233   -0.589949   -0.441735    0.619896   -0.647072
  -0.139505    0.144341  -0.0275318    0.348784   -0.246358     1.57478    0.642374  -0.0289965   -0.741907    0.398964  -0.0709486   -0.358158     0.60596    0.294682   -0.174597   -0.452965    -1.02601    0.825389    -0.45508    0.731102    0.231251   -0.119276   -0.161976   -0.325763   -0.247217    -0.12947   -0.139031   -0.336241   -0.501687    0.272613   -0.869074   -0.365777
    1.12985   -0.263481   -0.216743    0.376412   -0.547185   -0.414904     1.77034     1.12776    0.221782   -0.923219    0.120886    0.987275   -0.263518     0.37549      0.4065   -0.551855   -0.982657    0.275469    0.597967    0.217968   -0.131229   -0.489536   0.0606399   0.0801935  -0.0258666    -1.58245    0.161477     0.38508    -0.60873   -0.371284  -0.0259836    0.710097
   0.219018   0.0721232   -0.358525    0.304022   -0.231714     1.70818    0.662092  -0.0297995   -0.581533    0.384873   0.0443964   -0.263619    0.624115    0.627963    -1.16186   -0.370956  -0.0887379   0.0604059     0.30923    0.271522   -0.209899   -0.447088  -0.0353884   0.0296598  -0.0264565     0.12345    0.585714   -0.587411    -0.58414   -0.124458     0.27588   -0.221989
   0.206487   -0.440681    0.111736   -0.734378   -0.964787   -0.410268   -0.554994    0.162785   -0.182186    0.164352   -0.459111    0.425539    0.281513   -0.622545    0.196429    0.675413   -0.366163    0.888971   -0.233564    0.133616    0.499648    0.118839   -0.346615    0.135108   -0.273274    0.667685   -0.177616   -0.545155   -0.189485    0.264626    0.451471   -0.369127
  -0.136715    0.673129   -0.351102    -0.31673   -0.221891    0.951458   -0.471958    -1.46424    0.543708   0.0615803  -0.0612955    0.286802    -0.18545  -0.0104326    -0.11579     -0.6843   -0.144728    -0.35737    0.608116   0.0957232   -0.119861      0.8185    0.163176  -0.0956325  -0.0111701     0.20372  -0.0486003     1.29655    0.265625  -0.0462711    0.214196    -0.10262
   0.198024   -0.365004   -0.161703     0.20589   -0.966224    0.576477    0.755351   -0.667383   -0.476815   -0.120469   -0.616164    0.104223    0.316857    0.324409   -0.123416   -0.223731   0.0935016    0.425276    0.237605   -0.343243  -0.0695999   -0.249191    0.406772    0.175114    0.284379   -0.913791   -0.721572   0.0821691   -0.996988   -0.230485    0.535167    0.206296
   0.124931    0.549611    0.957277    0.524492    0.342164     0.56676   0.0119518    0.988264    0.878623   -0.187158    -0.64713  -0.0749732    -1.00693    0.379676   -0.567795   -0.175531   -0.396701   -0.510815   -0.482231     1.53766   -0.335405    0.341799   -0.863595    0.473112  -0.0670712   -0.971856    0.389334     1.16554    0.640935   -0.855972   -0.330946   -0.284882
   0.203805   0.0645377    0.456002   -0.302445   -0.127868   -0.743946     1.28604     1.81704    0.983082     0.45229   -0.210133     1.76197    0.448663   -0.506722    0.721546   -0.304323   -0.647464    0.370199   -0.347615   0.0952789    0.458048   -0.285301   -0.630086     1.44139     0.29845   -0.680119   -0.482894    -1.18725   -0.279599    -1.07094    0.250323   -0.640975
  0.0731414    -1.04409   -0.234638   -0.944326  -0.0476117     1.20026     1.21582    0.100681   -0.205274   -0.280038  -0.0173609 -0.00680197    0.195038    0.656213   0.0679168    0.539906   -0.534822     0.25863   -0.103963     0.88428    -0.23544     -1.0283     0.57185   -0.192182    0.229065    0.535148    0.106531   -0.992074   0.0361693    0.385178  -0.0386035   -0.153404
  0.0123849      1.0326    0.703978     0.86631  -0.0943229    0.499928   0.0189384    -1.06238   -0.510289    0.252988     -0.1849    -1.07727   -0.125086   -0.115414   -0.643621   -0.707396     0.33164   -0.454819    0.838656  0.00447001   -0.801012 -0.00523455    0.471969   -0.859722     0.81796   -0.411221     0.53956    0.623934   -0.209713   -0.116976    -1.19671    0.740437
  -0.112792    0.539917    0.439411   -0.330218    0.206348  -0.0781311   -0.781079    0.514335    0.105381   -0.250732    0.439773   -0.310824   -0.552532   -0.500021    0.309124    -0.34692 0.000832365   -0.310025   0.0701408    0.514804   -0.893185   -0.115902   -0.571597  -0.0261906    0.244359    0.143156    0.673164   0.0171326    0.252262   -0.150825  -0.0920324    0.319874
  -0.314394   -0.904835    0.222441    0.259657     0.11415    0.661016     0.29578   -0.198044   0.0303653   -0.362196   -0.215984    0.285026    0.777601   -0.357237    0.567973    0.228382    0.189075   -0.214402   -0.308246     0.23389    0.584681   -0.232351   0.0467637   -0.304492   -0.465639  -0.0599783    0.540452    -0.73623   0.0118631    0.282894   -0.106037   -0.597471
  -0.183062   -0.584162    0.330252     0.54422    0.349798   -0.658134   -0.571825    0.494572    0.052851   -0.635334  -0.0744999   -0.319444  -0.0747145    -0.49089   -0.539089    0.278577   -0.590096   -0.522441   0.0469461    0.645799   -0.211662   -0.591975   -0.487282   -0.620532   -0.168848     0.16897    0.698081    0.229884    0.768783   -0.113067     0.71494   -0.803649
   0.309826  -0.0771237  -0.0367956    0.663071   -0.550669    0.915281     1.00718   -0.928269   -0.827778    0.805828    -1.32235    -1.17586   0.0223596     0.43821     0.27328   -0.716214   -0.498273     0.40651    0.537436   -0.516776   -0.439533    0.346465    0.193187    0.786404    0.555091   -0.350551   -0.538859    -0.15038    0.257525    0.726323   -0.139945    0.351086
  -0.600045    -0.60749    0.347995   -0.220111   0.0570375   0.0763236   -0.334149     1.37911    0.197243  -0.0240532   -0.300886   0.0298369    0.183153   -0.552073   -0.759252    0.674796   -0.379496   0.0547186    0.156929    0.343238   -0.312167   -0.491885   -0.340992    0.714757   -0.152455   -0.187265      1.8475   -0.263991    0.173321    0.134768    -0.38745  -0.0359252
   0.710748    0.937484   0.0754495     1.40159     1.30778   -0.352237     0.61286   -0.458826    0.695618   -0.314455     0.35219   -0.274335    -1.11914    0.528246   -0.647362   -0.650515    0.771346   -0.994308     0.41296    0.471047   -0.469424     0.14206   -0.173617   -0.302223   -0.222061    -1.05837    0.787618     1.00385    0.836314    0.343554    0.203067    0.273555
   -0.44735   0.0185867    0.149622  -0.0585504  -0.0781022    0.129504 -0.00471936   0.0219994    0.277499    0.427408   -0.292866    -0.32614   -0.495394      0.1706    0.189601   -0.141909   0.0395428   -0.509603    0.177191    0.384278    0.292733    0.516293  -0.0974841   -0.165071  -0.0183072   0.0836004    -0.42943   -0.680081    0.133413    0.257159   -0.489429    0.300641
   0.525464    -1.13992   0.0846192    0.335184    0.376343   -0.918576    0.160576    0.243153   -0.360943   -0.478917    -0.48484   -0.870591   -0.777848    0.293956     0.10893    0.657373   -0.467602   -0.693331  -0.0685045   -0.487322    0.376183    -1.21233    0.746321     1.26948    0.310248    0.190916   -0.602494     -1.0875    0.458413    0.490559    0.310276    0.170378
   0.966087   -0.433233    -1.52101   -0.605318   -0.206962    0.329906    0.975676  -0.0989748    0.864272   -0.975262   0.0406828    0.247884    0.173224    0.742075    0.125515    0.624926   -0.839669     0.62555    0.141941    0.330538    0.226134   -0.587203   -0.298419     1.20138    -0.39407   -0.424759   -0.078087  -0.0584144   -0.494503    -0.23751    0.803319   -0.295409
  -0.143284    -0.49578    0.708962    0.410431    0.345756  0.00104372   -0.231877   0.0313017    0.239686    -1.16151    0.186486    0.375869   -0.260504   0.0625526   -0.470972    0.637389    0.108412    -1.17537     0.44695     1.10354   -0.335483   -0.865812    0.112918   -0.389517    -1.00663   -0.553042     1.29236    0.782379   -0.123212    0.738024   -0.360096   -0.265976
