  -0.114007
    0.24931
   0.161882
  -0.318415
   0.246023
  -0.250483
  0.0379639
   0.586657
  -0.149913
  -0.394977
   0.091016
   0.139127
  -0.108222
   -0.51188
 -0.0555165
    0.85229
  -0.107645
   0.435074
  0.0219839
  -0.704442
    0.29192
   0.245007
   0.485883
   0.848808
   0.501065
   0.109449
 -0.0173986
   0.138308
  0.0420912
  -0.666201
   0.238123
  0.0190108
 -0.0170403
   0.428369
  -0.406836
   0.256516
   0.306541
  0.0575548
-0.00133282
  -0.228625
   0.108331
  0.0988469
   0.148226
 -0.0920149
    -0.2708
  -0.411163
   0.144594
   0.130056
   0.399183
   0.222606
   0.355006
   0.833003
   -0.16942
  -0.986005
   0.318992
   0.456826
   -0.41999
   0.848865
    0.31221
  -0.364606
  -0.177104
 -0.0194462
   -0.32145
  0.0747354
   0.129416
   0.198482
   0.114872
  -0.396246
   0.466039
  -0.960221
 -0.0458274
  -0.101571
 -0.0167636
  0.0469239
  -0.324031
   0.236312
   0.194989
  0.0365772
   0.337936
  0.0939914
   0.420025
   0.462738
    0.37671
   0.338427
  -0.386448
   0.137027
   0.141943
  -0.410435
  -0.110635
    0.37213
   0.195178
  0.0610069
  -0.108936
   0.602172
  -0.350653
  -0.285563
   0.159884
  -0.259215
   0.796508
   0.726244
  -0.370255
   0.363811
  -0.246939
  -0.290115
   0.272243
  -0.286939
  0.0860443
  0.0308657
  -0.181947
   0.055838
 -0.0399179
   0.238405
  0.0854442
  -0.271895
  0.0106545
  -0.318188
   0.233648
   0.937377
 -0.0233229
  -0.378502
   0.889149
   0.257498
  -0.740456
-0.00587197
   0.482481
-0.00182842
  -0.021608
  0.0732181
