-0.685532
-0.902023
-0.766801
-0.706572
-0.866236
-0.926395
-0.898426
-0.432677
-0.702975
-0.740021
-0.595238
-0.982579
 -1.06018
-0.608239
 -1.02058
 -0.88266
-0.971833
-0.798476
 -0.66054
 -1.09402
-0.780843
-0.708847
  -1.2113
-0.735077
-0.933559
-0.922132
-0.880166
 -1.05205
-0.917231
-0.622531
-0.710584
-0.711148
-0.802239
-0.760044
-0.802839
-0.604798
-0.602215
-0.705881
-0.879852
-0.825317
-0.799654
 -1.18291
-0.837695
-0.969392
 -1.03677
-0.719536
-0.923005
 -0.70811
-0.940151
-0.660817
 -1.10724
-0.896872
-0.845891
-0.696912
-0.911001
 -1.04942
-0.568077
 -1.22903
-0.695001
-0.671001
-0.797874
-0.974338
 -1.36292
-0.925743
 -1.05444
 -0.94596
 -1.05971
-0.959098
-0.786043
-0.989896
-0.833143
-0.820422
-0.968335
-0.921887
-0.716162
-0.898238
 -1.06561
-0.877132
-0.867827
 -1.06826
 -1.14217
 -0.88118
-0.883295
-0.676843
-0.808193
-0.859117
-0.816849
-0.695779
 -1.58914
-0.825399
 -1.08033
-0.768919
  -1.0328
 -1.19058
-0.693667
-0.838894
-0.745871
-0.792962
-0.636362
 -1.08629
-0.541059
-0.701166
 -1.16254
-0.421152
 -1.03128
 -1.06638
-0.629752
-0.989651
-0.683529
 -1.15611
 -1.09203
 -0.95484
 -0.72625
-0.721412
-0.959796
-0.625441
 -1.07582
  -1.1179
-0.591554
-0.847642
-0.781031
-0.766348
 -1.13425
 -0.61383
 -1.24641
  -1.0455
-0.920282
-0.907015
