  -0.0688407    -0.617713    -0.821534    -0.886315    -0.386499      1.60543    -0.200506    -0.274276    -0.387322     -0.28353     0.879535    0.0332048    0.0764735     0.136517     -1.30688    -0.159005   0.00922367     0.163791     0.161426     -1.31049    -0.105081     0.487083     0.688761     0.504056    -0.090373    -0.278382      1.47086     0.652745    -0.418333    -0.283498   -0.0873183     0.542448
   -0.180261   -0.0911721     0.122797    -0.448727     0.116649     0.627526    -0.369292    -0.183653    -0.519966     0.133669     0.218427     0.225979   -0.0655315    0.0623713     0.164353   -0.0543709    0.0404143     0.542405     0.463781    -0.341294    -0.119207   -0.0119608   -0.0576671    -0.382928     0.306714     0.195624    -0.227515     0.158892     -2.08904    -0.570323   -0.0078916   -0.0845843
   -0.196768     0.351118    -0.398968    -0.222401    -0.230609    -0.164099    -0.566462    -0.173106    -0.394841     0.243142    -0.118425     0.230119     0.329264     0.285304   -0.0810707    0.0604864     -0.23269    0.0710748    -0.195497    -0.246423     0.248044     0.506226    -0.100738    -0.490605   -0.0391022   -0.0595616     0.579506     0.184858     0.750306   -0.0493978     -0.11508     -0.33633
  -0.0399549   -0.0786593    -0.430803    -0.605496    -0.249431      0.12413     -0.52801    -0.159109     0.357242     -0.21718   0.00654001      0.20307     0.159495    0.0342836     0.394627     0.259024    -0.115833    -0.154801   -0.0121844    -0.627609     0.430468     0.716806      0.66266    -0.258296   -0.0199961     0.419434     0.438221     0.279042    0.0381463    -0.120994    -0.227992    -0.294347
   -0.111746    -0.166867      1.10655     0.959799     0.232224    -0.434608     0.514664     0.517171    -0.363622    -0.172313    -0.731729     0.305777     -0.30174     0.161942     0.118295     0.306136    -0.405782   -0.0950542     0.216879     0.160126    0.0678253    -0.323771     0.751633    0.0238721    -0.235823    -0.163482   -0.0402274    -0.181609     -0.24159   -0.0434201     -0.33949   0.00740396
  -0.0692339     0.243035    -0.350098    0.0973842     0.278818    -0.223161    -0.169868      -1.1516    -0.015784    -0.458935    -0.811317    -0.330479    -0.414027    -0.127844     0.195097      0.35624     0.308188    0.0737433    -0.567963   -0.0473403    -0.613437    0.0934619    -0.302938  -0.00581989     0.190775     0.309159    -0.798496     0.908965    -0.227175     0.195315   -0.0358695     0.173821
   -0.519059    -0.428453    -0.212364    -0.282907     0.156174     0.211399  -0.00853044    0.0521045    -0.546901    0.0876028    0.0431491     -0.11818     0.260388     0.119598     0.460933    0.0270968    0.0550615      1.03708    -0.113368    -0.378565     0.281787     0.340683     0.376524    -0.234625    -0.433694     0.904098   -0.0705575    -0.182191    -0.216694     0.631439    -0.011921   -0.0713409
    -0.14068    -0.140146   -0.0951574   -0.0705196      0.48748     0.776595     0.836135    -0.730271     -0.47818     0.756252     0.155661     0.157156    -0.530859      0.63215    -0.232426    -0.596892     -0.19042      1.03538     0.477456    -0.335482   -0.0921496     0.108096     0.854534    0.0869259     0.219319    -0.583314    -0.310248     0.602664     -1.11499    -0.188017      1.36038   -0.0600804
    0.108414     0.224967     0.169631     0.312036    -0.272573    -0.180094    -0.498562    -0.252889    -0.379152     0.371175  -0.00868155    -0.793167    -0.302516     0.486412    0.0665116    0.0528866   -0.0223656  -0.00701777      0.36507    -0.247625    -0.317175     0.355917   -0.0412858    -0.370106    -0.251303     0.481274     -1.19581     0.274392    -0.298808     0.032891     -0.11673     0.240271
  -0.0712916    -0.208352    -0.406524    0.0926015     0.453586     0.900359    0.0306627    -0.638058    -0.763847     0.319028    0.0192778     0.136811    0.0579949     0.180825    -0.543974    -0.156336     0.258473    -0.189844    -0.233747   -0.0926274     0.561051    0.0431902     0.598815    -0.322775    -0.134317    -0.202112    -0.101256     0.187238    -0.921102    -0.161873    -0.177958     0.135476
    0.495104     0.114057     0.249379    0.0236935   -0.0424783     0.406476     -0.26196     0.164293      -0.1615     0.170899     0.663893    -0.270349     -0.76943      0.18046    -0.539592     0.320907    -0.153295     0.282444    -0.241734      1.09332    -0.682594    -0.480271     -1.04206     0.462878     0.511284    -0.525339    0.0773344     0.032281     -0.39522     0.138068     0.764995    0.0618327
   0.0780275    -0.561251    -0.132285   -0.0887625    -0.221721     0.018695    -0.511557     0.309808     0.398064     0.200312    -0.038703    -0.851385     0.525052   -0.0835865     0.248277    -0.177692    -0.417769    -0.358675      0.53292     0.105237     0.204083     0.267959      -0.2296     0.344089     0.149606      0.47733     0.544907    -0.516762    -0.308194     0.118173    -0.725228    -0.220707
   -0.124717     0.624818    -0.265005     0.190931     0.206386     0.243592      0.30416    0.0887467     0.252385     -0.21541     0.292268     0.509953     0.225243     0.207253    -0.453747    0.0543832     0.327217    -0.279912    -0.148052     0.264682     0.444813     0.395028    0.0093799    -0.421116     -0.37039    -0.821336     0.268529     0.229842     0.565652    -0.409496    -0.319546     0.223497
   0.0931001    0.0733629    -0.197025      0.34702     0.229842     0.262016     0.249829   -0.0635146      0.16732     0.184179    -0.175124     0.294377    0.0403908   -0.0835713    -0.162275   -0.0151401    0.0829737    -0.648943    -0.195373    -0.260572  -0.00506593    -0.166031      0.18444   -0.0428453     0.249696    0.0447904    -0.187597    -0.136994   -0.0454551    0.0466062     0.246531    0.0942163
    0.201351    -0.306557    -0.135687    -0.246006    -0.387082     0.743642    0.0763657     0.456449     0.132872    -0.279016      0.17762     0.681388   -0.0816029     0.319041    -0.628569      0.41228    -0.542289     0.344237    -0.183675     0.696257     0.402453    -0.586123   -0.0447048     0.776645     0.603784    -0.527865    -0.138141    -0.328378    -0.435139     0.194134      0.31414    -0.529892
    0.281195    -0.366333     0.112935     0.317965     0.656193    -0.372778    0.0831099   -0.0386375   0.00320839    -0.286821    -0.245093     0.219788     0.162615    -0.338856     0.149082     0.363267    -0.426293    -0.151719    -0.372928    0.0521041   -0.0671529    -0.357664    -0.210632     0.113253       0.1932    -0.267134     0.641601    -0.594265      1.17118     0.399568     0.325928     0.333309
    0.125243    -0.479721    -0.177238    -0.447405    -0.424994    -0.506235    -0.530465     0.226531    -0.137126    -0.267328    0.0776761     0.685247     0.584612    0.0146579     0.426085     0.213493   -0.0967342     0.383937    -0.234299    0.0226318     0.509243    0.0370889    -0.302459   -0.0378058     -0.58439     0.631698     0.343142    -0.284534  0.000686176    -0.104212    -0.104729    -0.634524
  -0.0802679     0.046746     0.320516     0.473013      -0.3546    -0.130803    -0.148362     0.279247    0.0734471     0.109044    0.0784449     0.113279    -0.420245    -0.151613    -0.460842     -0.39987   -0.0407755    -0.507115   -0.0554271     0.583635    -0.221712    -0.364944     -0.25051     0.379562     0.117363    -0.469099    0.0317303     -0.22492    -0.226838     -0.10183   -0.0206979    0.0367173
    0.335528     0.186791    -0.357009     0.166625    -0.336325    0.0732689     0.251799    -0.151845     0.432376     0.224019     0.109414    -0.136727     0.245209    0.0971232     0.223528     0.508985    -0.400506     0.255838     0.169811     0.266644     0.732176   -0.0115535    -0.308283   -0.0718254     -0.45815    0.0962473     0.395525    -0.381877    0.0322598    0.0525857     0.134088    -0.152297
    0.152032    -0.171504    -0.422506    -0.464476    -0.443143     -0.51282    -0.532677  -0.00996011    -0.639893   -0.0675645   -0.0846274     -0.13017    -0.392171     0.237337    -0.140769     0.179971    -0.395594     0.807342     0.344847    -0.219152     0.180804      1.08785     -0.05647     0.431848    -0.135755     0.408211    -0.532206     0.207882   -0.0331277    -0.326951    -0.227053   -0.0799578
   -0.273779    -0.806451    -0.575003    -0.336929       1.1214     0.796378     0.467887    -0.531613    -0.630534    -0.068872     0.012917     0.420962   -0.0733983    -0.386274     -0.60528     0.291019     0.111345    -0.745731    -0.495768    -0.118316     0.436622    0.0529189     0.299517    -0.148551    -0.540533     0.178002   0.00368481    -0.481314    -0.688135     0.705175     0.394693      0.43396
   -0.161032    -0.510053    0.0784609     0.148122    -0.340543    -0.313396     0.368727    -0.369481     0.441915    -0.196456     0.339324     0.121992     0.293616    -0.275122     0.409454    0.0575071    -0.130737     0.179922    -0.049337     0.196637    -0.188393    0.0947989    -0.183737    -0.101469    -0.508559     0.285508    -0.763149   -0.0789694    -0.941047    0.0419882    0.0739757    0.0615036
  -0.0125138     0.139308     0.057349    0.0436795     0.226469     0.149036     0.541809   -0.0551967     0.146207    0.0471678    0.0634945    -0.011939    0.0696132    -0.288454    -0.291647    -0.511326     0.169297     -0.45732     0.273622    -0.332186    0.0429188    -0.127388  -0.00314161   -0.0844202     0.150902    -0.131276 -0.000813492    -0.175787    -0.128981    -0.576159    -0.177135     0.410709
  -0.0786863    -0.398855    -0.577729     0.380247     0.673078    -0.210625     0.370504     0.320097     0.062611   0.00602255    0.0334015    -0.371925     0.421671    0.0348808     0.641355     0.178025    0.0337479   0.00689789    -0.169535     0.308813    -0.127976    -0.191975    -0.743076     0.188886    -0.209305      0.15642   -0.0579192    -0.445295     0.198982     0.359221    -0.356289    -0.293299
    0.150353    0.0270155     -0.65169   -0.0666634     0.111853     -0.41134    -0.159961     0.463643     0.282552    0.0145222   -0.0717437    0.0212344     0.153964     -0.29073     0.113262     0.030371      0.38854     0.316487    -0.565657     0.351075    -0.433794    -0.353165  -0.00432924     0.314024     0.303243     0.585781    -0.102573    -0.555516     0.615264     0.335261     0.418432    -0.293346
    0.263907    -0.480149     0.482668   0.00248302    -0.229372     0.425646     0.711783     0.496485   -0.0629592    -0.111365    -0.133407     0.912084    -0.466641     0.358127   -0.0868852    0.0647191    -0.455711   0.00615476    -0.437383     0.582882     0.561244     -1.32683    -0.203268     0.607061     0.607327    -0.610754    -0.357694    -0.205188    -0.931097     0.178087      1.70978    -0.256638
     0.48708   -0.0146963    -0.201691    0.0805507    -0.149445     0.028688   0.00497521    0.0423085    0.0655455    -0.360129    0.0430743    -0.463678     0.192857    -0.152901     0.243236   -0.0853127      0.05663     0.275686     0.278778    -0.347693     0.227024   -0.0995642    0.0497171    0.0553687     0.172542     0.384209    -0.437882    -0.132458     -0.16411     0.203037      -0.1603    -0.147925
  -0.0174766     0.135276     0.119051    -0.360508    -0.133197    -0.403005    0.0455248     -0.18255    -0.045063     0.202169     0.261047     0.317442    0.0223945   -0.0683481     0.203679     0.353258     0.404297   -0.0755861   -0.0736854   -0.0538599     0.252319     0.594131    -0.154364    -0.134532   -0.0139697      0.30392   -0.0943813     0.122834    0.0422766     0.053215    -0.127666    0.0234577
   -0.446079     0.283549     0.751458     0.580737   -0.0650536    -0.298805     0.513981    -0.169868   0.00999433     0.418596     0.152326    -0.337906    -0.522388     0.230575    -0.390941    -0.499279    0.0896658    -0.422627     0.144274     0.194536    -0.113662    -0.125832     0.137919    -0.406182     0.350786    -0.741069    -0.217475     0.348021     -0.62635     0.461385    -0.156405     0.211606
   -0.148065    -0.534704    -0.158015    -0.358114      1.09006    0.0371648     0.156208    -0.218621    0.0960764      0.24968    -0.481626     0.484311     0.399343    -0.488326    -0.129976     0.456524    -0.272788    -0.712681    -0.311957    -0.407979     0.367735     0.201911      0.29344    -0.340638   -0.0965853     0.270851     0.143732    -0.278504     0.318607   0.00528983    0.0236223       0.1351
   -0.134347     0.273586    -0.136353     0.282788   -0.0178628    -0.298557   0.00297029      0.57962    0.0577798     0.071779     0.179374     0.180797    0.0920959   0.00402574     0.244322     0.049264     0.168192    0.0761469   -0.0926933    -0.435484     0.399777     0.103092   0.00805318      0.18786    -0.082467    -0.583761    -0.614293    -0.196766    0.0715735   -0.0138167     0.336768     -0.34719
      0.1568    -0.412039     0.194002    -0.311742   -0.0748108     0.842768     0.745395     0.238714    -0.607466   -0.0797637     0.522706    -0.179267   -0.0691887    -0.167274     -0.42589    -0.341166    0.0663928     0.490275   -0.0328458   -0.0604402    -0.026033     -0.23158    0.0275127      0.24099   -0.0126327    -0.170846     0.165763     0.192416    -0.666013    -0.501811     -0.16922     0.163286
     0.10958    -0.243613   -0.0250259     0.257988    0.0806866    -0.380406    -0.260308    -0.635303    -0.335029    -0.171217     0.148631    0.0546072    0.0274605    -0.295629     0.123071   -0.0702314    -0.226367     0.242227     -0.33997    -0.561883     0.293856     0.516887     0.865389     0.239119    -0.210459     0.277473    -0.705884    -0.250951    -0.397663    -0.190387     0.121022    0.0967034
   -0.123869    -0.307073     0.503441     0.478126     0.627581    -0.118775   -0.0398572   -0.0308182    -0.332082     0.567502    -0.171556    -0.371235     0.302599     0.364918     0.171911    -0.450399   -0.0208909    -0.498559   -0.0186398     0.168784    -0.129624     -0.41033    0.0123481    0.0418099   -0.0344841     0.570738    0.0369589   -0.0384904    -0.640428    -0.372402     0.200108     -0.35595
   0.0565494     0.180689    -0.280717    -0.261741    -0.503746    -0.317938    -0.678105    -0.679959     0.212128     0.156629       0.5445    -0.144152    -0.424989    -0.522761     0.754054    0.0283752     0.296803     0.126878     0.144868    0.0342666    -0.165904     0.114395    -0.562575     0.317867    -0.356702     0.209482   -0.0467275     0.180609    0.0895212    -0.104336   -0.0341063    -0.191642
   -0.467537   -0.0459656    -0.499832     0.617552    0.0371297    -0.131352    -0.321014     0.478532     0.224508    0.0122595     0.333244    -0.451921   -0.0817693    0.0805182    -0.652812    -0.377963   -0.0128204    -0.124244     0.428994   -0.0479117    -0.924038    0.0711008     0.577208    -0.395038    -0.157326    -0.147741     0.274255     0.851758    -0.495523    -0.479595     0.211316     0.440591
   -0.278326    -0.629024    -0.236042   -0.0225922    -0.114907    -0.682859    -0.229462   -0.0541526     0.238992    -0.444683      0.07424    0.0216641    0.0610783    -0.201814    0.0424291     0.456115     0.311445    -0.253747    -0.251087    -0.139696    -0.192514    -0.280615     0.479917    -0.106629     0.261611     0.255865    0.0780096    -0.302908      0.60004   -0.0340916    0.0454846    0.0709933
   -0.653333    -0.192098     0.540045    -0.121922     0.275027    -0.401817    -0.221121     0.641788     0.142421     0.412389      1.00691     0.816861     0.375525     0.123896   -0.0610967    -0.220652    -0.262918   -0.0461409    0.0600991    -0.256943    -0.302051    -0.603032     0.674884    -0.502696     0.299085    -0.453489     0.708627     -0.26544    -0.219508    -0.416299    -0.140473    -0.509212
    0.291784     0.286579    -0.295909    0.0259616     0.067623     0.296367  -0.00221376   -0.0555822     0.225298    -0.149686     0.335721    -0.182818   -0.0996319     0.348686    -0.345507   -0.0216997     0.184463    -0.418494    -0.140183    0.0651838    -0.458909    -0.135502    -0.109292    -0.038656   0.00163442   -0.0343855   -0.0689663     0.133658     0.176653     0.262552    -0.195789     0.280387
   -0.190221     0.227009     0.400187     0.374526    -0.363359    -0.907919    -0.218376    -0.310031     0.447655    -0.252712     0.229966      0.38355    -0.187916    -0.533273     0.437092     0.205881    -0.249131     0.236447   -0.0966432    0.0851599    -0.270321     0.157133    -0.190779    -0.160552     -0.23047     0.571554    -0.074084     0.338141     0.865953   -0.0308737     0.447296    0.0499586
    -0.31958     0.115912     0.610433     0.447798     0.271788    -0.271132    0.0518152     0.124317     0.102297   -0.0884193    -0.135638     0.109192    -0.474895    0.0948674   -0.0972189    -0.221197     0.680539   -0.0469507     0.138704     0.577994    -0.161603    -0.146231    -0.238348    -0.243206    0.0345888    -0.140245     0.210137     0.283654     0.765288   -0.0257075    -0.595159     0.281556
    0.198955     0.055864    -0.279907     -0.15864    -0.304108     0.418707   -0.0158204    -0.271576    -0.705307     0.245911    0.0725941    -0.505461    -0.384733     0.326237    0.0998693    0.0719046     0.326978     0.964726   -0.0137269   -0.0680613    0.0407298     0.432803     0.127537     0.502687     0.135655    0.0572008    -0.614438     -0.30968    -0.567329  -0.00994805    -0.478074    -0.143387
   0.0118294     0.625441    -0.025908     0.692708     0.166059    -0.757394    -0.261904     -0.35252     -0.22977    0.0218101     0.299768    -0.105495    -0.126796   -0.0670554     -0.41323    -0.260414     0.534588    0.0345514    0.0208182    -0.618291    -0.236055     0.381858     0.279304    -0.698883    -0.321046   0.00917195    -0.412271    0.0549472     0.282106   -0.0103188    -0.902077   -0.0405504
    -0.51828    -0.210914     0.697554     0.589148    -0.570352     0.817955    -0.243464    0.0383773    -0.136318    -0.784441      0.44097    0.0399841     0.869525     0.414028     0.381808    -0.450428     0.175881     0.450397     0.146303     0.347476     0.665141    -0.365269     0.734349     0.504292    -0.197107    -0.519732    0.0722923    -0.637164     -1.15271    -0.280189    -0.470504    -0.621187
   -0.501543    -0.323529     0.818317     0.620901    -0.211382      -0.9507     0.772173     0.597793      0.19644    -0.651903     0.990788     0.721183     0.276392     -0.52541     -0.23204    -0.248637    -0.332005    -0.679777    -0.961078    -0.454278     -0.21945    -0.600141     0.368755    -0.195195    -0.245106    0.0316664   -0.0935369   -0.0503129    -0.640312     0.539521      0.33059    -0.527989
   -0.610051      1.16409     0.116763    -0.306346     0.252786     0.295208       0.3761     -1.35467     0.642981     0.810578    -0.585591     -0.14387     0.270553    -0.169999     0.980874    -0.272857    0.0678176      0.26336     0.727785    -0.308139    0.0988427     0.907026     0.487958   -0.0724643    -0.114174     0.554085   0.00276447    0.0549316    -0.327257    -0.220145    -0.376405   -0.0497045
    0.141679     0.685915     0.357069   -0.0951902    -0.182007    -0.872694     -1.42656    -0.357763    -0.198064     0.226412      -1.2934    -0.225539   -0.0322348    -0.147758      1.19446    -0.247602     0.330451     0.745779      1.05276    -0.114764    -0.100838   -0.0331366     0.576594    -0.263214    -0.194651     0.837107    -0.534689     0.462236     0.379981    -0.173336     -1.09376    -0.641583
    -0.89383     0.614463      0.12168     0.683595    0.0733095    -0.881438    -0.359094    -0.274826   -0.0194608   -0.0852455     0.291372     0.247175    -0.574073    -0.324234    -0.392656   -0.0233858     0.602337    -0.190756    -0.130997    -0.409487     -0.51546     0.129476     0.246434    -0.759642   -0.0385337     0.428217    -0.694831   -0.0317639    -0.049283    -0.353705    -0.494224    -0.150857
    -0.56788     0.305694     0.349778     0.433522    -0.637624     0.347008    -0.534562    -0.469556    -0.432095     0.557722    -0.179069    -0.269742     0.327301    0.0805312   -0.0462014    -0.814764     0.192041     0.233355     0.462124     -0.42975   -0.0369379     0.208817     0.880036    -0.323476    0.0985182    -0.165611    -0.285927    0.0694516      -1.2511     -0.46739    -0.609016    -0.303083
   -0.443092     0.224434     0.173283     0.457827     0.179663     -1.17532     0.195176    -0.236827     0.580682    -0.831875     0.332739     0.383062     0.188308    -0.652112     0.509681    -0.170913    -0.218617     -1.05854    -0.184703    -0.167145    -0.562358     0.311793     0.162021    -0.333577     0.338829    -0.081339    -0.288486    0.0864328   -0.0424601     0.112647    -0.342266    0.0764474
    0.279578    -0.129135   -0.0342683    -0.106081     0.702949     0.199279     0.742771   -0.0428527    -0.112576     0.305946    -0.277119    -0.352061    -0.163183     0.508811    -0.339733    -0.517347     0.288913    -0.293579    -0.057071    -0.407132    -0.346973    -0.836904     0.210575    0.0598424   -0.0255288    -0.743951    -0.257989   -0.0292391    -0.574105   -0.0562228    -0.158575     0.396046
    -0.11809     0.144872     0.540231     0.123811     0.460275    -0.153144   -0.0173476     -0.16934     0.515037    -0.104455    -0.479779    -0.589835     0.135386    -0.405189      0.79098   -0.0357875   -0.0587691     0.775263   -0.0560388    -0.126904   -0.0497302     0.708637    -0.338421     0.282048    -0.282006     0.893454    -0.313578    -0.149847   -0.0380071     0.157822     -0.65431    -0.214759
      0.5158     0.387766     0.900117     0.129772   -0.0463576    -0.654487      0.53157    -0.247384     -0.35851     0.716235    -0.605553   -0.0850082    -0.547194     0.518025      0.46828    -0.187933     0.293668    -0.102444     0.451071    -0.305937    -0.528916     0.797741     0.441973   -0.0898164     0.303782      0.13847     -1.46782   -0.0168324    -0.151164      0.17196     0.280488     0.742094
  -0.0445307    0.0861815   -0.0792684    -0.083733     0.375776    0.0521296     -0.19168    -0.121914     0.546595      0.79807     0.430331    -0.183755      -0.3787    0.0808922    0.0730921   -0.0955617     -0.14483    -0.210572     0.151248     0.810017    -0.382789     0.146465    -0.322436    -0.155715     0.341923    0.0402152    0.0694334     0.238588    0.0727597    -0.156312    -0.837253    -0.733656
   0.0406661     0.443932    -0.273886   -0.0989415     0.478916      1.14221   -0.0657909     0.425368     0.022253    -0.335096    -0.446039    -0.184952     0.399362    0.0446306    -0.170753     -0.37997     0.282451     0.126203     0.186756      0.15305   -0.0239347     0.360592     0.190251      0.15682    -0.130821    -0.515527     0.745541       0.4315     0.437084    -0.558267     0.204795     0.115084
   0.0284057    -0.472145     0.702956     0.261629  -0.00827274    -0.652977     0.172299    -0.359465    -0.303798     -0.40487      0.32146    -0.291709      -0.7275   -0.0244819    -0.591223  -0.00754101     0.282119     0.310425     -0.96728    -0.172449    -0.442158    0.0454403     0.208976    -0.280485  -0.00399547   -0.0261614    -0.467339    -0.164852     0.727352     0.511634   -0.0634487     0.056538
   -0.471388     0.395938       0.6555    0.0460654    -0.436185    0.0950444     0.307302     -0.25284   -0.0716521   -0.0311934   -0.0905047    -0.117757    -0.293505    -0.188809   -0.0658674     -0.54776     0.249736    0.0773727   -0.0265738    -0.392695  -0.00110473     0.482919     0.238368    -0.265767     0.273111     -0.31486    0.0728173     0.296317     0.155581    0.0326081     -0.14859     0.409981
    0.408156     0.563528    -0.490002    -0.181675     0.175659     0.357163      0.10503    -0.324262    -0.647475     0.270662    -0.322733    -0.727799     0.166484     0.322112    0.0145502     -0.24449    -0.253765    -0.434951     0.430735    -0.356611    -0.305376     0.951624    -0.385294     0.430761   -0.0797019     0.078616    -0.220551    -0.155667    -0.293966    -0.311737   -0.0783808     0.544423
    0.214316    -0.234922     0.258526      0.70993      0.62419     0.318736     0.245751     0.376467    -0.376631    -0.184213     0.399836    -0.218988    -0.189859     0.102494    -0.860172    -0.153337    -0.248395   -0.0930537     -0.58998     0.213221     0.160505    -0.190798     0.111738    0.0706416     0.103788    -0.397927   -0.0510806    0.0647594    0.0616844     0.259425    -0.511421     0.175281
   0.0341526    0.0926423    -0.213108     0.291413    -0.250714    -0.657908    -0.635091   -0.0201068   -0.0854702    -0.341328    0.0685576    -0.146664   -0.0814476    -0.442804    -0.311445     0.420119    -0.769945     0.262625    0.0966669       0.3718   -0.0259695     0.360439    -0.458996    -0.179219   -0.0269743     0.313217     0.166886     0.305709     0.280306     -0.31706    -0.636783     0.231414
    0.613814   -0.0237686     0.291024     0.102872     0.170525     0.134355     0.573656     0.403868      0.27191    -0.560166    -0.110002     0.398573    -0.588449    -0.275103    -0.790607    -0.561781     -0.24958    -0.783064     0.055727    -0.168634    -0.274915    -0.645107    -0.320003     0.440531      0.23502    -0.326015     0.237233    -0.231291     -0.15319     0.386252     -0.21377    0.0663153
    0.109017     0.202003     0.125144    -0.555089    -0.564244     0.339636  0.000911052     0.207992    -0.312098    -0.309306    -0.206182    -0.790038     0.391928      0.25453    -0.207435     0.295522     0.120245      0.87317     0.166532     0.260747     0.270169      0.52782    0.0928793     0.314775    -0.187978    0.0117212     0.161717     0.101579   -0.0687678    -0.348323    0.0157215     0.392629
   -0.277124     0.308362     0.457849     0.749377     0.151422    -0.782425    -0.159676    0.0676065    -0.338718     0.274407    -0.830235    -0.499301      0.58487     0.129687      0.54653     -0.48106    0.0505805    -0.167162      0.81005     -1.62087      0.37195     0.388448     0.633202     -0.24866    -0.387386   -0.0614156   -0.0701204      0.34084     0.740078     0.326281     -1.09306     0.772072
   -0.155508     0.351046    -0.393889     0.413651    -0.111298    -0.712217    -0.812359     0.684355     0.120015    0.0618933    0.0423077  -0.00233213    -0.135492      -0.8011   -0.0630754     0.218032     0.189029    -0.266966    -0.315278   -0.0790877    -0.171157     0.456018    0.0681895    -0.329528    -0.044433     0.182715     0.225138   -0.0131195     0.714875     0.103776    -0.238431     0.216365
    0.433702    -0.776809     -1.09811    -0.680531    0.0880192     0.329065    -0.211452     0.681011      1.17839     0.356961     0.572155      0.52645     0.255372    -0.271792     0.167222     0.097452    -0.185639     0.561985    -0.538504     0.753609    -0.539618    -0.506337     -1.10455      0.64261     0.394192     0.423888    -0.382547    -0.967015    -0.125344     0.192687     0.841586     -0.15082
    0.666071    -0.526531    0.0340193    -0.350326    -0.622288     0.389442    -0.172489     0.168063     -1.33095    -0.577268    -0.777028     0.182169    -0.395089     0.360008    -0.492035    -0.392277    -0.503701     0.120233    -0.319309     0.910946     0.232041    -0.418184    -0.798899     0.323624      1.06972    -0.288389     0.729799     0.175033    0.0437015     0.337482     0.155949    -0.657777
   -0.420438     0.340279     0.371533     0.629349     0.122571     0.513766     0.225254    -0.219998     0.585524     0.342155     0.372417    -0.655536    -0.259973     0.388373     -0.16069    -0.237708   0.00601923   -0.0682862     0.164393     0.128408    -0.290917    0.0526717     0.256522   -0.0511524     0.175095    -0.213899      0.23835     0.271898   -0.0686097     0.206491     -0.25092     0.313709
   -0.150135     0.304218     0.127794     0.551266     0.347365   0.00719592   0.00493461     0.127221    -0.298668     0.480306    -0.387589    -0.484023    -0.197023   0.00884301     0.107225    -0.394714     -0.12979     0.137132    -0.102939     0.229133    -0.109491    -0.189066    -0.317099    -0.376449   -0.0265658    -0.190945    -0.251512     0.171271     0.559838     0.145051     0.164406    -0.212501
     0.99084     0.092923    -0.530022     0.427518     0.495602     0.334936      0.27356    -0.384691     0.889812     -0.21095      0.11157    -0.300329     0.188745   -0.0724197     0.438739     0.484029      0.15383    -0.392873     -0.29536    -0.769519   -0.0266959    -0.125557    -0.703765     0.906342    -0.142155     0.341139    -0.563233     0.383367     0.643452      1.06613     0.579561      1.04481
   -0.526045    -0.160248     0.245379     0.279095     0.161534    -0.344984    -0.719956    -0.492035     0.684028     -0.30816     0.627361     0.100579   -0.0438515    -0.525508     0.340865      0.29547     0.500758    -0.134367    0.0584307    0.0528991    -0.373611     0.143975    -0.234713    -0.273727    -0.286251   -0.0924417     0.231216     0.643164    0.0689283    -0.131292     0.145099     0.146953
  -0.0671375    -0.153461    -0.442803     0.163988    -0.120508      0.20361    0.0240011    -0.177552   -0.0474629    -0.301406   -0.0156806     0.187283    -0.118338    -0.249586     0.955612   -0.0426748    -0.352487     0.551919    -0.267925    -0.477686     0.446943     0.075705     0.298699     0.799917    -0.339451      1.00868    -0.405895    -0.387812    -0.484044     0.705927     0.803118     0.154475
   -0.180729    -0.415016     0.304604    -0.135743     0.274255    -0.237244    0.0654531   -0.0677529    -0.277805    -0.353136    -0.186938    0.0422659     0.253965     -0.22718     0.112404     0.297063    0.0767334    0.0117282    -0.109588      0.16465     0.527896   -0.0226127     0.364494    0.0884119   -0.0260898    -0.590626     0.103274    -0.771042     0.457739     0.296261      0.32008   -0.0967429
   -0.251488    -0.451786     0.237179    -0.155745    -0.261221    -0.176622    -0.240051     0.694672     0.590678    -0.232174      0.07257    -0.630564    -0.100531    -0.208204     0.611764     0.387772    -0.146026     -0.35159    -0.335303      0.32401    -0.205335    -0.599293      -0.3929     0.050879    -0.534814     0.339796     0.665417     0.210728   -0.0561354     0.205581    0.0972872    -0.162513
   0.0823378    -0.378087    0.0949157    -0.361046     0.422765     0.346067    0.0843088     0.892315    -0.607551     0.574902    -0.497576    -0.141191    -0.125607    -0.566222     -0.32063    -0.224172    0.0365446    0.0309258    0.0655107     0.164296    0.0185684    -0.386106   -0.0574708     0.782038    0.0143707    -0.302766     0.222079     -0.61714   -0.0772167    -0.109738     0.119989   -0.0818739
  -0.0204482     0.421682     0.445265    -0.158425     0.106319     0.012029     0.525274   -0.0416612     0.466741     0.165181     0.330267    0.0707282    -0.206603    -0.373732     0.239485     0.191961    -0.282547     0.587923     -0.27493     -0.20028     0.362899     0.184179     0.606548     0.162731    -0.618051    -0.263015    -0.367477    0.0955225      0.11393   -0.0882523     0.254101     0.316555
    0.221908    -0.160815   -0.0157989    -0.101045   -0.0290967    -0.177467     0.161612      0.36432    -0.109145    0.0669273    -0.151708    -0.147311   -0.0647353   -0.0630122     0.245204    -0.130061    -0.119551    -0.066698    -0.260921     0.269416     0.161079    0.0081874   -0.0246122    -0.307173   -0.0267659     0.556211     0.166756    -0.127779    0.0997149    0.0932258     0.365578   -0.0916854
   -0.316166     0.384996     0.290312   -0.0409234    -0.569319    -0.187613    -0.495342    -0.169553    -0.321837     0.371474      0.62391    0.0919799   -0.0895881    -0.197814    -0.063446    -0.257336     0.246245    0.0578508    -0.012197    -0.388704    -0.434896     0.434993      0.43937    -0.812957     0.293656    -0.328925    -0.764315     0.129324    -0.691472    0.0396934    -0.268825    0.0565486
  -0.0382834    -0.012093    -0.362991    -0.202824    0.0375984     0.223148    0.0560252   -0.0854043     0.229318   -0.0115486     0.122786     0.177168    -0.117421    0.0336112     0.312513     -0.17746     0.139252   -0.0313783   -0.0331217   -0.0262137    -0.179831     0.354737     -0.10139     0.138822    0.0726388     0.447413    -0.114605    0.0354836   -0.0251569    0.0628246     0.313694     0.336229
  -0.0805692    -0.148848     -0.56014    -0.496428      -0.2779     0.257348    -0.377514     0.042446    -0.388418    -0.242994     0.658086    -0.310818    0.0880701    -0.220607     -0.66055    -0.177721    -0.214446     0.435018    0.0881403     0.288989     0.139313     0.138213    -0.317056    -0.307338    -0.179825    -0.296125     0.464703    0.0314971    -0.113022    -0.402187    -0.571349    -0.110004
   0.0935121     0.222021    -0.530508     0.161802     0.186214    -0.188927     0.206896      0.52523      0.57205    -0.612525      0.44305     0.278911     -0.08585    -0.179469    -0.109972  -0.00409777     0.222622     0.135927    -0.137287    0.0474852    -0.375584    -0.745327    -0.194066     0.465982     0.356358   -0.0154224   -0.0917794    -0.125388      0.34938    0.0437581     0.724384      0.34121
   0.0120935    -0.250253     0.161678    -0.455451    -0.795664    -0.157722     0.373845      1.18539     0.131781     0.261094    -0.352058    0.0220138     -0.11865    0.0280683    0.0677402     0.489507    -0.454332     0.330153    0.0625112     0.312917   -0.0285155     -0.72552    -0.645124   -0.0182431     0.121047   -0.0657898    0.0243833    -0.175237    -0.177725     0.225154     0.353325    -0.147239
   -0.233685     0.382262     0.364645     0.196351       0.4756    -0.779387     0.279141     0.285985     0.976415    -0.843719     0.417987     0.543469    -0.348688    -0.246183    -0.367559     0.280626     0.804927     -0.54311    -0.631324     0.597915    -0.188524    -0.746902     -0.28051    0.0050844     0.570123    -0.219057     0.127342    0.0396499      0.78096    0.0122777      0.33058    0.0794678
  -0.0270287    -0.176375     0.117468    -0.789033     -0.60524   -0.0548661    -0.723237     0.410501     0.158134     0.125561   0.00292723     0.621037    -0.153625    -0.331549    -0.143763     0.575881    0.0947826     0.283971    -0.250517     -0.08238    -0.178179   -0.0157263    -0.488801    0.0895925    -0.262733    -0.251927     0.319672    -0.004555    0.0155161   -0.0276022     0.446891    -0.181886
   -0.333356     0.798707   -0.0615898     0.359825     0.185183     0.217903    -0.497936    -0.770249     0.101331     0.485608    -0.946387    -0.508863     0.937081    0.0437817      1.04978   -0.0872449      0.46908   -0.0305205     0.552387    -0.944838     0.776814    -0.103653     0.825914    -0.287815    -0.324033     0.160888   -0.0747502    -0.189733     0.155584    -0.105012      -1.4195    0.0103171
   -0.375072    -0.101834     -0.80257    -0.907018     0.330485       1.2393     0.328576    0.0586338    0.0413748    -0.471174     0.515994   -0.0505143     0.317947     -0.42039    -0.345191     0.826005    0.0625852     0.632063    -0.300811     0.536929     0.961086     0.440022    -0.222513   -0.0499205    -0.620565     0.153236     0.739273    -0.396745     0.546744    0.0708359     0.173082      0.16202
     1.02021    0.0237482    -0.322532     0.315885    -0.214645     0.264741    0.0692982     0.859139    -0.274959     0.173101    -0.205034      0.08433   -0.0295346       1.0579     0.338666     0.330842    -0.233948   0.00103832     0.097421     0.189926     0.103708     0.383421    -0.199963     0.458194   -0.0502545     -0.17426    0.0593334    -0.451645     0.319288      0.44848     0.260023    -0.217447
    0.372037     0.182425     0.108974     0.319021     0.595538    -0.359363     0.705106    -0.626501     0.449684      0.16483    0.0134751    -0.218328    0.0194414   -0.0455793      0.26335     0.161315     0.583208     0.236443    -0.051462    -0.342268    -0.214649    -0.438748     0.411661     0.609154     0.021348    -0.159703    -0.355196     0.257268     0.635879     0.172603      1.00109     0.176135
    -0.16828    -0.126059     0.628035    0.0338425     0.376491   -0.0108441    0.0929402      0.67521     0.291581      0.43273      0.55675    -0.110839    -0.135486     0.314294   -0.0311606    -0.128389    -0.265062    -0.378706     0.292233     0.389278    -0.414474   -0.0171152      0.21463    -0.370135    -0.672136     0.434211     0.806717     0.017567    -0.159613     0.133921   -0.0535474    -0.539508
    0.110841    -0.392506    -0.327225     0.401023    -0.177198     0.495951     0.297097    0.0609363     -0.69349     0.166863    0.0138425    -0.780168      0.27807    -0.184632   -0.0132322    -0.395956   -0.0696142     0.500964   -0.0572966     0.239342     0.267116     0.195033     0.112536     0.469081    -0.365095    -0.566507    -0.345513    -0.140979     -1.32541    -0.161853     0.555912   0.00882186
   -0.211886     0.285725    -0.112107     -0.26091    -0.451765     0.172394    -0.169497    -0.699206    -0.423018     0.903134     0.182036     0.350122   -0.0700444     0.285327     0.316755    -0.159661     0.484347      0.28159     0.228096    -0.641056     0.348253   -0.0060071     0.995007    -0.426821    -0.208354    0.0882987    -0.585804    0.0729564     -1.15459    -0.121796    -0.039473   -0.0383535
  -0.0117702   -0.0893142    -0.242372     0.226874     0.267555     0.181344     0.212037   -0.0733565   -0.0240467    -0.441619    0.0271036     0.261473      0.19772    -0.348544    -0.601599     0.378616    0.0218333    -0.325481    -0.222932    -0.569217     0.388077     0.396228     0.532968    -0.135031     0.362931   -0.0250709     0.183625   -0.0689625     0.609322     0.115424     0.130289   0.00313108
   -0.206037    -0.120149    0.0745323     0.146919    -0.393484    -0.310834    0.0873252     0.155698    -0.157772   0.00314728     0.240326    -0.590833    0.0247129     0.182143     0.227857    -0.357968    0.0455835     0.429374     0.169697      0.64565   -0.0327276    -0.263413    -0.114754    -0.165594    0.0151688  -0.00721953  -0.00900217    0.0445293    -0.279105   -0.0497064     0.114909      -0.2335
    0.175876     0.105865    -0.402209     0.252821    -0.109671   -0.0125555    -0.571601   -0.0690898     0.380823     0.426282    -0.423733     -0.17391      0.23714     0.202378     0.722474  -0.00647027    -0.481496       0.5175     0.546853     0.396649    0.0660246     0.177797     0.219604   -0.0732101    0.0434357     0.219907    0.0834383     -0.23851     0.390958     0.236708     0.168909    0.0864991
    0.267751     0.299147   -0.0741677    -0.159353    -0.576446    -0.259214    -0.284713     0.680667     0.256977     0.105359    0.0275357     0.173664    -0.135466     -0.10127     0.217275    -0.041066    -0.402256     0.334118     0.139737    0.0495691   -0.0495149     -0.27148    -0.108721    0.0936652    -0.116258     0.220178    -0.222649    -0.391571     0.270471    -0.019906    0.0545063    0.0770152
      0.3379     0.191606     -0.07882    -0.267608   -0.0562387    -0.270639   -0.0649774    -0.481861    -0.179005    0.0245635    -0.220534    -0.378012    -0.243968   -0.0129754     0.102577    -0.126981     0.381159     0.220611    0.0268444   -0.0387785    -0.461656     0.267746    -0.522635    -0.965651   -0.0712512     0.140915    -0.290756     0.571676     0.133647    -0.273325    -0.132221    0.0595222
   -0.486153    -0.460133    -0.225868    -0.592415   -0.0808225      0.47585     0.683393    -0.403549   -0.0507081     0.162341  -0.00587745     0.347269  -0.00428923    -0.477343      0.67464    -0.134118     0.380546     0.274808     0.139162    -0.479656    0.0463866    0.0443243     0.571983    -0.173515    0.0411526    -0.303898   -0.0898245    0.0103324     -0.41228     0.195787     0.323242      0.06459
  -0.0382996    -0.127747     0.156372     0.223004    0.0979715     -0.64917    -0.197782    0.0765123    -0.405491    -0.208549    -0.481858     0.772908    -0.100724    -0.237137    -0.140101    0.0304733     0.119655     0.220389    -0.306906    0.0332104    -0.495175    -0.367585     0.588587    0.0104342     0.611682   -0.0214002    -0.430904     0.391057     0.478518    -0.211638     0.474658     0.154625
   -0.191115     0.466249     0.088549     0.339437    -0.628473    -0.403519     -0.11089     0.143199    -0.645222    -0.239779   -0.0631054    -0.627428    -0.750704     0.261203    -0.397691     0.266502     0.076997     0.233269     0.515137    -0.497105    -0.189295     0.238515     0.577404    -0.565987   -0.0046572    -0.386549    -0.264856     0.602643    0.0795602    0.0340939    -0.837701    0.0534367
   0.0572891     0.145367     0.316943     0.507478    0.0144301    -0.280447     0.349124    0.0972707    -0.585457    -0.376758   -0.0808343    -0.119066    -0.178766   -0.0403651    -0.227855    -0.522569    -0.393809    -0.347171     0.126873    0.0384479    -0.229843   -0.0514322    -0.455511    -0.175671   -0.0507357   -0.0199535    -0.606362    -0.224261     0.100405      0.14358    -0.180701    -0.113227
    0.104656     0.223253    0.0333029    0.0676995    -0.635372     0.174928    0.0357881     0.306926    -0.292881    -0.315323      0.47177    -0.123681    -0.364175   -0.0540715    0.0643817    0.0784967    -0.246284     0.460481    -0.246283     0.146087   -0.0426754     0.216086     0.325435     0.490189   -0.0100307    -0.211649     0.272558    0.0668721    0.0333643    -0.337659     0.350106     0.379729
   -0.244476   -0.0768051     -1.24691     -0.21262    -0.380505    -0.967269    -0.782794     0.970301     0.549698      0.16161     0.306377      0.57637    -0.315644    -0.469955   -0.0122873     0.206794      0.45742        1.106   -0.0118627  -0.00162808    -0.242516    0.0626249     -0.58042    -0.345274     0.799802    -0.142965     0.120283     0.121656    -0.350624    -0.675698     0.113237   -0.0877109
    0.302813    -0.081534    -0.179124     0.219944   -0.0352409   -0.0417643    -0.060126   -0.0515276    -0.456715    -0.157428   -0.0896888     0.510798    -0.139082     -0.42309    -0.453395   -0.0404314     0.273591    -0.541326     -0.11541     -0.48204     0.114057     0.397267     0.107677     0.401026      0.38846    -0.318972    -0.191667    -0.482901    -0.112142     0.273146   -0.0911626     0.131343
  -0.0308976     0.196579    -0.624045     -0.33856    -0.492319    -0.281905    -0.867422     0.146353     0.460904     0.244973       0.6483    -0.742394    -0.192884    -0.298227     0.272123   0.00102071     0.498105     0.276362     0.237284     0.383621    -0.148304     0.563327    -0.509064     0.336531    -0.126443    0.0345926   -0.0257465     0.468588    -0.242876     0.239728    -0.565056    -0.151443
    0.227862     0.248927    -0.126052       1.2062    -0.419696     -1.39753   -0.0767497     0.529016    0.0196961    -0.386355    -0.359935     -0.73027     0.297251   -0.0733559       0.3845     0.340541     0.119024    -0.060218     0.282533     0.261141    -0.392911     0.427706   -0.0811392    -0.603753    0.0936758    0.0722367    -0.844595     0.196719     0.102467    0.0947921     -1.39265     0.779198
    0.026661     0.213849     0.219218     0.733718    -0.188063     0.601464    -0.234996   0.00376936    -0.452228     0.228722   0.00127293    -0.216337    -0.077734     0.744618    0.0749682    -0.162531    -0.150974     0.406854     0.216864     0.323647     0.215399      -0.7185     0.315831     0.336883   0.00622483   -0.0267983     -0.11984    -0.328506    -0.414273    -0.379341     0.688479    -0.331854
   -0.518476     0.165413      -0.8483    -0.591857     0.124453     0.558509    -0.503489      0.61255     0.520944    -0.414238     0.770159     0.698521     0.483609   -0.0131898    -0.390844    -0.111812      0.12255     0.187351    -0.259582     0.140832    -0.425307    -0.269919     0.135424    -0.121202     0.123872    -0.599985   -0.0470235     0.196976     0.565287    -0.491574     0.455937     0.661554
   -0.305299     0.193049      1.01476     0.509232      0.27537    -0.197367    -0.272127    -0.158125    -0.353866    -0.157763    -0.582838   -0.0464514    -0.432724    0.0672017     0.224549    -0.351014    0.0731766     -0.35848     0.575517    0.0269757   -0.0836479    0.0914584   -0.0546762    -0.334064    0.0818602    -0.246447     0.309349      0.71498    -0.669115    -0.629527    -0.609613      0.18944
   0.0062569    -0.246632    -0.175002    -0.596619    -0.280281    -0.164639   -0.0196628     0.061723    0.0423491    -0.127732    -0.471267    -0.348747   0.00599725    -0.488191     0.668626     0.208087    -0.278439     0.599755    0.0150407    -0.360582       0.5329    0.0455054     0.129967    -0.251371    -0.534621     0.322665      0.23338    0.0505017    -0.144464    -0.118628    -0.341808    -0.354865
    0.730214     0.322419     0.232389     0.667849     0.233592     0.673218     0.275595     0.304885    -0.287863     0.357854    -0.359929    -0.306904    -0.167574     0.921388    -0.506724    -0.526857    -0.213471    -0.117836     0.618272      0.63746    -0.148408    -0.119196     0.129215     0.204423      0.65014     -0.50475     0.271627        0.263     -0.30532    -0.259139    -0.284524     0.062071
 -0.00844674     0.111509    -0.442804     -0.25273     0.244164     0.385106    -0.638022    0.0241441    -0.091203   -0.0361502    -0.387811  -0.00767449     0.124312   -0.0108686     0.350146     0.353126     0.130791     0.162062     0.207153    0.0649647     0.253474     0.903669    -0.108201     0.678882   -0.0459818    -0.197969   -0.0364831     0.120062    -0.342886     0.177109    -0.269106     0.126698
  -0.0610089   -0.0931454    -0.262748     0.516403     0.144018  -0.00582667     0.769888     0.480911    0.0778341    -0.292722    -0.204466   -0.0847056    0.0237678    -0.145132    -0.364941     0.105441    -0.539031    -0.400254    -0.160788     0.222311    0.0636785    -0.321332    0.0683407    -0.427333    0.0173257    -0.348153     0.340054   -0.0452882    -0.139973     0.495538   -0.0575837      0.15623
   -0.445724    -0.274912     0.356489    -0.334205    0.0434642     0.126708    -0.477819     0.509572    -0.653575    0.0472466    -0.252765   -0.0960802    -0.131559   -0.0382441    -0.731065    -0.161221    -0.041661     0.285995   -0.0352284     0.181879    -0.342164    -0.215358     0.379677    -0.417716    -0.201833   -0.0399156    0.0660594       0.1209     -1.53802    -0.386282     0.117611    -0.409974
    0.178655     0.252495    -0.207783     0.313307    -0.151439    -0.202963     0.346376    -0.155523    0.0177863     0.361073     0.427325    -0.577979    -0.481711     0.232822   -0.0316779     0.354285    -0.277322    -0.116588   -0.0643383   -0.0765533   -0.0208601   -0.0897947   -0.0204962   -0.0862006     0.316384     0.346821    -0.701114     0.388216     0.155638     0.416317   -0.0657223    0.0788231
   -0.387837     0.187528     0.315736     0.628951     0.721015    -0.177804   -0.0859087    -0.260022     0.109957    0.0434594   -0.0993981    -0.362243   -0.0902511    -0.130824     0.226734    0.0600072    -0.116284    -0.949509     0.290806     0.111087    -0.666306    -0.150789    -0.117137    -0.185143     0.191883     0.361772   -0.0602899     0.412895    -0.178511    0.0895162    -0.390352   -0.0521684
    -0.50732   -0.0691398      -0.2576   -0.0145383     0.149424     0.368886   -0.0544062    -0.682002     -0.44125     0.497316    -0.512098    -0.941802    -0.542093    -0.138746    -0.439369    -0.284373     0.381713    -0.173747     0.265425    -0.165442       0.1768     0.524692    -0.101464    -0.342849     0.193511   -0.0740133    -0.334756     0.489137    -0.236733     0.218798    -0.282966   0.00458923
 -0.00575538     0.533253    -0.372897     0.172876     0.168213     0.163785    0.0222986     0.174995    -0.477317    0.0224005  -0.00393191     0.239729     0.120221  -0.00339723    -0.159591     -0.32881    -0.402064    -0.355848        0.179   -0.0298009    -0.111725   -0.0238411     0.234846   -0.0535039     0.181683    -0.694953    -0.225689    0.0219239       -1.023    -0.666595     0.436235     -0.24271
   0.0541278     0.676456    -0.485365    -0.275978     0.362055     0.136597     0.383061    -0.212202    -0.500308     0.342093     0.309272    0.0431306    -0.409025     -0.20969    -0.217898    -0.128827     0.365291    -0.143446    -0.384827    -0.216301   -0.0323813 -0.000314066   -0.0644073    -0.296203     0.217111   -0.0755078      -0.7633     0.342655   -0.0974033     0.085114    -0.478913     0.667395
   -0.374529    0.0313186     0.142517    -0.377392      0.23824     0.184454     0.246818    -0.212725     0.115703    -0.292114   -0.0296117    -0.114194    -0.016914    0.0051033    -0.172721    -0.334787    0.0690323     0.536401     0.221892    -0.110776    -0.481485     0.298194      0.71303    -0.360012     0.103429     0.228306    -0.454046    0.0134435     -1.07729    -0.484304    -0.147147      0.47983
   -0.084705    -0.204991    0.0993237    0.0400277    -0.239431     0.210838     0.291695    -0.338649    -0.504062     0.229283    -0.154596    -0.335884    0.0176185      0.19959     0.160756     0.078878     0.197355    -0.327573   0.00676087    -0.124719    -0.024789    0.0363658     0.341205     0.171921    -0.240586   -0.0595739     0.152864     0.312702    -0.424286     -0.12098    0.0281493     0.250403
    0.432149     0.262187    0.0198188    0.0519191    -0.103858    -0.547907    -0.422759     -0.75723   -0.0919596    -0.102221      -0.1713     0.116872     0.223968     0.226205    -0.186577    0.0465951    0.0711743     0.176394    0.0857918    -0.336312    0.0251763   -0.0264147     0.209585     0.376126     0.399267    0.0492351    -0.638179     0.265237    -0.275783    -0.250372     0.173676    -0.184495
    0.456844     0.194566     -1.27638     0.107551     0.663183     0.389393    -0.189962     -1.06952   -0.0691904     0.336288    -0.511549    -0.144579     0.166941    -0.366902     0.279104    -0.328732     0.851478    -0.451086  -0.00279797    -0.882896     0.119195     0.826752   -0.0797239     0.334636     0.442212      0.22588    -0.731884    0.0266847    0.0653056     0.731772     0.261475     0.281043
   -0.315381    -0.571289    -0.733319   -0.0263935     0.250229    0.0940225     0.122013     0.028531     0.353915     0.311748   -0.0691627     0.146054    0.0221349    0.0939637    -0.255914   0.00711829     0.567765     0.378505    0.0146023    -0.191556     -0.31451   -0.0900785     0.305227    0.0122538    0.0511108   -0.0160208    0.0396772   -0.0247234   -0.0651921    -0.148175     0.290797     0.376363
    0.554287    -0.427764     0.286187    -0.438372    -0.761109     0.215872    0.0342219      1.28055     0.354252    -0.042321     0.699864     0.595687     0.454921     0.398111   -0.0179241     0.888276     -0.99803     0.333651    -0.695693     0.689584     0.501207    -0.531573    -0.155724     0.837015     0.268803     0.264721     0.923399      -1.2542    -0.841114     0.153619      1.31615    -0.171086
    0.404333     0.101404    -0.802692    -0.380456     0.424509     0.436957    -0.229905    -0.580942     0.522307  -0.00592484     0.405327      0.23084    -0.156021    -0.381871     0.511636    0.0449558     0.683827      0.20742      -0.3736    -0.368614   -0.0392759    -0.145107     0.249826    -0.283649     0.202355      0.12684     -1.13846    -0.347678    -0.673373     0.467015     0.080112    -0.412698
     0.82932     0.204312    -0.841664    -0.222907    -0.325392     0.730632     0.196398     0.163888    0.0598822  -0.00592348     0.164871    -0.551108    -0.635921      0.58781    -0.405386        0.419    -0.267931   -0.0293752     0.408814      1.13753    -0.480141    0.0488741    -0.608345     0.335014     0.932426    -0.488836     0.234541     0.440095      0.10025      0.01322     0.767962    -0.191521
   -0.253969     0.943613     0.131712     0.619642    0.0287069    -0.115099    -0.124554    -0.292531    -0.431875     0.259671     0.662204    -0.466395    -0.951099     0.761413     -1.17946    -0.898834   -0.0305742    -0.380515     0.337643     0.215167    -0.707696    -0.226701     0.659875    -0.329126     0.404144    -0.591911    -0.316372    0.0540817    -0.283395    -0.447977    0.0545325     0.508249
    0.670041      0.68507    -0.557812      0.35634    -0.333956    -0.231174     0.028929    -0.240274     0.698402     -0.24296     0.354713     0.372941    -0.559294     0.119406    -0.363867     0.247811    0.0133903    -0.131627    -0.420038    -0.369283    -0.138246   -0.0454181   -0.0298341     0.444737   -0.0930253     -0.10984    -0.201212    -0.367665       1.4484     0.259542     0.313654     0.526204
   0.0477376   -0.0600344     0.121995   -0.0966962     0.062738    -0.251522    -0.930605    -0.627296     0.140811     0.307202      1.18549     -0.40543     0.196728    -0.179652    -0.134544     0.226748     0.514387     0.550454    -0.375762     0.133123    -0.442249    0.0788447    -0.454704     0.148359    -0.121923     0.906089     -0.44227      0.44021    0.0508601    0.0136415     0.289599    -0.401803
