   -0.369952     0.288601     0.328945    0.0730459      0.23723    -0.400215    -0.214619     0.085878      0.17017    0.0764285     0.204253    -0.337626     -0.17825   -0.0574833    0.0932306     0.201475     0.248966    0.0952103       0.1399    -0.136678     0.171388     0.180193    -0.140488   -0.0975478    -0.297239     0.468429     0.197577    -0.173954   -0.0618287    -0.285227    -0.492001    0.0952966
   0.0890298    0.0773959   0.00785038   -0.0803184   -0.0832149    0.0676076    0.0342671   -0.0070083    -0.253435    -0.162678   0.00440543    -0.153273     0.211127    0.0455609   -0.0617085    0.0933253   -0.0111989     0.280833   -0.0582228    -0.230958    0.0340627   -0.0813888  -0.00432591   -0.0301454    0.0434654    0.0351238    -0.212063    -0.465874  -0.00844097    -0.103235     0.165065    -0.167157
    0.434528     0.158274    -0.200436   -0.0361765    -0.421652     0.209463     0.210269    -0.141744   -0.0808804     0.161733    -0.302747   -0.0470757    -0.168131     0.183742    -0.195295     0.103702    -0.247956   -0.0693529     0.179161     -0.13146    0.0417126     0.138144    0.0778035   -0.0268597   -0.0949862    -0.160353    -0.129614   -0.0537059    0.0524754     0.244467     -0.13521     0.103561
   -0.123002     0.161483    -0.353557    -0.402172    0.0442419     0.380032    0.0974764    -0.227106    -0.313712     0.106868     0.103847     0.628837     0.118124    -0.260436    -0.160907     0.294324     -0.50371     0.224611    -0.408769    -0.290596     0.367917   -0.0783543     0.572052     0.109407     0.326532     0.400198    -0.116246    -0.142683    -0.225915    -0.265391      0.64388       0.2442
     0.20657    -0.127713    -0.173661   -0.0935516    -0.301515   -0.0770691     -0.25505    -0.284137     0.171849    -0.355616     0.105326     0.264973    -0.137392   -0.0984829   -0.0969607     -0.15679     -0.26704  -0.00544664   -0.0587247    -0.358532    0.0389309    0.0719513     -0.04682     0.311854     0.155492     0.204099    -0.277392    0.0158686     0.387165   -0.0398749    -0.414044    -0.100264
   -0.388343     0.133881     -0.43497  0.000763601     -0.37184    -0.374208    -0.280628     0.388422   -0.0482889    0.0238005     0.501899      0.34305    0.0849253    -0.332352   -0.0755887     0.323166    -0.187997    0.0799416   -0.0894879     0.116796     0.256945   -0.0685142    0.0998679     0.120602    -0.125444     0.321468    -0.175972    -0.193331    -0.365693    -0.246923     0.292656    0.0996603
  -0.0335357   0.00139998    -0.120993     0.140124    -0.381599   -0.0168702     0.105534    0.0687211     0.101415    0.0426934     0.150227     0.101083     0.253409     0.293088     0.107836   -0.0460366     0.113319   -0.0316241    0.0247627     0.116915    -0.113176     -0.27047     0.322153   0.00181531   -0.0780125    -0.379288    -0.157597   -0.0195154     0.123302   -0.0175241     0.059228     0.068284
  -0.0784896    0.0845334     -0.21263     0.337794     0.223529     0.127443    -0.202712    -0.365801    -0.224116    -0.148219    -0.169658    -0.153967     0.160722     0.412058    -0.252461     0.100552     0.433885    0.0809479   -0.0469839     0.154605   -0.0910385     0.248897    -0.276886  -0.00598773     0.340211    -0.113435     -0.50806     0.319754     0.289004    0.0453071    -0.446773    -0.108826
   -0.283625    -0.153399     0.353133    -0.154702    -0.148416     0.318337     0.115458    -0.725154    -0.348538    0.0129954    -0.119261    -0.348175   -0.0918298   0.00169425     0.337226    0.0976175    -0.243105  -0.00228819    0.0500352    -0.434452     0.119685     0.369473   -0.0518715     0.188115    -0.283403     0.269776    -0.176197     0.169424    -0.149513     0.071789    -0.297456    -0.304193
   -0.130001    0.0428028   -0.0311446    -0.369091   -0.0263938     0.215258    -0.105765   -0.0991343    -0.394878   -0.0669026    -0.272617    -0.251427     0.607387    -0.134404     0.376669     0.276518    -0.525538     0.209934     0.125826   -0.0957035     0.173053    0.0880681   -0.0547811    -0.159837    -0.313832     0.340324  -0.00738901    -0.119676    -0.559985   -0.0509914     0.252916    -0.393649
  -0.0469626    0.0104315      0.29722       0.1378    -0.276471     0.224861    -0.124304    -0.200887    -0.568386     0.205256     0.149004     0.210672     0.106946    -0.147337   -0.0229123    0.0931918    0.0003219     0.061353      0.23732    -0.298482   -0.0830219    0.0744847     0.236721     0.337933     0.424385    -0.229754   -0.0716136    -0.271165    -0.270853    0.0128281     0.110872   -0.0671918
   -0.236059     0.176542     0.097648    0.0663336    0.0767571     -0.26895    -0.169074   -0.0452795     0.285648    -0.372509     0.259878     0.114204     0.215677    -0.764295     0.157373     0.214656    0.0867724    0.0641719      -0.2746    -0.262197      0.24772   -0.0251736     0.424571    -0.310957    -0.300262    -0.144609   -0.0447331    -0.169464     0.733959    0.0550086    0.0756605  -0.00538933
  -0.0399899     -0.16004    0.0227923     0.102564    -0.125364     0.312561   -0.0366956    0.0805692    -0.488908   -0.0896626    -0.187296   -0.0437977  -0.00901401   -0.0826604     0.108226   -0.0035327   -0.0325537     0.449634    -0.164147    -0.306529     0.127179     0.105196   -0.0738848     0.216464     0.298254   -0.0481531   0.00422983    -0.203197    0.0102312    -0.132985    0.0445254     0.314184
   0.0189619     0.255665     0.107811     -0.48685    -0.231409    0.0545708     0.114329    -0.379531   -0.0903918     0.252697     0.257894     0.129403   -0.0465799    -0.179391     0.519576    0.0118733    -0.139016     0.149916    0.0608274     0.230494    -0.135077   -0.0462227   -0.0444789    -0.050528    -0.213208     0.516854    0.0439977    0.0660748    -0.278108     0.250373     0.471371    -0.201875
   -0.150923   -0.0037639     0.534599     0.154778     0.238963    -0.215228   -0.0468504    -0.226897   -0.0404329    0.0769602    -0.164256    -0.285107  -0.00625242    -0.178074     0.206629  0.000848859    0.0453167    -0.230539    0.0693117    -0.104088   -0.0833602    0.0320969    -0.126901   -0.0968562   -0.0548178    -0.343039    -0.184753    0.0291721    -0.024586     0.108577    -0.148307    -0.155743
   -0.149392   -0.0319819     0.247622   -0.0672548     -0.17336     0.140839    -0.312537   -0.0633146    -0.182634   -0.0327336   -0.0598049     0.135954     0.015463     0.010994   -0.0700276     0.150524    -0.122344    0.0099168   -0.0821818    0.0430867   -0.0425248    -0.256051    0.0361077     0.457572   -0.0519275     0.536614    -0.202514    -0.398201     0.194809    0.0370105    -0.174303    0.0130899
   -0.113278     0.405343     0.446015   -0.0928532    0.0710419     0.172591    -0.237589    -0.284962     0.144445     0.198264     -0.14469     0.696554   -0.0750539     -0.10472   -0.0911785     0.346641     0.610964    -0.073378     0.131966   -0.0841442   -0.0805677     0.146701   -0.0395308     0.142769   -0.0796605    0.0502669     -0.48711     0.119457     0.377853     0.150664   -0.0404646     0.466576
    0.276165     0.247009    -0.468221 -0.000273055    -0.425406  -0.00726538    -0.319207     0.340174    0.0164647   -0.0991941     0.188495   -0.0984166    0.0897339     0.105892      0.15229     0.144419    0.0701541   -0.0921065     0.118025    -0.133402   -0.0255166   -0.0714758    0.0385962     0.443757     0.180651    0.0791067    -0.283966    -0.286206     0.448599    0.0410237    -0.191841     0.283527
   -0.156068      0.20199     0.321383     0.137301      0.32878    0.0224119     0.105118    -0.249861    0.0512841     0.561097   -0.0431025   -0.0217594    0.0300745    -0.155154   -0.0449281    -0.269876     0.120744    -0.271783     0.279475      0.27789    -0.148719     0.131936    -0.193738    -0.600453     0.145149    -0.103337    -0.158327     0.368071    -0.363719    0.0313159     0.297213     -0.13335
  0.00638218     -0.18262    -0.020973    -0.127406    -0.219552    -0.211409    0.0236935    0.0918239    -0.281203    0.0647674     0.220973     0.168145     0.148958     -0.19528    -0.166661    -0.220012    -0.709194      0.19299    -0.117139    -0.371482     0.259647   -0.0661191       0.5708       0.2488     0.534171     0.134939   -0.0320913    -0.889442   -0.0426613    -0.101006     0.209564    0.0690688
   -0.118524    -0.281526    -0.242219    -0.224699    -0.062538    0.0725355   0.00635367    -0.214885    -0.195632    0.0457613     0.033581  -0.00118339     0.115838    0.0871013    -0.459339      0.22359    0.0162053  -0.00857139   -0.0962558   -0.0721503     0.153647    0.0396197     0.145649     0.121657   0.00779751     -0.17273   -0.0556412     0.412332    -0.254544    0.0254039    0.0106413     0.167392
    -0.17888    -0.301561    -0.119333    -0.332659     0.155181     0.521243     0.157523    0.0743567    -0.195901    -0.147808   -0.0446497     0.483352     0.109142    0.0960055   -0.0662326      0.16331    -0.178318    -0.279617   -0.0418336    -0.031458    0.0201695    -0.425961    -0.239744     0.240447     0.197132    -0.244341     0.383532   0.00482336     0.218944   -0.0894619     0.392834    0.0174518
   -0.185052    -0.294086     0.239144    -0.261287     0.250811     0.159894    -0.294409     0.111484     0.403554    0.0521073      0.33028    -0.157748   -0.0995128     0.137271    -0.144124     0.238991     0.316582     0.153596    0.0926188  -0.00286837    -0.211204    0.0687177     0.128048     0.152719      0.50463     0.419034    -0.286744    0.0757164   -0.0628658     0.178914    -0.225797     -0.27447
  -0.0676298   0.00444785    0.0356344    -0.203463    -0.320944     -0.17642    -0.125708   -0.0524613    -0.200404   -0.0145389     0.150323    -0.119757    0.0252864     0.256658     0.140952   -0.0389003   -0.0277839     0.238365     0.125201    -0.255009     0.132038     0.139628     0.489607     -0.20778    -0.133301     0.103092    -0.140558    -0.156227   -0.0445044   -0.0426818    -0.327691   -0.0472156
   0.0547958    -0.180942    -0.436792    -0.132432    -0.107911      0.46613     0.147589    -0.279777     0.167108     0.057093   -0.0960703    0.0650409     -0.22972    0.0526763     0.195108     0.375851     0.241262      0.22596     0.375079   -0.0277544     0.329555    0.0915307    0.0182861   0.00387746    -0.142208    0.0735755     0.045437     0.216199     -0.23621   -0.0330666     0.376345    0.0221565
   -0.068802    0.0676263    0.0777875   -0.0747983    0.0569793     0.348947    -0.036778     -0.13528   -0.0660039     0.165282    0.0370839     0.147755   -0.0228509   -0.0143473    0.0686532     0.165044    -0.115896    0.0439886  -0.00131791     0.171726    -0.275646   -0.0573831    0.0246701    -0.240136    0.0726998    -0.014263   -0.0421165    -0.136203    -0.278104    -0.095148     0.452293     0.136639
   0.0485647    -0.133154    0.0503978       0.2003     0.188553    0.0962884    -0.329403    0.0427334   0.00948733     0.306418    0.0473976     0.454291    0.0186683    0.0164267    -0.511195    -0.098588    -0.125527    -0.302613   0.00977421   -0.0125129   -0.0771426     0.107098     0.158934    0.0147305     0.184556     0.213246     0.263973   -0.0696425     0.250609    -0.105903    -0.141276   -0.0418228
   0.0850175    -0.224353     0.193656     0.237087  -0.00651644    -0.131567     -0.12571     0.350644     0.212007    -0.405259     0.175644    -0.425599     0.389214     0.063636     0.369345     0.149045    -0.204835    -0.278036    -0.291299      0.12873     0.332779      -0.3352    -0.101506     0.346483    -0.168888     0.426327    -0.102368    -0.177722    -0.144603    0.0855572     0.022212     0.057935
    0.106413    0.0288126    -0.245763    0.0236725     0.237391       0.1652     0.149013    -0.376841     0.266085   -0.0111694     0.051467   -0.0764478      0.27887   -0.0752496     0.551307     0.158071     0.197264    -0.316669     0.287151    -0.543042    0.0178659    -0.225849     0.283523    0.0390852    -0.362028     0.132846     0.170466   -0.0796968    0.0601955   -0.0153159   -0.0955771    -0.104948
      0.4752   -0.0635399    -0.199838    -0.346008     0.161031     0.144431    -0.188328    -0.274043    -0.161654    -0.180976     0.005405    0.0396341     0.238288     0.181519      0.37849     0.394245     0.217671     0.279602    -0.174823     0.102207     0.326962     0.144989    0.0942532     0.344034     0.319137     0.354023     0.109218   -0.0982972     0.397501   -0.0382868     0.105778    0.0369458
    0.145614     0.277782   -0.0195426     0.168805    -0.214769     0.178123     -0.26846    0.0401386     -0.14076     0.144779     0.109676    -0.490933    0.0116437    0.0898028  -0.00297699    -0.128027   -0.0611971     0.430142    -0.192966    -0.228509      0.16167     0.078026    -0.339903      0.30256     0.117361    0.0903412    -0.367542    0.0405833    0.0937793     0.175206   -0.0411413    0.0517802
    0.126178   -0.0765935    -0.109175     -0.26872    0.0344968    -0.164671     0.324276    -0.225762     0.428608     0.357814   -0.0738929     0.413989     0.578685     0.152286     0.233062   -0.0842505   -0.0329845     0.273211   -0.0789864  -0.00690608     0.337195     0.258585    -0.159768     0.218422    -0.285284    -0.123841     0.115299    -0.270912     -0.31215     -0.20365   -0.0457303    -0.417565
  -0.0601594     0.174464    -0.156936    -0.129324      0.27354     0.436724    -0.127781     -0.40863    -0.248476   -0.0362639    0.0952077     0.145474      0.19803     0.431639    -0.322694   0.00732073     0.111911     0.319174    -0.220553    -0.297824    0.0307265     0.070148   -0.0914737     0.219336   0.00410608   -0.0985076   -0.0534834    0.0454806    -0.232586   -0.0230381     0.242987     0.175372
   -0.393363   -0.0158641     -0.22328     0.288627      0.31411    0.0323251   -0.0562711    -0.178888   -0.0622443  -0.00214004   -0.0485259    -0.709009    0.0066025    -0.277254     0.387016     0.135708       0.3893     0.245346     0.228536    -0.252549    0.0376714     0.232565     0.235345    -0.450179    -0.325029   -0.0622429    -0.235357     0.373604    -0.274095    0.0788961     -0.51914   0.00784323
  -0.0639657    -0.433383    -0.176018     0.114501    -0.253552    -0.161155     0.180309    0.0782291    -0.107136    0.0643475    0.0285003    0.0836077     -0.29204    0.0256566    0.0118526    0.0969247    -0.116241    0.0714961    -0.232109    0.0182147   -0.0293141    -0.283505    0.0629617   -0.0394876   -0.0448952    0.0879116   -0.0262713    0.0723931    -0.237155     0.143643     0.126641     0.183811
    0.101662    0.0200263     0.139263    -0.310217    -0.303362   -0.0873848    -0.102004    -0.358988     0.185574    -0.319226    -0.176092 -0.000938954    -0.302336     0.141914   -0.0754861   -0.0151192    -0.387562    -0.150847     0.197492    -0.166097     0.199037    -0.188379     0.263746    -0.185448   0.00886069     0.583755     0.318818    -0.123887    -0.279827   -0.0501674    0.0241515    -0.123633
   -0.233202    0.0115379    -0.256993    -0.211237      0.33852     0.331559    0.0252303    -0.303075     -0.21942    -0.124345   -0.0160621    -0.123758    0.0263175    -0.072015    -0.254193     0.103663    -0.204755   -0.0873751    0.0596933    0.0406882    0.0159835   -0.0147989      0.44396     0.253206   -0.0844621     0.259231    0.0223999    -0.518697   -0.0566739    0.0121319    -0.453416      0.07372
  -0.0740427     0.179807     0.215498   0.00279894      0.10606    -0.177944    -0.325973    -0.229543   -0.0662063    0.0191057     0.137982    -0.137766    0.0502348     0.115187      0.14826     0.196035   -0.0152025    0.0130725      0.19506    -0.315023   -0.0679802    0.0920759     0.253678    -0.158735     0.154256     0.262247    -0.514266   -0.0702063   -0.0202393     0.546949    -0.199657    -0.206557
   -0.589678   0.00661594    0.0817339    -0.150824     0.185754    -0.299845   -0.0324152   -0.0773842     0.229983    -0.116229     0.307579      0.31492   -0.0435903   -0.0111982    -0.376248     0.101943  -0.00459661    -0.508729     0.457881     0.216915     0.025934     0.254608     0.146338    0.0272688     0.285474    -0.010996   -0.0487523    -0.121347    0.0828268    -0.362218    0.0303067   -0.0660669
   -0.166417     0.306949     0.227928     0.254645     0.322965    0.0894917    0.0258003   -0.0766387    -0.105905     -0.40367     0.113155     0.214309   -0.0721023    -0.166121    -0.654742    -0.465469     0.146167    -0.324372   -0.0183667    -0.423356    -0.430405    -0.498928     0.128718    0.0852088      0.34559    -0.854495    0.0323612   -0.0131549    -0.132558    -0.234597   -0.0990863     0.227025
   -0.122341   -0.0379427  -0.00867016    -0.119808    0.0129088     0.228441     0.112159    -0.257028    0.0497238    -0.194158   -0.0812826   -0.0236396    -0.256216     0.258551   -0.0747843    0.0620739   -0.0872493      0.40196     0.231464    -0.387865   -0.0350724    0.0727705     0.189896    -0.240314   -0.0982392    -0.133679     0.445026     0.125719     0.040647     0.263015      -0.2337     0.157577
  -0.0141058    -0.321129   -0.0701283     0.281278     0.249426     0.723013    -0.180671     0.335352    -0.251796     0.122579    -0.122351    -0.146932    0.0284611     0.211813    -0.522351    -0.119411    0.0100565    -0.207596    0.0149904      0.21558    -0.143216    -0.440164   0.00163143     0.045252  -0.00738383    -0.264537     0.402072    0.0606631    0.0951804     0.215558  -0.00466805    0.0268687
   -0.202653   -0.0109419    0.0684426    -0.417914     0.224554     0.170011      -0.3342    -0.228849  -0.00960834     0.270133    -0.166819     0.384553     0.354343     -0.24609     0.063818    0.0599946     0.558735     0.122424   -0.0118036    -0.149801    0.0947602    -0.105081     0.123422     0.356487     0.216997     0.370122    -0.254117    -0.282735     0.183777     0.229869     0.214257     0.197346
    -0.41234     0.455581      0.38947    -0.401103   -0.0842086    0.0722683    -0.200003     -0.08522    -0.108465     0.118711    -0.207242   -0.0786346     0.170498    -0.296824     0.213198  -0.00334818    -0.132795     0.415607    0.0535716     0.302214   -0.0131769     0.135374     0.454179     0.160782     0.132724   -0.0321456    -0.128448   -0.0777321    -0.119369    -0.163339    -0.130685    0.0073024
    -0.16215     0.299632    -0.413781    -0.271855    -0.298276     0.213929    -0.368886   0.00344799    -0.285919     -0.16479     0.106989    0.0319075     0.318363    -0.291858   -0.0684613      0.22256    -0.203597     0.419165     0.135793    -0.176783     0.286064     0.364784     0.281829     0.134845   -0.0661602     0.371511    -0.309845    -0.404601   -0.0723695   0.00338093   -0.0950228     0.182133
    0.198522    0.0208051   -0.0902434     0.291933      0.26665    0.0574556    -0.164007    -0.406038    -0.325456     0.317811    -0.550634    -0.117107    -0.186797     0.421221     0.216958     0.198488    0.0375637     0.156739     0.295184   -0.0356137   -0.0250711     0.135312    -0.184453    -0.182693   -0.0364845     0.112022   0.00233611     0.307613     -0.12697    -0.298593    -0.500847    0.0725571
    0.299077      -0.5192    -0.311215    -0.251665   -0.0820106     0.473831     0.235193    -0.157619     0.337283    -0.181972    0.0486717   -0.0133869     0.246151    0.0949882    -0.146987     -0.11038    -0.150281      0.15793   -0.0338674     -0.40827    -0.144126     0.244309    0.0145548   -0.0590412    -0.382869      0.38338    0.0996829    -0.208023    -0.338523  -0.00406351     0.228632   -0.0108184
   -0.308713   -0.0432771     0.447935     0.313782   -0.0283347    -0.307169    0.0261438     0.547163    -0.131166   -0.0625232   -0.0357211    0.0713015      0.17851     0.254045    -0.121974     0.301265    -0.596226       0.1739     0.319291     0.313649    -0.132199   -0.0430981    -0.236187     0.055531   -0.0957543     0.594941   -0.0604889     -0.08211    -0.108434     0.359746      0.17625   -0.0282252
   -0.264496     0.107119    -0.161899   -0.0778074    0.0344654     0.176527    -0.235633     0.103417    -0.392612     0.218565     0.251069    -0.292734     0.120835     0.239156    0.0639296     0.226308   -0.0267368     0.561337     0.164461    0.0942388    -0.338069     0.237434    -0.285032     0.217635      0.13775     0.207307   -0.0328493    -0.175228    -0.346417    -0.340434   -0.0527128    0.0641196
  -0.0593829    -0.189917   -0.0855354   -0.0575928    -0.533936   -0.0774165     0.288404    -0.200606   -0.0343997    -0.108186   -0.0217053    -0.152268     0.196161    -0.103442   -0.0362488    0.0566983    -0.156846   -0.0227276    0.0723583    -0.161577    0.0465088     0.215986    0.0720613      0.31429    -0.243271   -0.0420595    -0.126536    -0.439269    -0.254763    0.0751722    -0.128361    0.0666033
   -0.132785     0.211636      0.38903     0.211474    -0.318275   -0.0895393    -0.187247     0.154038    -0.534771      0.50614    -0.177901   -0.0335799     0.107286  -0.00596063    -0.828843   -0.0710361     0.255656  -0.00928017     0.351733    -0.027346     0.318736     0.456009     0.289758    -0.703251    -0.162979    0.0837078     0.207575    0.0588949    -0.637497    0.0394408    -0.717566    -0.239849
   -0.117964    -0.597127   -0.0108734     0.228768    0.0109977     0.245687     0.124525    -0.038161    0.0352079     0.114605     0.076046    -0.172873     0.419814   -0.0033596    0.0983082     0.252026   -0.0126169     -0.30879   -0.0479564      0.13539     0.100859    0.0835064   -0.0244632     0.207499    0.0773537     0.132092     0.138709    -0.139972    0.0794139     0.398147    -0.250237     0.106573
 -0.00979567    -0.198001    -0.426409    0.0721155     0.277115    -0.582942   -0.0861406    -0.216388   -0.0912528    -0.166115     0.311389    -0.320945   -0.0889657     0.266409    -0.157457     0.555108     0.243193    0.0149133     0.145989    -0.201634    0.0062664    0.0633773   -0.0897227    -0.107734      0.15846     0.253995   -0.0305857     0.241327    -0.110212   -0.0248473   -0.0685045   -0.0479839
   -0.111311   -0.0282264     0.168675   -0.0296402    0.0926134   -0.0509827     -0.11424     -0.28036     0.126358   -0.0166132    -0.191854    -0.132564     -0.42401    -0.247915     0.468409    -0.320871    0.0754638    -0.102456   -0.0469776    -0.329543    -0.023901     0.239251   -0.0882239   -0.0653728    -0.423957     0.271687    -0.225876     0.354828    0.0744626    0.0444326     -0.29097    0.0951393
    0.130302     0.155375    -0.304241    -0.292168     0.272936     0.391375    -0.210112    -0.310246    -0.327015     0.121491     0.281278   -0.0345068      0.33391     0.364691    0.0522656     0.348598   -0.0447393     0.337495    -0.465747    -0.287865   -0.0287877     0.466635     0.166396     0.502285      0.36582      0.29321    -0.467858    0.0483531    -0.126709    -0.102062     0.524111    -0.110315
    -0.37597     0.305214     0.303488    -0.151673     0.209886   -0.0118406    -0.134046    -0.236034     -0.17607    -0.240878    -0.186418    0.0771311    -0.456703     -0.12868    -0.352114     0.244995   -0.0752329    -0.464561   -0.0443696   -0.0487583    0.0756465   -0.0995953   -0.0151347    -0.532932     0.252618    0.0593361      0.10428    0.0375077     -0.41138   -0.0941713    -0.308117    0.0439948
   -0.322457    -0.147864     0.406978     0.353317    -0.132763   -0.0593014     0.216624     0.310473     0.124281   -0.0211323     0.122046    -0.533877     0.206916     0.255232     0.256232   -0.0392626     -0.27525     0.107348    -0.286247     0.274581    -0.207622     0.259829     0.148579     0.151449    -0.209562     0.330241    -0.207343     0.223721   -0.0980457     0.168806     0.121447     0.053847
  -0.0501316    -0.258129    0.0049396    -0.375519    -0.564371     0.019509   -0.0100634    -0.129184    0.0216586    -0.134943     -0.51347    -0.273287     0.336697     0.197254     0.508531     0.410829     -0.32407      0.25658     0.393021     0.022437     0.169062    0.0340454   -0.0270554     0.479734   -0.0746454     0.334386   -0.0670889     0.109645    0.0200226    0.0978887     0.137063    0.0538105
  -0.0548051    -0.203973     0.067114    -0.211546    -0.524543     0.394488     0.127629    -0.162021     -0.17408    -0.258406    -0.247048     0.313235     0.166376      -0.1633    -0.154769    -0.188978    -0.309504     0.154572   -0.0285058  0.000500938    0.0132006      0.19182     0.482763    -0.180535    -0.089663     0.514651  -0.00344117    -0.171479    0.0332434   -0.0762114     0.229785    -0.147309
   0.0126262       0.1547    0.0508149    0.0899405    -0.411177      0.29184      0.19572     0.157013    -0.743371     0.325151    0.0876066     0.167206    -0.244491     0.245951    -0.484719   -0.0153933  -0.00277416      0.17784    -0.342876   -0.0581817    0.0143137     0.295658    -0.344007     0.271274      0.24149    -0.508535     0.229128    0.0477308    -0.426921   -0.0325365      0.21146     0.236579
    -0.33403  -0.00332263    -0.331298     0.065938    0.0253597    -0.260767      0.17685     -0.34548    0.0361725     -0.28031    -0.451503    -0.280367     0.237531    -0.196316   -0.0730631   -0.0300312     0.241402    0.0326278     0.334805    -0.626288   -0.0779672     0.269335    -0.209034    -0.282701    0.0286297     0.108444     0.168461     0.331748     0.152039     0.345277    -0.684486   -0.0567256
 0.000504608     0.217906    -0.316596       -0.171    0.0535925     0.239418   -0.0445874     0.165814    -0.202712     0.355033    -0.189197    0.0812969     0.225389     0.105235    0.0902329    0.0435536       0.3594     0.181739     0.027654    -0.376552     0.242866      0.44339     0.258538     0.303234   -0.0147837     0.593435    -0.227807    -0.459541   -0.0813597   -0.0997414     0.564455   -0.0323174
   -0.174041    -0.104671   -0.0747697    0.0473709    -0.237929    -0.160123    0.0155854    -0.111525     0.297367   -0.0356535     0.133492     0.509633     -0.10538     0.426172   -0.0577794   -0.0326547    0.0449914    -0.136273    0.0838907     -0.35008    -0.177813    -0.245447    -0.144918     0.125863     0.148595   -0.0974937    -0.416526    -0.085034    -0.427982   -0.0706504    -0.016076    0.0307979
  -0.0356357   -0.0797137      0.33168     0.173631     0.251274   -0.0557455    -0.163547     0.230088     0.110374   -0.0157849    0.0877369    0.0215613    0.0190274   -0.0362392    -0.376166      0.10074     0.238388    -0.163726    0.0204106    0.0902167      0.13253    -0.381454     0.245202     0.275402     0.447877    -0.492063    0.0289139    0.0391058     0.146585      0.43251    -0.286773     0.228566
   0.0642764    0.0549844    0.0868674     0.181932     0.144124   -0.0735972   -0.0322749    -0.156469   0.00980152     -0.13993    -0.161193    0.0345645   -0.0125503   -0.0319083    0.0762968   -0.0966922     0.245139    -0.229781     0.148867     0.155185   -0.0813691    -0.184097    -0.122775    -0.132237     0.216078    -0.134115    0.0738878    0.0641462    -0.163377    -0.175041     -0.14987    0.0143795
  -0.0608388    0.0190269    -0.137756    0.0999858    -0.439264     0.343078    -0.295286     0.140831    -0.384088    -0.164497   -0.0120511    -0.066767    -0.317289     0.248518    0.0208811     0.061382    0.0187034   -0.0270485    0.0119895    -0.175363    -0.120481   -0.0272292     0.197162     0.120865    0.0489549  -0.00301717      0.29126     -0.11128    -0.174217     0.123751    0.0101143     0.140109
   0.0698319     0.157847   -0.0952444     0.167286    -0.058066    -0.375252     0.483495    0.0678847     0.109809     0.195072     0.156705   -0.0993917     0.108359    -0.249419     0.327645   -0.0951741    -0.197901   -0.0665707     0.188786    -0.282781     0.248389    -0.262774     0.126602   -0.0184696     0.344311    0.0130968    -0.311163    -0.261539     0.362218     0.231537     0.326506     0.317637
   -0.157661     0.131087    -0.102857     0.206155    0.0239339    -0.121969   -0.0572198    0.0708681     0.255816    -0.076408     0.329735    -0.260551   -0.0647845   -0.0225836     0.291251     0.255857     0.104554    -0.120947     0.048804   -0.0689924    -0.162367     0.151601     0.150567     0.172482   -0.0283798       0.4252    -0.389522     -0.39224     0.523644   -0.0952099   -0.0480275    0.0728826
  -0.0354985     0.182672    0.0945746    -0.279498    -0.330869     -0.16956    -0.295323     0.269711    0.0182055   -0.0191192    0.0682275   -0.0291252     0.307452     0.164526      0.34688    -0.346144     0.281813    0.0932746   -0.0624367   -0.0348942    -0.109862   -0.0189202    -0.610506     0.104335    -0.172229   -0.0709728    0.0303566    0.0762535    -0.481537   -0.0838229    -0.282642    -0.233268
     -0.1788   -0.0132579     0.118989    0.0553972     0.323972    -0.164824    -0.193513   -0.0936921   0.00528113    0.0310172   -0.0768887    -0.116013    -0.101043    -0.145073     0.127894   -0.0786587    0.0403729   -0.0106196     0.166286    -0.187823      0.10427    -0.189966     0.319438   -0.0646457    -0.380878     0.234416   -0.0424908    0.0872485   -0.0703315    0.0143158    -0.219086      -0.1117
    0.215381   -0.0612897    -0.124344    -0.162787   -0.0945155   -0.0779031    0.0840679     0.234919      0.28421   -0.0697749    -0.243508     0.183331     0.616621    0.0816579    0.0952516  -0.00627668    -0.124448     0.209911   -0.0574969     -0.12871     0.248956    0.0563038     0.432409     0.308844    -0.402287     0.109094    -0.415846   -0.0734351    -0.345358    0.0679413     0.240717   -0.0556004
   0.0974767    -0.113963   -0.0618805   -0.0340274    -0.146613     -0.51273    -0.195172    0.0878435    0.0430992    -0.144729     -0.39938     0.245476    0.0513659     0.270829      0.22111     0.118984    -0.433569   -0.0108441     -0.32108     0.183485     0.320434    0.0558348    -0.265535     0.157394   -0.0532347     0.353642     0.125924     0.226695    0.0381207     0.158816     0.255537    -0.282704
    0.214425    -0.285198     0.363922    -0.173656    -0.116177   -0.0753601     0.459054    -0.106167    -0.039626   -0.0722211    -0.283377     0.189653     0.379824    -0.110177     0.167801     0.138008    -0.336782   -0.0685625    -0.125851    -0.344607      0.38448    -0.287375     0.390536   -0.0741222    -0.119929     0.531469    -0.027507    -0.425363     0.210476   -0.0956162     0.312649    -0.124829
   -0.385341   -0.0785851  -0.00724317    -0.210581   -0.0638594     0.325819   -0.0526261    -0.196756    -0.145107    -0.138076   -0.0786077    -0.295234     0.284075    0.0927012     0.209064     0.257751    0.0822693    -0.569348    -0.543903    -0.260238     0.319512    -0.130742     0.296657    -0.310877    -0.441513    0.0628255   -0.0233632     0.285887    -0.590495   -0.0720669    -0.302688     0.100773
    0.113308    0.0356703    0.0381181     0.102287  0.000200725    -0.116537    -0.156489    -0.293825     0.218625     0.140462    0.0467402    -0.216907    -0.241536     0.153919     0.211283     0.250153      0.24303    0.0751918   -0.0150166     -0.24798    0.0451933   -0.0278077  -0.00121712   -0.0713574    0.0429619    0.0307291    -0.860205    -0.227597     0.380029    0.0436985     0.466473       0.0964
    0.140547     0.356578     0.116831   -0.0894731    0.0434337   -0.0468862    -0.095596  0.000839377     0.248445     -0.15084    0.0486159    -0.368161    -0.168768    -0.259852   -0.0245784     0.346136    0.0468614      0.26322   -0.0397752    -0.324409  -0.00320177      0.20376     0.400933     0.124657    -0.021664    0.0979874    -0.302934    -0.178202    0.0395017     0.106875   -0.0753612    0.0344714
   0.0937299    -0.243353     0.134097     0.218137    -0.283967    -0.160813    -0.188768   -0.0566959    -0.219134    -0.215992    0.0362522    -0.101792    -0.298048    -0.124624     0.158778   -0.0193451    -0.428953   -0.0394666   -0.0370264      0.28442     0.125248   -0.0584583    -0.206141    -0.096397    -0.137548   -0.0653203     0.138523    -0.253107   0.00905117    0.0458346    -0.175277   -0.0420234
   -0.208434    -0.292609    0.0287933    0.0833532    0.0746196     0.137949     0.129737    -0.116221     0.112947     0.200707     0.271992    -0.341924   -0.0450674     0.293637    -0.603806     0.104714    -0.139433     0.130223    -0.313449   0.00925496    -0.111445    0.0289308    0.0612023   -0.0434529    0.0608523    0.0604627   -0.0780521    0.0504469   -0.0223601    -0.343973     0.227741   -0.0678002
   -0.162702   -0.0728815     0.245896   -0.0569628    -0.197421    -0.067964    -0.245477    -0.144135    -0.200826    -0.041548    -0.256202   -0.0964822    -0.210475    0.0921608     0.063951    -0.330992     0.195583    -0.146051    -0.262221    -0.131069     0.100619     0.153605    -0.212153   -0.0158587     -0.21076    -0.318753    0.0731259     0.549974    -0.204047    0.0836483    -0.263559    0.0390865
   -0.116434    -0.242115    0.0907371   -0.0400733    -0.187082    -0.245473    -0.134533     0.668219    0.0142876    0.0519317   -0.0834549      0.22269    -0.437099    0.0554599     0.265617     0.328285    -0.433162    -0.372062     0.161435     -0.10448    0.0926262    -0.286396   -0.0173363    -0.176924    -0.085958    -0.241318     0.380678    -0.530787    0.0987501    -0.136934     0.128912    -0.255449
   0.0500984    -0.129717   -0.0609468    0.0216478    0.0267643    0.0918422     0.445482    -0.219592    0.0686284   -0.0386837    -0.204168     0.451106    0.0608292    0.0844205    -0.210715    -0.407294   -0.0963008   0.00404894      0.25586    -0.226958    -0.294941    -0.025527  -0.00228964     0.210163     0.207204    0.0554288   -0.0278102    -0.243199    -0.183303    -0.312899     0.634115   -0.0699267
  -0.0397343     0.203845   -0.0607081    -0.178724     -0.15429    -0.156802    -0.105672    -0.498371     0.163873    -0.443505   -0.0491231   -0.0632766     0.208371    0.0210855     0.258473   -0.0330443    -0.255587     0.252583      0.26667    -0.065145     0.385438     0.375599     0.534435    0.0996324      -0.3232    0.0983481    -0.383799    0.0357412     0.110931    -0.066312    -0.354816    -0.242884
    0.115261    -0.161327     0.249651    0.0536011   -0.0337511    0.0320412   -0.0456346      0.22215    -0.225284    -0.145724   0.00884844    -0.092344    -0.339722     0.017204    -0.275339     -0.24224    -0.238005    -0.373662     0.100522   -0.0496854     0.356168   0.00285436   -0.0787107    -0.314954     0.184069   -0.0770255    0.0844795    -0.120686    -0.188932    0.0281109     -0.29197    -0.273853
   -0.210474   -0.0198126       0.2546    0.0720649    -0.119302    0.0995729    -0.323487    -0.232646    -0.186608     0.122503     0.248514    -0.214539     0.384292    -0.137467    -0.160675    0.0270062    -0.101784     0.256468    0.0217206    -0.278007    -0.189946    -0.103806     0.596164   0.00753947     0.286235     0.117782      0.18267     0.147198     0.131957   -0.0799217    -0.216812    -0.122073
   -0.166812     0.163391      0.29783     0.348463     0.250517     0.163413   -0.0195406   -0.0674957    -0.154647   -0.0411965    -0.063549    -0.195525    -0.122406    0.0662186     0.276346    -0.164718     0.395702    0.0496094     0.157553   0.00844616   -0.0423544    0.0919646    -0.264133     0.134306    -0.454475    0.0339683    -0.110232      0.10111    -0.185023     0.182491     0.198381   -0.0242163
  -0.0582765   -0.0872006     0.137117    -0.383096    0.0496067     0.465336     0.307809    0.0215444     0.145626    0.0829097    -0.093077   -0.0697149     0.264168     0.203913     0.175492    0.0664405    0.0951016     0.336564    -0.196989    -0.124937    0.0891671     0.256832     0.216729     0.347965    0.0506234       0.1328    -0.119416     -0.25815     0.407234    0.0781222    -0.419607    -0.290896
 -0.00934811    0.0141497     0.207275    -0.381417     0.166464     0.158139     0.196328    0.0163661     0.351955    -0.130186     0.118903    -0.184281   -0.0501833   -0.0143772     0.153983    -0.135931    0.0472268     0.313303    -0.163157    0.0670051    0.0282844     0.129095   -0.0947529     0.135117    -0.107546     0.201895   -0.0644647    -0.398121      0.12398     0.189442   -0.0325448   -0.0878043
    0.343666    -0.190403    -0.191969   -0.0195547  -0.00307134     0.488237    0.0690059    -0.319665    -0.343553    -0.186047   -0.0459353    -0.205364   -0.0731144     0.297976    0.0382678   -0.0822315    -0.286427   -0.0660679    -0.117918    -0.258084     0.205329   -0.0799884    0.0666886     0.232732   -0.0687776    0.0261589   -0.0149122     0.140688    -0.183975     0.279491   -0.0527324     0.224033
   -0.110649   -0.0253893    -0.235363    -0.403214    -0.356892     0.156649    -0.168884    -0.177832     0.117118    -0.054926    -0.422307    -0.192067     0.174276    -0.465436     0.441862     0.254433     0.247477     0.158166   -0.0264369    -0.304508    0.0196065   -0.0709353     0.022699   -0.0511022   0.00996187     0.639344     0.164324   -0.0156761     0.428593     0.560696    -0.224856     0.189638
   -0.312817    -0.517235    -0.181773    -0.347535     0.755363    -0.112516    -0.306105     0.331712   -0.0973617    -0.288206    -0.132562    -0.269039     0.455686      0.07492    0.0438244     0.365218    -0.191184     0.219607    -0.362961    0.0591558     0.115251    -0.106891     0.494535    -0.179236    -0.443475   0.00879019    -0.254032    -0.244374    0.0509155    0.0260632    -0.119898    0.0526507
   -0.357109    -0.242978    -0.114973   -0.0573255     0.285381      0.28045    0.0366617     0.111495    -0.022296     0.426819     0.111961    -0.149992     0.548414     0.240687     0.209716    0.0542572      0.38337     0.278085    -0.196027   -0.0369997    -0.174349    -0.220397     0.422413    -0.147673    -0.107232    0.0670984     0.143468    -0.184361    -0.110368     0.190071    -0.189824    -0.154535
    0.214464    0.0650132     0.337653     0.164131   -0.0191426   -0.0753697    -0.071041   0.00678055    -0.318049       0.1725    0.0548527     0.130546    0.0169178     0.132142    -0.590979    -0.236618     0.106147    -0.324272    0.0262738    -0.165284    -0.251433    -0.193008      0.45589    0.0267305      0.23708    -0.358306     0.228767    0.0378067    -0.855664    -0.204294    -0.143023     0.234327
    0.410602    0.0364558    -0.527125    -0.078801    -0.212654    0.0292643    -0.136304   -0.0631219    -0.125145     0.268239    0.0554997     0.199381    -0.188432    -0.166883    -0.476031   -0.0419722     0.271346     0.222928    -0.164366    -0.133907     0.361034     0.163412    -0.141767    0.0372606     0.147298    -0.081165    0.0523796      0.26985     0.475621   -0.0533854     0.298269     0.281962
 -0.00732432     0.035014     0.250965     0.203091     0.384862   -0.0203737    -0.200058   -0.0644555    -0.433904    -0.049297   -0.0965399    -0.128975  -0.00759704    0.0795908   -0.0848572  -0.00153407   -0.0323749     0.191734    0.0754932   -0.0180032    0.0165649    -0.215341    0.0174408    0.0591976     0.356798    0.0719374    -0.113016     0.258833    -0.048263     0.153891    0.0864164     0.398301
  -0.0984163     -0.17899    0.0121497    -0.175506    -0.533643   0.00384434    0.0109828     0.040412    -0.306189   -0.0958579   -0.0872191     0.309341    -0.234678    -0.123451     0.413214    0.0807459    -0.298081    -0.103212    0.0529509    0.0200488     0.229924   -0.0324567    -0.228436     0.369858    0.0668014   -0.0225694    -0.123173     0.146181     0.025279     -0.10525     0.231288    -0.350413
    0.367591    0.0215496    -0.289953    -0.114936    0.0167989     0.548629     0.151093    0.0192947    -0.236397    -0.354073     0.169897     0.338296    -0.102971     0.515525   -0.0164071     0.412779   -0.0950742    0.0704705    -0.133797     0.270051    -0.230834     -0.50349    -0.288186     0.388487     0.382836     0.377007    -0.356574    -0.548105    -0.254391    -0.172615     0.531908    -0.379975
     0.10004     0.209778     0.276049     0.355168    -0.121289     0.112856     -0.22982    0.0853254    -0.433318     0.261235   -0.0827639    -0.288631     0.120915    -0.140323   -0.0411694     0.150206    -0.134137    0.0652697     0.153872    0.0117901  -0.00199691    -0.211635   -0.0444871    0.0610499     0.391162     0.130128    -0.289291   -0.0379878    -0.128298     0.010086     0.450988    0.0726107
    -0.27111   -0.0018904     0.354061     0.419016    -0.732299    -0.213535    -0.134153    0.0959306    -0.149225     0.279291     0.270689    -0.415464     0.195606     0.277372   -0.0739023     0.191658   -0.0650676     0.208948    0.0821753     0.104953    -0.287097     0.383843     0.190587    0.0306766    0.0481188      0.27309    0.0513721     0.107643     0.380522   -0.0482443    -0.596374     0.173179
   0.0205451     0.134634    -0.014331    -0.326016     -0.57107    -0.269502    0.0383422   -0.0270665     0.305284     0.133273     -0.14315     0.239218   -0.0300027    -0.247274     0.505697     0.049775    0.0773702    -0.127221     0.071811    -0.207812    -0.111218    -0.199886   -0.0380086   -0.0603136   -0.0143165     0.244429    -0.139451     0.311854   -0.0611375    -0.140529    0.0804306    -0.147236
  -0.0523451    0.0597864      0.25112   -0.0687823     0.280085    0.0882413      0.27201     0.173404    0.0388491    0.0703925    -0.306384    -0.324384     0.250131     0.178881     0.100981     0.302623   -0.0394873    0.0504845     0.377954    -0.295646     0.234493     0.309831     0.017271    -0.500133    -0.104138    -0.066724    -0.228457    -0.159107    -0.190743     0.324709      0.16294    0.0771592
    0.283954   -0.0265552    -0.313303     0.127792     0.137453     0.349213     0.433976    0.0991802    -0.285787   -0.0381901    -0.198791    -0.124429     0.402145   -0.0466439    -0.201971    -0.132912    -0.269153     0.179202   -0.0430335    0.0224167      0.31489    -0.409764   -0.0168574     0.148419   0.00632333     0.207464     0.359944    -0.200837    -0.417129     -0.18325     0.434581     0.295632
  -0.0978615    0.0420339     -0.17887     0.181062    -0.166427  -0.00620416    0.0883816     0.102199    -0.145462     0.215264  -0.00922461    -0.215607   -0.0140374    -0.247794     0.155146    0.0790092   -0.0648685     0.207274    0.0486735   -0.0520635    0.0287383   -0.0476398    -0.289993    0.0649703    -0.630796    -0.195148   -0.0333406    0.0463226  -0.00388123     0.230844    -0.195875    -0.253986
   -0.113798    -0.337629     0.204892     0.306796   -0.0826892     0.325113      0.10953     0.185485     0.352445    -0.317371     0.295982    -0.195733   -0.0384587   -0.0308666     0.310653      0.29461    -0.198233   -0.0142794    -0.229586   -0.0692809    0.0318895     0.263684     0.196745     0.396104    0.0418078     0.113921     0.220693  -0.00631941   -0.0806766      0.19186    -0.210426   -0.0824202
  -0.0685575     0.283635   -0.0528836    -0.382705    -0.184216    0.0245218     0.137839     0.125519    0.0932888    -0.169542   -0.0859103     0.144246     0.252757    -0.067563    -0.427765     0.103285     0.114776     0.424894    -0.235967     0.139031     0.170344    -0.151259    -0.288473     0.230935    0.0413485     0.334001     0.190517    -0.327976     0.430419     -0.12818     0.387483    -0.117649
   -0.145327     0.135598    -0.102763     0.414443     0.559404     -0.55736    -0.103446    -0.255138   -0.0699712    -0.115635       0.1163    -0.176568    -0.217504    -0.458291    -0.701203     0.108584       0.4395    -0.828037    -0.171296  -0.00279536    -0.292374     0.214098    0.0209599    -0.858288    0.0330992    -0.281665   -0.0960372    0.0805152    0.0563541    0.0913955    -0.556097   -0.0990437
   -0.184087    -0.230159    -0.436833    -0.132603     0.132051    0.0661179    -0.498936     0.355151   -0.0593581    0.0370646     0.364229     0.245625     0.142504    0.0967455    -0.338812     0.502807     -0.19863     0.248955   -0.0667879       -0.089     0.155299  -0.00232866     0.254297    0.0448797    -0.188028    0.0934209     0.102619    0.0365487    -0.165899    -0.152087     0.162913    -0.176233
    0.290616     0.300263     -0.16836     0.177498     0.323496    -0.112491     0.440663    0.0684809     0.426888    -0.197099    0.0478428     0.338892    0.0133632    -0.193347    -0.167353     0.123864    0.0581227    -0.536665    0.0861033    0.0811808    -0.096246    -0.162169    0.0220094     -0.26077    0.0657768    -0.217785   -0.0877615   -0.0576162     0.138183     -0.14452     0.128729   0.00280245
  -0.0412677  -0.00685459    -0.177347    -0.306311    -0.239014   -0.0782985     0.111838    -0.315779   -0.0815982    -0.192063    -0.165495    -0.131737   -0.0578322    -0.304883     0.223231    0.0746993    -0.116008   -0.0322603    0.0361264   -0.0699815     0.329883      0.15754    0.0397554   -0.0236063     0.140332     0.106291    -0.242554     0.349177     0.284664     0.151425     -0.34257     0.152961
   -0.106671   -0.0246548     0.493301    -0.144876     0.200742    -0.328001   -0.0208024    -0.450918     0.015466     0.279373    -0.290891     0.466418    -0.293888    0.0943008    -0.011324    -0.282882     0.327932    -0.296429    0.0835755    -0.308966    -0.145518     0.280279    0.0792069    0.0147306    0.0712361   0.00467391     -0.35804     0.104754    -0.124159     -0.18667    -0.115261     0.150467
   0.0892471   -0.0346115    -0.366107    0.0886304   -0.0895539   -0.0241257   -0.0347712    -0.326276     0.361583     0.156741    0.0516884    -0.433499   -0.0310358     0.158535     0.108156     0.602199  -0.00705915     0.265909    -0.107884    -0.443647    0.0490264     0.374565    0.0713007    0.0195725    -0.464913     0.380847    -0.463108    -0.182021     0.469446     0.133629     0.443958    0.0734108
    0.302691     0.126159    0.0277645     0.145708   -0.0779545    -0.182376    -0.215543     0.320405   -0.0277609    -0.270459     0.110807    -0.225774   -0.0783558   -0.0633109     0.153997     0.313028    -0.384073     0.265988   0.00779272   -0.0931016     0.382618     0.223938    -0.427373    -0.113014    0.0811387     0.169964    -0.348475     0.032559     0.232993     0.186135    -0.440851    -0.179248
   -0.109274    -0.103526     0.224464   -0.0995941     0.142883    -0.159989    -0.601388    -0.135784     0.554902   -0.0726636    0.0382593    -0.036182     0.214177    -0.258539     0.523529   -0.0559586     0.282406     0.178876     -0.13406   -0.0512059     0.264627    -0.353449     0.021429    -0.380321    -0.219317       0.2365    -0.527166     0.302288    0.0693932     0.175744    -0.119674    -0.209857
    0.336567   -0.0732024     0.149344   -0.0535524     0.233234    -0.258013    0.0857661      0.23568     0.136966    -0.141863     0.212823    0.0628002     0.191769   -0.0735981    -0.151597  -0.00510122    -0.271681     0.419899    -0.126012    0.0273576   -0.0925152     0.101654   -0.0250061     0.333009    0.0211885      0.12561    -0.178537     0.145862    0.0133309    -0.107994    0.0904623   0.00741869
   -0.473231    -0.266269   -0.0236724     0.109658    -0.216893    -0.220834    -0.210535     0.435432    -0.470746     -0.39899     -0.17332    0.0139854   -0.0901969     -0.31083    0.0752063     0.399895    -0.141191     0.368245  -0.00747299    -0.307355  -0.00145409    -0.086941    -0.216492   0.00429132     0.465157     0.341215   -0.0109741    -0.320857    -0.309201     0.405061    -0.221548   -0.0147307
   0.0786769     -0.28152     0.358174     0.388162     0.135661      0.27502   -0.0810076     0.182183    -0.420214     -0.07618    0.0207834    0.0800428    -0.103689     0.267063    -0.559137     0.135289    -0.188595    -0.121334    0.0556256   -0.0099623       0.3418  -0.00899604     0.322926     0.206003   -0.0403993    -0.293893    -0.163083   -0.0231484   -0.0661863    -0.206177    -0.224398   -0.0872514
    0.171704     0.112203    -0.220138     0.136228    -0.307525     0.204631     0.104605    0.0164281     0.145694  -0.00366994     0.149647   -0.0814132    -0.330505    -0.226149    -0.247969     0.287665    -0.365752   -0.0656232  0.000827038     0.151458    -0.042483    0.0631056     -0.11609    -0.390301     0.131867    -0.278887     0.332097   -0.0612346    0.0247271    -0.181921    0.0886807     0.159702
   -0.171708     0.291925     0.409408    -0.222469   -0.0916834    -0.631707   -0.0971721     0.370975 -0.000449509    -0.144145    -0.558075     0.119873      0.39268   -0.0952956     0.244461     0.401735    -0.159065     0.112155     0.247967     0.368994    0.0875508   -0.0769388    -0.207379    -0.125906     0.172957     0.021141    -0.126103    0.0987471   -0.0045344    -0.265388   -0.0340418    -0.303323
   0.0162724    0.0627154    -0.237162    -0.278862     0.261497     0.499818    -0.171778    -0.189849   -0.0538924  -0.00132988     -0.17966     0.430821     0.181989    0.0345875   -0.0324807     0.317611     -0.51008    -0.376757    -0.573599    0.0648519   -0.0261559    -0.487574   -0.0894052     0.225669     0.651648     0.398273     0.262717    -0.444623   -0.0408646     0.163828     0.139638     -0.44151
   0.0194522    0.0116514    -0.112638   -0.0820269   -0.0371512      0.10435    0.0784658     0.258163     0.125618     0.129541   -0.0523162   -0.0134023     0.405245     0.520874    -0.158244     0.288892    -0.194309   -0.0506046   -0.0907166   -0.0612634     0.221722   -0.0214955    -0.202905      0.36879     0.341511    -0.179855     0.106552   -0.0363931   -0.0182069     0.142212     0.103109     0.241782
   0.0785664    -0.105984     0.338937    -0.288297    -0.141067    0.0886784    0.0113031   -0.0347576    -0.180726     0.544369    -0.379901    -0.555631     0.546301     0.073115      0.47651  -0.00533433    -0.307604     0.343125     0.419027    -0.102161     0.614721     0.216076   -0.0495209    0.0387567    0.0368468     0.426693    0.0435786     0.179898      0.16099    -0.125533     -0.19157    -0.226287
  -0.0317009     0.164767     0.176344     0.119354   -0.0841481    0.0120653     0.089297     0.497263    0.0258212    -0.393456     0.102676    -0.161304    -0.259857     0.211438    -0.405864     0.102156    -0.111605     0.316341    -0.247249   -0.0574815    0.0807503    0.0355713    0.0079805    -0.210765    -0.512877    -0.193436     0.209219     0.118549     0.405067    -0.172365    -0.402259    -0.259368
  -0.0852963   -0.0451934      0.38816    -0.187944     0.168968    -0.335592     0.191354   -0.0729931   -0.0133061    0.0548465   -0.0553663    -0.096851     0.180623     0.115969    0.0845943    -0.144275    0.0017164     0.068753     0.345072    -0.459546     0.449473    0.0766503     0.308553   -0.0120773  -0.00913413     0.191186    -0.169292    -0.182345    -0.115612   0.00916952    -0.344517   -0.0746066
   0.0101469     0.190935     0.263924    -0.112293    0.0570178    -0.128138   -0.0762415    -0.163801    -0.240577    -0.039717    -0.357334   -0.0438611   -0.0035896     0.114674    0.0678734     0.290524   -0.0370412    0.0486028   -0.0555574    -0.180627    0.0714705    0.0751974   -0.0951576    0.0180466    0.0190512     0.356203    -0.150707    -0.188899   -0.0189209     0.131673    0.0740575    -0.197585
   -0.324461    -0.171102   -0.0486313   -0.0136021     0.144544     0.713875     0.535328      -0.1487   -0.0227231    -0.192764    0.0971528    -0.056202     0.157489   -0.0817358    -0.194919     -0.13143     0.216522    -0.212232   -0.0581763    -0.599245     0.232736     0.120207     0.734375     0.251008     0.100118    -0.506738    -0.258797    -0.371468    0.0485015    0.0926048    -0.301647     0.196146
    0.496828      0.06935    -0.141893     0.185455     0.294985    0.0863013     0.329942    0.0815386     0.121883      0.05454    -0.195238   -0.0973536    -0.162269   -0.0132303    -0.339095   0.00738286     0.143452   -0.0152555    -0.267391     0.157919   0.00468371    -0.201127     -0.13854     0.090067     0.293653    -0.342895    -0.494524     -0.13488    0.0667797     0.247285   -0.0875047    0.0890137
   -0.155335    -0.172351    -0.102141   -0.0271448    0.0537494     0.106104     0.291424     0.338973    -0.106846     0.174226    -0.224351     0.366499    -0.074455     0.101217    -0.046778     0.424184    -0.262567     0.318039   0.00747382   -0.0266267    -0.105328    -0.286924     0.294017    -0.072114     0.262612   -0.0535512  -0.00849964    -0.211318   -0.0571466   -0.0763018    0.0167197   -0.0884476
  -0.0961029     0.239637      0.17951    -0.175276   -0.0452814    -0.239359     0.148044    0.0701363    0.0613288    -0.107219     -0.18687    0.0750025    -0.041465  -0.00667743    -0.118199    -0.302548    -0.137169     0.160953     0.097222    -0.439267     0.199494   -0.0972115    0.0536177    0.0739286    -0.368751    -0.189001    -0.441203     0.238526    -0.228449     0.161452    -0.264757    0.0966901
   0.0143597     0.102935   -0.0491952     0.175249    -0.323216    -0.178468     0.182299    0.0567299    -0.358835    -0.175866      0.29634     0.290064      0.02763    -0.109136    -0.222549   -0.0411938     0.076558    -0.119746    -0.410619     0.328908     0.178213     0.078648     0.134837    0.0129895     0.200637     0.185673    -0.168299   -0.0718988     0.114138    -0.146407     0.187274     0.170349
