 -0.128151
 -0.627302
 -0.147231
   0.61327
 -0.306862
  0.185118
  0.132972
 -0.245992
  0.120826
  0.007305
0.00715074
  0.300946
   -1.1961
   0.53795
 -0.344317
  0.361171
-0.0373154
  0.189048
 -0.609015
   1.97507
 -0.083391
 -0.550388
-0.0431652
 -0.222159
 -0.695113
  0.593676
  0.299944
 0.0904281
 -0.225774
 0.0679362
  0.196166
 -0.275564
  0.195169
 -0.309239
  0.249024
   1.15483
  0.376775
 -0.243959
 -0.420772
 -0.269213
 -0.552251
 -0.178166
  0.363981
  0.260527
  -0.26024
  -1.03999
 -0.260927
  0.272908
  0.324444
 -0.498766
 -0.614469
-0.0961012
  0.598202
  -0.27621
 -0.161747
 0.0230341
  0.346975
  0.891387
   1.38368
 -0.654067
 -0.557966
  0.181881
 -0.472345
 -0.114716
  0.107758
 -0.274442
 -0.594448
-0.0471326
 -0.835206
 -0.360603
 -0.460662
-0.0525473
  0.212663
 -0.496365
  -0.78394
-0.0499989
  0.124064
  -0.41103
  -1.03389
  0.144731
  0.405036
  0.503214
 -0.344948
 -0.163983
 -0.781049
 0.0991283
 -0.647572
 -0.308572
-0.0622585
   1.03764
 -0.343963
-0.0730597
 -0.231119
  0.243748
 -0.116432
 -0.597565
 -0.217445
 -0.183645
 -0.508539
 -0.474985
  0.630379
 -0.495618
 -0.413706
 -0.422438
 0.0733668
 -0.237743
  -0.24602
 -0.170646
 -0.205952
  0.472135
 -0.210693
 -0.285392
-0.0557644
   0.15105
-0.0885812
 -0.249545
 0.0363761
-0.0885811
 -0.168235
  -0.16184
 -0.129356
-0.0589809
 -0.627361
  0.510888
 -0.226072
-0.0865289
 -0.394606
 0.0252909
