  0.00246626    -0.653663   -0.0408631    -0.213378    0.0710384    -0.167223     0.123703    -0.523422   -0.0230814    -0.621822   -0.0330373     0.116624   0.00728144     0.211192    0.0302743     -0.32354  -0.00438009   -0.0701825    -0.220753     0.245639   -0.0650432     0.397501    -0.306312    0.0691914    -0.648237    -0.364625    -0.018675     0.188522       0.2089    -0.404693   -0.0568065    0.0419108
    0.438191     0.219601    0.0616665    0.0239836     0.144742    -0.239658    -0.284004    -0.581216    -0.492091    -0.236237   -0.0648597     0.138818      0.28203     0.123829     0.229706    -0.239962   -0.0750821     0.127292    0.0360073    -0.276089     0.283783     0.132072   -0.0868572     0.467067    -0.147785    0.0291292    0.0302851      0.21938    -0.140558    -0.396584    -0.337327   -0.0853842
  -0.0677739    -0.267411   -0.0246324 -0.000660886     0.174313     0.242919   -0.0055016     0.351849    0.0613187    -0.128786    0.0982657    -0.190077    -0.585605    -0.352088   0.00569524    -0.193887     0.038288     -0.21627     0.142392    -0.317864     0.326223     0.190425    -0.195198    0.0941295     0.257564     0.312783   -0.0212877    -0.103343    -0.117308     0.283662    -0.159803    -0.148847
    0.200454     0.830073      0.31849        0.214    -0.355343     -0.43853    -0.406301     -0.17542      0.34183     0.390644     0.186092   -0.0064832    -0.427167     0.143567    -0.754379   0.00502083     0.254607     0.445791     0.354891    -0.224342     -0.18326    -0.423398    -0.509292     0.591728    -0.285414    -0.387749    -0.454927    -0.478594     0.297266   0.00771792     0.194803   -0.0312334
    0.645104    -0.221692     0.316763     0.205453     0.674283    0.0189654   -0.0616776     0.928968     0.192375    -0.701642     0.312495     0.144931   -0.0494083    -0.299638    0.0786995     0.740833     0.502401    -0.210748   -0.0471944    0.0157072     0.186842   -0.0443897    -0.240882    -0.106816    -0.151644    -0.149959     0.230323    -0.431113     0.112846     0.222732    -0.305343    0.0981237
   -0.198709    0.0248697    0.0972539    -0.134279     0.198667   -0.0250698   -0.0179389    -0.402599    -0.297171    -0.227737     -0.44816    -0.541667     0.373536    -0.220045     -0.16205    -0.261196    -0.424216   -0.0442675     0.408598    -0.585364    -0.593449    0.0594641    -0.398611     0.520554    0.0913159    -0.542198     0.316115     0.230531     0.399732    -0.157177    0.0660124     0.208552
   -0.132417   -0.0630783     0.011823  -0.00666178    0.0910593    -0.449643     0.282883    -0.105443    -0.326294    -0.187511     0.182465    -0.196683    -0.159495   0.00200908      0.33271    -0.495626     0.128104   -0.0366143     0.284656     0.224104   -0.0608025    0.0295681   -0.0539948     0.624542     0.108173    -0.514056      0.14714   -0.0845262    0.0406441    -0.423256   -0.0165298       0.2125
    -0.18716    0.0729475     -1.02729    -0.367648      0.11504    -0.148789   -0.0814691    -0.123083    0.0295188     0.164344    -0.118192     0.262925    0.0284333   -0.0596507    -0.367127   -0.0102419     0.267105    0.0190266    -0.116911      0.53062     0.491954   -0.0953444      0.44317   -0.0534336     0.165798    0.0553245     0.191464     0.043122    -0.439526     0.146971    -0.144529   -0.0251036
   -0.038904     0.292917    -0.205135     0.111127     0.565378     0.347205     0.554236     0.594783     0.270677  -0.00591941    -0.164526     0.335545    -0.564228   0.00816509    -0.240315    -0.159721   -0.0551773     0.275348     -0.42156     0.238258     0.150065     0.111081    -0.518344     0.518875      0.41222    -0.302518     0.431119    -0.138811     0.223265    -0.375688   -0.0570945     0.231391
  -0.0965596     0.505029   -0.0521606   -0.0563291   -0.0468646    -0.263738     0.170417     0.288731    -0.134556    0.0914983     0.344077    -0.120486    0.0589206     0.252541    -0.444535  0.000521535    -0.137651  -0.00404085    -0.164566     0.501212    -0.309768    -0.463906     0.226352     0.115516     0.484566    -0.171551    -0.476413    -0.661932       -0.234     0.430672     0.309596     0.581684
  -0.0212931   -0.0502965    -0.137054    0.0981868    -0.158103     0.277497     0.530742  -0.00326487     0.547053    0.0091265      0.30792    -0.442334    -0.149073    -0.254801    -0.457988   -0.0757968   -0.0606104     0.300852     0.022694   -0.0592052   -0.0297777    0.0139003    -0.032614     0.479759     0.423216     0.133819      0.58957     0.237986     0.228548     -0.37495   -0.0784909      0.48438
    0.298209   -0.0998541   -0.0553302    0.0929617   -0.0581338    0.0562556     0.125234   -0.0973143    -0.244047     0.099243    0.0199195  -0.00302703   -0.0871548     0.265664     0.311696    -0.553289      0.21942    0.0200685    0.0527668    -0.402609    -0.209257    -0.336249    -0.811736    -0.200637    0.0204348   -0.0477981    -0.171764      0.28369     0.391316     0.409925   -0.0940352    -0.281966
   -0.598033    0.0145526     0.311171   -0.0156872    -0.253791    -0.158417    -0.261717    -0.510631    -0.179102    -0.407927    0.0790896     -0.58194    -0.191878     0.325397     0.293321    -0.247202    -0.653311  0.000224994    -0.142313    -0.201905   -0.0357338    -0.298366   -0.0873046     0.217172     0.122493    0.0642458    -0.380462    -0.260009     0.138151     0.254528  -0.00831747    -0.121074
    0.604721     0.315325     0.133318     0.149034     0.337535    -0.433463     0.129163     0.656514    -0.579487      0.55222    -0.279976    -0.160603    -0.242567     -0.64735    -0.104856    -0.331525    -0.193769     0.157489     0.489606    -0.537546    0.0120358   -0.0545977    -0.508736     0.611154     0.445613     0.248521     0.184634     0.776266     0.139548      0.05422    0.0431314      0.16989
    0.187081    -0.190604    -0.153593   -0.0226804  -0.00279459   -0.0137532     0.226462   -0.0606619     0.035129    -0.211153    0.0169776     0.174358   -0.0556212     0.209349     0.387421    -0.143171     0.389215    0.0701345     0.108258     0.158176     0.187955   -0.0365278    0.0885173     0.182387    0.0141902    -0.209656    -0.317499     0.140615  -0.00447705     -0.14318     0.150533   -0.0961591
    0.221766     0.157061    -0.454218     0.115208    0.0809861     0.540863   -0.0783944   -0.0339532     0.352533    0.0139325   -0.0613419     0.412949    -0.141598     0.240023    -0.393313     0.539959     -0.10612    0.0434046    -0.363519    -0.241806   -0.0564899    -0.263161   -0.0325606     0.273331    0.0129415    -0.572877    0.0913298     0.194782     0.225192    -0.872369    -0.105833    0.0417893
    0.119786     0.239449   -0.0522657     0.314013     0.437111    0.0345085     0.200228     0.444882   -0.0980849     0.679982    -0.312593    -0.324512    -0.276811     -0.34445     0.109025   -0.0864871     0.222776     0.235353   -0.0651314    -0.269395   -0.0258408       0.1431    -0.152451     0.320127     0.481403    0.0743333     0.495398    -0.130957    -0.246069     0.418194     -0.45621     0.456823
    0.146089    0.0438107    0.0761068     0.158352     0.291588     0.443062    -0.137248     0.476962     0.283361     0.196756      0.18544    -0.142378   -0.0138879    0.0601001   -0.0226553     0.487613    -0.292715    0.0912527   0.00810837    -0.415817     0.263952    0.0901426      0.33594    -0.106416    -0.374152      0.28745   -0.0996399      0.26083   -0.0178258    -0.244481    -0.452445      0.29355
  -0.0360275    -0.090559     0.284071    -0.114468    -0.188793   -0.0919747     0.234686    0.0420093     0.229851    -0.214706    -0.174468    -0.306615    -0.132916    -0.196141     0.162737     0.188401     0.503952    -0.143897  -0.00206623    -0.470926  0.000552864   -0.0503831    0.0446065     0.194202   -0.0888507   -0.0467199   -0.0321383   -0.0699681     0.518875    -0.124739     0.670305     0.548283
   -0.187344    -0.225594     0.277977      0.42262     0.639527     0.278907     0.230827   -0.0569248   -0.0795181    -0.571963   0.00409676    -0.728335    0.0429622    -0.131376    -0.105046    0.0955607     0.648977     0.581446    -0.128273     0.585343    -0.292184    0.0854209    0.0273269    -0.324109    -0.282503    -0.139823    0.0254827    -0.492202   -0.0423356      0.31082     0.383321     0.284476
   -0.424611     0.276589   -0.0136248    -0.423505    -0.284148    -0.299443     0.206976     0.147016    -0.061022    0.0204044    -0.115793        -0.42     0.121158     0.279347    -0.125089  -0.00609111    -0.128521   -0.0490775     0.461632     -0.58031     0.437217    -0.189964    0.0528488   -0.0798301     0.329805     0.377684   -0.0397063    -0.289705    -0.329957     0.375169   -0.0982273    -0.185433
  -0.0585348    -0.161457    -0.196465    -0.243082    -0.629816   -0.0810875     0.116918     -0.26433     0.203338    0.0550257     0.183071     0.243592    0.0543457    0.0818871    -0.108723   -0.0217071    -0.305314    -0.195218    -0.057809     0.361216    -0.354227    0.0613279    -0.127625    -0.174418    -0.295913   -0.0174782    -0.520276   -0.0967548   -0.0238042    -0.114203   -0.0989074    -0.225985
    0.133996     -0.08188    -0.235544     -0.18473     0.141584    0.0645925    -0.263296   -0.0641844    -0.531264   -0.0451213    0.0245226    0.0648118   -0.0736095     0.167763    -0.310985     0.321195    -0.462354    -0.207461   -0.0557852     0.567429   -0.0178665     0.476011     0.461775     0.295208     0.399082   -0.0945169    -0.646355     0.185495    0.0497342    0.0518998    -0.146563    -0.067056
     0.14597     0.268603    -0.277116     0.239535    -0.150255     0.114189    -0.197296    0.0245964     0.061555     0.244536    0.0241682   -0.0935859     0.236415    -0.221605    -0.142891     0.176583     0.214934    0.0460988     0.211808   -0.0427686    -0.141029   -0.0450024     0.151448    0.0660483    -0.108394    0.0104444    -0.101523     0.631891    0.0203679     0.158072    -0.101137    -0.120879
   -0.490249     0.113123    -0.155735   -0.0535913    -0.107598    -0.297929     0.573466     -0.45238     0.300349    -0.372566     0.420132     0.246669     0.404823    -0.116346   -0.0982527    -0.265802     0.475123     0.317702    -0.327284     -0.30695    0.0865284     0.263002    -0.640151      0.29023    -0.234749     0.260202    -0.336675     -0.33905    -0.192568   0.00896359     -0.34689    0.0218628
   -0.228611     0.359362    -0.376851    -0.105257    -0.460493    -0.270385     0.391189    -0.149003   -0.0720152    -0.524985   -0.0940692    0.0271242     0.354121     0.190611    -0.123208     0.276302    -0.521799     0.118682    -0.197442     0.143336     -0.36954     0.195221     0.109992     0.343687    -0.279843    0.0400373   -0.0512256    -0.253844    -0.320611     0.100937    -0.375088     0.507098
   -0.242678    -0.390868     0.122675     0.249706      0.60321     0.379008     0.400986     0.190617     0.601104    -0.522355     -0.10365    -0.298314    -0.109857     0.475065   -0.0330093     0.458697     0.331934   -0.0303009     0.197485    -0.486764     -0.17687     -0.38857     0.520992    -0.059852    -0.254765    -0.503818     0.168996     0.033219     0.028108    -0.453465     0.317019     0.504167
   0.0429941   -0.0795946    0.0919352   -0.0694326    -0.258481    0.0667854     0.363585 -0.000319293     0.480588   -0.0386253     0.254673    -0.632754   -0.0493608    -0.134097     0.164685     -0.17889    -0.159295     0.279061     0.419634    -0.701668    0.0439101    -0.086132   -0.0391508    0.0557965     0.242837     0.167988   -0.0876437   -0.0795819    0.0447273      0.29759     -0.12091   -0.0771889
   -0.110809     0.274513    -0.224481    -0.257315    -0.662845    -0.393791   -0.0259333    0.0372868     0.190235     0.621394     0.594133    0.0388391    -0.552849    -0.249304    0.0410976   -0.0297397    -0.220612     0.448833     0.221704    -0.212239     0.165018     0.228714     0.409621     -0.16496    -0.251712     0.547649    -0.383245   -0.0162957    -0.207574    0.0499475    -0.319045    -0.328104
   -0.273656    0.0677406     0.292218     0.253095   -0.0206409     0.647571    -0.235201     0.190245     -0.18478     0.118506     0.105871    -0.477812     0.473493     0.490242    -0.116213     0.108709       0.3039     0.415935     0.123796    -0.118646       0.1665    -0.287476   -0.0500385     0.131279    0.0334965    -0.440882    -0.473195    -0.516696     0.249998     0.334256    0.0308253    -0.143746
   -0.321153   -0.0625887      0.25869   -0.0222865    -0.469054    -0.454676     0.173385     0.449365   -0.0341034     0.334109     0.169183    0.0615486     0.395189     0.363345     -0.64819    0.0711688   -0.0527433    -0.100647    -0.196411      0.24443   -0.0156466   -0.0343568    -0.258687    0.0308374    -0.119384     0.140368    -0.191265    -0.465124    -0.263098     0.199322    -0.374772     0.306827
  -0.0254063     0.491936    -0.194237     0.345629    -0.110258     0.049299     0.630682     0.464064     0.174524    -0.276563       0.6004     0.379961    0.0258594     -0.12675    -0.547007     0.434763     0.847518      -0.1378     0.263489     0.474997    -0.170628    -0.269181    -0.228794     0.123264     0.197102    0.0828817     0.299652    -0.650829    -0.798285     0.499585     0.095789    -0.113681
   0.0834509     0.429557    0.0278266    -0.349763     0.264197     0.379616     0.226024    -0.320179    -0.152868      0.15282   -0.0453413    0.0681111    -0.132896  -0.00387019    0.0473901    -0.101062    -0.488877    -0.196783     0.103614     0.247278   -0.0451506     0.445718    -0.755756    -0.311356     0.339169     0.223569     0.292455     0.367963    -0.120416    0.0489976     0.480402      0.37633
   -0.309271    -0.262314     0.189895     0.362332     0.669413    -0.241824   -0.0448805     0.824228   0.00200715     0.505882    -0.196913    -0.401519   0.00709982    -0.510342    -0.303301     -0.15003     0.773233     0.425874    -0.398647    -0.138898    -0.446856     -0.17998     0.256872    0.0972925     0.309204     0.381658    0.0347119    -0.306922     -0.74907     0.223055    0.0111137     0.126037
   0.0838973     0.306988     0.202316     0.149952     0.314178      0.15041    -0.121203    -0.183062      0.07943     0.383293   -0.0759013    -0.165977     0.436642   -0.0946672    -0.261699     0.114984     0.172015    -0.188751    -0.262741    -0.341514     0.213474     0.138582    -0.158988     0.373749     0.525491    -0.451302    -0.148206    -0.281019     0.434675     0.198827    -0.134674     0.261373
    0.125885   -0.0467457     0.305143    0.0397454   -0.0101783    -0.381376    -0.395368    -0.652362   -0.0239933     0.267166    -0.504883    0.0933407     0.307766    -0.394258     -0.21741    -0.284219    -0.500986    -0.155493     0.114149    -0.177016   -0.0744269    -0.372721     0.127869    0.0528034     -0.21688    -0.254918    0.0401742    -0.144114    0.0804766    -0.527262      -0.4764    -0.260258
  -0.0248496    -0.303481     0.361024    0.0541075     0.215693     0.271619  -0.00987664   -0.0654947     0.284805    -0.101005     0.216372    -0.184016    -0.330936     0.110681     0.194658    -0.145905     0.334856   -0.0144246     0.136382     0.139371     0.207409     0.204481     0.120751     0.104465    -0.153462      0.14414    -0.208062     0.352952   -0.0435499    -0.601948     0.187922     0.308288
    0.206084    0.0576454    -0.387816     -0.16254    -0.522595    -0.524754     0.065774     -0.14213   -0.0713675    -0.104769     0.136468      0.37722      0.29986    -0.464802    -0.172323     0.188332     0.255151     0.083401    -0.169689    -0.225496    -0.466995   0.00101814     0.284827    0.0553415     0.228053    -0.039072     0.133047   -0.0970864   -0.0674154     0.110754    -0.457501     0.107919
  -0.0204251    0.0257247   -0.0622773   0.00758951   -0.0725576    0.0401857   -0.0278274    -0.227527     -0.14044   -0.0470596    -0.597712     0.192439     0.364613    0.0615374   -0.0123678    -0.198627     0.249102     0.196591    -0.337655     0.269171   -0.0628274   -0.0587798   -0.0854893     0.222382   -0.0606417     0.185674    -0.207819     0.260824   -0.0575792     -0.29325     0.346851     0.269083
   -0.324837       -0.427    -0.400533     0.231773     0.300412     0.359324   -0.0172417     0.264735     0.227295    -0.636854     0.167978    0.0288457    -0.492966     0.137787     0.807849     0.339372    0.0717751    -0.110822    -0.300249     0.212171    0.0405332     0.602387    0.0355004    -0.111901    -0.329654    0.0969131     0.202968     0.100214    -0.451173    -0.372931     0.386386   0.00273156
   -0.117533    -0.179465    0.0639636     0.347312    0.0765169    -0.131801    -0.266803     0.164085      0.22793     0.234265     0.136002   -0.0897583    0.0195174   -0.0163873     0.256714     -0.44581     0.264302     0.613466     0.127386   -0.0794175   -0.0310239     -0.16603   -0.0595278      0.34202    0.0762513    0.0790636    -0.309237     0.208464     0.213394     0.381118    0.0661934    0.0663448
    0.085518     0.389719     0.252244    -0.191178     0.311162     0.112733   -0.0676396     0.079408   -0.0114555     0.438135      0.08643     0.150006    -0.447613     0.100532   -0.0758023    -0.172931    -0.430746    0.0487338    0.0380579     0.187633    -0.051138  -0.00284957    -0.492844       0.3386     0.415642    -0.466634    0.0653227     0.317885     0.161566    -0.171082     0.255944   -0.0909117
  -0.0441008   -0.0590437    0.0316656   -0.0755983    -0.460655     -0.32369     0.182658  -0.00803165    -0.372876    -0.126174     0.132397   -0.0620205     0.656975    0.0315785     0.133875    -0.170956     0.255565    0.0792919    0.0301044     0.324956    0.0821075     0.296943     0.360405     0.140963    -0.392521     0.432831    -0.478668    -0.336584    -0.370328    0.0551403    -0.837853    -0.259375
  0.00626781     0.317747     0.508818     0.391626     0.227737     0.283914     0.125217     0.154404   -0.0887868    0.0524132    -0.118451   -0.0198169   -0.0341248     0.276704    -0.318498    -0.236567    -0.316832     0.435861     0.144996    -0.494707     0.258118     0.200384   -0.0634921   -0.0103774    0.0466851     0.100236    0.0562433    -0.173693     0.427206     0.150544    -0.019345    -0.316221
   -0.370669    -0.238169    -0.175011    -0.109717    -0.292882    -0.255816     -0.21818    -0.298909    -0.770818    0.0371322    -0.273934     0.162994   -0.0864234     0.187633    -0.476123    0.0870602    -0.280521    -0.350146    -0.350619     0.294859     0.178761    -0.204384    -0.240644    -0.353817     0.295647      0.21003    -0.212059   -0.0626227     -0.14839     0.351182   -0.0211269     0.149551
   -0.146556    -0.359253    -0.321052   -0.0854821   -0.0403539    -0.180617     0.012147     0.343394     0.337751    0.0377066    0.0678469     0.255171      0.32282    -0.600138     0.193816   -0.0066562     0.341788    0.0135187    -0.365259    -0.162486     0.147988    -0.309339     0.159933    -0.325431    -0.057416      0.74495  -0.00295233   -0.0973413    -0.169568   -0.0721548     -0.12407    -0.239967
    0.153336    -0.398934     0.281377    0.0452739   -0.0653652    0.0496592    -0.166937    0.0857998    -0.258752     0.359117     0.485543     -0.63292    -0.818185    0.0859281    0.0505771   -0.0387952    -0.322812    -0.111259     0.259425    -0.366712     0.189344    -0.153744     0.329629    -0.381423     0.522661    0.0393083   -0.0148765    -0.257094     0.303822     0.114157    -0.176693    0.0573172
   -0.128849   -0.0253046    0.0867912    -0.383098   -0.0411976   -0.0278602     0.168473     0.183827   -0.0261501    -0.190556     0.139694    -0.691788      -0.3209  -0.00985658    -0.121583    0.0894651   -0.0818431     0.353266     0.352871      0.32418  -0.00810099      0.12023     0.651776   -0.0103267    -0.524447    -0.369775    -0.180198    -0.569253    -0.144558     0.212975     0.594122    -0.113429
    0.317422     0.350437   -0.0839135     0.276367     0.728559    -0.241929     0.158762      0.65797    -0.170411    -0.252473     0.097507     0.184833     0.302133   -0.0424286    0.0145248     0.195769    0.0546243    -0.291978    -0.218245    -0.143709    0.0665348     0.289778     -0.30654     0.329652     0.479955    0.0815214     0.213365   -0.0444398     0.278013     0.314876    0.0820041     0.562304
    0.181944     0.561425     0.402495    0.0356284    -0.349226     0.139095   -0.0317908    0.0276509    -0.116838     0.215652    -0.037509    -0.122364     0.407421     0.270896    -0.240462     0.131918    -0.153947   -0.0201271    -0.150535     0.252591    -0.017725     0.102009     0.690512    0.0744456    -0.376735    0.0300952     0.205459    0.0937933     0.091478    -0.182476    -0.291832     0.292384
    0.284747     0.334089    0.0112513    -0.226786   0.00546107   -0.0884611     0.221411   -0.0115704   -0.0729655     -0.46795    0.0426475     0.364044     0.541198   -0.0790211   -0.0177348     -0.43073  -0.00851032      -0.1058     0.141134     0.865681   -0.0618992    0.0268932    0.0824968     0.282609    -0.226645   -0.0486078   -0.0967565    -0.108831    -0.331997    -0.358467    -0.310146    -0.234503
    0.161801    -0.335819      0.25135     0.280484    -0.157226    -0.201283    -0.277929    -0.700587    -0.764014     0.525754    -0.153096    -0.253325      0.22062     0.360165     0.300874   -0.0851444    -0.656176   -0.0702081    -0.067613   -0.0594675     0.123816   -0.0775408     0.260636     0.306055     -0.20456    -0.677376     0.384669    -0.303651     0.256237    -0.147372    -0.315457   -0.0793909
     0.29479     0.324414     0.129428    0.0163368   -0.0601789    -0.356164    0.0996857      0.40072     0.220267      0.41782     0.416824    0.0211751     0.849086      0.26283     0.040781    -0.181231     0.039092    0.0712903     0.188783    -0.310542     0.015254     0.238124     0.343941     0.149864   -0.0189515    -0.111553   -0.0690426    -0.236937     0.178053     0.249843    -0.597365    -0.374568
   -0.213833     0.169238     0.335556    0.0381004     0.218906    -0.079016     0.201961    -0.457851    -0.563064    -0.144418    0.0753709   -0.0366642     0.191909     0.321191    -0.206874    -0.296857      0.20442     0.340058     0.118781     0.552469      0.13913    0.0497771    -0.101724     0.270781    0.0315703    -0.265021   -0.0148994    -0.219416        0.217   -0.0393923      0.19411   -0.0460222
   -0.544987     0.163805    0.0222965    -0.456891    -0.835217    -0.588214    0.0427361     0.251569    -0.570536     -0.37981    -0.186355   0.00542775    0.0520257    -0.312258    -0.331834    -0.379478    -0.130263     0.179095    -0.202685    -0.108356   -0.0888053     0.153527    -0.122878     0.382308    -0.392826     0.456863    -0.258322      0.50512     0.305574     0.331507    -0.318466   -0.0948531
    -0.24172     0.251489    -0.212984    -0.250297     0.267226    -0.193047    0.0954512     0.489804     0.393581     0.143368    0.0819488     0.145715    -0.107554    -0.710894    -0.370452     0.115133     0.227584    0.0807116    -0.198182     0.347451     0.144306     0.133234    -0.159133     0.182303     0.519283    -0.151116   -0.0656281    -0.378943      0.03438     0.119508     0.173487     0.136392
    0.118074    -0.119045    -0.664803     0.367982      0.18939     0.142935    0.0109587     0.181729    0.0910252     0.344126    -0.138343    -0.416905     0.130676    -0.640568     0.102128    -0.185884     0.626271     0.366185      0.51115    -0.388535    -0.348308    -0.575508   -0.0195206    -0.420268     0.246761    0.0757342     -0.45467    -0.381404     0.187687     0.143959    -0.492016    -0.438326
   -0.158685     0.363856    0.0930735    0.0197663   -0.0848411      0.22874     0.126745     -0.26306    -0.184086    -0.158259      0.19374    -0.207546  -0.00970258     0.175647   -0.0907264     0.346923     0.323494     0.294109      0.19137    -0.337541    -0.238788     0.298936    0.0752786     0.214297   -0.0707513    -0.450853    -0.121458     0.229487     0.440665   -0.0249489    0.0275565      0.28622
 -0.00977374    -0.237353     0.284027     0.206536     0.017993    -0.396699    -0.165009     0.361232    -0.472349    -0.120204     0.320783    -0.161189     0.219851    -0.664271    -0.273337    -0.182453    -0.202213     0.424122    0.0229189     0.365399       0.3845   -0.0876316     0.320496   -0.0725715    -0.280434     0.301451     0.212279    -0.405429    -0.093164     -0.07592    -0.613911   -0.0247239
   0.0842337     0.152725     0.598634    0.0574803    0.0085973    -0.352031    -0.333628   -0.0947642    -0.452236     0.818472   -0.0524393     0.447986    -0.232062     -0.34186   -0.0980435    -0.221919   -0.0409732   0.00465618     0.270408     0.459221   -0.0960345    -0.393662     -0.04492    0.0663391    -0.155983    -0.167469     0.146074    -0.160906    -0.334346    -0.346784      0.03174     0.338605
  -0.0773576    -0.255286    -0.342635    -0.267546     0.231128    -0.216199    -0.152149   -0.0913473    -0.520462    -0.329029     0.257946    -0.300813    -0.135369    -0.413143    -0.326908    -0.408461     0.424984   0.00763334    0.0421894     -0.35173    -0.145376    -0.146708     -0.15226     0.474048    -0.304837    -0.278361    -0.140237    -0.374045     0.290146     0.513061   -0.0873876    0.0394281
   -0.211309    0.0824241     0.345948    0.0790127    -0.442625    -0.264735    -0.217691     0.644813    -0.157702    -0.414638    -0.357153    -0.402348   -0.0119314   -0.0475694     -0.33636    -0.101918    0.0891018    0.0792992     0.092382    -0.407991     -0.11098     0.152954    -0.513335     0.252903    -0.159407    -0.950067    -0.460192     0.182421     0.412393    -0.485161     0.239191     0.206298
    0.376214    0.0734209     0.605259     0.230046     0.155192     0.204221     0.132421    -0.276519     0.093164    -0.378681     0.196515    0.0878437      0.18015     0.137567     0.176789     0.167636    0.0475562    -0.327124     0.114313    -0.211802     0.143322     0.232094    -0.235054     0.141703     0.209207    -0.220019     0.174028     0.239228   -0.0115902   -0.0886652   0.00968246  -0.00190682
    0.260526      0.14845    -0.194265     0.161814     0.269863     -0.10359    0.0720626   -0.0061004     0.175218     0.177588    -0.174019   -0.0930072     0.305625   -0.0648389    0.0945991    0.0106196     -0.46063    -0.422667    -0.211155    -0.200357     0.541523    -0.323155    -0.109935    0.0432334     -0.32845    -0.190724    -0.195044     0.230104    -0.261793     0.301452    0.0372955    -0.473927
  -0.0307392    -0.239212    0.0626402    -0.229786     0.228125    -0.157626     0.216608   -0.0237478   -0.0429021    0.0267285    -0.165902      0.27794    0.0141881     0.165365   -0.0257835     0.190797  -0.00483056     0.232419    -0.176827   0.00242236     0.133415     0.314235    0.0653869     0.172217     0.217173     -0.10342    -0.186013   -0.0898171       0.1357   -0.0714817    0.0771744    0.0876247
   -0.407487    -0.275632     0.228476     -0.36553    -0.224219   -0.0765775    0.0407507    -0.252936     0.384554     0.106549     0.297749     0.156867    0.0778655    -0.425665    -0.307369     0.174395     0.760824     0.487006     -0.11699     0.163644     0.428858    -0.354225   0.00578189     -0.32697    0.0264126     0.112241    -0.251066    -0.546794    0.0215512     0.304953    -0.173172    -0.233011
    0.267953     0.139628    -0.743441    0.0725836     -0.41016   -0.0610008      0.23295    0.0320166    0.0909994    -0.319101   -0.0500994     0.125237     0.270077    -0.711948    0.0382191     0.179821    -0.102772     0.225016     0.131941     0.390643     0.260619   -0.0762909     0.118516     -0.14886   -0.0247234    -0.167638       0.4677    -0.183359     0.132507    -0.200713   0.00221512     0.036178
   -0.175453    0.0775623     0.392971    -0.194788    -0.217517   -0.0317284     -0.27213    -0.190232    -0.335206     0.275188     0.155437     -0.81898      0.21062     0.620406     0.571348     0.173204    -0.291192    -0.074783    0.0451053    -0.567093   -0.0939906    0.0906425     0.228664     0.233119     0.398628   -0.0868064   -0.0700501    -0.258588    -0.133547    0.0290376    -0.283591     0.162986
   0.0994726    -0.166502    -0.107199     0.131111     0.159312     0.186231    0.0665466    -0.137317    0.0965362    -0.309493     0.318233    0.0281936     0.211293    0.0690629   0.00442335     0.224591     0.363471     0.256707    -0.126236   -0.0743396    0.0212887    -0.158034     0.122885    -0.126339    -0.258907     0.184979    -0.478224     0.146156   -0.0426769     0.252395     0.212036    -0.183607
     0.15424    -0.176962     0.456764   -0.0684497   -0.0650737     0.170717    -0.181105     -0.13365    -0.127286      -0.2118   -0.0560581     0.455991    0.0951041     0.176793    0.0148766    -0.230914     0.153274    -0.148358    -0.220883    -0.147571     0.260573    -0.150133    -0.496205  -0.00735523    -0.248919    -0.573384  -0.00334102     0.337331    -0.316226    -0.413348    -0.131748     0.124845
    0.461142     0.073107     0.441093    -0.108752    -0.236244    -0.269201    0.0982583     0.328792     0.329954    -0.156728    -0.256792       0.2396   -0.0418532   -0.0628045     0.384176    0.0406073    -0.227668    0.0246213     0.103132     0.102212   -0.0286617    -0.055185     0.296072     0.207158    -0.456424     0.580655     0.324689     0.368952     0.402745     0.446339     0.488436  -0.00821391
    0.200203     0.643121     0.185616   -0.0570326    -0.280744    -0.226842   -0.0665071    -0.120987    -0.343786     0.380313   -0.0870127     0.430582    0.0614993    -0.223196    -0.417328     0.179882    -0.181784    -0.374015    -0.716929    -0.145058  -0.00481443     0.359063     0.263206    -0.248782     0.596311   -0.0197084     0.261267    -0.124448     0.140759     0.199836    -0.290612   -0.0598126
 -0.00580036      0.10108     0.281649   -0.0919151     0.077883    -0.104593   -0.0935725    -0.130638      0.18617    0.0347842    -0.387448    0.0328978     0.199848     0.021872    -0.636701    0.0827279   -0.0687112    -0.257074     0.120668     -0.49982    -0.133796   -0.0836314    -0.670546     0.393813    0.0224111      0.13912     0.487784    -0.120614      0.41076    0.0733199   -0.0376057  -0.00994129
  -0.0835263     0.200027     -0.24672   -0.0276298       0.0259    0.0195246    0.0288334    0.0774149    -0.111832     0.131277     0.265401     0.148815     0.110481    -0.263893    -0.219339    -0.307985     0.151483    -0.169026    0.0892961      0.41624     0.198572    -0.216358    -0.369875     0.373171     0.786098     0.116049    -0.422963    -0.212576   -0.0292847    -0.204974      -0.1935    -0.205567
    0.331264     -0.20763     0.102863   -0.0733469     0.294846    0.0894119     0.171994    -0.162803   -0.0535745     0.108503     0.129665     0.355251     0.258816     0.227603   -0.0954385   -0.0203501    0.0348857    -0.264961   -0.0529823    0.0925351   -0.0754373     0.180384     0.047465     0.302105     0.140228    -0.532533     0.262741     0.397512    0.0690239   -0.0179236      0.19114     0.299385
   -0.314852    -0.343724   0.00178034    0.0508309       0.4574    0.0153187   -0.0677134    -0.378412     0.104817    -0.382315     0.320496   -0.0914739     0.291668      0.02723    0.0516293   -0.0497111     0.242985    -0.684149   -0.0132879     0.282208  -0.00256572      0.27538    0.0337193   -0.0842568      0.38026    -0.501906     0.470081     0.119356     0.158099    -0.145377    -0.805456    0.0984857
    -0.08268    -0.214544    0.0866186    -0.312353    0.0564162     0.960763   -0.0355232    0.0578649     0.537506    -0.407528    0.0977405     0.233234    -0.220271    -0.194486    -0.123482     0.180577     0.219751   -0.0418569    -0.188639   -0.0893065    -0.425601      0.32852     0.342932  -0.00763517    -0.247173    -0.377077    0.0386556    -0.331815     0.116332    -0.237619     0.200198    0.0473081
 -0.00170986    -0.257596    0.0884073   -0.0800465    -0.161407   -0.0707233     0.231843     0.113499   -0.0562903    -0.203159    0.0925303     0.298918    -0.154013      0.20232     0.171121    0.0410665    0.0637012    -0.126963    -0.376666    -0.250138     0.040362    -0.353776      0.28462    -0.145436    -0.380827    -0.172282     0.274503    0.0274057    -0.127619    -0.299014   -0.0512089   -0.0585339
   -0.185978   -0.0407478     0.334923   -0.0894481    0.0646573     0.077443   -0.0257824   0.00290294    -0.171044     0.141063    0.0289004    -0.509616   0.00186885    -0.352936   -0.0634978     0.149975     0.387233    0.0296323    -0.124384    0.0167917   -0.0837339    0.0264961     0.128188    0.0949474     0.341624     -0.27267    -0.238414    -0.275274    -0.152361    -0.125735    0.0845052   -0.0646546
    0.337388   -0.0490132     0.105015    -0.193462   -0.0369844   -0.0896733    0.0118772     0.457051      0.36694    -0.348646    0.0303485    -0.166433     0.389206    -0.141662    -0.319858   -0.0810563    0.0875783     0.147124     0.216544    -0.327878     0.241367     0.444728    -0.140233     0.161954   -0.0565649   -0.0604063     0.663588     0.636444     -0.34654    -0.794932     0.333238    -0.106174
   0.0933112    -0.169158    -0.350426     0.237984    0.0091427    0.0532253     0.249061    -0.193584     0.323603     0.296193      -0.4229   -0.0616458    -0.237422    -0.127967     0.017112    -0.058119  -0.00604463    -0.305612  -0.00483346    -0.345563    -0.498475     0.038367    -0.702001     0.217114   -0.0778895    -0.495025     0.536423     0.205042     0.806546    -0.936323    -0.382472     0.115687
   -0.135905      0.24478   -0.0254208    -0.125574    -0.028612   -0.0871368     0.385435     0.300106    -0.753241    -0.612483    -0.199498     0.634213   -0.0759794     -0.10152    0.0356899     0.222916    -0.407393    -0.328513    0.0973292     -0.41349     0.174803     0.162252    0.0731734     0.232329   -0.0486273     0.699772    0.0138581     0.493447   -0.0840148     0.283273   -0.0930383    0.0457272
    0.187055   -0.0705938    -0.514956      0.17619     0.361415    -0.258203   -0.0316921    0.0808409     0.294104   -0.0360861    0.0644189    -0.129561    0.0669796   -0.0329009    0.0149362  -0.00514003    -0.457133    -0.330081   -0.0771003    -0.328018     -0.46798    0.0840857     0.107916   -0.0361335   -0.0921001       0.2118    0.0420625    -0.171095    -0.266793    -0.254813     0.304521      0.27952
   -0.258888     0.281345     0.158239    0.0923627    -0.193004    -0.302298      0.09683      0.49068    -0.545282    0.0928552    -0.121555    -0.212018     0.260875     0.510391    -0.182203    -0.165122    -0.190897     0.269363    0.0421128    -0.699873     0.198165     0.116029    -0.326874  -0.00864632    0.0489438     0.218081    0.0901206   -0.0514669      0.16611    -0.131384    0.0761094     0.619985
    0.542578   -0.0969601   -0.0966222    -0.212096    0.0140401     0.110441   -0.0263026     0.327345      0.49864    -0.284671     0.017132    -0.190125     0.363644     0.201516     0.142205    -0.353076    0.0118632    0.0176268     0.175004     0.362029     0.200821     0.397299   -0.0515954     0.417364      0.23181    -0.169777     -0.10985      0.49638    -0.261847      0.12497     0.119005    -0.121315
    0.289346    -0.082043     0.276461   -0.0426217     0.346536     0.427847    -0.109727    -0.358698      0.15157    -0.230681   -0.0708902   -0.0298193    -0.427183     0.605006     0.274453     0.309388     0.198511   -0.0848034    -0.453906    -0.345172   -0.0711711    0.0795905     -0.34366     -0.20024     0.188855   -0.0713082     0.211222    -0.309123    -0.226826    -0.292911    -0.192415     0.288121
  -0.0136261   -0.0357879    -0.228386     -0.15124     0.193543    -0.189088    0.0470227    -0.229399     0.158649     0.197935     0.187618     0.182211     0.475251   -0.0202352     0.128823    -0.165729     0.225786    -0.256266    -0.123641     0.118773    -0.114984     0.136464    -0.199549     0.365682    -0.257293    -0.274771       0.2409     0.320707    0.0136723    -0.632906    -0.268912    -0.185948
  -0.0227593     0.199477   -0.0312867    0.0521434     0.118823     -0.32298    -0.436213    0.0541194    -0.513334  -0.00831689    -0.137085    0.0085094    -0.323701     0.234279     -0.14963   -0.0486025    -0.245466     -0.61429     0.360655    0.0444009      0.22447   -0.0151679    0.0105685    0.0117638     0.331136     0.568679    -0.100539   -0.0674492    -0.302936     0.361113   -0.0955464     0.119055
    0.315756     0.224968    -0.104524    -0.374317    -0.263624     0.423317      0.23954     0.126881      0.15588    -0.136317    -0.102462     -0.23496    -0.320726     -0.18185    0.0481182    -0.156667    -0.150286     0.234908   -0.0920642     0.442178    0.0653064   0.00201696     0.155806     0.181847     0.129372    -0.214688    -0.109447    -0.487008    -0.278199    -0.123086     0.382954     0.318253
   -0.200232     0.277092      0.30901    -0.366495   -0.0333075  0.000320282    -0.376629    -0.010269       0.2037     0.189738     0.474842  -0.00222926     0.240357    0.0398606    -0.401213     0.277145    -0.358141    0.0355526     0.363339     -0.15675    -0.314858    0.0986204    0.0203878    0.0482566     0.148428    -0.216502       0.2354    -0.231498    -0.122123     0.170866    -0.319454      0.12634
   -0.558844    -0.417209    0.0423087     0.406801     0.105226     0.186448     0.350289    0.0313244    -0.279951     0.016409    -0.114845   -0.0548775     0.089439       0.3128     0.352699    0.0653536      0.14752    -0.646511     0.105072     -0.39735    -0.185003     0.272591    -0.228049    -0.126693     0.570278   -0.0859304    0.0160071     0.386567   -0.0636815       0.1444     0.483847      0.20195
   -0.279643     0.266049     0.474784    0.0962083     -0.28962    -0.520676     0.129126    -0.164751    -0.387838    -0.313757     0.490935   -0.0826424    -0.176542    -0.430532    -0.319339    0.0525956    0.0486404      0.15213    0.0853816   -0.0203747   -0.0412073     0.151075    -0.352962    0.0966952     0.114201    -0.331207   -0.0580398   -0.0660196   -0.0861892    -0.431048     0.289665    -0.431595
  -0.0347022   -0.0375651    -0.218235     0.169971   -0.0342251    -0.294072    -0.374088     -0.40511    0.0668079    -0.185482    -0.158612     0.412622    -0.251229     0.118309    -0.388997  -0.00586051     0.321001    -0.388639     0.263444     0.368215    -0.323683     0.235113     0.316564    -0.124314    0.0650126    -0.243955     0.107862    -0.278188    -0.064226     -0.20903     0.449994    -0.169538
      0.3186    0.0896914   -0.0515761     0.246781    -0.348225     0.239014    -0.132554    -0.176549     0.543084    -0.425452    -0.104026     0.373771    -0.692732    -0.195702     0.312432     0.189371    0.0467738    -0.345145    0.0682005     0.133116   -0.0431554    0.0437941    -0.435192    0.0566037     0.157396    -0.278938    0.0186446     0.288594     0.231692      -1.0662     0.192702 -0.000452756
    -0.25076    -0.248306    0.0537686     0.183463   -0.0289158    -0.234893    -0.110122    0.0575164   -0.0748332    0.0703514     0.248408     -0.40795     0.272724   -0.0138485     0.335174    0.0642604   -0.0468463     0.118282      0.34556    0.0828931    -0.147415    -0.223516   -0.0453191     0.169828    -0.245493     0.133917    -0.237339   -0.0519268    0.0260524     0.474962    -0.425878    -0.364974
    0.412182     0.188848     0.179284     -0.25931    -0.129143    -0.312857    -0.121861     0.166075    -0.392864   -0.0485617    -0.607327     -0.14418    -0.746583   -0.0460682     0.560113    -0.544795     0.198618    0.0089837    0.0637538    -0.737465   -0.0381203  -0.00112244    0.0338079         0.52    0.0242529     0.258854    0.0454821     0.368292     0.124182     0.280572     0.437572    -0.197042
   0.0390302    -0.449971    -0.517103    -0.131547    0.0467967     0.265058     0.433718     0.123839     0.150829    -0.960506    0.0177073     0.215475    -0.647899   -0.0656309     0.272947   -0.0369764     0.290777     0.047533     0.145243    -0.303861     0.267669   -0.0973414     0.101821    -0.162104    -0.569626    -0.125825    0.0954207     -0.10681   -0.0614764    -0.610395     0.641181     0.665691
   -0.362222     0.148008    0.0732573    0.0341248      -0.3511     0.148497  -0.00767012    -0.247752   -0.0348042   -0.0819827    -0.304279    -0.104649     0.101111    -0.361995    -0.274654     0.284923   -0.0537936      0.56553    -0.856933    0.0248705     0.202742   -0.0176275     -0.31533    -0.128308      0.50675     0.876172    -0.189111     0.105439    -0.177908     0.457815    -0.127166  -0.00642112
   0.0967146    0.0661457    -0.165139    0.0332272     0.711083   -0.0363178    -0.472915      0.03121    -0.182581    0.0728145    0.0678172    -0.552293    -0.256458    -0.233388    0.0143969   0.00772189     0.488338    -0.311762    -0.113691    -0.264649     -0.34918   -0.0400453     0.212697     0.164277     0.296148    -0.278853    -0.178973   -0.0160605    -0.142557    0.0419375   -0.0701683  -0.00262005
    0.214852    -0.066055    0.0248074     0.169473   -0.0683514    0.0632682     0.369885     0.499535   -0.0968571    -0.354419     0.040109     -0.16308   -0.0296463   -0.0955558    -0.376041    0.0144643     0.262283      0.30994     0.309242    -0.389235     0.101464     0.189334     0.460081     0.300601    0.0826172      -0.3017     0.288912     0.432567  -0.00187121   -0.0902863  0.000430057   -0.0357254
    0.118489     0.281533    0.0971301     0.107398    0.0664996     -0.33243     0.411137  -0.00119848     0.172252    -0.128283    -0.335146   -0.0202582     0.443041    -0.600692    -0.415762    -0.523931    -0.170981   -0.0465862    -0.129771     0.177886   -0.0626741     0.228038    -0.365358     0.115663   -0.0405765   0.00974899   -0.0191258     0.342105     0.127676    -0.131587    -0.590631   -0.0303738
   0.0573434    -0.296368    0.0434298    -0.244963     0.149608     0.214256   -0.0520162   -0.0828596     0.177804   -0.0354486    -0.135309    -0.180305     0.168632    -0.385661    0.0277018    0.0326792     0.259705    -0.137741    0.0411892    -0.237867     0.324223   -0.0165976   -0.0975429   -0.0192564    -0.205551   -0.0389847    -0.140016   0.00840581     0.322687    -0.217645     0.207728   -0.0817886
   -0.122904   -0.0156538    -0.246869    -0.381147   0.00727537      0.17507    -0.245352    -0.281129     0.351699    -0.018582     0.269561    -0.591424    -0.353617    -0.133431    -0.219779     0.434011    0.0642489    -0.368767   -0.0461296     0.310631    0.0767078   0.00889869     0.313916    -0.171282    0.0409888   -0.0962519    -0.262133    -0.146992    -0.446397     0.390776    -0.236319    0.0615281
   0.0737271   0.00293245       0.3994    -0.427439    0.0276786   -0.0317329    -0.243216     0.028399    -0.414723    -0.443719    -0.261125     0.167216     0.330173    -0.209756   -0.0678739     -0.26112    0.0235589    0.0449276   -0.0651219   0.00844502     0.109007   -0.0145969     0.554476     0.101758     0.465027    -0.160935   -0.0223327     0.174408    -0.203411    -0.503111   -0.0172282    0.0558927
    0.372012    -0.330758   0.00135316     0.168296    -0.289478    -0.173751     -0.11395     0.295577      0.19998    -0.314557    0.0611629     0.286003     -0.20304    -0.192131     0.148163   -0.0419112     0.467776     0.204343     0.156082    -0.281679    -0.234251    0.0327496     0.517667     0.262839     0.208861     0.237228   -0.0373387     0.229124   -0.0146048    -0.204933    -0.160243     0.201158
    -0.22234   -0.0429275     0.245934     -0.41427     0.278361     0.104552       0.2497    0.0913595     0.101138   -0.0842793    -0.120573      0.26856    0.0282342  -0.00251577    -0.364486     0.600645     0.613465    -0.095923     0.339558    -0.367335    0.0193205     0.537265    -0.503636     0.344634  0.000419932     0.545546     0.288987    -0.321934    -0.214789     0.452353    -0.188339     0.396978
    0.533753     0.657877     0.448496     0.284191    0.0569887    -0.137881   -0.0701906   -0.0277208    -0.292213     0.312933    -0.133786     0.244839     0.113753    -0.442782    -0.231028     0.184717  -0.00745209     0.227375    -0.065903 -0.000996366    0.0926361   -0.0094757    -0.476199   -0.0707697     0.201401    -0.579416   -0.0415838    -0.160662    0.0424594    -0.191382     0.190349     0.102957
   0.0185278     0.147162      0.21441     0.328022     0.285545    -0.150975     0.182904      0.12129    -0.290341     0.467353     -0.33793     0.278425   -0.0251751    -0.219136    -0.259437      0.16487    0.0379959     0.211449      0.12294    -0.403491   -0.0776944     0.160103    -0.463503     0.125439  -0.00277342      -0.1354     0.227878   -0.0535521     0.193026     0.357808   -0.0451087     0.177279
   -0.375898    -0.255955   -0.0979515     -0.10939     0.177301    -0.201046      0.44646     0.301814     0.234288    -0.224297     0.230287       0.3971    -0.514752     0.130638     0.178698    -0.195579     0.207441     0.206638   -0.0133422    -0.274954     0.185632    -0.155417    -0.175166   -0.0612926    -0.170202    -0.169413    0.0730167     0.248281    -0.367589   -0.0998285     0.713096     0.132051
   -0.406897     0.126673   0.00123871   -0.0242329    -0.386651    -0.713706    -0.152241     0.412552    0.0401462     0.054524     0.592521     0.253229     0.213985     0.339568    -0.279145     0.326133    0.0216779   -0.0731561     0.346872   -0.0895723   -0.0339066    -0.123278     0.205991     0.121045    -0.213101    0.0084661    -0.110275    -0.110234    -0.119428    0.0297257     -0.31941    -0.274263
   -0.324432    0.0603693   -0.0181594    -0.133369    0.0134238     -0.33278     0.586376     0.136457    0.0131568     -0.74136     0.318838    0.0662609    -0.299566    -0.447087    -0.259153    -0.253405     0.930581     0.619013     0.234828    -0.120182     0.156752     0.507768   -0.0222521    -0.476059    -0.226185      0.35795     0.209985    -0.201066   -0.0510069    -0.149858     0.262835     0.115162
  -0.0810341    -0.132018    0.0754751     0.158251      -0.2106     -0.35459    0.0864913     0.201109    -0.141206     0.178228   -0.0919826    -0.219935     0.249242    -0.307307    -0.343646    -0.117214   -0.0732484     0.153136   -0.0201668     0.333118     0.255551    -0.229101   0.00839021      0.09181     0.224006    0.0616446     0.292489    -0.150119   -0.0908659     0.276405     0.191123     0.197018
   -0.100014    0.0942591   -0.0659525    0.0477241   -0.0812539     0.391083    -0.118188    -0.553193     0.159025   -0.0133004     0.240197    0.0360443     0.351358   -0.0985951     0.559744     -0.25105   -0.0484291   -0.0817126    -0.133205    -0.124262     0.104958    -0.192596    0.0603803    0.0380752     0.193967     0.497563   -0.0397514    -0.283301    0.0501632     0.513679    -0.385141    -0.155784
   -0.117782     0.103668    0.0838173     0.209041    -0.196146    0.0903599    -0.112045   -0.0216041    -0.246305     0.497504   -0.0909586     0.121347     0.175795      0.19437    -0.165926   -0.0420632    0.0706542  0.000908346    -0.590909    -0.467494     0.379455    -0.473377    -0.329173   -0.0209496    -0.295238     0.264933   -0.0926103   -0.0926809    -0.121135    -0.115951    -0.248034    -0.150758
   -0.208935    -0.137903    0.0514496     0.111776      0.42584    -0.123478    -0.180749     0.218023   -0.0109021    -0.234769     0.382903    -0.210213    -0.107622     -0.33555     0.188754   -0.0839348     0.532315     0.298701     0.381988   -0.0512417     -0.19779    0.0713027     0.435192    -0.572021    -0.149996     0.271342    -0.159359     0.125582    -0.209697     0.173508     0.254665     0.167448
    0.680684     0.222473     0.257264     0.307779     0.291392     0.489676     0.145442     0.304813      0.26814     0.383859   -0.0310939     0.107308     0.058549     -0.32165    -0.369543    -0.239745    0.0311512    0.0776253     0.433871    -0.319076    -0.475346    -0.160349    -0.178849     0.259668     0.381304    -0.127447     0.300736     0.312695     0.230801    0.0628879    -0.106872     0.367938
   -0.517424    -0.202493   -0.0983044     -0.12211    -0.020459   -0.0561628   -0.0270237     0.194538   -0.0604522     0.137137    -0.135582     0.254274     0.256914   -0.0697763    -0.419282     0.093784    -0.258119   -0.0699542    -0.391191    -0.676939    -0.155464    0.0175279   0.00712856   -0.0105696     0.143614    -0.141782     0.219361     0.235901     0.174725    -0.227749     0.111877    -0.268587
    0.126271    -0.604486     0.402687   -0.0317462     0.292891     0.309953     0.197008    -0.475185    -0.171122    -0.314042      0.15562    -0.518859     0.367286  -0.00843461     0.332424   -0.0757761     0.088547     0.200053     -0.13623   -0.0998905   -0.0346872      0.28876       0.1808     0.284556    -0.277984    -0.262244   -0.0836277    -0.389595    0.0082477     -0.32135    0.0563908     0.312048
    -0.17992   -0.0674436       0.1126    -0.421484    -0.525962    -0.427443    -0.200557    0.0327886   -0.0149492     0.132607   -0.0753342     0.245463    0.0827997     0.363772   0.00951552     0.195639   -0.0856399   -0.0313765     0.157547     0.104155    -0.177901   -0.0683708     0.525628    -0.439422    -0.147517    -0.111083   -0.0291708    -0.279183     0.194788    -0.135561    -0.152316     0.240292
    0.446208    0.0894105     0.301771     0.237636      0.37763     0.773381    0.0518383     0.310687  -0.00763851     0.675835    -0.531801     0.519372     0.544423     0.300939    -0.190052     0.262481    -0.239435     0.264223     0.354878      -0.1955   -0.0751523    -0.636977    -0.547412     -0.25716      0.43615     0.876562    -0.362521     0.363991    -0.361795     0.505933     0.114921    0.0636894
   -0.121679    -0.194829    -0.195757    -0.384107    -0.069894    -0.285889     0.316605     0.099177   -0.0703096    -0.238706     0.330169    -0.197092    -0.329431     0.105434     -0.12058    0.0324159     0.275861    -0.382714     0.203987    -0.380431    -0.219851   -0.0298037    -0.267462    -0.258441     0.255255    -0.146557    0.0811256     0.277914    -0.400573   -0.0103195  -0.00943094     0.294672
  -0.0439218     0.448667    -0.203536    -0.248686      0.02186    -0.453445     0.183868      0.40392     -0.48467     0.318362    0.0969134     0.211864    -0.355721     0.532043    -0.327613  -0.00962824     -0.38482    -0.105872     0.190906    -0.351735    -0.391174    -0.375904     0.498498      0.44379    -0.786339    -0.317408     0.178757     0.191467     -0.18078    -0.165023     0.298458     0.157612
    0.188783    0.0401646    -0.262845    -0.412376   -0.0811908    -0.153327     0.144255     0.394572    -0.291332   -0.0815238   0.00738389    0.0920059     0.214719    -0.264845    -0.181054    -0.404137      0.50904     0.188137     0.384855     0.364277    0.0641033    0.0465527     0.155976     0.203696    -0.376496    -0.241672    0.0647721     0.173776    -0.183327      0.15201    0.0656589   -0.0956481
   0.0902531    -0.173024    0.0109487    -0.293773    -0.160814    -0.476577     0.218418     0.301592    -0.264878    -0.378343     -0.69388     0.259095     -0.22876    -0.597809    -0.224853    0.0637659     -0.84793    -0.176138   -0.0342104    0.0319634    0.0797312     0.542655    -0.474025     0.592378     0.410321     0.131232     0.415131     0.698617     0.414834    -0.657205    0.0886506     0.866045
     0.02899   -0.0641578    -0.150967   -0.0765319    -0.228625     0.129078   -0.0131789     0.253718    0.0655475     0.503735    -0.131305     -0.37236     0.118188    0.0564302     0.150113     0.220839     0.175291     0.239485   -0.0462466   -0.0545068     0.114878     0.204063     0.207387     0.467609    -0.150369    0.0501753  -0.00948353     0.220198    -0.215932     0.137417     -0.23604    -0.208799
    0.129923    -0.141796     0.331167     -0.34951    -0.236363    -0.136495     -0.11899    -0.796995    0.0536188     0.351751   -0.0591595    -0.199197     0.351107     0.491297    -0.361449     0.194617      0.23554    -0.249141  0.000812109    -0.615358    0.0842746    -0.105425   -0.0710825     0.467513     0.348324    -0.200568    -0.411172     0.151674   -0.0727482    0.0352527    -0.356113    -0.207103
  -0.0688676    -0.303961    -0.181241  0.000638956    -0.174147    -0.305472    -0.276801     0.378829    -0.389679     0.252758    0.0792671   0.00976287    -0.147858     -0.51151    -0.501877     0.189931     0.351961  0.000778623   0.00543146    -0.330189   -0.0327468    -0.282977    -0.154076      0.12844    -0.221608     -0.43702    -0.164517   -0.0306199   -0.0275652   -0.0821778      0.37533      0.18133
     0.26925   -0.0275046     0.170698     0.107635     0.107111   -0.0302361    0.0180947    -0.135639    -0.126147     0.135193     0.108866    0.0418056    -0.187108    -0.295765    0.0575126    0.0836746      0.21984   -0.0701879     -0.22609    -0.160188     0.115715     0.558855     0.170131    0.0575277  -0.00792499     0.166138     0.251132     0.173901    -0.591205     0.625279    -0.206984   -0.0300436
