    -0.30399    -0.087756    0.0952249    -0.176882  -0.00632467   -0.0151486     0.102433    -0.128448     0.512183    -0.363991    -0.203021    0.0802166    -0.238184    -0.238828    -0.205701     0.130137      0.24173    -0.028731    -0.251862    -0.146283     0.168645    -0.209578    -0.197957    0.0309537   -0.0463943     0.119277    0.0634903     0.114441    -0.105437    -0.261117    -0.411533  -0.00769297
   -0.323574     0.097525     0.438258   -0.0884468   0.00269242     0.148681    0.0772876     0.242056    -0.109165    -0.111818     0.150736    -0.161537    -0.279707     0.321952     0.317283    0.0321583     0.255244   -0.0837533    0.0152533   -0.0149056   -0.0669654      0.46928   -0.0236968    0.0592592     0.445713     0.125419     0.283577    -0.101821     0.150687     0.456899    0.0899057     -0.23057
   0.0296555    -0.159891    0.0698112   -0.0190561    -0.220105    -0.125656   -0.0277218   -0.0343479    0.0138769    0.0390523     0.150271    -0.254428     -0.21362     0.226892     0.213703    -0.017755    0.0031455     0.231071     0.143798     0.260945     0.243802    -0.190326    0.0477726    0.0835483   -0.0422021    -0.241149    -0.269529    -0.324467   -0.0726298   -0.0852952     0.520058   -0.0610096
    0.158147    -0.535091    0.0484135    -0.182622      0.11701     0.470702    -0.101308     0.126193    -0.122932    -0.235596    -0.329458   -0.0394555    -0.137649  -0.00330161     0.111004     0.327652      0.37901    -0.427329    0.0424273     0.199432    -0.309824   0.00158187    -0.118906    -0.354103    0.0179793    0.0703768    -0.167358      0.15591   -0.0778272    -0.384152     0.527338  -0.00904144
   -0.107256     -0.37679    0.0910348   -0.0718411    -0.543401    0.0471947  -0.00822532    0.0906786     0.122735    -0.176258    -0.230792     0.345898    -0.518517    -0.363402      0.22629     0.144977     0.181832    -0.106105    0.0211834    -0.396327   -0.0748305    0.0197228   -0.0156636     0.325814   -0.0418568     0.407138    -0.400296     0.431051   -0.0402061   -0.0952349     0.245708    -0.171903
  -0.0416898    -0.282111      0.36255    -0.317227   -0.0576097     -0.23363   -0.0734769    -0.173373    -0.182522    -0.436176     0.132683    0.0127297   -0.0546583   -0.0174975     0.276187     -0.15743     -0.34651     0.137833    -0.178573     0.488681    -0.267207     0.298753    -0.327692     0.249311    0.0971316    -0.335201    0.0203929     0.139494   -0.0680087    -0.440188     0.271959    0.0455763
   0.0480693   -0.0712697    -0.339546     0.010754     0.247678     0.126247    0.0753571     0.278543      0.15473     0.175098     -0.23699   -0.0772972      0.14676     0.227313     0.233524    0.0683099     0.406203    0.0949329   -0.0560319     0.158286     -0.12867    0.0917361     0.370299    -0.368951     -0.31743   -0.0530923    -0.172121   -0.0359942    -0.326048     0.201645     0.289977    0.0441609
    0.181154   -0.0462614    -0.100894   -0.0678453    -0.171285     0.218152    -0.440958    -0.320756  -0.00237834    -0.313766    -0.416496   -0.0294457    -0.172322    0.0284181    0.0120217    -0.031818    0.0323144   -0.0436728     0.025482    -0.261894   -0.0330208    -0.166884    -0.157952     0.137629    0.0677664    -0.497531     0.147357     0.253458     0.035814    -0.352942     0.215354    -0.149531
   -0.296383    -0.419099      0.24612    -0.103688    -0.394019    -0.260292    -0.208979    -0.532967    0.0464196    -0.120119    0.0253196    0.0495892     0.124913     0.370513     0.299016     0.294742     -0.16419    0.0308748     0.218054    0.0797465    0.0695435     0.279378     0.741075    -0.195071    -0.529415   -0.0604423    -0.128727    0.0435805    0.0734096     -0.22594     0.275967   -0.0963255
    0.044379     0.011846    -0.576576     0.121869    0.0132984    -0.148745     0.105329   -0.0275078    0.0622823   -0.0912731    0.0728247    0.0694532    -0.416976     0.277033     0.275453     0.219992     0.374705    -0.411333     0.342146     0.723854   -0.0706683     0.212456    0.0887324    -0.152627     0.450487    -0.278584   -0.0169049    -0.245957    -0.125356      0.29029      0.19055     0.260594
   0.0951776     -0.37529   -0.0407032     0.579066    0.0638093     0.276547     0.144465    0.0526281    -0.469651    -0.412205   -0.0952557     0.480932     0.177509    -0.569296      0.53901     0.105527     0.422518    0.0312027    -0.211387     0.769842    -0.107583    -0.138158    0.0593675   -0.0649683     0.146486     0.239981    -0.157372    -0.310595   -0.0209221     0.336331     0.139803   -0.0881852
   -0.113622    -0.320127     0.502061   -0.0514324    -0.280885    0.0803867     0.101247    -0.031559    -0.650697    -0.553394    0.0634393     0.129888     0.223013   -0.0567081   -0.0518808    -0.123791    -0.367985    0.0808191    -0.291583   -0.0142855     0.315838   -0.0910989     0.258189    0.0408668     0.106596    -0.124297    -0.162405     0.400469    -0.133509    -0.275447 -0.000825672    0.0340532
    0.279912    -0.113779      0.12843     0.013244    -0.102333   -0.0199532     -0.18837    -0.140881    -0.144481    -0.303742    0.0969955    0.0941092     0.255821    -0.134826    0.0698348    -0.152688    -0.220857     0.281198   0.00616975     0.324396    0.0651224    -0.128304     0.528302     0.279991    -0.388806    0.0709505    -0.099777     0.146338    -0.183281    -0.154877    -0.247633    -0.287728
   0.0555306    0.0239232    -0.434673    0.0969852   -0.0073105     0.269922     0.087568   -0.0252577     0.135688    0.0823804     0.259354   -0.0904259    0.0271692     0.475006   -0.0699255     0.510147     0.181139     -0.13569    -0.076232    -0.200397    -0.220947    -0.228881     0.378666    -0.130595   -0.0329141    0.0351413     -0.21382    -0.309382   -0.0565676     0.646902     0.215299    -0.254232
   -0.320407     0.276496    0.0873302     0.179487    -0.161333   -0.0708654    -0.489506    -0.627078    -0.257968     0.157755     0.315443    -0.066221    0.0585056    -0.269569    -0.519614      -0.3814     0.155766   -0.0421464    -0.114795     0.036286     -0.38923    -0.262732    -0.339289     0.216967    -0.188209   -0.0795264     0.124355   0.00487908    0.0570735    0.0110666    -0.215534     0.224935
   0.0450777   -0.0642557    0.0220235     0.169312    -0.246792    -0.107212    -0.187083    -0.180286    -0.245588     0.102389     -0.24584    0.0622873    -0.144904     0.166944    0.0353041    -0.313369    0.0431532    0.0428376     0.248848     0.095047   -0.0108777     0.275742     -0.19189   -0.0746347     0.163376   -0.0130011   -0.0694864    -0.229691     0.346826    0.0113555    0.0551235   -0.0892793
   -0.399406    -0.172307     0.205097    -0.165723    -0.537593    -0.523907    0.0640288     0.189218    -0.264462    0.0363869   -0.0703585    0.0280342     0.447327     0.201286     0.173405     0.247895     -0.40636    -0.137993     0.170327   -0.0409016    0.0501362    0.0767088    -0.145168     0.263221    -0.173494     0.613299    -0.336224     0.145925    -0.353627    0.0626908    -0.120288    -0.288457
  -0.0324586    -0.285321     0.461513     0.186221    0.0296957    -0.234647    -0.330158     0.383518    0.0221283     0.115152     0.189756     0.195918    -0.183201    -0.201856      0.42573   -0.0051824      0.26176    -0.222601     0.224611    -0.598962     0.188751    -0.361369    -0.368487     0.320032     0.458332     0.447709     0.114642     0.359495  -0.00745724    0.0190628     0.353142     0.204991
  -0.0493907     0.478651    -0.481856     0.205856    -0.291901    0.0366291    -0.152311     -0.31243   -0.0371645     0.240466     0.412492  -0.00162126     0.202111    -0.465505    -0.180244    0.0274348     0.127954   -0.0150107     0.340957     0.471479     0.674989    -0.256923     0.512754   -0.0844796    -0.129992    0.0534705    -0.440791    -0.427734    -0.181364     0.359266    -0.490616    -0.477883
   -0.105708    -0.298812     0.332847    -0.393272     0.139453    -0.362673     0.370837    -0.375308    -0.465454   -0.0531612    -0.402607     0.203407    0.0102796   0.00717833     0.258876   -0.0785322    -0.198615    -0.437795     0.229306     0.146149    -0.164324     0.230734    -0.327142     0.354082     0.182561    -0.582957     0.381273     0.172669    0.0505363    -0.279332   -0.0980603     0.279039
    0.164173    0.0764635    -0.113337    -0.267901     0.276023     0.214552     0.154306    -0.124624    0.0150593     0.259159     0.101383     0.320949     -0.11863   -0.0840107    -0.192831    -0.202022   -0.0265667    -0.169618   -0.0917501     0.283359    -0.043352    0.0807592     0.127715     0.275398     0.344426    -0.248215     0.321704     0.336244      0.19586    -0.355779     0.399357    0.0159622
    0.218079     0.304111     0.330691   -0.0537519    0.0509102    -0.462018     0.109377    0.0344244     0.158733    -0.204239    -0.108685     0.187156    -0.322046    -0.283444    0.0696104    0.0911593     0.257245   -0.0311804     0.234095    -0.414421    -0.377701     0.142791    -0.129234      0.55279     0.121862    -0.228113     0.497541    -0.152692   -0.0657184   -0.0761493    0.0915011     0.114648
   0.0550539    -0.318326     0.293155    0.0177049    -0.214957     0.116399    -0.380863    0.0771057     0.012406     0.152189    -0.367094     0.310841     0.334909    -0.324668   -0.0249565   -0.0811958      0.13054     0.225801    -0.108714     -0.18575   -0.0721108    -0.122488    -0.427386    -0.112503    0.0851589    -0.299788     0.177168    -0.197997     0.208676   -0.0284853     0.291578    0.0860018
   -0.237411  -0.00371955     0.252806    0.0541898    -0.305462    0.0867972    -0.182859     -0.36028    -0.197615   -0.0791731     -0.61018     0.331204    -0.386909    0.0542887    0.0950451   -0.0787179     0.177888     0.168341    0.0651534     0.511728    -0.120026    -0.102747     0.111091   -0.0942825     -0.21486      0.07143    -0.601204    -0.323188    -0.150184    0.0405174     0.155475    -0.129311
    0.125715   -0.0807487    0.0757562   -0.0669697   -0.0558471    -0.212961    -0.121295    -0.105325    -0.195479    -0.122468    -0.358402    -0.247123    0.0668903    0.0899878     0.213029   -0.0609367    0.0866381     0.495496    0.0556926     0.293493    -0.158391   -0.0700727   0.00123609 -0.000442276    0.0959115    -0.280969    -0.130418     0.178544    -0.086588   -0.0967368     0.270821   -0.0778813
   0.0111119     -0.15899    -0.185795  -0.00468014      0.17442     -0.10173    0.0283497     -0.14399    -0.108707     0.124205     0.213074    -0.224805   -0.0173225    -0.103159   -0.0895507     0.132916    0.0565452    -0.362972    0.0410213     0.273513   -0.0117527   -0.0169113     -0.14009    -0.118744    -0.102213    -0.117796    -0.404833    -0.201394    -0.305838   -0.0129474     0.172845    -0.314907
    0.270369    0.0253322    0.0470211   -0.0845605   -0.0396262    0.0642638     0.250889     0.149188    -0.187129   0.00664683    -0.503161   -0.0227376   -0.0938519    -0.132852    -0.285766    -0.275358    -0.298746    -0.301807    0.0834539     0.377322    -0.325626     0.141359    -0.260487     0.199392    0.0835822     0.277226   -0.0663371     0.380656    -0.436866     0.208878    -0.133009     0.245979
    0.319251    -0.179397   -0.0687471   -0.0751831    -0.309397     0.222717    -0.139123    -0.135647   -0.0219483     0.246478   0.00578461    0.0802848    0.0498184     0.245669   -0.0110258   -0.0123973     0.240343    -0.131591   -0.0169408    0.0952756     0.108851    0.0716708     -0.12069     0.270255    -0.287353    -0.425096    0.0570523   -0.0928278   0.00546223    -0.233579   -0.0263269    -0.211484
    0.275132    -0.014999    -0.109854   -0.0656924  -0.00223366   -0.0268708    0.0895849   -0.0546446    -0.024926    -0.199459   -0.0192408     0.356779      0.37743    0.0617584     0.287728    -0.152752    -0.305104   -0.0119915   -0.0101928     0.495289     0.123703     0.340311     0.232888   -0.0287867     0.035817     0.260819    -0.142152   -0.0907395     0.107667    -0.341468     0.154221    -0.206106
    0.303306    -0.255224    0.0740202   -0.0960754     0.674816   -0.0370644   -0.0588322     0.578832  -0.00162722    0.0381963    -0.304122    0.0719504    -0.338197    -0.295106     0.355444    -0.396372      0.13107    -0.259743     -0.20165    0.0771672    -0.316341      0.48818  -0.00241811     0.396535     0.506818     0.273899     0.684865     0.897035     0.228146    -0.336245     0.374182     0.168397
    0.651701    -0.197234    -0.254588    0.0301505      0.10301   -0.0391237    -0.471191    0.0092679    -0.433353   -0.0889094    -0.508368   -0.0882989    -0.250305     0.259843      0.61771     0.148276    -0.129059      0.30276     0.561893    -0.310953    -0.187875    0.0897816     0.153315    -0.203102   -0.0185391     -0.46988    -0.326622     0.438014     0.152225     0.179701     0.363767    -0.121952
    0.060632   -0.0362027     0.104148    -0.104344     0.317681   -0.0908633   -0.0553725    0.0145599     0.190887    -0.102962    0.0170257     0.146168    -0.266106    -0.176543     0.420618    -0.116017     0.335433    -0.152421     0.446395    0.0882962    -0.213637    0.0996122    -0.183364    0.0661981     0.150634    -0.260208      0.36478    -0.212334     0.139602   -0.0324217      0.34718     0.109504
  -0.0163057    -0.012449    -0.254227   -0.0707576     -0.38229   0.00630547    0.0627974    -0.172178    -0.109492    -0.142106     0.054044    0.0689977     0.148535    -0.579353    0.0152845   -0.0658235      0.34825     0.483836     0.116443    0.0631163      0.39671   -0.0700696     0.387507    -0.106544    0.0754746    -0.739511    -0.160155    0.0331543    0.0896145    -0.312409     0.080903   0.00503074
   -0.337596     0.238542     -0.40551    0.0671431    -0.425595    -0.223839    -0.169889    -0.196905     0.617417     0.141123    0.0518872     0.154497     0.133973   -0.0559184   -0.0462836    -0.184274     0.310754  -0.00323849     0.480797     0.707614    0.0375538    0.0581557     0.355423    -0.315169   -0.0622709    -0.569389    -0.391049    -0.646118     0.313477     0.165074     0.168908  -0.00902379
   0.0182355    -0.116085   -0.0493823   -0.0945762   -0.0598088    -0.216083    -0.083885    0.0487459    0.0973152    -0.290618    -0.301554     0.374091     0.277396    -0.425742     0.249092     0.163698    0.0934053    0.0776722    -0.239362     0.309992     0.341894    0.0974422    -0.164161     0.237407    -0.391816     0.481874    -0.122356      0.17608    -0.135144     0.181816     0.170196    -0.328144
   -0.561658    -0.301908   -0.0165887    0.0325264    0.0826657    -0.104411   -0.0898942    -0.350392     0.205533    -0.243946  -0.00985798    0.0679441      0.26765     0.107596     0.403114    0.0346715     0.118137    -0.215888     0.203838    0.0737067    -0.409868   -0.0332406      -0.3056    -0.400745     0.278623    -0.365567   0.00247195    0.0146779   -0.0700533     -0.15031     0.118492     0.213324
  -0.0318344    -0.187313    0.0473991    0.0459567    -0.164246     -0.17918   -0.0304602    0.0181728    -0.152665    -0.364083    -0.211617     0.228375    -0.103127    -0.253235      0.16643     0.318123    -0.195304    -0.587744    0.0497655     0.488635     -0.28062   -0.0325039    -0.154085     0.198732     0.218925    0.0702122    0.0545336     0.142008     -0.16944     0.156468   -0.0050694     0.183599
   -0.363434    -0.322214     0.227239    0.0626818     0.154101     0.042941    -0.286017    -0.209204    -0.205982     0.255282    0.0153753    -0.205701     -0.10019    0.0422285   0.00759437   -0.0386875      0.10019    -0.279771     0.162764     0.350462    0.0398657    0.0752941    -0.496545     0.468189    -0.111245    -0.661167    -0.281108    -0.346004    0.0392777    -0.588033    -0.100506     -0.11089
   -0.256146      0.64989    -0.104385     0.478565    -0.684846    -0.125167     0.182405    -0.272367    -0.250069     0.197446   -0.0895675    -0.189185     0.321583    0.0284008   -0.0675865   -0.0706851      0.37257     0.133212  0.000588297    -0.106199     0.290147    -0.421879     0.102906     0.249385    -0.406183    -0.119352     0.149404    -0.543323     -0.17811     0.156549    -0.338168   -0.0337934
   -0.451032     0.583525    0.0196105    -0.122075    -0.207934     0.137051   -0.0022837    -0.274598    -0.243735     0.365533     0.321342     0.205426     0.961883    -0.302661    -0.539436    -0.266227    -0.157056     0.217211    -0.417844     0.252556   -0.0617059    0.0792783     0.544084     0.267874   -0.0131682      0.24644    -0.265516    -0.346536     0.290713    0.0591548    -0.672948    -0.164819
   -0.235335     -0.21356    -0.322815    -0.158231    -0.357199    -0.207564     0.161387     0.060384    -0.364632    0.0665756    0.0914977    -0.044182    -0.345535    -0.277122     0.408808    -0.117793    -0.424851     0.167082     0.009889     0.267748     0.409901    -0.433901   -0.0400735   -0.0768086    -0.216686     0.215213    -0.239588    -0.292613   -0.0741565     -0.24747    0.0582119    -0.118543
    0.101609     0.026431    0.0243194    -0.117549    -0.221614    -0.418921   -0.0221171    -0.106726    0.0179509   -0.0571791    0.0760512     0.236898     0.194503    -0.166938    -0.155964    0.0518621    -0.216881   -0.0465309   -0.0415144     0.313234     0.128798    0.0277075    -0.234768    -0.025849    0.0644081    0.0950663     0.156805    -0.241563     0.317813   -0.0294801    -0.107185    -0.227257
  -0.0992518   0.00612489     0.152677    0.0816257     0.208053   0.00557115    -0.235409     0.312171     0.191522   -0.0578226    0.0472999     0.120806     0.191238     0.178565     0.204699    -0.114297      0.25929      -0.4749      0.35911    -0.295383  -0.00503841    -0.317546    -0.070188     0.101143   -0.0111523     0.373405    0.0524395     0.362387     -0.15701      0.22948     0.387472     -0.17512
   0.0181579     -0.21845    0.0235015   -0.0312102     0.116549   -0.0760692    0.0948161    -0.129214    -0.165253    -0.580632   -0.0345396    0.0572267    0.0965453    -0.264708     0.313185     0.130453      0.29408    -0.296052    0.0818187     0.556286    -0.326895    0.0566298     0.146727    0.0369844    0.0853041    0.0467106    -0.244256   -0.0516251    0.0959957    -0.313591   0.00270501     0.302969
   0.0120025    -0.580739      0.65632     0.266969    0.0490125    -0.115345   -0.0288653    0.0798157     0.104064    -0.398413    -0.324789    -0.196975   -0.0800269     0.254535     0.102402    -0.113242     0.414251    -0.264347     0.101905     0.173238    0.0991781    -0.370167    -0.100669     -0.28028    -0.434964     0.391455    -0.367977    -0.157487    -0.462309     -0.34332    -0.387501     0.194451
   -0.256638    0.0868266    0.0585091   -0.0892471     -0.71117     0.015657   -0.0996703    -0.568731     0.328261   -0.0563129      0.20554    -0.168948    -0.241821     -0.16042  -0.00815607    0.0594988    -0.103597    0.0969541    0.0261752     0.200018     0.280912     0.271104   -0.0910819    0.0216724    -0.295353    0.0225705   0.00731503   -0.0570547    -0.105562    -0.175742    -0.353246    -0.382974
    0.079378    -0.122053    -0.866051   -0.0142769    0.0180624   -0.0406175     0.403656    -0.243163     0.154775    -0.593121   -0.0205231     0.163035   -0.0713471    -0.245093     0.873537    0.0538665      0.36462     0.426717    -0.289405     0.752641     0.125179    0.0174331     0.644346    -0.155962    -0.728624    -0.402827   -0.0518246    -0.202947     0.117146   -0.0369098     0.666529   -0.0865678
  -0.0725787    -0.161703     0.044039     0.118012     0.152734    -0.419363    -0.255152    -0.189999    -0.151399     -0.27509    0.0805162    0.0944234     0.163809     0.154424    -0.146644    -0.447036    -0.399719   -0.0521272    -0.144675     0.526142    -0.238318    -0.146552     0.211425     0.544475      0.29392     0.343016   -0.0298385     0.207571  -0.00571165   -0.0779274    0.0228072     0.197779
  -0.0259704     0.071693   0.00532174    -0.268476     -0.24676    -0.240517     -0.22778     -0.14545     0.262971   -0.0440965     -0.22859     0.182193    -0.120724    -0.224677     0.281435    -0.058512    -0.147806    -0.205757    -0.106095     0.709327    -0.189691    -0.172932   -0.0591761    -0.113387     0.479042    -0.144507    0.0708339    -0.161872    0.0605793     -0.52396    0.0729616     0.141994
   -0.304167    -0.339118     0.203541     0.116934    0.0566134   -0.0493753    0.0231524     -0.22775     0.240948     0.103586   -0.0655547     0.153681    -0.156765   -0.0416431     0.259221   -0.0822304    -0.249115     0.281636      0.16128     0.110362    -0.271452   -0.0141479    0.0930361    -0.120242    -0.285076  -0.00593231    -0.117291 -0.000990247     0.219481    -0.348299     0.169739   -0.0747855
   -0.494593     0.181346     0.436753    -0.113582  0.000918429   -0.0288982    -0.397952     -0.14196    -0.360812    -0.122161    0.0907754    -0.452207    0.0651387   -0.0159731     0.167855     -0.17258    -0.167434   -0.0808877    0.0546179     0.903542    0.0356021    -0.244496    -0.112653    -0.288203     0.242429     0.105339    -0.307675    -0.682124   -0.0614728     0.342848     -0.14517      0.16171
    0.150355     0.160679    -0.042941     0.261269    -0.397411   -0.0944742   -0.0278471     0.394342     0.372333     0.107252   -0.0991937    -0.336331     -0.24834    -0.190817   -0.0685037    -0.265707     0.428918   0.00478868     0.312962     0.450779     0.299429     0.277048    0.0454793     0.258193      0.21299  -0.00733606    -0.308861     0.121257    -0.311476    0.0870016    -0.148528      0.18922
   0.0306913    0.0149948    0.0769913     -0.22179    0.0290638    0.0964392   0.00871067    -0.165181      0.15631    -0.168277    -0.249122    0.0573636    -0.603658    -0.192983     0.103066    0.0150235    0.0450528    -0.268241   -0.0661225     0.313027    -0.168731    -0.199396     0.558724    -0.238034     0.134619    -0.225442    -0.253807    0.0352737    -0.142313    -0.901464     0.122519   -0.0848687
  -0.0238987    -0.155593      0.19717   -0.0233793    -0.328244    -0.239143    -0.183276    -0.334602   -0.0451965     0.226828   0.00589124     0.247191    -0.256453   0.00806208   -0.0967377     0.108258     0.161419    0.0384031    -0.218752    -0.690652      0.22839    -0.250478    -0.358016   -0.0151046   -0.0753023     0.087371     0.136636     0.233559    0.0307587     0.147793    0.0134131   -0.0520927
    0.190028    -0.324239    0.0531573    -0.231224     0.045093     0.313363    -0.142548     0.118442    -0.103132    -0.784514   -0.0985024     0.383686    -0.447781     -0.69975    -0.137911    -0.184372     -0.13787    -0.314943   -0.0806738     0.595033  -0.00755698   -0.0508292     0.228832    -0.202833     0.177138  -0.00282058     0.200071     0.217391    -0.266809    -0.703034     0.445125    0.0568662
    0.316145    -0.191201     0.250618    -0.017722     0.238331     0.205832   -0.0240783    0.0189703    0.0676915   -0.0869836    -0.393194    -0.158654    0.0275862    0.0486037    -0.226337   -0.0185846    -0.209787    -0.278983    -0.102538     0.291782    0.0342695     0.267698    -0.332046    0.0114808      0.33361   -0.0154514  -0.00167142    -0.133821   -0.0345082     -0.18966    -0.047742    -0.134212
   0.0757507    -0.265653    0.0323054   -0.0136324     0.320051     0.115833    -0.176955     0.219051     0.543834      0.14507     0.120527     0.117671   -0.0342401    -0.186318     0.113457     0.453171     0.415774    -0.162687   -0.0612721     0.251717    0.0550563    0.0833532    -0.183296     0.326008    -0.587592     -0.60083     -0.17089   -0.0931019    -0.128165    -0.334376     0.629824     0.370535
   -0.333228    0.0474522    -0.124379   0.00219203     0.243787     0.153375    -0.191937     0.100554     0.206708    -0.389788     0.154202      0.19147   -0.0404992    -0.261611     0.254919     0.292972    0.0981413     0.145005   -0.0300827     0.407451    -0.437908    -0.164196    -0.221971    -0.255884     0.194258    -0.194213    -0.340571     0.074729     0.214714    -0.424714     0.511901   -0.0746157
   0.0934465    -0.288171     0.251828    0.0488253     0.230038     0.248444    -0.191916     0.433752    -0.270728     0.303689    -0.104629    0.0434612    -0.168998     0.100278     0.421251  -0.00923148     0.020582    0.0550364   -0.0378333     0.090435    -0.280313    0.0444383     0.110039     -0.13737     0.360185     0.027594    -0.132933     0.190256    -0.111934      0.17969    0.0562106     0.100235
   -0.230613      -0.2075     0.138372     0.309172   -0.0869031     0.160004   -0.0238267     -0.31067    0.0708513    -0.228411     0.202662    -0.117184    0.0959438    0.0771257     0.258477    -0.231505     0.118549     0.264729   -0.0675588     0.179647     0.400777   -0.0597052     0.377183    -0.417749    -0.122324    -0.253857   -0.0439011     0.150969     0.107265    0.0623018   0.00763357     -0.35253
   0.0475251  -0.00117472     0.276778     0.245179     0.134721     0.103978    -0.487987    -0.344843    -0.334899    -0.298452    -0.227849     0.170196     -0.11006     0.280899    0.0116226    0.0972922    -0.250497     0.037663    -0.438083     0.262918     0.135296     0.187952     0.144003    -0.313181      -0.6833    -0.163964    -0.172277   -0.0176815    0.0599733    -0.325407     0.224871    -0.179092
  -0.0198107    -0.214117    -0.193866    -0.404293     0.145109    0.0225982    0.0183024    -0.537637     0.102349    -0.140721    0.0304951     0.158952    0.0678413     0.539946     0.494021   -0.0162567    0.0237965     0.227001    0.0899744    0.0967849     0.269271    -0.224895     0.392869   -0.0626261    0.0614116     0.037659     0.320007    -0.103345    -0.119371    -0.211595    0.0669916    -0.166073
    0.152978     0.189021   -0.0663856    -0.187381    -0.065564    -0.256874   -0.0632002  -0.00483414     0.378106   -0.0424039     0.307338   -0.0382597     0.461615    0.0489383     -0.13582     0.449208     0.313441     0.362854    -0.157988     0.139204     0.107801    0.0142605      0.19651     0.139189    -0.656755    -0.330647    -0.424172     0.150159    -0.452149     0.257394    -0.101502    -0.335876
   0.0141678     0.222326    -0.199746  0.000550442    0.0693781     0.368656   -0.0641304    -0.130022    -0.535508    -0.224955    -0.088631    -0.016249    -0.107029    -0.146335    -0.538912    -0.112681     0.105931    -0.199449    -0.346453     0.209986    -0.178373    -0.113025    0.0332253    0.0551117    -0.106256     0.326502   -0.0270256    0.0593743    0.0402471    0.0820173     0.253948  -0.00495897
   0.0143393     0.170282     0.143987 -1.20353e-05   -0.0163867    0.0268497   -0.0965389    0.0916002     -0.27748   -0.0462305     0.175215    -0.102048     0.209102    -0.112153    -0.225973    -0.047901      -0.1195      0.21758    -0.188753   -0.0667388   -0.0189644    0.0909346   0.00121548   -0.0991149   -0.0451373    -0.104141    0.0431773    -0.250058   -0.0333096     0.140812    -0.295466     0.234041
    0.195367    0.0991336     0.207042    -0.287747     0.338274    -0.447124    0.0195852     0.217531     0.153987   -0.0779031   -0.0894959    -0.305056    -0.143804     0.322236     0.047467    0.0122834    -0.118418     0.407204     0.398255    -0.136709    -0.135723 -0.000986583   -0.0680819     0.350946     0.082948   -0.0458885    -0.325178    -0.112323    -0.093821     0.138954     0.072533    -0.193778
   -0.328147    -0.140785    0.0325307   -0.0052817    -0.351535   -0.0727195    -0.151515    -0.462263    -0.242624   0.00591148    -0.119142    -0.162469     0.257488     0.568972     0.118561    -0.163707      0.36312      0.14981     0.153759   -0.0876478    0.0410757    -0.212973    -0.324768    0.0118328    -0.274923    -0.479706    -0.358047    -0.148514    -0.219154   -0.0273882    -0.203728    -0.256324
   -0.151444    -0.400492    0.0900997      0.30953    0.0884354     0.202349     0.149404     0.122413    -0.130511     0.246451    -0.135736    -0.127486    -0.276149     0.157927     0.253547    -0.290203    0.0333445     0.182667    0.0139057    -0.292971     0.583853    -0.681638    0.0833163   -0.0762545    -0.556752     0.128632   -0.0174326     0.291091    -0.153105    -0.605224     0.535578   0.00991367
   -0.641313     0.168719     0.120053      0.26379     -0.21021    -0.340802   -0.0923421    -0.276213    -0.113351  -0.00374057     0.188682    -0.151866   -0.0166502     0.589479    -0.260892   -0.0795232    0.0609823   -0.0426107    -0.289728   -0.0793956    -0.305046    0.0334364    0.0617077     0.180885     0.132889    -0.024049     0.195082      0.19953     0.204016    0.0930683    -0.534366     0.616496
    0.120873   -0.0418993     0.228372     0.168629     0.139313     0.186432    -0.116643    -0.194331   -0.0219283      0.14175    -0.156092    -0.125376    0.0767495    -0.258924    0.0572521   -0.0174947    -0.518286       0.3742   -0.0400357    0.0191156     0.200145     0.120641   -0.0667046   -0.0130116     0.301157     0.202794    -0.118805    -0.170868   -0.0328459     0.172296   -0.0962234    0.0519659
   -0.410326     0.125124   -0.0823175   -0.0379081    0.0753055    -0.445206     0.272512    -0.366955  -0.00808509     0.299787    0.0389894   -0.0781235     0.173603     0.235227     0.152629    -0.207994     0.218072  -0.00291494      0.25645     0.353611   -0.0444271   -0.0599636     0.198958     0.373916     0.376284     0.115807    0.0926216    -0.214582    -0.156593     0.388391     -0.27409     0.305532
 -0.00787831     -0.23797    -0.144437    0.0995568    -0.117244     0.770692     0.151314    0.0374357     0.453459    -0.238331    -0.429011     0.532469     0.316749    -0.346557     0.206269    0.0189075    -0.243108   -0.0816363   -0.0343005    -0.391624   -0.0627546     0.359735     -0.29656  -0.00492037    -0.281362     0.653112     0.232486     0.205209     0.173776    -0.573048     0.176557    -0.294064
   -0.179026    -0.153032     0.130507    -0.225083     0.368752    -0.043468     0.189135     0.527678    -0.529844   -0.0375635      0.22879    -0.152356    -0.193961   -0.0851191     0.336469      0.13467    -0.174974     0.089063     0.170258    0.0724963    0.0597789   0.00772733      0.40073   -0.0377662  -0.00766168     0.506029     -0.18149     0.145878    -0.105765      0.25194     0.121941    -0.236517
   0.0598057     0.206747     -0.38779     0.449069    -0.067499     0.401536    0.0690637    -0.350027     0.218638    -0.318334   -0.0656987     0.221638   -0.0853512   -0.0725973  -0.00107507     0.239387     0.147339    0.0846866    -0.145907     0.303479    0.0342108    -0.199997      0.45664    -0.201766    -0.193967    -0.249718    -0.144823   -0.0878088      0.28699   -0.0141893     0.047016     0.229886
   -0.772291   -0.0895804    0.0402535     -0.31312    -0.371398    -0.312382     0.313241    -0.179826   -0.0590877     -0.24809     0.220989    0.0310246    0.0483684    -0.219811    0.0368246   -0.0890524     0.247091   -0.0834837     0.387507    -0.113183    0.0889441     -0.17723   -0.0788526   -0.0514369      0.15591     -0.13644    -0.114987    -0.174994   0.00160868     0.140861   -0.0478549     0.438019
   0.0159216   -0.0745811    0.0670762     0.165662   0.00152004    -0.301297    0.0706721     0.233741     0.338139     0.298225    0.0672958     0.269908    -0.109779   -0.0703868    0.0421765  -0.00483618    -0.055197   -0.0881575    0.0649209     0.634025     0.575937    -0.395827     0.401636    -0.381838   -0.0517676     0.507992    -0.344804    -0.327302    -0.132399     0.214684     0.151405    -0.493809
   -0.061085    0.0536005   -0.0361342    0.0405208     0.360332    -0.225484    0.0952163     -0.14538     0.271374    0.0191547   -0.0405734     0.342804    -0.279417    -0.152826    0.0804935     0.187866    -0.179274     0.112264    -0.144554    0.0514116    -0.285601    0.0242639    -0.079481     0.122969     0.149023 -0.000568057 -0.000220968     0.385194    0.0382177    0.0826502  0.000797517    -0.128616
  -0.0913121    -0.189228   -0.0449083    0.0384063    0.0669029     0.035578  0.000691073      0.40085     0.103828    -0.194284  -0.00932399   0.00438436    -0.256409     -0.18595    -0.132212    -0.122868     0.130192      0.28573     0.111332     0.361407   -0.0100846    -0.464744    0.0913612    -0.125129     0.270603     0.552496    -0.260536    -0.120451    -0.218867    0.0573322     0.356407  -0.00861894
  -0.0327317    0.0142979     0.091511     0.342038    -0.204917     0.286117     0.282223    -0.215028    -0.251679   -0.0172859     0.374721    -0.210457   -0.0329371      0.29362     0.210338    -0.252216    0.0167125     0.174793    -0.141939    -0.163311     0.198398    -0.129476     0.500214  -0.00964494    -0.714853    -0.287203      0.13548    -0.326917   -0.0650823      0.20381    -0.518693     0.120734
   -0.407045  -0.00524216    0.0730476    -0.149433    -0.306321    0.0597423   -0.0567802    -0.450034    -0.272858  -0.00662818     0.226891   -0.0513959   -0.0557522    -0.145347   -0.0713272     0.198054     0.167716    -0.194581     0.103587    0.0880891    -0.223294  -0.00913991    0.0821611     0.119089   -0.0172399    -0.188597    -0.285614    -0.221209    0.0659401     0.128452    -0.112553    -0.120542
   -0.390095    -0.462698     0.174497    -0.458273    -0.274247   -0.0327949     0.153133    -0.160667     0.317882     0.105368     0.330889    -0.393281     0.496049     0.179074    -0.359589     0.154269     0.112005     0.179245     0.268934     0.634488      0.28946     0.215517    0.0366726    -0.169006     0.202534   -0.0619809    -0.327029    -0.462067    -0.376151     0.412015    -0.169476   -0.0232646
    -0.17328    -0.258518    0.0392938    -0.161982    -0.190303     0.359484     0.379468     0.173006  -0.00331277    -0.284364     0.333121   -0.0342753     0.231606   -0.0358307     0.212482    -0.252169     0.125033     -0.35717    -0.153516     0.167509     0.177159     0.156716     0.362631     0.518757     0.201827    -0.294316    0.0859213    -0.135062   -0.0457414    -0.146037    -0.386663   -0.0136494
   -0.136385    -0.191063    0.0109194    -0.139979    -0.264548    -0.212391    -0.029899    -0.614313   -0.0994167     0.109482    -0.132736    0.0319435     0.287123      0.38372     0.108067     0.195311    -0.215668    0.0827046    -0.477801     0.186715     0.178233     0.338808   -0.0468949     -0.20467   -0.0762453    -0.162763    -0.167211     0.425437     -0.24658    -0.115316    0.0158867    -0.263964
   -0.131915    -0.190847     0.139454    -0.092677   -0.0766543    0.0993646      0.15522   -0.0409659     0.180437     0.138455    0.0895692     0.168544     0.233429     0.159347    -0.172311    -0.053309      0.27389    0.0480427     0.136048    0.0481055    -0.236526     0.243735     0.300181    0.0546517   0.00754191    0.0185995     0.139283   -0.0825969   -0.0396284     0.094334    -0.114266    0.0595982
   -0.262545    -0.238709    0.0961376     0.117377    0.0391406     0.352142     0.117277    -0.149215    -0.153319    0.0944765     0.331748    0.0490599    -0.212388     0.142917    -0.192749     0.187798     0.182971     0.169526    -0.230223    -0.243628    -0.261936    -0.108876      0.33817    -0.152167     0.153688    0.0807588     0.291211     0.163957    -0.395309     0.225308    0.0788103    0.0919735
  0.00793357     0.222859    -0.215495   -0.0476256   -0.0729847    -0.105481    0.0513301    -0.115931      0.12383     0.293642   -0.0145449     0.110804   -0.0984224    -0.169001   -0.0508031   -0.0426883     0.328937     0.227439    0.0529635    0.0383806    -0.142486    -0.133137     0.146422     0.197827     0.188458    0.0682095   -0.0625778     0.113022     0.308006    0.0059029    0.0481045   -0.0973492
    0.154412    0.0847738     0.101015     0.196211     0.153129     0.336629    -0.174134     0.108459    -0.092345    -0.116141     0.375655     0.338756     0.182798     0.386633    0.0404351      0.23861      -0.1237    -0.125656     0.222937    -0.262497     0.236148     0.170623    0.0588506      -0.2393    -0.247107    -0.103085     0.185713    -0.348466    -0.125243     0.308954      0.15102   -0.0441994
   -0.156471    0.0312967     0.115215   -0.0242165   -0.0228983    -0.183563     0.241484     0.232372    -0.110185    -0.276991     0.162789       0.1681     0.148963    0.0225764     0.398517   -0.0814149   -0.0147714    0.0992729    -0.265815    -0.144646      0.31253     0.182059     0.181486     0.215287    -0.030241      0.53282    -0.255985    -0.166452    -0.228869     0.607656    0.0160842    0.0713195
  -0.0300977    -0.179431     0.392415    -0.136532    0.0545872    -0.190997    0.0544093    -0.257786   -0.0647061    -0.283554    -0.227304     0.433895     0.112971     0.101928   -0.0577596     0.244645     0.204943    0.0946969    0.0552306    -0.488947    -0.115851   -0.0347781     -0.70152     0.233046    0.0846465     0.111882   -0.0469865     0.621722    -0.119617   -0.0755574    0.0965495    -0.262892
   -0.231882   -0.0291734    -0.322674     0.315246      0.44883    -0.166688  -0.00415382     0.179515   -0.0315499 -6.09098e-05    -0.149102     0.118629    -0.596448     0.120521     0.482251      0.01765    -0.445312   -0.0167695     0.164121   -0.0928685     0.311336   -0.0710704      0.19593   -0.0697283     0.323778    -0.105443    -0.228282     0.228824   -0.0749042    -0.291562     0.322944     0.412504
   0.0764135     0.109263    -0.235302  -0.00994379    -0.386851    -0.132239    -0.398169     0.137124     0.100358    -0.100991     0.207578   -0.0375951    -0.123892    0.0274626    -0.103486     0.306381     0.210961     0.193899     0.129877      0.45137     0.157651    -0.135674     0.873925      0.10003    -0.321218    0.0244435    -0.275009    -0.087465    -0.166017     -0.18872     -0.25283     0.311114
    -0.20946    0.0918395    0.0416817   -0.0734924    -0.101555    0.0569495   -0.0116486    -0.235831    -0.274752     0.184248     -0.13278      0.11897      0.92048     -0.13691    -0.310439    -0.525167    -0.157974  -0.00593604    -0.142998     0.289466   0.00603262    -0.409178     0.556818   -0.0292495    -0.331737     0.506516     0.522352    0.0657097    -0.198989      0.29127    -0.299904     -0.30319
    0.108063    -0.326358     -0.14513     0.215453     0.133743     0.207509   0.00308504     0.238389    -0.148405     0.138932    0.0105958   -0.0243115    -0.365772     0.083803     0.459061     0.051071     0.125773     0.200617   -0.0219738      -0.3471    -0.214723    -0.169846    -0.085305    -0.194847   -0.0369407     0.199628    -0.206091    0.0767005    0.0535985     0.081981     0.282787    -0.095169
   0.0859406    -0.160627     0.565482    -0.303859     0.259438     0.247165    -0.274794    0.0776842    0.0480475    0.0565053    -0.161794     0.132131     0.110968    0.0155092    -0.355503     0.226545     0.134405    -0.341573    -0.196744    0.0471143    -0.270163    -0.149102   -0.0162774     0.200826   -0.0408688     0.171868    -0.246192      0.16451     -0.20247    -0.191207     0.271069    -0.119412
    0.200419     0.237632    -0.162582    -0.155528     0.186268    -0.163923     0.162784     0.164966   -0.0447209    -0.100762   -0.0278802   0.00181704    0.0303805    -0.219298    0.0243259     0.317147    0.0849955     0.203772     0.160231     0.183563     0.159864     0.386893     0.197942    0.0531069     0.132785     0.208651    0.0778829   -0.0410592   -0.0154184    0.0476941     0.048344     0.144115
   -0.181024     0.242198    -0.711087   -0.0827954    -0.152534    -0.252787   -0.0251464     0.417997    0.0934173    -0.284687    0.0261335     0.227662     0.402718     0.187959    0.0120921   -0.0572177    0.0146741     0.123968    -0.205617     0.245871     0.265668     -0.32228      0.18738     0.169867    -0.342307   -0.0200969    -0.116482   -0.0311848     -0.21949   -0.0687585     0.433088   -0.0217309
   -0.426914    -0.437517    -0.539115   -0.0698093    -0.271046  -0.00584142    -0.349878     0.422282   -0.0520968    -0.265627     0.192614    -0.318475     -0.11496    -0.261646    0.0223804    -0.227894      0.23467    -0.286472   -0.0458919      0.37658   -0.0282665     0.187591     0.356261     0.176331     0.229969     0.301732     -0.29061    0.0738295     -0.12171    0.0700564     0.161962    -0.187721
   -0.163442    0.0026189    0.0330285     0.185701    -0.286924     -0.31991    -0.550103    -0.137823    -0.337803     0.331661   -0.0435619     -0.39897    -0.122897   -0.0768264      0.14059   -0.0404437     0.117048    0.0969427     0.157742     0.259275      0.35893     0.055491     0.048172     0.122767    0.0621018    -0.391272    -0.020525    0.0391239  0.000863551    -0.612452    0.0983442    -0.140797
  0.00839712     -0.31645    0.0609039    -0.185886    -0.133805    -0.484211     0.171189    0.0414071    -0.153165     0.160335    -0.131967    -0.194768    -0.242697     0.234683     0.324633    -0.276502   -0.0938327  -0.00911008    0.0882573    -0.226651     0.185413   -0.0305522   -0.0610126     0.143263     0.159713     0.396308     0.267963    -0.151596    0.0379216   -0.0240963    0.0109543   -0.0653536
   -0.471656    -0.104311    0.0791096    -0.106312     0.259437    -0.126297    0.0103803    -0.129074    -0.114647  -0.00355062     0.282133    -0.154423    -0.451689     0.222548     0.224077    -0.298662    0.0973158   -0.0995305    -0.241416     0.767312    -0.129225  -0.00117173     0.264839    -0.237426     0.193782   -0.0638442     0.127657    -0.272074    -0.229972    0.0887086      -0.0878    -0.146542
  -0.0180085     0.334069    -0.337059    -0.191817     0.224992   -0.0388688    -0.322377    0.0210329    -0.182752     0.311344     0.313156      0.12819      0.16577    0.0810153       0.2927      0.26463   -0.0994799    -0.247993   -0.0460634     0.337723   -0.0693152   0.00392989      0.26298     0.235938     0.259705     -0.15766     0.424254    -0.236027    -0.134248    0.0129901      0.16692   0.00651903
    0.283418    -0.107441    -0.133441     0.257629     0.161705     0.592587    -0.379577     0.288676   -0.0356314     0.215452     0.114431    -0.189913     0.109038     0.338855    0.0866955    -0.107471    -0.190967    -0.569838    0.0955954    -0.139803    -0.192223     0.213467     0.472744   -0.0803996    -0.354757     0.101736     0.134113    -0.136728     0.236826     0.158905   -0.0680696     0.260263
   -0.133253    -0.179975    -0.158513     0.176484     0.364099 -0.000714533    0.0258852     0.229587    -0.117183     0.215939    0.0470864     0.169091    -0.406546     0.322295     0.312155      0.03073    -0.252303    0.0833804    0.0314423     0.166153    0.0230443     0.148028     0.338984  -0.00766526      0.22687 -0.000451673     0.255697      0.16419   -0.0391188    -0.145724     0.173767     0.373556
    0.183374    -0.375167     0.320219      -0.3128    -0.227373  -0.00704348     0.122787    0.0374833     0.299927    -0.141196    -0.198838     0.159391   -0.0727989     0.457755   -0.0424645    -0.168723    -0.648037    -0.161096     0.194711   -0.0478726    0.0497781     0.544272      0.10717      0.24782      0.10422     0.268903   0.00439302     0.667165     0.151249    -0.434233     0.360676   -0.0181355
  -0.0509105     0.243343    -0.041051   0.00720651    -0.571455   -0.0406594   -0.0556971    -0.041233   -0.0908185   -0.0053201     0.161142   -0.0804948     0.112542    -0.395984    -0.186632     0.234981   -0.0935656     0.296509   -0.0340073     0.430458   -0.0898908     0.208531    -0.224377   0.00974463     0.167368    -0.110152    -0.141948   -0.0186547    -0.128653   0.00742246   -0.0306661   -0.0266691
    0.144922     -0.11803    0.0277975    0.0822213     0.139671    0.0490524    -0.144957     0.465019     0.285071   -0.0939543    -0.415282    -0.242571    -0.176074    -0.163236   0.00196282    -0.241848      0.28744     0.313652     0.247292     0.243142    0.0640642   -0.0672965     0.130913   -0.0410279    -0.114811     0.114788     0.514434     0.231154     0.384711     -0.44164     0.326128    -0.195264
  -0.0741527    0.0876637    -0.297653   -0.0224469   -0.0784364     -0.10198   -0.0811078     0.390753    -0.154372   -0.0124845     0.152233     0.305469     0.368855    0.0362632   -0.0800911      0.18489    -0.239722    -0.108128     0.198985    -0.359193    0.0268999     0.238561    -0.171884   0.00214704     0.188786    0.0978215     0.151438    0.0417575   -0.0318501      0.19089    -0.382063    -0.260263
   -0.311912     0.334689      0.23793  -0.00255611     0.309158   -0.0757559    -0.109648    -0.186565     0.193021    -0.120459     0.252797     0.313483   -0.0220929   -0.0854926    0.0410707    -0.134678    -0.462126    -0.301942    -0.267636   -0.0261048    0.0742412     0.448727   -0.0399526    0.0493734     0.400212   -0.0570634    0.0910924     0.103712    -0.232028    -0.608374    0.0080118   -0.0416023
   -0.117912    -0.176806    -0.281713    -0.194882    -0.407846    -0.167431    -0.356927   -0.0310712    -0.110494     0.231247    -0.256621    -0.213019       0.2582   -0.0982783   -0.0389536     0.122407     0.116689    0.0114279     0.401285     -0.47758    0.0309695   -0.0883922     0.414086     0.310673     0.160205   -0.0491146    -0.149708    -0.147372     0.353369     0.257669    -0.124875    -0.284141
   -0.263085    -0.731652     0.383835     0.408037   0.00210436    -0.491356     0.134025    -0.211368   -0.0229751    -0.170363   -0.0127069    -0.325378    -0.591916      0.36057     0.475825   -0.0508647    -0.185125     0.280289     0.412672    -0.497839     0.393215   0.00923751    -0.335428     0.108242    0.0722628     0.189835    -0.143627     0.565762    -0.328761     0.190908     0.429197     0.164308
    0.295924    -0.174919    0.0155121     0.206456    -0.488739    0.0880433    -0.292511    -0.128465    -0.275372    -0.182654     0.129975     -0.47347     0.222984    0.0339658     0.453721     0.153063     0.267628    0.0802894     0.436279     0.183087    0.0865908   -0.0613261    -0.607538   -0.0929974    -0.325368    -0.248894    -0.232711    -0.220018     0.349281    -0.329863     0.221328    0.0922571
   0.0641977     0.178014   -0.0623496     -0.19871   -0.0810497    -0.309424    -0.273704    -0.358767  -0.00125081    -0.222052    0.0259262     0.139647   -0.0691442   -0.0650994    0.0346205    -0.152211    0.0349477    -0.573311     0.439137   -0.0105936    0.0357598   -0.0125069    -0.308572     0.158455   -0.0972992    -0.347509    -0.289519    -0.149372     0.181925    -0.360181   -0.0254281    -0.105926
  -0.0545882    -0.353341     0.129427     0.280772     0.318682    -0.167622    -0.081248   -0.0878724    -0.375227    -0.362741    -0.123822     0.279099   -0.0216113    -0.111623    0.0653505    0.0275848     0.186546    -0.157447    -0.267973     0.132445    -0.109628    -0.194814    -0.489813    -0.128014    -0.374061    -0.273501     0.144225     0.407989   -0.0787428    -0.575443     0.509924     0.492232
   0.0370198    0.0173322     0.555705    0.0793575     0.183491    -0.078296   -0.0761374    -0.173727     0.340039     0.138438    -0.440711    -0.188414   -0.0160105    -0.147622   -0.0839118    -0.102275    -0.154854   -0.0699173    -0.328965     0.331682  -0.00735724    0.0458877     0.124883     0.494663    -0.078939     -0.33239    -0.154201    -0.302319   -0.0948337    -0.818456   -0.0606862     0.149622
   -0.434092     0.108962    -0.368983    -0.367662    -0.329679    -0.406474      0.43331     0.448472   -0.0321046    -0.156922   -0.0687888     0.337611     0.311992    -0.532876     0.273126    -0.105822     0.279125   -0.0755176    -0.025153    0.0260043    -0.117513    0.0696773    0.0799294   -0.0725953   -0.0218468    -0.118669    0.0591516      0.13984   -0.0118111    -0.112405     -0.27167    0.0232526
   -0.161606    -0.394076     -0.35453   -0.0418073    -0.103653   -0.0878656    0.0996064     0.445275    -0.494849   -0.0497083    -0.456961     0.344518    -0.461329   -0.0909455    0.0491095    -0.265969    0.0100678   -0.0300074    -0.519639    -0.372093     -0.05209     0.276798    -0.147662     0.125025    -0.296825     0.246738    -0.122601     -0.24916     0.119268    -0.305463     0.785366    -0.156942
    0.289414     0.348613    0.0857407     0.132209      0.09266    -0.243653    -0.217871    -0.299025     0.227563   -0.0660133    0.0794434   0.00749751    -0.321504     0.584277   -0.0723208    -0.165545    -0.147895    -0.233853     0.219712     0.201897   -0.0893585    -0.145123      0.04248      0.13628     0.319219     0.142015     0.118571     0.130342    -0.218848    -0.313318      0.16449       0.4021
    0.434091     0.385143    -0.131887     0.281526    -0.117472    -0.370669    -0.386351     0.728168     0.166938    -0.511968    -0.386773     0.473114    0.0420869     0.325413     -0.33101    -0.179934   -0.0187829  -0.00641953    -0.421105     0.528524   -0.0637862     0.166239    -0.275726     0.475574   -0.0267059    -0.122656     0.504636    0.0828097     0.240045    -0.168451     0.495586     0.299001
   0.0686218     0.139986    -0.225021     0.214197    0.0656208      0.09622     0.107988   -0.0937546    -0.187492     0.245444    -0.438598   -0.0348651     0.188624    0.0121648    0.0480309    -0.222147    0.0488507    -0.128927      0.25171     0.491057     0.047917     0.109053    -0.466872    0.0965567     0.153701     0.106463    -0.179929     0.239489    -0.169096    0.0746455     0.349944     0.266294
  -0.0455833    0.0631026     0.610465    -0.846821   -0.0300834     0.296518    -0.478773    -0.379681     0.340552    -0.439875     0.500976    -0.230711    0.0915858     0.588838     0.302551    -0.383953    -0.351402    -0.331567    -0.191547     0.578311    -0.324854     0.245617    -0.038926     0.125733    -0.132304     0.124032     0.138817    -0.880248    -0.129402    -0.161123   -0.0349525     0.181033
    0.269502    -0.223895     0.491978     0.172767     0.434755     0.192337   -0.0768987    0.0861425    0.0707151   -0.0192174    -0.383068    0.0696782     0.321375     0.051285     0.287884     0.284126    -0.140947     0.053469     0.107738     -0.23558    0.0470075    -0.382971    -0.176368     0.143189     0.234172    -0.352191    -0.301166    0.0516515     0.218318    -0.438368     0.054223    0.0423363
   -0.216749   -0.0420256   -0.0330601    0.0681774    -0.210691    -0.333449     0.192486    -0.597005    -0.127668    0.0781278    0.0798744    0.0864248   -0.0124456    -0.103041   0.00224726     0.155637    -0.343534   -0.0275355     0.139468    0.0638413     -0.18056     0.280363  2.37448e-05     -0.27804     0.146081     0.072093    -0.297411    -0.742095     0.281544    0.0837205    -0.255646   -0.0142786
   -0.332338    -0.331392    0.0154619   0.00512826   -0.0534786    -0.198497     0.169588  0.000532135   -0.0246096   -0.0518074    -0.165603     -0.24001   -0.0188832     0.200339   -0.0508444    0.0169183    -0.268199     -0.01256    -0.100506  -0.00479968     0.126439    0.0530356   -0.0211199    0.0764421    0.0703185     0.370534     -0.17708    -0.443002    -0.191709    0.0503117    -0.114096     -0.11783
   -0.205866    -0.151866   0.00840435     0.208882    -0.326945     0.115737     0.121235     0.225859     0.580496     0.538724    -0.129758   -0.0238404     0.329353     0.374363   -0.0725882    0.0357694     0.476283     0.141769     0.111453     0.268195    -0.211949    -0.267058     0.284883   0.00323398     -0.29942     -0.15045     -0.32617    -0.145712     0.157489     0.252495    -0.288948    -0.222028
   0.0872648     0.302523     0.372708    -0.167063    0.0431435    0.0859377  -0.00491689   -0.0932648   -0.0164353     0.199781    -0.206753    0.0751965     0.388732    -0.314073    -0.579623    0.0429521   -0.0913972     0.276113    -0.169143     0.150481    0.0824491     0.298648    -0.299201      0.33306     -0.10452     0.291715    -0.173984   -0.0199565     0.134005    0.0970412    -0.334005    -0.113149
    0.194981   0.00499415     -0.32418     0.134081      0.22908     0.188246    0.0474515     0.666052   -0.0635084    0.0171336    0.0208967   -0.0332414    0.0903391     -0.22315     0.367425    -0.163885    -0.195439    -0.048115   -0.0720935     0.315857    0.0187878    0.0937335    -0.102025   -0.0961919   -0.0789414     0.212106    -0.386814     0.313753    -0.186364    -0.011168   0.00319252      0.13352
   -0.160918    -0.153061     0.191624    0.0633451     0.138905     0.044063     0.156469     0.108273    -0.056618   -0.0762232     0.149437     0.198864    0.0268465     -0.25147    0.0449346  -0.00917212     0.247359     0.115312    -0.244913     0.200936     0.154268    -0.082561     0.247748     0.172149    0.0624695    0.0929181    -0.114809    -0.297222   -0.0381363    -0.143632    -0.150197    -0.228097
    -0.22112   -0.0434041      -0.1588     0.113073     0.483351     0.289673   -0.0352605   -0.0224192    -0.119174   -0.0432286    -0.337642    -0.134326    0.0407866    -0.117058    0.0196119    -0.202909     0.212628   0.00515743    -0.264819     -0.10198    0.0352363    0.0622985   -0.0155685     0.365025    0.0412007    -0.152725     0.611411     0.117694     0.143389    -0.548091      0.22443     0.057755
