   -0.276551     0.122815     0.188222   -0.0806581    -0.448472     -0.17297    -0.201022    -0.164554    -0.064349    0.0476733    -0.118742   -0.0435559     0.131383   -0.0768587    -0.348444    -0.110467   -0.0294441     0.358712    -0.184734    -0.407351     0.115464    -0.431039    0.0582728     0.457084     0.310394      0.33874    -0.397661    -0.116074     0.198063     0.251678   -0.0824156    -0.288932
   -0.383629    0.0286658   -0.0637728    0.0499279    -0.054688     0.619478     0.263639    -0.730295    -0.444249   -0.0142021   -0.0290684    -0.158959     0.167086      0.36057     0.189273    -0.248136    -0.194656    0.0134303    -0.232597     0.886329    0.0657155    0.0208276    0.0749382    -0.185946    0.0967998    -0.330478    -0.491579     -0.44148    -0.283812    -0.128286    -0.672858    -0.238039
   -0.381978    0.0357295     0.474089    0.0780391    0.0403184    -0.265036    -0.124864    0.0845886   0.00118309      0.15846    -0.218018    -0.104434   -0.0823369    0.0177571    -0.195206    -0.388407    -0.233849    -0.316438   -0.0759892    -0.394059     -0.29932    0.0742059     0.226342    0.0426956     0.221611   -0.0237803   -0.0410773    -0.236129     0.117774    -0.327037    -0.021987     0.265245
    0.499054    -0.157654    -0.223643    -0.210835     0.122107    -0.302675   -0.0946806     0.343596    0.0400498    -0.358522     -0.10051     0.412801    -0.349796   -0.0138345     -0.25477     0.142393    0.0211927     0.123769     0.087904     0.112086      0.23672     0.111081   -0.0913965    -0.263567    -0.262963    -0.580129    -0.457966     0.105311     0.293399   -0.0249321       0.4548    -0.051204
  -0.0518334     0.213505    -0.177639   -0.0785054   -0.0196914     0.326364     0.198208    -0.106886     0.610781     0.302369     0.165548    0.0278274     0.359284     0.106595  -0.00187256     0.240738    -0.664939     0.243228    -0.128467     0.368976   -0.0655606     -0.11668    0.0270894     0.224274    0.0502646    0.0664547     0.138756    0.0077348     0.126246    0.0509366    0.0671952    -0.402831
  -0.0555861     0.255373     0.153379   -0.0236423    0.0710501    -0.107179     0.258371     0.123352    -0.130412    -0.112775     0.122008    -0.103529     0.210837     0.103961      0.14955    -0.256538    -0.215336    -0.177826    0.0909756     0.183645     -0.34997    -0.257551    -0.189302    -0.294325     0.161973    -0.296344    0.0574054    -0.186313   -0.0379938   -0.0559781   0.00861806    -0.179706
    -0.14823     0.101462    0.0701653    -0.180703     0.121789     0.132069     0.404328      0.21826    -0.361906  -0.00879127    -0.137022    -0.201556    -0.520857    0.0136483   -0.0152523     0.746595     0.260631    0.0944571     0.185239     0.271345     0.142022    0.0928263   -0.0410135   -0.0853501     0.317955    -0.262589    0.0183165     0.147325     -0.44847    -0.516384     0.557595     0.223554
   -0.228569    -0.230581    -0.144669     0.376935   -0.0504151     0.070456    -0.135553    -0.102138    -0.366611     0.213202    -0.399466    -0.243896     0.348245    -0.357038    -0.193149    -0.403422     -0.53623     0.500698   -0.0901211     -1.05041    0.0128489   -0.0436095     -0.18793     0.582062    -0.350562    -0.161674    -0.115832     0.386057     0.135066     0.100225    -0.101863    -0.503601
   -0.082371    0.0347994     0.512935    -0.197932    0.0128413    0.0126385    -0.158274   -0.0293119   5.2988e-05     0.198983    0.0688705     0.180984     0.109349    -0.439487    -0.186149    0.0276777     0.189979    -0.466609    -0.162518   -0.0892009    -0.165579    0.0176096    -0.461254     0.165026     0.313016    -0.302661     0.028834     0.235613    -0.365041    -0.343078    -0.139707    0.0281694
   0.0478842    -0.268901    -0.244792    0.0224458    -0.212189    -0.417548    -0.526581     0.172215   -0.0714024    -0.227039   -0.0898007     0.150012    -0.262456    -0.156061     0.036051    0.0284731   -0.0402835     0.255837  -0.00790588     -0.43183    -0.447645    0.0648133     0.110735     0.131037     0.056232     -0.50859    -0.144495     0.388255    0.0880611    -0.275673    -0.394159     0.471221
   -0.513622    -0.244656     0.168085    -0.477829    -0.812687    -0.456322    -0.101453    0.0555574    -0.268988    -0.023566     0.250259   -0.0217002     0.275078    0.0684158    -0.336313     0.222629     0.187285     0.586697     0.104755    -0.147852      0.28253    -0.262326    -0.221806     0.132119    -0.330189     0.201094   -0.0065817     0.147446    -0.171795     0.183263     0.109637      -0.1216
   -0.447426    -0.147522     -0.12872     0.210152    0.0793254   -0.0111655    -0.443372     0.245179    -0.069772    -0.718745    -0.229661    -0.313746   0.00389288    -0.427402    -0.311745     0.198667     0.480716    0.0785056    -0.178849     -0.49866     0.105872     0.147864    -0.286973     0.134844    -0.315192    -0.585852    0.0286054    -0.142321   -0.0408295     0.237226      0.23204    -0.111881
   -0.222384   -0.0219612   -0.0433415     0.196679     -0.17853     0.104217    -0.100682     0.346071    0.0166191     0.210909     0.101262    0.0865143  -0.00211633       0.2386    -0.368077     0.116239     0.220866     0.224758    -0.254051    -0.300126     0.146685    -0.398108   -0.0363378    0.0287497    -0.165795     0.286673    -0.152378    0.0179033    0.0960208    0.0287058     0.298261    0.0953824
   -0.368527    -0.169657     0.228419   -0.0697061    -0.237573      0.10613    -0.355667    -0.156971     0.267923    -0.293388     0.360388    -0.186534   -0.0115483    -0.454589    0.0681601     0.590862  -0.00236844     0.189713    -0.227956     0.310457     0.095706     0.213828     0.314083    0.0593182      0.15078    0.0603453    -0.124346    -0.866114    -0.368285     0.113309    -0.499259    0.0622389
  -0.0951775    0.0406046     0.552063    0.0521226   -0.0674113   -0.0456124    -0.255424     0.100658    -0.360344     0.450361     0.344292     0.153593     -0.18223     0.579852    -0.202029   -0.0782926    -0.790395    -0.400498    0.0229166     -0.42311   -0.0690311   0.00307237    0.0457576  -0.00953728    -0.122378    0.0951381     -0.12397    0.0710041    -0.228682     0.306351    -0.172111     0.142705
   -0.195281    -0.233073   -0.0981546     0.329745     0.321299     0.105922     0.139875    0.0243627    -0.057913    0.0531632     0.438282     0.551878   -0.0525694     0.240542    -0.144278   -0.0913916   0.00853837    -0.317081    -0.208414     -0.20372     0.206113     0.164268    -0.219308    -0.027634     0.164514     0.068541    -0.053686   -0.0610121    -0.231237    -0.105605    0.0880035      0.25384
   -0.122641     0.218511    0.0526733  -0.00974052     0.012046   0.00463872     0.169455    -0.330216     0.428657     0.406955      0.20308    -0.159934    -0.352977    -0.220082    0.0933974     0.339798    0.0427034     0.156917    -0.125337    -0.117724     0.238325     0.381214     0.178942    -0.115023   -0.0216134     0.405437    -0.156474    0.0890609    -0.297637     0.274137    0.0223776     0.116313
  -0.0760485      0.76844   -0.0169677    -0.089934    -0.304864    -0.173306   -0.0946638    -0.403074    -0.142024    -0.251523     0.363492    -0.380805     0.347421   0.00448221    -0.436218    -0.334909   -0.0264381     0.346769   0.00313502     0.071055     0.507054   -0.0979394     0.252841    0.0681148    0.0564949    0.0902138    -0.240151    -0.798741    0.0362737    0.0127357    -0.194952     0.145338
  0.00058062    -0.190204     0.156599    -0.423674     0.213509     0.254553     0.284976    0.0749224     0.430832    -0.209852     0.278096   -0.0451635   -0.0985377     0.162137     0.130146    0.0652335    0.0691634     0.152929     0.459014     0.546156   -0.0240599     0.173513     0.167955  -0.00121331     0.236408     0.112152   -0.0972645    -0.228349    -0.178842     0.282728     0.364335     -0.02159
   -0.567761     -0.26792     0.740265      0.15898     0.307177    0.0342438    0.0227651     0.269295    -0.303136    -0.449633    0.0393954    0.0894462    -0.838902     0.408095     0.295876     0.124271     0.494302    -0.314513    -0.170289    -0.375413   -0.0243106     0.246804    -0.324989     0.269416   -0.0664052    0.0965584     0.212817     0.271021    -0.218818     0.125462     0.433801     0.486362
   -0.112497      0.29908   -0.0203904     0.375373      0.26436    0.0580366    0.0858972     0.320232    -0.372272     0.768052    -0.475161    -0.233219     0.665022    -0.027905  -0.00731413    -0.255287     0.112511     0.523909     0.124825    -0.313632     -0.08661    -0.448273    -0.133525     0.224099    0.0484618     0.339025     0.326478     0.148708     0.654132      0.58214    -0.105425   -0.0173385
  0.00914252   -0.0348662    0.0566394     0.108154     0.350124    -0.113693    -0.134445     -0.29092    0.0171357    -0.188654    -0.185692     -0.33028    0.0242572    -0.119328    -0.333398    -0.147743   -0.0226788     0.364737    -0.112466      0.10815  -0.00104643    -0.395971  -0.00256038    -0.321291    0.0800156    -0.326962    -0.124929    -0.516922     0.204993      0.14208  -0.00616119     0.148732
  -0.0154277    -0.113919    -0.299286    0.0292932    -0.378526    -0.488041     -0.18433      0.19218     0.282581     0.253442   -0.0745034      0.11412    -0.331053    -0.234333    -0.278007     0.107708      0.19245     0.170072    -0.211232     0.139011    -0.394583    -0.292037    -0.230444     0.344055    -0.184946    0.0863146    -0.386395     0.199335   -0.0964772    0.0592279    -0.233684     -0.22708
  -0.0985323    -0.312716    -0.094935     0.244628     0.048184      0.12765    -0.177008    0.0773559   -0.0301316   -0.0423327    0.0330097   -0.0926307   -0.0533337    -0.274066    -0.176151     0.373739    -0.296766    0.0875884    -0.275267     0.260764     0.048713     0.115495     0.128431    -0.274974    -0.443498     0.123214    -0.277076    -0.398123    0.0838317     0.121745   -0.0258282    -0.188482
    0.172517    0.0799199    -0.424302    0.0726378   -0.0214838    0.0789503     0.132753     0.283419   -0.0169103    -0.218272     0.109972    0.0817145     0.386016    -0.108442     0.282689    -0.422384   -0.0917271   -0.0515986    -0.130795   -0.0473355    0.0779064     0.147432  -0.00901604    -0.018248   -0.0331527     0.138446     0.131173     0.206849     0.187684     0.120646  -0.00489108   -0.0442175
  -0.0105831     0.166534   -0.0164962     0.233212    0.0250293     0.304463    0.0622886    0.0447266     0.134699     0.184113    -0.352802    -0.350852      0.30945     0.145139   0.00568902     0.180178   -0.0730236    -0.240941    -0.164565     -0.07635    0.0976967    0.0906424    0.0737913    0.0173988     0.138109    0.0963829    0.0412958    0.0306054     0.276024     0.189107     0.141677    -0.112533
   -0.110207    -0.180782      0.27999    -0.321962     0.230693     0.290141   0.00676109    -0.131573    0.0851052    -0.340427     0.166099    0.0344794    -0.184107     0.121253    0.0508829   -0.0630344     0.682935   -0.0693939     0.218527    0.0399653    0.0635512     0.560481    -0.264586      0.23819    0.0981639     -0.16315    -0.235745    -0.145563    -0.196927    -0.451007    -0.158692    -0.281096
    0.101825     -0.05335    -0.423201    0.0332776   -0.0209229     0.264305    -0.407563    -0.435313     0.283344   0.00888515    -0.435786     0.284644    -0.197538   -0.0266142   -0.0902179   -0.0233167     0.293342    -0.160359     0.293487     0.293783     0.128908    -0.146207      0.14449     0.174571   0.00898413    0.0368239    -0.359656    -0.169136    -0.109079    -0.318071   -0.0596784   -0.0198221
  -0.0961325    -0.288723    0.0262528     0.180285     0.398495   -0.0961488   -0.0635971    -0.335984    -0.732651    -0.493567   -0.0697183   -0.0382378     0.367251   0.00464393     0.125195     0.202265    -0.538558    -0.215227    -0.178094     0.286896    0.0366803     0.349021   -0.0656907    -0.217846    0.0550632     0.207246     0.193058   0.00731936    -0.414472    -0.137971    -0.290064     0.198829
  -0.0389687   -0.0990799   -0.0137271     0.380285     0.384355     0.123853     0.187493   -0.0748248    -0.121802      -0.3168      -0.1286     0.288268    -0.294837    -0.189691    0.0749518     0.171148     0.057249    -0.276777    -0.552694     -0.02237    -0.698115    -0.379696    -0.453355    -0.255193     0.295865    -0.243112     -0.18092    -0.249429     0.223993     0.265203      0.42274      0.14201
    0.281803    -0.110867     0.416692   -0.0932472     0.152609    -0.104313     0.216638    -0.202361      0.15945     0.486718   -0.0567636    -0.166192    -0.021178     -0.27361   -0.0744775     -0.58458   -0.0328577    0.0399761     0.280228      0.46507    -0.416462     -0.29711    0.0193692     0.266465      1.02583     -0.11438     0.251061   -0.0787368   -0.0907085    -0.207699    -0.109621   -0.0607783
   -0.699521    -0.143968   -0.0254171    -0.360627     -0.42095    -0.285947   -0.0816492    -0.405896    -0.293468    -0.231363   -0.0939764     0.241988    -0.294794    -0.350824    -0.175888    -0.255005    -0.327254     0.367463   -0.0752869     0.252565     0.191489    -0.134794   -0.0137111    -0.127921    0.0243213    0.0206601    -0.147463    -0.238069    0.0189202    -0.173099    -0.585351    -0.253911
   -0.265226    -0.203946     0.176141    -0.232031    -0.155613    -0.299049    0.0538489    -0.630201   -0.0650176    -0.329721      0.17179     0.187051     0.372255     0.352679    0.0924958     0.230647     0.168433     0.108998    0.0092444    -0.427961    0.0406355     0.124312    -0.173398     0.112726    -0.570416    -0.209255     0.064773    0.0250233     0.124304     0.114424    -0.289828    -0.305024
   -0.320879    -0.268921     0.134576   -0.0312587     0.106001     0.155354    -0.101414     0.166419   -0.0830365    -0.245828     0.574021    -0.557717     0.125039     0.421609     0.145166    -0.151404    -0.382648      0.17925     -0.23281     0.216302     0.173148   -0.0917023     0.203985    -0.254143    -0.250735     0.335047      -0.3867    -0.217889    -0.129714     0.206005    -0.343141      -0.2554
    0.362303     0.219125     0.286346     0.246997    0.0120261     0.111414     -0.24829     -0.51594    0.0312391     0.299785     0.151754     0.252978    0.0384219     0.494882      0.16481     0.336853     0.110985     0.243424    -0.147795   -0.0938761   -0.0874687    -0.307804    -0.012001  -0.00866521   -0.0101241    -0.390117    -0.246174     0.211492     0.128549    0.0536966    -0.142629    -0.560152
   0.0329562       0.1648    -0.330437     0.147911   -0.0494246    -0.117402    -0.106903    -0.407792    -0.170996     0.049414   -0.0492206    -0.174608    0.0807078    -0.547314    -0.411882    -0.226003     0.429963    -0.351179    0.0854846     0.622654    0.0373121    -0.218465     0.282615    -0.165746     0.525791    -0.505181     -0.35728    -0.616122   -0.0849725     0.121363    0.0126552     -0.21283
    0.160942     0.311818    -0.345451     0.223916     0.196673    -0.240983    -0.193937     0.243495  -0.00146836  -0.00754663    -0.272894    -0.160448   -0.0393129    -0.461714      0.10788     0.249948  -0.00626135   -0.0171461    0.0571535     0.313966     0.110435    -0.194253     0.291662    -0.229576     0.448264    0.0262274    -0.157106     0.292543     0.203829      0.48463    -0.296278    -0.102903
    0.278577    -0.110649     0.545737     0.273034    -0.066105    -0.168032    -0.376577   -0.0479819    -0.154199     0.253381   0.00353927    -0.371922     0.157256    0.0604391     -0.20239     0.204593     0.163679     0.125858     0.377475    -0.722087   0.00946461     0.156601   -0.0839643      0.17199    -0.122555    -0.208296      0.17113    -0.238834     0.282104     0.424694     0.127584      0.12359
    0.278575    -0.193106   -0.0398483  -0.00764042     0.529139    -0.181354     0.224322   -0.0673492     0.177186    0.0644718    -0.301252    -0.311094    -0.456232     0.206433     0.103486    -0.302343    -0.236351    -0.421452    0.0554045     0.389471    0.0931379     0.113302    -0.202599    0.0562441     0.258285     0.369226    -0.130409    0.0822098    -0.211319   -0.0473053    0.0657772    -0.183846
    0.169553    -0.336563    -0.218308    -0.214331     0.177417     0.462196      0.35991     0.156072     0.547228    -0.398748    0.0680094    -0.245383   -0.0947793    0.0694757     0.376515   -0.0238551      0.16731     0.636931     0.157438     0.220715    -0.268384    -0.234724    -0.187496    -0.327269    -0.506813   -0.0702575     0.168796    -0.547328     0.272982     0.220694    0.0719901    -0.163553
    0.211419    0.0409566     0.261369     0.310571     0.492518     0.061111    -0.126234     0.414737     0.116858    -0.111639    0.0213547     0.324158     0.209029     0.187043    -0.255356    -0.249478     0.103443     0.256263  -0.00257391    -0.145614   -0.0390488   0.00509143     0.463769     0.188773     0.225191    -0.219987       0.3012    -0.399483   -0.0398605     0.365645    -0.282228     0.224248
  -0.0881113     0.170351    -0.579902     0.133024    -0.503819    -0.294791     0.226968    -0.160071     0.277212    -0.555821    -0.246116     0.190738    -0.363459   -0.0828095    -0.252266   -0.0295719   -0.0823043      0.19591    0.0846507   0.00341726     -0.24026     0.104399     0.174048   -0.0612125    -0.317688    0.0796053    -0.234796    -0.142613    0.0120448     0.139886    -0.260238    0.0716626
    0.194221     0.194517     0.178894    -0.519488    -0.117383   -0.0372515     0.207816     0.743627     0.304315    -0.623152     0.144604     0.130073     0.500398    0.0495192     -0.14218    -0.375309    -0.696129    -0.170188    -0.189178  0.000777778    -0.184818    -0.555548    -0.282643     0.401309    -0.389045     0.504408     0.212858     0.430941    -0.032827    -0.482096     0.140619   -0.0855905
   0.0920757     0.161437     0.502104     0.337633   -0.0576762   -0.0244716    -0.255039    -0.183915    0.0920731     0.925834    0.0268219    -0.212278     0.622286     0.291457   -0.0497284    0.0660976    -0.323562    0.0148025    0.0975897    -0.284633    -0.118392     0.178156    -0.334147     0.470789     0.072241     -0.36538    0.0609649    -0.507888    -0.207262     0.069745    -0.437443     -0.17097
   -0.187292     0.231988   -0.0750051    0.0839155   -0.0432279  -0.00156633     0.268363   -0.0290676    -0.319421    -0.310329     0.125669     0.152123     0.125647     0.293043    -0.181942    -0.497017    -0.504325     0.283129    -0.145716    -0.373283    0.0629939    -0.159126   -0.0329619     0.375026    -0.048604     -0.37964    -0.105043    -0.356387   -0.0310115   -0.0161156    0.0545774     0.117183
   -0.147616   -0.0386708     0.302279    0.0669859    -0.654654    -0.384133    -0.206589    0.0190623    -0.516756     0.674164   -0.0937851    -0.278776    0.0316691    -0.138869    0.0457557    -0.237042     0.280403     0.287669   -0.0252666    -0.772502     0.230437   -0.0730518    -0.247888     0.637593    -0.345704   -0.0704749     0.157623     0.219607     0.117471     0.229657    -0.429465   -0.0928934
  -0.0303345    -0.108705    0.0826277     0.204596     0.239948     0.335374     0.263639   -0.0876642    -0.125016     0.491764   -0.0513773    -0.309017    0.0697835    -0.164441   -0.0216027    -0.236024     0.252856   -0.0807074    -0.382133    -0.580848     0.272505    -0.374587    -0.127584     0.230727     0.101286    0.0293621     0.248108   -0.0852527     0.385639    -0.129036    -0.319815     0.440089
   -0.246194    -0.131801    -0.239214    -0.165105    -0.142013     -0.37578    -0.125331     0.393373     0.441656     0.181079     0.196117     0.170684     0.272493    -0.174436    0.0730672     0.207833    0.0174104    -0.160796   -0.0751742     0.276088   0.00772184     0.110583     0.174612   -0.0781806     0.125716    -0.109102    -0.128481    -0.337509    -0.108248     0.189967   -0.0843515    -0.112602
  -0.0624128     0.317005     0.115643     0.150348    -0.346167    -0.418085    -0.149751     0.245836    -0.274734    -0.175105    0.0913327    -0.501315    0.0101435    -0.586174     0.115163    -0.346635   -0.0281234     0.304239     0.170956     0.386648     0.221846     0.173562    0.0371947   0.00654324    -0.119882     0.617399     0.105119    0.0273874    -0.315714    -0.104031    -0.156769    0.0603589
   -0.577483    -0.176265    0.0770211    -0.231835    -0.298183   -0.0467592     0.126746     0.357216     0.340733    -0.469871     0.153846     0.408405   -0.0258925     0.162354     0.161729     0.309558    0.0572647    0.0444983      -0.2884    -0.527308     0.306492     0.028983     0.145638    -0.124333    -0.156821     0.056515    -0.186459    -0.523015    -0.604364    -0.102941    0.0978831    0.0978432
   0.0124742     0.198756    -0.211062    0.0611638     0.176331     0.191023     0.237008    -0.093691     0.148128    -0.250444    -0.211031    0.0331974     0.176083    0.0101299     0.162909     0.118794     0.333529     0.370349    -0.138945     0.529858    -0.163983     0.249181     0.258053    -0.159383   -0.0723077     0.103306      0.28253    -0.123012     0.193701    -0.316545     0.121616      -0.0924
   0.0213085     -0.31388     0.159592    0.0968908    -0.162454     0.109986     0.269813     0.108027    0.0371607     0.203879    -0.153592   -0.0812315   -0.0833284     0.391368    0.0966239    0.0678093   -0.0965517     0.104923      0.34523      0.39525    -0.101698     0.132959    -0.400444    0.0676024    0.0878419     0.289892     0.089954     0.143007    -0.223456    -0.466351    -0.354206     0.429066
 -0.00336571     0.148852   -0.0223395    0.0025227    -0.294459    -0.191306   -0.0296404    0.0434469    -0.502026     0.590277   -0.0230042    -0.380582   -0.0906199    -0.369042   -0.0775755    -0.309521   -0.0800862     0.406985    0.0280777    -0.276174   -0.0590776   -0.0431362    -0.210183    0.0191132    0.0390412    0.0985345    -0.184831    0.0186843     0.196873    -0.161449    -0.487335    0.0187229
    0.184337      0.24723   -0.0448616     0.196867     -0.22101    -0.113704    -0.135172   -0.0356312   -0.0950789     0.233251  -0.00252916   -0.0238337    -0.240621    -0.113922    -0.131862   -0.0421461    -0.166728    -0.184782   -0.0906872    -0.171868     0.177082    0.0700425   -0.0465213    0.0970136    -0.339395    -0.213842    -0.159459   -0.0316673     0.046109    0.0599679    0.0476027    -0.494442
   -0.174801    -0.183646     0.305901   -0.0519775    -0.287996     -0.20868    -0.240972    -0.726868     0.196369     0.239831     0.222637    -0.400631     0.492753     0.235656    -0.130727     0.286423     0.336292    0.0504043     0.569859     0.855529     0.194171    -0.057681   -0.0516941     0.150455    -0.122862   -0.0732022    -0.313518    -0.149842   -0.0922608     0.165065     0.101368    -0.211818
   -0.175283   -0.0421442     0.100908  -0.00727396      0.23542     0.468795     0.120645   -0.0397014   0.00249295     0.049176   -0.0863418    -0.431869     0.480194    0.0895085     0.197579     0.161111    -0.112258     0.397667     0.447106    -0.631993     0.110705     0.173554     0.212928    0.0765375    -0.301398    -0.164339    0.0867248     0.299546     0.126994   -0.0948095    -0.125276     0.143881
   -0.138156     0.174763    0.0463329     0.084372   -0.0132955    -0.603165    -0.114055     0.246633    -0.234195     0.300179    -0.128473    -0.400124     0.557962     0.350481    -0.176918    -0.188489    -0.352115    -0.275433      0.11665    -0.284236    -0.018987   -0.0950816     0.163499     0.192807    -0.551991     0.517498   -0.0220679     0.184012    -0.325522     0.385702    -0.128799     0.103554
 -0.00837521    -0.471305    -0.104818    -0.100667     -0.14066    0.0693987    -0.166616   -0.0953443     0.344603     0.251393   -0.0232337    -0.152667    -0.213441    -0.200674   -0.0716409   -0.0726174   -0.0711733    0.0921914     0.212134     0.315706   -0.0582389    -0.160108   0.00325282   -0.0803367    0.0183461    0.0138551    -0.566777    -0.524555     -0.22978     0.454187    -0.321435     0.176645
  -0.0211991    -0.303995    -0.216838     -0.19919      0.10954     0.069957     0.126528     -0.20397    -0.415411     0.329158     0.182834     0.075446     0.230058     0.181111    0.0840422    -0.183567    -0.514655      0.17802   -0.0444195    0.0807954    0.0423803    0.0961021     0.143362    -0.180936     0.542935     0.116708     0.128256   -0.0887266     0.114557     0.140193      0.13908    -0.302874
   -0.371715    -0.232134      0.46348   -0.0974647     0.376109     0.170619    0.0339806    -0.251424    0.0562663     -0.11282    -0.107025    -0.261864     0.130424     0.411199  -0.00775665     0.180558     0.164432    -0.178862    -0.388664   -0.0510201     0.110234    0.0429862    0.0631247    -0.465805    -0.237596     0.258544      0.20018    -0.437384    -0.258008   -0.0964555    -0.237512    -0.277557
    0.139317    -0.286431     0.136241    0.0548908    -0.215015    -0.146164    0.0925121    -0.256528     0.196741     0.379423    -0.169435   -0.0872506    0.0973001    0.0719074     0.750071    -0.139675    0.0125682    0.0094569    -0.225903    0.0212638    -0.142678    0.0661556    0.0781009     0.140385     0.353737    -0.163846    0.0739203     0.163002   -0.0469065    -0.069877    -0.118732     0.362019
    0.236136     0.137004    0.0890838     0.369358   0.00928944    -0.226682     0.132898     0.767493     0.312942     0.429769    -0.159067   -0.0294175   -0.0819533       0.1238    -0.156603    0.0301473     0.180016   0.00412988     0.056991    -0.639051      0.13335     0.296762    -0.388533     0.291277     0.452534     0.565999    0.0960183     0.313039     0.273204      0.32697     -0.23477      0.17373
   -0.518038     0.541471    -0.545568    -0.383149    -0.737563    -0.140245   -0.0167925     0.458946    -0.345939   -0.0493689     0.157765  -0.00693693     0.512408    -0.264524    -0.379309    -0.502532    -0.899904      0.13363    -0.288678     0.631452    -0.417166    -0.369588     0.548109     0.504852    -0.441275     0.737418   -0.0847902    -0.734735    -0.226648      0.44576    -0.260381    -0.100842
  -0.0208924    -0.212237    -0.107479    -0.289404    -0.373569    -0.347098    -0.134315   -0.0961328    -0.162683     0.496916    0.0999024    -0.419571    -0.119388   -0.0837206    -0.409976    -0.108449        0.562     0.269107    0.0580362     0.237482    -0.178136      0.16213   -0.0685461    0.0993539     0.415802    -0.400366    0.0394322    -0.575161     0.181068    -0.186099    -0.564547     0.141689
   -0.526227      0.15169     0.100074    -0.453811     -1.37089    -0.265537    -0.301051    -0.505367    -0.649223   -0.0045593     0.149185   -0.0840474     0.305334     0.439729     -0.14539     -0.26376    -0.871478  -0.00413674     0.344516    0.0528348     0.239234     0.160939     0.120881     0.269068    -0.322565   -0.0562667      -0.4967    -0.283904   -0.0460656    0.0232489    -0.439719    -0.595534
   -0.149741   0.00970957     0.139764     0.375311    -0.140249     -0.26138    0.0858813      0.31491    -0.522785    -0.290693     0.288263    -0.318243     0.266676   -0.0698573     0.208224    0.0376385     0.332806    0.0103305     0.191195   -0.0416832     0.237733  0.000681834   -0.0847314     0.225385    0.0137135    -0.213946     0.289863    -0.125557    -0.114344     0.294248    -0.433347     0.334098
  -0.0434367   -0.0186343     0.119398     0.350777    -0.245449     0.209411    -0.196371    0.0896797    0.0333876    0.0859965      0.53363     0.161606     0.262587    -0.207018   -0.0760317     0.218189     0.398228      0.32735    0.0226292   -0.0716668    -0.171855   -0.0476568    -0.259136    -0.464321    -0.227746    0.0108378     0.138034    -0.176551    0.0727834   0.00124376   -0.0210478    -0.101815
   -0.407072     -0.21606  0.000937374    -0.200235    -0.252995    -0.166713    0.0548588    -0.379934    -0.524578      0.13173     -0.15728    0.0107348   -0.0917329    -0.186424    -0.130538    -0.645838   -0.0256126     0.168166     -0.44959    -0.526667   -0.0565474     0.107116  -0.00243464     0.173212     0.165474    -0.225084     0.140978     0.103475    -0.154399    -0.335305     0.517459    0.0459299
   0.0186742     0.311427     0.213535    -0.246373     0.484118     0.683575     0.429174     0.202874    0.0359554    -0.100472     0.376913    0.0592616     0.654031     0.318102    -0.628487    -0.020907   -0.0143993    -0.352899    -0.057148     0.144075    -0.565939    0.0352557    0.0464872   -0.0699743     0.436493    -0.259144    0.0601112   -0.0952628     0.127298   -0.0685378    -0.790565   -0.0267041
   0.0607845   -0.0847183    -0.234798    0.0272104    -0.263064     0.212959     0.120025     0.225173    -0.247199   0.00236686     0.174734     -0.11635     0.159457     0.491601     0.564864    -0.156501    -0.525504     0.295049      0.15679    0.0941019    0.0569344     0.106239     0.113056    0.0712231     0.140489     0.599808     0.137074     0.274074   0.00558422     0.479104    -0.103551     0.127577
    0.391797    -0.182738    0.0638915    0.0719087     0.323383   -0.0909585    -0.271302      0.17451    -0.137926    -0.376899   -0.0841492    -0.200831    0.0486525    -0.380398     0.218231    0.0356868    0.0672628    -0.190756    -0.447462   -0.0981449    0.0742645     0.178834    -0.355788      0.12973   -0.0540796    -0.282191    0.0447965     0.458115     0.195283    -0.288792     0.327574      0.33901
   -0.104391   0.00488392     0.467598    -0.199208    -0.178749    -0.275209    -0.368428    -0.223863    -0.382461    -0.154201    -0.175818      0.16759   -0.0973444    -0.383968    -0.490517    0.0789523    0.0335569     0.150648    0.0191549     0.136497    -0.467672    -0.202318     0.432108    0.0663177    -0.355002     0.053892    0.0303641    -0.503113     0.270017      0.31388    0.0159377    0.0858663
   -0.095535     0.135089     0.146602    -0.152183      -0.1336      0.16789    -0.126604   -0.0877784     -0.26775    -0.347302    0.0937885      0.29106    0.0184781    0.0628284     0.139649     -0.22995    -0.350923   -0.0402253      0.12429       0.4589    0.0883407     0.350922    -0.201898     0.294714    -0.195247    -0.229459     0.450215    0.0867366   -0.0145259    -0.442446     0.165754     0.114183
   -0.182929    -0.088879     0.682054   -0.0992221    -0.261986    -0.265783    -0.393361    -0.515153    -0.308119     0.283408    -0.269123    -0.181997     0.350962     0.178514    -0.448282    -0.219782     -0.35241     0.236904     -0.22843    -0.934429    0.0403283     0.247775     -0.69074    0.0484219     0.623029    -0.268935    -0.111591     0.086162     0.356267    -0.655223    -0.136837     0.105832
   -0.205547    -0.183968   -0.0268975     0.116304    -0.362651   -0.0550372   -0.0628139    -0.112551    -0.068787     0.151132     0.232402    -0.167623     0.344777     -0.27094   -0.0103929   -0.0629144    -0.255314      0.24342    0.0405121    -0.387139    0.0441958   -0.0140265    -0.401228     0.349322     0.139798   -0.0889158     0.192158     0.290656      0.13501    -0.115265    -0.461365     0.300334
     0.43721     0.363856      0.18698   -0.0545904    -0.131507    -0.324062    -0.288673    0.0875592    -0.314986    -0.408397   -0.0363278   0.00252673     0.194986    0.0905843    -0.348579    0.0425199    -0.286488     0.176725     0.142543    -0.319623     0.205241     0.147597     0.266846     0.344138   -0.0923672    -0.069564     0.581769   -0.0305222      0.19957     0.494458    -0.789844    -0.236561
    -0.14626     -0.18605     0.610728    -0.140698    -0.543814     -0.53676     0.288073    -0.230623     0.199023   -0.0560116    0.0487377   -0.0578146    -0.207451     0.165279    -0.110951     0.090444     0.268463   0.00566553    0.0664327    0.0763726     0.306302   0.00226176     0.151399    -0.126824     0.202511     0.353332    0.0603682     -0.14375    -0.301465    -0.215325   -0.0663155   -0.0181766
   -0.171418   -0.0951318     0.065587     0.147222    -0.489395    0.0112318    -0.140483    -0.343206    -0.278226    0.0689855   -0.0467368    -0.270504     0.211557    0.0630164    -0.139193    -0.212225    -0.253604     0.334754     0.297079     0.384594    -0.103474    -0.310754     0.282356   -0.0642729    -0.201876    -0.201861    -0.257886    -0.701429     0.192262     0.142528    -0.297354  -0.00489418
    0.185331    -0.164666     -0.48346    -0.225519    -0.266638    -0.180594    0.0663782     0.115043     0.513499     -0.30099    -0.112429     0.135331     0.169521    0.0636425     0.186069       0.0383     0.192953    -0.371458     0.284269     0.168963    0.0950607   -0.0295839    -0.205207    -0.248726    -0.214797     0.325161     0.110926    -0.116835     0.114101    -0.477996    -0.382562    -0.049645
   -0.617396    -0.229112     0.284206    -0.146607      0.14914    -0.366766  0.000656374     -0.10829     0.299909   0.00407039     0.211431     0.155795    -0.327063     0.192987     0.447965    0.0297364    -0.279235     -0.33804     0.102029     0.137556  -0.00151083     0.093224    0.0366367    0.0859184    0.0224384   0.00963541     0.164815     0.224967   -0.0349823   -0.0426957     0.424717     0.280508
  -0.0303351     0.430248     0.106758   -0.0777248     0.356215   -0.0379617     0.188457     0.318693     0.108662     0.495423     0.120448   -0.0869421     0.220211   -0.0308328    -0.297815      0.25123      0.01145     0.418746     0.111793    -0.304545     0.239836    -0.102635    -0.202677 -0.000876344     0.203595     0.223753   -0.0219487    -0.389945     0.093702     0.706321     0.193155   -0.0778061
   -0.526954    -0.397849      1.21231    -0.236487     0.266951     -0.67419    -0.286013   -0.0730383    -0.651476     0.239513  -0.00131214     0.248942    0.0202086     0.282463     0.382074    -0.390333   -0.0190302     0.220736    -0.224068    -0.233518   -0.0418911   0.00888082    -0.220947    0.0502871     0.134472     0.254918    -0.043069     0.049683    -0.292102    0.0351569     0.289134   0.00875497
    0.268483    -0.206753    0.0676673    0.0781221     0.187821      0.37091     0.156734     0.403844    -0.023669     0.619795     0.257448    -0.350718     0.113999     0.316787     0.449423  -0.00293525     0.105652     0.103273      0.13848   -0.0659945      0.27386     0.227166     0.650013    -0.226485    -0.297296  -0.00707886     0.151205   -0.0822327     0.413051     0.342845     0.146593     0.342389
   -0.398544    0.0703497      0.28988    0.0832214   -0.0564802     0.296446    -0.253431     0.150081    -0.174923  -0.00263774    0.0577492     -0.09145    -0.306484    -0.193232     -0.15232    -0.412463    -0.363922    -0.120761   -0.0925509    -0.122601    0.0902877   -0.0690717    -0.134705    0.0417106    -0.091509    0.0966949     0.172075   -0.0102335    0.0563604     0.254336    -0.335577    -0.182886
  -0.0500928     0.238471   0.00906528     0.111511     0.137373     0.267352   -0.0779385     0.313751     0.131815   -0.0605603     0.145505     0.207817    -0.423574    -0.336531    -0.257513     0.451576   -0.0789363     0.215655   -0.0148866     0.418425     0.177234     -0.82002     0.402321     0.240263     0.189134    -0.671463    -0.214586    -0.435035   -0.0852768    -0.529612    -0.109598     0.100651
    -0.17359    -0.153313    -0.198866    0.0941522     0.389991     0.174383    -0.172805    0.0252902    -0.516031     0.567922    -0.110216      -0.1753    0.0730343    -0.309378    -0.201342    -0.220298     0.111088   -0.0690336     0.148503     0.716678    -0.407591    -0.346624    0.0971028    0.0437639     0.403971    -0.139612   -0.0212852    -0.423299    0.0243495     0.186833   -0.0255705     0.220243
   -0.203854    0.0196465    0.0353195     0.234316    -0.192275   -0.0922004    0.0554978    -0.105783     0.248144     0.423989    0.0978594    -0.336027     0.542047    -0.373657    0.0222537  -0.00557035     0.485648     0.286865    0.0317153    -0.344817    -0.256676    0.0772959    -0.333234     0.366048    -0.287145   -0.0489398     0.120195     0.171668     0.240243    -0.299537    -0.408895     0.327007
  -0.0605007    -0.131429   0.00427713     0.158795    0.0689715     0.169776   0.00841576   -0.0443855   0.00205447     0.125618  -0.00107328    -0.263041     0.148265    -0.321638   -0.0279948     0.105156    0.0761447     0.307257   -0.0980865      0.29528     0.190149    -0.193433     0.356783     0.160134     -0.13472     0.317817   -0.0959728    -0.292218     0.246756      0.14186    -0.425508    0.0922397
   -0.123953    -0.185452   -0.0672208     0.505466    -0.283293     0.274316    -0.218672    -0.119954    0.0200435     0.635262   -0.0701344    -0.289738     0.244412  -0.00318316    -0.242066    0.0339127    -0.160286   -0.0693969    -0.185799     0.355035   0.00726716    -0.156439    -0.202471     0.213067     0.199737   -0.0973837    0.0687989    -0.213847     0.294925    -0.174045    -0.202376     0.232529
   -0.357699    -0.267293     0.423996     0.107812      0.13599    0.0610777     0.104525    -0.276597     0.235243    -0.152479     0.225805     0.290846    -0.404946    -0.100149     0.322472     0.108882     0.380668    -0.305426    -0.470384  -0.00650861     -0.17851      0.13573    0.0981887    -0.492871    -0.304513     -0.24793    0.0632815     -0.03777      0.23186   -0.0103418   -0.0171511    -0.178803
   0.0360569     0.522535     0.195489   -0.0670673    0.0971597      0.12101     0.011921     0.069202      0.10509     0.079589    -0.126423     0.145738     0.567861    0.0260913   -0.0196507    -0.220948    -0.460312    0.0627132    0.0251636    -0.572646     0.291132     0.103813   -0.0561355     0.322475   -0.0199199      -0.2298     0.268015   -0.0766506     0.458226   -0.0697431      0.15588     0.159416
   0.0253476   -0.0965889    -0.134934     0.266075    -0.189347    0.0814849   -0.0128666    0.0890563     0.630714     0.132522    0.0763604   -0.0691716    -0.641679    -0.503702     0.338026     0.154592     0.234038     0.181114    -0.344572     0.284449      0.28826    -0.152337     0.166724    -0.148202   -0.0982489   -0.0507183      0.05262  0.000674633     0.158896    -0.159462   0.00588841    -0.296277
     -0.4884     0.184454     -0.20461     0.071815    0.0357993    -0.202777    -0.143067     -0.40102    -0.150459    -0.122169   -0.0323774     0.010652    -0.587366   -0.0277605     -0.43544    -0.228388   -0.0884054     0.228407    -0.524196     0.197793      -0.2677     0.174779    0.0468087    0.0357476     -0.39795     0.288587     -0.17773    -0.388923    -0.161589   -0.0387618    -0.222541    -0.180585
   -0.153654     0.163841    -0.133761    -0.227719   -0.0593119    -0.402459     0.383629   -0.0114799    -0.023701    -0.272799     0.114029    0.0381152    -0.302552     0.260589    0.0356205    -0.201508   -0.0836228    -0.173478   -0.0868555    -0.133805    -0.515892     0.391043   -0.0148016     0.358484    0.0645653     0.209885     0.124475    -0.259664   -0.0649718      0.15705    0.0151876      0.37376
    0.185373    -0.197903   0.00690752     0.409836    -0.135951     0.462585    -0.103623    0.0189518     0.401475     0.195554   -0.0955538    -0.595398    -0.194045     0.206922    -0.161836     0.163886     0.022849   -0.0317238    -0.287264    -0.134655     -0.04061    -0.184365    -0.375164     0.100485    0.0746026   -0.0328512     0.197568    0.0963713    -0.256631    -0.153879    0.0817002     0.131996
   -0.595363    -0.193286    0.0381108   -0.0181601   -0.0261854    -0.595128    0.0385128      0.21212     0.177741     0.182458     0.334056    -0.163579    -0.453519    -0.292907   -0.0103662    -0.350494     0.226617    -0.229056   -0.0260169     0.373358     0.179256    -0.159737    -0.101416  -0.00473703    -0.247571      0.24801    -0.413237    -0.229262    -0.332193      0.30187     0.268782    0.0596953
  -0.0841857    -0.116317     0.196366    0.0406386   -0.0888912     0.401241     0.108353    -0.265946      0.59526    -0.421843     0.171413     0.207325     0.262506     0.111354    -0.148556     0.545676     0.313151     0.249974     0.195716     0.388863     -0.28985   -0.0442825     0.529513    0.0237083    -0.726897    -0.353635    -0.318761    -0.620642     0.209453    0.0124916    -0.460921   -0.0237458
   -0.318731     0.145466    -0.361982    0.0313693    -0.326392    -0.101703    -0.141537    -0.531132     0.166039    -0.214653    0.0296244     0.185354    -0.336713     0.208304    -0.126936    -0.409251       0.1998     0.152545     0.111505     0.250041     0.564039     0.423984     0.113774      0.32684    -0.155247    -0.175796    -0.521986    -0.560661    -0.343719    -0.118425    -0.515538    0.0296703
    0.333607     -0.14294   0.00387687    -0.258173     0.269682     0.165237      0.16056     0.368272       0.5814     0.279191    -0.125396   -0.0657917     0.259532       0.2235   -0.0547115    0.0511386    -0.238206     0.197875     0.334474    -0.497836    -0.247012    -0.224794    -0.425116     0.149349     0.108997    -0.055983   -0.0484382      0.29422     -0.37725   -0.0932572       0.2688    -0.394385
    0.147405     0.550778    -0.188632    -0.129171    0.0187056     -0.21694     0.523294     0.123382     0.150517   -0.0729242   -0.0713886    -0.187109   -0.0687766    0.0345238    -0.100542    -0.224587    -0.196233    -0.128321   -0.0713829   -0.0989527      0.38222     0.152876       -0.292     0.304674     0.614044     0.203623     0.100016    0.0438362    0.0329264     0.108808    -0.114924     0.029017
   -0.328409    -0.310277    -0.203274     0.432634     0.200546   -0.0257544     0.275814    -0.185892    0.0913238     0.192962    0.0697123      0.13141    -0.151943    0.0374395     0.241794   -0.0300001     0.162093   -0.0773209    -0.101748    0.0786112    -0.236864    -0.339103     -0.26934    0.0509713    -0.229382    -0.210776    -0.124136    -0.117011     0.383297    -0.529671     0.141668     0.508437
  -0.0779656  -0.00379167    0.0495926    -0.331564   -0.0897249     -0.32047    -0.242584    0.0856689    -0.502307     0.219037   -0.0767155   -0.0534788    -0.426499    -0.262824    -0.065994    -0.063544    -0.769323  -0.00171001    0.0920911    -0.374624      0.26016    -0.115912  -0.00356816 -0.000222136      0.12861    0.0175688   -0.0710084     -0.25979    0.0468843    0.0607789    -0.144198    -0.239411
   -0.028931     0.159753   -0.0592729     0.135427    -0.200498    -0.556522   -0.0517104     0.221315    -0.374527     0.147447   -0.0179466    -0.381277    -0.215882   -0.0368474    -0.386175    -0.342371   -0.0754262     0.393454      0.13919      0.11913     0.044773    -0.290642    0.0101372      0.41012    -0.255631   -0.0565033    -0.212187    -0.353108    -0.103054     0.609672    -0.514845   -0.0497363
   -0.327001     0.510708     0.291782     0.100524    0.0682467    -0.159934    -0.349628   -0.0364484    -0.551965     0.711254     -0.33736    -0.729844     0.418496     0.139162    -0.730968     0.222013    -0.174247    -0.114778     0.237037    -0.255639    -0.346235    -0.375653    -0.423347    0.0846744     0.075721    -0.343883    -0.270585    -0.527294   -0.0684066     0.248451    -0.367801     0.129509
   -0.141953    -0.259638   -0.0367518     0.286679     0.276811     0.011591     0.350383    0.0818145     0.438653   -0.0238421     0.301025    -0.221217    -0.621709    -0.177535     0.175635   -0.0855457     0.481834     0.524385    -0.185976    -0.271084    -0.166986   -0.0541488   -0.0603311     0.334951   -0.0266005    -0.243065    -0.123012    -0.352296    -0.153927   -0.0600943   -0.0130401     0.315316
    0.374832     0.184013    -0.175944     0.443942     0.313247     0.226126     0.135147     0.428577     -0.21763     0.190303    -0.292508     0.313366    0.0171699    -0.405486    0.0970348    -0.164413    -0.499933    0.0476949    0.0458171    -0.192319    -0.341822    0.0747312   -0.0789241     0.106286    -0.109391    0.0735289    0.0301612   -0.0342012   -0.0488585   -0.0829337     0.168535     0.276913
   -0.383233    0.0204103     0.769407    0.0669605    -0.720607    -0.374298   -0.0607314      0.01145    -0.229966     0.148258    -0.273598     0.233031     0.252297    -0.329044   -0.0958291   -0.0394228    0.0981565     0.499533     0.073723    -0.433425     0.211656    -0.180812    -0.367387     0.162482    -0.578647     0.236388    0.0335537     0.179449    -0.454381     0.265195    -0.394207     0.327404
    0.200994     0.299031    -0.232644      0.19055    -0.307248    -0.161263      0.20862    -0.140558     0.199805   -0.0794774   -0.0931968    -0.556535    -0.136947    -0.259183   -0.0108168    -0.304911     0.370779     0.334259    -0.121594    0.0636405     0.188108    0.0346541    -0.379301   -0.0156616   -0.0506308    -0.292683    -0.296563    -0.215151    0.0392355    0.0264669     0.162612     0.105376
  -0.0255226   -0.0386979    -0.231654     0.191559    -0.225286     0.289811   -0.0248051    -0.348266      -0.3326     0.237847    -0.361224     0.325139    0.0087524    -0.430527     0.098442   -0.0859582    -0.272969   0.00294269    -0.471125     0.582004     0.140986     0.615826     0.708244    -0.459615     -0.20361  -0.00183445   -0.0753599    -0.303165     0.237331   -0.0947596    -0.278891   -0.0173704
    0.156567     0.373365    0.0387815    -0.349465    -0.109093    -0.162956    -0.190315   -0.0783614    -0.553974     0.375595    -0.277432    -0.120385    -0.135529     0.434244    -0.293187     0.199998    0.0786908     -0.23617    0.0395411      0.21911    -0.352605    -0.349113   -0.0527675     0.211124     0.450644    -0.418841    -0.237049    -0.335808     0.299071     0.122683    -0.191103    0.0422025
   0.0568377     0.146715    -0.364171    -0.405428    -0.285508     0.418407    0.0822855   -0.0230376   -0.0350853     0.366802     0.306067    0.0432177    0.0136917    -0.287026    -0.157564     0.119513     0.176671       0.2418  -0.00167915    -0.467456     0.124176     0.009971    0.0093757   -0.0581984    -0.309184    -0.479505    -0.115867    -0.156477     0.055159   -0.0310099   -0.0275412     0.250231
  -0.0695751      0.50932    -0.112408     0.148566    -0.447069    -0.301048   -0.0101255    -0.137511     0.315954     0.206627    0.0800106    -0.114996    -0.112918    -0.171214     -0.29583   -0.0209447    0.0168507     0.437567    0.0211112     0.163127    -0.122283    0.0548994     0.174123     0.135469    0.0381759    -0.172076   -0.0414877   -0.0980955     0.299153    -0.163851    -0.377617      0.04775
    0.185635     -0.33831     -0.29967    0.0328595   -0.0159478     0.075234    -0.203802    -0.332981    -0.408504     0.512412    0.0636601   -0.0693387     0.170379    -0.148398     0.269836   -0.0495954    -0.189218     0.184222    0.0684452     0.147216     0.188698    0.0668553     0.419138    0.0182029    -0.157618     0.100221    -0.177297   -0.0159243     0.104534   -0.0943995      0.13263     0.150911
    0.105917   -0.0462906     0.108173    0.0888479    -0.050915    -0.395168    -0.148848    0.0948769    -0.421691     0.395007    -0.140958     0.349667     0.274207     0.144919    0.0148343     -0.13818    -0.201048    0.0949252     0.413506    -0.274465     0.193241     0.202236   -0.0532635      0.16473    0.0748082    -0.134097     0.310749     -0.29325     0.052393     -0.19483    -0.028088    0.0849646
    0.194361    -0.102294     0.174923     0.170879    0.0403412    -0.131833   -0.0158346    -0.519121     0.257025   -0.0210268    -0.483277    -0.300266    0.0692953    0.0529801   -0.0399258   -0.0208909     0.416028    -0.246061   -0.0058472    -0.244779    -0.300578    -0.400619    -0.686039      0.24603    -0.328301    -0.350061    0.0103665    -0.036903    0.0617941    -0.294881     0.178998    -0.135185
    0.118316     0.035137     0.282108      0.33732   -0.0139562    -0.193015    0.0541963    -0.197434    -0.155155    -0.246185    -0.257076    -0.144624     0.185068    -0.501468     0.275518    0.0384785      0.27783     0.143536     0.196942     0.101705    -0.165092     0.178476    -0.137198    0.0538428     0.187635    -0.137658    -0.293354   -0.0589982     0.154045      0.19458     -0.32255     -0.12005
  -0.0246886    -0.320709     0.779627    -0.432877     0.262041     0.168855    0.0372189    -0.169687     -0.25532    -0.187726  -0.00659221    0.0136752     0.719865    -0.474273    -0.539175    -0.151798    0.0965463    -0.360904    -0.103404    -0.521809   -0.0232305    0.0958308    -0.733073     0.461492    -0.483734    -0.156075     0.122472    -0.161431    -0.118969     0.304926    -0.453159    -0.680524
   -0.307109    -0.282154    -0.353036    -0.191013    -0.148015   -0.0964922    -0.134824    -0.636038    -0.261334    -0.147466     0.276158    -0.175863    -0.115118    -0.433427    -0.111873     0.207653     0.265823    -0.235893    0.0196893     0.700861    -0.180681     0.218867    0.0721486    -0.197332    -0.233192    0.0607804    -0.515773    -0.736495    0.0383226    -0.115414    -0.245021    0.0166671
   -0.242188    -0.121182     0.446146    -0.255558    -0.260002    -0.326107    -0.171221    -0.274846   -0.0790035     0.100208   -0.0114883   -0.0280935    0.0154939     0.506016    0.0543413    -0.149788    0.0299559    -0.235788     0.382911   -0.0400861   -0.0522895     0.402773    -0.368492     0.471158   -0.0387288     0.373079     0.166876    0.0111335    -0.237847     0.207154    -0.100248    -0.220547
   -0.158473   -0.0903075     0.123707    -0.149419     -0.28166    -0.151953     0.354144    -0.181014     0.107403     0.123923   -0.0885492     0.371074     0.092046    0.0669687   -0.0106042    -0.459789    -0.312734    -0.111119    -0.348619      0.24486    -0.272326    -0.165378    -0.145656    0.0407302   -0.0642366     0.289366    -0.207121    -0.212613     0.219548    -0.117009     0.139163      0.30599
   -0.210443    0.0606492    -0.238756    -0.180284    -0.143312    -0.185417     0.179677   0.00658135    -0.282532    -0.145224    -0.229719     0.321738   0.00275284     0.422927   -0.0251591    -0.437547    -0.287651    -0.287149    -0.371005    -0.227645   -0.0792861     0.199492    -0.115171     0.269204    -0.197053     0.101841   -0.0312353   -0.0569285    -0.112261       0.3838   -0.0489283     0.204257
    0.222525    -0.101001    -0.133599    -0.468965      0.13465    -0.138194    0.0284581    -0.153557    -0.266412    0.0866441   -0.0747929    -0.287493    0.0137858    -0.195917     0.233131    -0.166251     0.279172     0.428083    -0.129478    -0.214172    0.0755477     0.458328     0.428114   0.00477757     0.338867      -0.2766     0.199282    0.0195349     0.149012     0.121702     0.349223    -0.329628
   -0.116174   -0.0901923    -0.546998     0.217975     0.268437     0.299487     0.278087     0.377022    -0.313508     0.417779     0.381198     0.112189    -0.109026     0.197444     0.111736     0.338962    -0.347957    -0.454379   0.00585361      0.52031     0.346145     0.128461     0.383732   -0.0767171    -0.238905     0.488433    0.0099994    -0.647235    0.0972195     0.568042     0.115001     -0.50705
   0.0562079    -0.270701    -0.104572   -0.0248156     0.409348     0.586212     -0.18671    -0.119923    0.0742006     0.239218    0.0259773    0.0358196     0.132212     0.489177    -0.506891     0.457329   -0.0289475    -0.242497      0.18744   -0.0969916    -0.128604    -0.113114     0.241136    -0.112761     0.185837    -0.373958    -0.187246    -0.227879   -0.0165217    -0.260079      -0.2536     0.397819
   -0.186378    -0.272949    -0.363355    0.0897851   -0.0458949  -0.00114748   -0.0994315     0.048251    -0.139324    0.0716735   -0.0860629    -0.222567     0.154759    -0.397966     0.316462   -0.0366717     0.446626  -0.00829852     0.259236    -0.554215     0.198719    -0.153356     0.103389    0.0440224    -0.180349   -0.0414479     0.148565     0.328911   -0.0129792     0.163354   -0.0523549     0.160772
    0.137215     0.740935   -0.0691655    0.0948075     0.250546     0.458378    0.0430108     0.286763     0.466631   -0.0632785    0.0604959     0.133599   -0.0568795     -0.12144    -0.332808    0.0465679    -0.317428    -0.155119    0.0561333    -0.364061     0.341748   -0.0798498     0.293632     0.610017     0.330162     0.394787   -0.0170285    -0.166718     0.126073    -0.240424    -0.233428     0.133505
     0.18888      0.16154     0.360918    -0.326983    -0.140203    -0.591463     0.140275    -0.282969    -0.276294     0.550416    -0.172351     0.518903   -0.0966722    -0.433075     0.151376    -0.285963    -0.521725    -0.179067     0.173084    -0.333187     0.162103     0.423823    -0.126944     0.341498     0.175442    -0.140635     0.147923    0.0894469     0.225447   -0.0359953   -0.0296736   -0.0682983
    0.364025     -0.25376     0.464212    -0.309346     0.425941    -0.203828    -0.442177    0.0842823    0.0353684     0.378385    -0.573418    0.0835347    -0.191649     0.348681     0.223908   -0.0408694    -0.133214   -0.0755727     0.172536    -0.195459    0.0295625     0.158324     0.094459     0.396815     0.382505     0.149013     -0.12658     0.282736    0.0416492     -0.12272    0.0646482    0.0455291
