  0.319718
 -0.308439
  0.368621
  -1.64854
-0.0959077
 -0.233403
 -0.977877
 -0.890133
 -0.044688
  0.494232
 -0.183375
 -0.210178
 -0.467787
  0.161091
  0.943442
-0.0281927
  0.106345
  0.550093
 -0.400193
-0.0371959
 -0.294908
-0.0390531
  0.749233
  0.190267
 -0.514013
 0.0807107
  0.469919
   1.68815
 -0.111002
  0.114807
 -0.250181
   0.11498
  0.922983
 -0.130801
  0.102117
 -0.109398
 0.0195202
 -0.169009
 -0.479828
 -0.570016
   0.50578
-0.0024245
  0.867142
   1.14177
  0.348359
0.00876721
  0.590893
 -0.264258
  0.401017
  0.772954
   0.12831
 -0.477649
  0.285285
  0.666633
  0.433945
 -0.634932
  0.998679
 0.0389519
 0.0745683
  0.579619
  0.423735
 0.0382819
  0.150937
 -0.660447
  0.127464
  0.239357
  0.582355
  0.393023
 -0.261388
   0.94282
  0.590005
   1.08274
 -0.428967
 -0.172262
  0.353956
 -0.826938
  0.405268
 -0.150222
  0.107047
  0.763308
   0.23266
  0.574054
 0.0966494
  0.188357
 -0.192547
 -0.633014
-0.0313657
  0.130698
  0.352649
  0.939509
  -0.31025
  0.451986
  0.393488
  0.406968
  0.575044
 -0.367392
 0.0128543
 0.0191704
 -0.450755
  0.293059
 -0.240828
  0.589025
 0.0598671
 0.0735613
  0.440478
  -1.02512
  0.344989
 0.0808433
  -0.22461
-0.0979642
 0.0107273
 -0.397606
  0.136123
 -0.800436
  -0.46662
-0.0029202
   0.80726
 0.0437347
 -0.474233
  0.294227
  0.202779
 0.0746952
  0.765999
 -0.357144
-0.0285106
  0.416203
 0.0109311
 0.0250663
