0 1 0
9 1 1
5 1 2
4 1 3
8 1 4
10 5 5
10 9 6
10 10 7
10 15 8
10 18 9
10 21 10
10 25 11
10 27 12
10 37 13
10 41 14
10 43 15
10 44 16
10 50 17
10 51 18
10 52 19
10 56 20
10 98 21
10 99 22
10 100 23
10 101 24
10 62 25
10 103 26
10 104 27
10 105 28
10 67 29
10 69 30
10 108 31
10 70 32
10 71 33
10 73 34
10 74 35
10 110 36
10 111 37
10 113 38
10 114 39
10 77 40
10 116 41
10 117 42
10 118 43
10 119 44
10 120 45
10 79 46
10 123 47
10 65 48
10 126 49
10 127 50
10 128 51
10 129 52
10 130 53
10 131 54
10 133 55
10 134 56
10 135 57
10 81 58
10 137 59
