  -0.120043    -0.66934    0.262295   -0.647194   -0.463094    0.178878    -1.03577    0.625675    -1.28733   -0.127806    0.119327    -0.54649    0.118201   -0.850589    -1.35021   -0.519668   -0.164145   -0.454153   -0.180086   -0.465505     -1.1157   -0.474052   -0.113472   0.0489417    0.774352  -0.0027282   -0.565935    0.533932   0.0428657   -0.104252    0.147815    0.151642
   0.464868   -0.229463  0.00196277    0.598578   0.0795428     -0.2311   -0.196544   -0.064939    -1.27503     1.35879    0.097178    -1.25451    0.382677    0.699534    0.454656     1.43889   -0.193176    0.122792    0.467672   -0.269653  -0.0327091    0.544856  -0.0466779    0.658759    -1.30554   0.0689004    -0.26804    0.388888    0.329563    0.243006   -0.108855    -1.05222
   0.374848     0.38262     0.36188   -0.935402    -1.62342    0.854325   -0.201436    0.186076   -0.553492   -0.749783    0.265296   -0.970529   -0.610528    0.439982   -0.835595    0.724327   -0.233405    0.246781   0.0847534   -0.525873    0.653927  -0.0475123    -0.10356    0.824495  -0.0992665    0.287111   -0.154089    0.869845   -0.145326     -0.7018    0.655752    0.558052
    0.46483  -0.0873997    0.148219   -0.503092   -0.083851   -0.296882   -0.383301    0.162139    -1.09272    0.233768  0.00512515   -0.242011   -0.476665     2.02447     0.75893    0.597405   -0.277092      1.2293   -0.318078    0.191271  -0.0981439   -0.146699   -0.319714   -0.481262   -0.149933   -0.157389   -0.318486   -0.842947   -0.150841     0.83305   -0.781805    -1.08894
    0.86695   0.0910421    0.234877   -0.649499    0.854061   -0.286671   -0.257646   0.0593894    0.228461    0.804565    0.501027    0.034871    -0.19553  -0.0225477   -0.962591   -0.703444    0.229467    -1.40781   -0.187858     -1.2497   -0.133863    0.743439     1.00195  -0.0616224   -0.961058   -0.646493    0.596371    0.245537   -0.268146  -0.0236761   -0.648439   -0.192157
   0.370906    0.141026   0.0300711    -0.87379   -0.485635   -0.203328    0.409784  -0.0611316    -1.00017   -0.291782    0.232803   -0.448928    0.411599   -0.243756    -0.60143    -1.27176    0.478236   -0.312248   -0.063414  -0.0263713   -0.193556   -0.121442    0.183972    0.392191    0.195355   -0.450455   -0.500922    0.311569   -0.361815    0.239506   -0.627258   -0.116428
  0.0729134   -0.632689  -0.0585173   -0.956977   -0.816756  -0.0670843    -1.30804    0.893337 -0.00836866   -0.597966    -1.14477   -0.315866   -0.102301    0.185447   -0.194267    0.373926   -0.331003   -0.138218    0.505436    0.342413    0.369356    0.458922   0.0681517   -0.736059   -0.723915    0.162086   -0.171507   -0.670906   -0.273561    -0.42517    0.701354    -0.13436
   0.738687    0.327994   0.0974074  -0.0794809   -0.547331   -0.169911     0.44015    0.283838    0.007307   -0.128626    -0.35443   -0.553681    0.667794   -0.493741     -2.1448  -0.0927986    0.228123    -1.00458    0.599832    -1.42694   -0.223519   -0.255263   -0.650482    0.677829    0.645801   -0.337805  -0.0199649     1.28591    0.100769   -0.225948    -0.56025    0.651495
   0.643711    0.843924    0.162585   -0.539315    0.484473     1.05949   -0.722817   -0.488882   -0.323884  -0.0582126   -0.506661     1.13745    0.117283   -0.500781      2.3074    0.135653   -0.569497   -0.194246    0.357965     1.05453    0.356523    -1.30069     1.21593     2.01756    -0.20611    0.150694    0.598077  -0.0262257    -0.24406  -0.0288507    -0.11839  -0.0532059
   0.526224   -0.544594  -0.0254047    0.149396    0.243556    0.981022   -0.939567    -0.18278    -0.52379    0.358372    0.107875    -0.15042    0.228446    0.130088   -0.222783   -0.238796   0.0496437   0.0694603    0.110619   -0.112944  -0.0579933   0.0338751   -0.474984    0.623109  -0.0762176   -0.212481     0.16757   -0.178152    0.664484    0.419875    0.398512  -0.0703633
   0.474669    0.302165    0.183476   0.0986461   -0.567271     -0.4893      1.0666    0.568323    0.142069    0.570376 -0.00985478    0.185486    0.225016   0.0991803   -0.806899    0.608656    0.567349  -0.0232274    0.887291   -0.873478   -0.123013   -0.254627    0.358188    -1.06089   -0.232998   -0.545451    0.379353  -0.0423338   -0.485866   -0.083095    0.400691    0.349338
    0.25965   -0.272552    0.783403   -0.909416    -0.34078     1.27975  -0.0972644   -0.300266   -0.520057    -0.69719   -0.677866   -0.854855    0.715591    0.762286    0.304595    -0.62865  -0.0582848    -1.19824   -0.716894      1.5731    0.373441    0.152919   -0.173593    0.412007     1.52478   -0.417703   -0.437698   -0.310819    -1.06586  -0.0644374    -1.12735    0.119526
  -0.464741   -0.316691    0.383807    0.198724   -0.154736   -0.177569    0.080641    0.322155   -0.587653   -0.389595 -0.00117658   -0.834696  -0.0590052    0.672242   -0.958837  -0.0268394    0.242502    0.381402    0.291301    0.681387    0.129291    0.177957    0.894264   -0.182339   -0.527771     1.24395    -1.08535    0.189518    0.216872   -0.417457   -0.645208    0.458561
   0.163664   -0.122698    0.438063   -0.925265    0.513284   -0.152286   -0.163561    0.538698    -1.33016    -1.07806   -0.871529   -0.106532   -0.480882   0.0792654     0.68459    0.611692    0.422521    -0.33145    0.192124   -0.900751     1.29361    0.612786    -1.72733    -1.08293    0.188191   0.0770853   -0.196105   -0.503037   -0.388599    0.679831  -0.0981188   -0.575743
  -0.957198    0.692011    0.218479   -0.708889   -0.264971    0.203869    0.337634    -1.75453    0.342809    0.370881  -0.0445426  -0.0445283   -0.474019   -0.434064     1.88243   -0.519588   -0.228234   0.0971777    0.622344     1.89919    0.014686    0.565533    0.323367   -0.774659   -0.241207   0.0593361   -0.467559     -1.2785   -0.425171    0.322621    0.207797    0.196419
   0.754809   -0.554563   -0.285803   -0.172172    0.395434    0.491779    0.936024     0.61017    0.572377   -0.226929   -0.947939    0.655639    0.218794    0.084856    0.331728   -0.761937    0.511236    -2.77884    0.684243   0.0965902   0.0690682   -0.865748    0.533135   -0.512109  -0.0285149   -0.346275   0.0372446    0.235085      0.2593   -0.555323    0.318743    0.660841
  0.0432361    0.731912   -0.424169   -0.471199    0.225661    -1.70234    0.049473    0.535519    0.396072   -0.181471    0.962668    0.224581    -0.89037    -1.14425   -0.775681   -0.385684    0.443914   -0.639451    0.152862   -0.564109     1.10295   -0.543176  -0.0713182     1.39096   -0.801333   0.0207896     2.34163      2.1335    0.508911   -0.335136    0.688608     1.26348
  -0.700784    0.260651    0.388902    0.183583    0.573889    -1.39258   -0.953333    0.614261     0.29707   -0.145221   -0.390699    0.887129   -0.534123     1.72479   -0.232151     1.00766     1.35599   -0.312972   -0.437077   -0.688456    -1.02143   -0.865888   -0.825854    -1.50192    -0.74068    0.634967    0.835944    0.637301    0.205015   -0.581708     0.77404    -0.45886
   0.116295    -0.82863    0.389914   -0.491174    -0.05333     1.12319    0.235591  -0.0906097     1.27424    0.623525   -0.595021   -0.493895    0.114863   -0.986357   -0.327266     0.35735   0.0689756   -0.219471   -0.320903  -0.0362245    -1.35235    0.872511    0.364958   -0.156118     1.17376   -0.264186     0.18527   -0.261552   -0.658342    0.107429   -0.272913   -0.905357
  -0.846817   -0.113041    -0.16363    0.192005   -0.429394    -1.02352  -0.0233711    -1.18951     0.01571   -0.372539   -0.336623    0.322764    -0.75589   -0.233521     2.28917   -0.112268   -0.177627    0.210806    0.172463    0.540571    0.501291    0.269648    0.212693   -0.551634    -0.21321  -0.0158907   -0.185861   -0.792176   -0.162935    0.654587    0.579526   -0.570827
   0.566794    0.723167  -0.0721522   -0.922205     1.06828   -0.187534   -0.250669  0.00304803    0.109804    0.773529    -1.02202   -0.475181   -0.158001    -1.28305   -0.069902    0.808138   -0.115738     1.23041     2.37552     0.37551   -0.230133  -0.0131659     1.46467    0.175826   -0.571852   -0.221282    -2.64951    -1.78192   -0.820534    -0.46011  -0.0839839    0.425421
   0.578991   0.0432272    0.421807    -1.34685   -0.611312  -0.0869001   -0.699311    0.294437   -0.656793   -0.294185   -0.143497   -0.285466   -0.113014   -0.270716    0.173125    -1.14158    -0.45783   -0.752105   0.0850791  -0.0192639    0.585863    -0.48068   -0.683432   -0.172345   -0.510902   0.0119903    0.289723    0.717556    -1.09943    0.437321   -0.355679    -1.10003
   0.129617    0.589021   -0.431434    0.611042   -0.257699  -0.0208756    0.213031   -0.336427    0.941682    0.753646    0.204823    0.371893    -0.49208    0.291305    0.858384    0.315014    0.107062   -0.349251     -0.1335    0.149382   0.0343267   -0.639093    0.151258    0.470833   -0.172413    0.379857    0.531302    -0.50646    0.350261   0.0616679   -0.102346    0.339518
  -0.430276    0.122051    0.568456   -0.945422   -0.610914    0.695318    0.161203   -0.510508   -0.566925   -0.688021    0.355805   -0.465757    0.190526    0.246313    0.196206    -1.25355    0.100401   -0.472533   -0.683167   0.0422278    0.240531    0.722695    0.511888   -0.038872  -0.0228229   0.0336854    -1.29777    0.272522   -0.367083   -0.176576    -1.19937   -0.946188
   0.859637     0.57576   -0.384463    0.633618    -0.21638   -0.699738    -1.37113   -0.861562   0.0153502    0.246476    0.228898   0.0549612    0.471853  -0.0557564   -0.691789    0.756606   -0.702273     1.31808   -0.312588   -0.424991     1.02628    0.380025    0.848926    0.923708     0.15752   -0.343558   -0.837703    -0.55905  -0.0378573   -0.893805   0.0105337    0.579583
   0.338425    -1.05589    0.145638   -0.877086  0.00650239    0.907428   -0.478113      1.2631    0.887816     1.48965    0.841348    0.636857  -0.0624823   -0.272777   -0.252458   -0.136722     1.02864    -1.61764 -0.00562705   -0.643798    0.164966     0.59406   -0.134477    0.943779   -0.225037    0.528869    0.673313    0.346876    0.728164    0.183614     0.98864    0.706929
  -0.514134    0.616726    0.345953   -0.968429     1.88465    0.265999   -0.648144   -0.223878   0.0405458   -0.683132    0.299862   -0.211163    0.807449    -0.57019   -0.636671    0.214439   -0.494822    -1.23961    0.417618    0.066615     0.28869    -1.58245   -0.127853     1.22515    0.161259  -0.0830433    0.181458    0.316336    0.690653   0.0461056   -0.220984     1.55543
    1.69596   -0.612532   0.0540828    -1.14325    0.169791    0.383934    0.670247     2.02493    0.592865    -0.34817   0.0693785   -0.451146   -0.144094   -0.232526  -0.0297638    0.182279   0.0836218    -1.13761   -0.090325    -1.68722   -0.419769    0.346171    0.761614    0.950698   -0.862664    0.277978   -0.937818     0.70724   0.0519699   -0.628318    0.880562    0.359928
   0.570909    0.475143   -0.675804   -0.479461    -1.23143     1.10624    0.971053    0.545681     0.37686   -0.370857    0.311624     0.20254    0.288056    -1.12472   -0.507474   -0.553634   -0.183182    -1.50687     1.55736    -1.29587     -0.4576   0.0763828   -0.548199     1.27203    0.582775   -0.699893    0.425465    0.490209     -1.2173    0.765431 -0.00339064    0.695308
   -1.35802  -0.0401194  -0.0287573     1.23948    0.385994    0.306317     1.32339   -0.741196   -0.108514     1.23951   -0.504799   -0.525946    0.079307    -1.36454     1.17403   -0.334957   -0.696085   -0.348983     0.23784     1.61307    -1.06559      1.0398    -1.06732   -0.643923   -0.111566   0.0935869   -0.503515    -0.27338   0.0335123     1.06516    0.294733   -0.795363
   0.366632    0.390014   -0.660101   -0.411217     1.26445   0.0130828   -0.676034    0.291772     0.38635    0.451145   -0.576203     1.18016     1.33924   -0.352001    0.220567     1.33107   -0.321975    -1.44957    0.361388   -0.130664     1.29107    -1.35856    0.973671     1.15326   -0.468134    0.385786    0.975863    0.351112    0.578927   -0.197982   -0.323287     2.34272
   0.537509   0.0417822   -0.049318    -1.96358     1.13839     1.31637   -0.294598   0.0128843   -0.503204   -0.673308   -0.137008    0.169833    0.292327    0.251149    -1.03905  -0.0977415    0.273867   -0.514373     0.83771    0.498379   0.0761558   -0.659563    0.801985     1.07762   -0.315825   0.0517612   -0.815297   0.0516451   0.0363372     1.38112    -1.05091    0.326045
