   -0.249973     0.386981    -0.287167      0.30392     0.412231    -0.149668   -0.0452539      0.45894     0.454352    -0.172669    -0.082582     0.197809    -0.723205   -0.0160409    -0.443528    0.0988744   -0.0445803     0.220185     0.303173    0.0326068    -0.139065     0.157123     0.450259     0.362996    -0.410952      0.20091     0.459319     0.186314     0.312926     0.285958    0.0807932    0.0127742
   -0.118988     0.448144    -0.434472     0.290683    0.0536125     0.220666     0.405485     0.653926    0.0013023     0.229293     0.153927     0.194736     0.257617    -0.653255     0.174369   0.00789172   0.00268854   -0.0216325     0.237952    -0.238597     0.662006    0.0965352     0.378325   -0.0992057    -0.449437     0.720742    -0.242995     -0.18915     0.145456    -0.202311     0.715731    -0.772897
    0.131781     0.184601    -0.132723    -0.543041    0.0590168    -0.169383   0.00429418    -0.105305    -0.576226   -0.0915899    -0.221222    -0.934849    -0.439755     0.124889     0.247403     0.504879    -0.513175   -0.0706115     0.375152    -0.609161     -0.42832    -0.906352     0.527384     0.164869    -0.902875     0.149198      -0.1897   -0.0733402     -0.33376    -0.498081   0.00753731     0.624659
   -0.195309   -0.0224239     0.325367    0.0374114     0.644436     0.902136   -0.0650608     0.189751     0.228569    -0.490861     -0.64038    -0.389143     0.708284    -0.147846    -0.396217    -0.336644    0.0891226     0.139127      0.27762    -0.156242     0.360181    -0.101644     0.505605     0.382612    0.0857384     0.119527     0.707845    -0.137674    0.0929313    -0.324533     0.277362     0.425912
    0.491047    -0.192299    0.0510244     -0.52667     0.146351     0.137015    -0.302117    -0.230483     0.218892    -0.149069    -0.259342    -0.385934     0.090986      0.29929     0.339691      0.37849    -0.415696  -0.00687667     0.788288    -0.171734     0.701521     0.308562    -0.326014   -0.0415927      0.39558     0.353396    -0.210218   -0.0722491     0.255228    -0.211911    -0.709585     0.300005
   -0.795829     0.552305   -0.0475473     0.149646      0.36558    -0.696285     0.447924    -0.543546     0.210726   -0.0843751     0.643503     -0.40436     0.499172    -0.157052  -0.00667206     0.376339    -0.601124     0.186769     0.824434     -0.06984    0.0157337     0.202507     0.362581    -0.220234     0.609258     0.779912       1.2122    -0.213842     0.272265     0.142712    -0.445225    -0.442845
   -0.243416     0.323589   -0.0703973   -0.0930734     0.574965     0.113864    -0.280302    -0.178061    -0.261311    0.0646362    -0.446623    0.0199459     0.174821     0.468561   0.00897139    -0.121308     0.104541    -0.268162    -0.214859     0.202868    -0.161451      0.50145    -0.435941     0.367829      0.43515      0.66614     0.253549   -0.0337827     0.366387    -0.318829    -0.724167    -0.233594
   -0.393678    -0.240201     0.164382    -0.116382     0.797608   -0.0513145    -0.266859    -0.531212    -0.148979    -0.258362    -0.389561     0.301021     0.469211    -0.232909     0.384738     0.309148   0.00296394  -0.00123383     0.328156     0.351189    -0.106873   -0.0377295      -0.3272    -0.487491    -0.174816     0.542647     0.168321     0.641387    -0.181454   -0.0543696   -0.0531155   -0.0748751
   -0.405628    -0.436381   -0.0554065    -0.280343     0.468778     0.437419     0.882694     -0.62284     0.515506    -0.282643     0.072185   -0.0956474        0.272    -0.586026    -0.143014    -0.469985     0.450028     0.118142  -0.00826441    -0.401367     0.157268    -0.398175     0.363965   -0.0147654    -0.239066     0.752674     0.176423    -0.370798      0.22557     0.393809    -0.410531    -0.182723
    0.091096     0.230701     0.592297     0.259668      0.54349     0.464952     0.179269    0.0761974    -0.268714    -0.282781    -0.703813    -0.445503    -0.367696     0.154722     0.171066     -0.26076    -0.103015     0.508965     0.153242    -0.343398    -0.716623     0.528803     0.290203   -0.0394714    -0.188379     0.108714     0.283383    -0.538874    0.0323771    -0.147716    -0.165012     0.562963
   -0.740303     0.560081     0.251263     -0.27817     0.183238    0.0549764     0.154204     -0.17676   0.00189828    -0.072174     0.471485    -0.536136    -0.186853    -0.259726    -0.409658     0.525619   -0.0130066   -0.0322537     0.320651    -0.733635     0.124182    -0.210503      1.05836   0.00851159     0.101035     0.704262      1.05335     0.200781     0.294847     0.234132     0.543665    -0.168839
     0.37342     0.131098     0.352409     -0.22799    -0.848773   -0.0848805     0.964324   -0.0702649     0.186612  -0.00742132     0.422247    -0.507714    -0.580721     0.097585    -0.651762    0.0262602    -0.465843     0.128842    0.0668303     -0.45304    -0.258925    -0.801346     0.160027     0.208007   -0.0305786    -0.341913     -0.38128   0.00485151    -0.939182    0.0916906     0.664317    -0.072578
    0.272512     0.297288    -0.312265     0.374967     0.181697   0.00384032    -0.281718      0.37549    -0.386601     0.651393 -0.000250294       1.0696     0.187241     0.628132    -0.552745    -0.120073   -0.0441908    -0.595643    -0.453079     0.177175    -0.226169     0.413845     -0.20017     0.270466     0.308734     0.331572    -0.215316     0.257214    0.0685849    -0.599472    -0.154522      0.10164
   -0.741944     0.379355     0.597046   -0.0458859     0.667977     0.700738    -0.116948    -0.151196    -0.288032    -0.321663    -0.150061    -0.563365   -0.0832462    -0.431331   -0.0582627     0.341051    -0.133137    -0.339513     0.109289    -0.698253     0.337136   -0.0189444     0.415215     0.132473    -0.312867     0.171293     0.461499    -0.111773   -0.0410224    -0.711453    -0.322896    -0.293496
   0.0729968    -0.198592    -0.334049    -0.226514     0.132684     0.120465    -0.436755    -0.552696     0.351227    -0.234395     0.352438   -0.0860406     -0.52622    -0.688757      0.64665     0.450593    -0.189967     0.223421     0.292706    -0.327016    -0.198357    0.0643885    -0.204415     0.283831     0.290981      1.44049     0.295632     0.565238    -0.154165    -0.225687     0.401996    -0.454199
    0.117443    0.0341626    -0.264653    -0.154856     0.495706     0.133071    -0.405693  -0.00525438     0.356531     0.650233    -0.272553     0.101785     -0.18366     0.262218     0.030995     0.138977    0.0392222   -0.0564985     0.461261    -0.250642   -0.0954141   -0.0450241     0.129691    -0.191323    0.0486897    -0.539783   -0.0937028   -0.0573327     0.148194    -0.131438     -0.36037     0.421432
   -0.538352   0.00772987    -0.808222     0.461371     0.195135    0.0725539    -0.950705      0.40172   -0.0475601     0.144611     0.018212     0.432487     0.164598     0.157115    0.0276945    -0.358597    0.0551412    -0.305072     0.118962   -0.0361131     0.300857     0.206214    0.0145708     0.153556    -0.438454    -0.253212     0.105353    0.0174393    -0.158445    -0.380426     0.129872     0.240984
    0.174815    -0.532161    -0.254591     0.895107     0.461935      0.26348    -0.455286    -0.439236    -0.230481   -0.0938241    -0.649745    -0.284671    -0.645497    -0.227259     0.421861     0.077951    0.0537748    -0.409339     0.222124    -0.330318    -0.192534     0.409138    -0.656552  -0.00740699    0.0647468     0.388255   -0.0775787     0.265196     0.109104    -0.555047     0.406877    -0.325346
   -0.401964    -0.165346    -0.417602     0.276835    -0.649083     0.155406    0.0249393     0.555622   0.00775255    -0.176397   -0.0202275   -0.0669753    0.0880943    -0.208484     0.142506   -0.0264272    0.0233412     0.127326    -0.202466    0.0379662    -0.507132    -0.224606     0.364078    -0.171658     0.530945    -0.136469     0.583797   -0.0174853    0.0345427     -0.14196     0.436851    -0.474287
   -0.408776     0.253595    -0.214212    -0.244632    0.0674294     0.313669     0.528793    -0.384945    0.0696389    -0.748446     0.240105    0.0984669    0.0838356    -0.243637     -0.33353    0.0720211    -0.356758    -0.159871     0.476616    -0.337361     0.234645    0.0851097     0.478564     0.295332       -0.142     0.773463     0.438546    0.0669277     -0.22427     0.515925     0.101425    -0.282806
     0.28401    -0.517218    -0.215154     0.939559     0.339927    0.0617365    -0.444907      0.28722     0.303158    -0.473139    -0.198225    -0.052156     0.148806    -0.241627      0.26702    0.0446212   0.00429583    0.0211611    -0.175537    -0.317243    -0.034059     0.338909    -0.221296     0.207609    -0.574988     0.334224    -0.397098     0.713671     0.773345    -0.598478   -0.0354172    -0.246339
   -0.533724     0.145218   -0.0788843     0.105232     0.680667     0.168674   0.00553904    0.0103387     -0.32702     -0.48139    -0.298958     0.400117  0.000731688    -0.516552    -0.403272    -0.194985    0.0257537     0.110195    0.0544384     0.465815    -0.344431     0.573763   -0.0819001   -0.0757684    -0.215308      1.24761  -0.00849171     0.186251     0.220683    -0.113965     0.151856    -0.313722
    0.719502   -0.0978525     0.592334     0.148615     0.543794     0.414531     0.595995    -0.164705     0.280041     0.184925    -0.627888    -0.262242    -0.751477    -0.257389    0.0300003     0.222597    -0.277722    -0.310529    -0.212536    -0.114275    -0.311497    -0.157415   -0.0690939     0.434287     0.159536     0.951686    -0.048484    -0.153477     0.443938    -0.470186    -0.335072   0.00542492
   -0.159342    0.0619169    -0.649879    0.0401055     -0.47374     0.382123     0.053763    -0.436269     0.406374    -0.692886    -0.859789     0.199031     0.274641     0.370211    0.0821645    -0.515367     0.676339    -0.245094     0.467427    -0.261145     0.851439    -0.595356    -0.482402    -0.990657    -0.233408    -0.254889    -0.214312    -0.323754     0.173679    -0.240735    -0.326116    -0.535036
   -0.470163     0.542311     0.205016     0.655807     0.865766    0.0957266    -0.763213    -0.536811  0.000322689    -0.697041    -0.356545     0.154898     0.157817    -0.606745     0.507963    0.0329692     0.174746    -0.461341     0.950088   -0.0343279    -0.283454     0.262034    -0.595901     0.465402   -0.0689322      1.55658     0.286154     0.215546     0.111665    0.0765398    -0.282616    -0.199466
    0.436954     0.113409     0.348353    -0.623428   -0.0569027   -0.0591643     0.490623   -0.0795107     0.361794    -0.141073    -0.168163    -0.225008    -0.200666      0.61289   -0.0667989     0.168226    -0.733393    -0.362558      0.28018    -0.925579     0.312727     -0.39675     0.478786     -1.25779     0.261522     -1.15804     0.175601    -0.125466    -0.537458   -0.0464545    -0.323963    -0.378328
    0.329132    -0.133196     0.763065     0.312304     0.375298      0.09068    -0.223409     0.088227    0.0336298    0.0220304    -0.087906    -0.787392   -0.0153099    -0.137658    -0.229024     0.136043    -0.123369     0.147591     0.158059   -0.0605152     0.120675     0.784739     0.225667     0.234852    -0.187702     0.362158     0.556322     0.490815     0.224204     -0.40701    -0.501009    0.0154725
    0.311397     0.566766    -0.137572    -0.343983     0.400847    -0.052714    -0.519408     0.383372     0.182801     0.108563    -0.467366     0.215094  -0.00745328    -0.654941   -0.0947957     0.224974     0.191014    -0.421122     0.401981   -0.0556378    -0.390627    0.0187578     0.198929  0.000819385    -0.176127      1.12157     0.137529     0.323023     0.276108     0.207946   -0.0696122    -0.310333
   -0.663115    -0.115617    -0.111154     0.374211    -0.120692    -0.250188    0.0578302     0.225081    0.0682998   -0.0602544    -0.371739    -0.134179     0.193645   -0.0908192    -0.518958    -0.408709     0.595986     0.185735    -0.898847    -0.371653    -0.805408      0.23673   -0.0532135     0.066516     0.425885    -0.381809     0.604164     -0.19499     0.116585     0.108638     0.127582     0.149619
   -0.663976     0.327403    -0.111129   -0.0380925     0.574346    -0.210042     0.200656     -0.52395     0.135115    -0.741224     0.139581    -0.264448     -0.24106     0.342693    -0.297858    -0.342848     0.543666   -0.0880269   -0.0123861     0.259538     -0.75995     0.278455     0.519339   -0.0996356     0.267587     0.364833     0.311011    -0.563154     0.468515    0.0563943    -0.250873    0.0693254
    0.042371    -0.532463     0.170377      -0.2254     0.589167     0.271229     -0.24471    -0.229755    -0.114415   -0.0791954     0.338333    -0.349544      -0.4088   -0.0565749    0.0678973     0.108112    -0.511855    -0.101282     0.104447   -0.0113427    -0.362553    -0.169264    -0.306733     0.663425  -0.00146249     0.850954    -0.356143     0.605116     0.275405    -0.105148   -0.0700956    -0.174981
  -0.0609499    -0.413695   -0.0995853     0.657701    -0.207537    -0.118996     0.269427    -0.222325     -0.46472     -0.44199    -0.554373    -0.150499    -0.509866    -0.630671    0.0893336    -0.713964    -0.234063     -0.15658    0.0136612   -0.0185872     0.136826     0.376869    -0.342651    -0.140372     -0.53285     0.799234    -0.294144    0.0407534  -0.00353428    -0.236772    0.0506329   -0.0259789
