 -0.0419003   -0.150478   -0.675993    0.599757    0.382151    0.698886   -0.676573   -0.661397  -0.0296719  -0.0542396    0.898065   -0.510163     1.19487      -0.391    0.888489 -0.00490311    0.242545    0.233622    0.556278   -0.719491   -0.588979    0.883712     1.35955   -0.565259   -0.355765   -0.645875    0.036634    0.443923    -1.37567    0.165104    0.308061  -0.0691743
   0.517223    0.624012    0.217497   -0.527397   -0.182109    0.228851   -0.442995   -0.234584   -0.281156   -0.353761   -0.440474     1.23569   0.0738916  -0.0814388    0.845717   -0.868412    0.160614   -0.489091   -0.584083   -0.287384    0.287447    0.220327    -0.68641   -0.210805   -0.329053    0.295439   -0.204493    0.326212    0.633329     0.57376   -0.460161    0.744295
   0.472062   -0.236372    -1.01914     1.15328    -0.59785   -0.650758    0.466774   -0.161307    -0.74912   -0.147541   -0.368042    0.233988    0.273264  -0.0759254    0.503793    -1.45438    0.470182    0.039095    -1.17095   -0.740886     0.18123     0.05147   -0.529997    -0.17603     1.46184   0.0162827   -0.203359    0.343679   -0.473787    0.345261    0.567063    0.363945
   -0.44315     0.18937   -0.696092    -1.16061    0.773549   -0.355498   -0.265875    0.657547    0.432051    0.614557   -0.623669    0.110853   -0.132561    0.360536  -0.0849429   0.0886938    -1.24538    0.671851   -0.291913    0.647332   -0.369788  -0.0750648   -0.276007   -0.705812    0.920049   -0.643337   -0.561161    0.831588    -0.87491   -0.598381   -0.590541   -0.501877
  -0.658318    0.273756   -0.388016     1.39106   -0.364188   0.0194293   -0.401335   -0.299462   0.0578173   -0.540905    0.533841     -1.0286    0.435555   -0.921678   0.0128691    0.525763   -0.222887    0.211959     -1.0122   0.0154548    0.505305   -0.110877    0.823374   -0.117571     1.07056   -0.878296   -0.406092    0.801113    -0.21338   -0.146814    0.201703    0.018614
   -0.19551   -0.855992   0.0190411    0.172388    0.403886   -0.103345   -0.152082    0.163596    0.266597    0.217965    0.142843   -0.401182    0.400426   -0.187651    0.417396   0.0124335      1.5666     -0.6868    0.200788    0.161386    0.187449   -0.240681   -0.128584    0.912346    -0.27447   -0.648365    0.529248    -1.47762    0.371612   -0.785383    0.133449   -0.708005
   0.148722   -0.649653   -0.529269   -0.562921    0.078255    0.317235     1.78677    0.384131   -0.700902    0.813564    0.201773    0.511957   -0.123802    0.562651    0.313545   -0.781881   -0.179126    0.630979   0.0322873    0.264686   -0.449869    0.512657  -0.0557935     0.20385    0.747741     1.44628    0.887695     0.62349   -0.422001   -0.323187   -0.126095   -0.656426
   0.270053   -0.709676   -0.930924   -0.633931     0.81609   -0.913556    0.634052   -0.180062    0.253362    0.560117     1.05522   -0.948804    0.111448   -0.913826   -0.150309    -0.12744    -0.50868   -0.288593     1.02057   -0.638258   0.0821415      0.9671    0.190568   -0.317136    0.448095     -1.3758   -0.301326    -0.47003   -0.934399    0.209271   -0.209829   -0.947872
   0.184023    0.112531   -0.866855    -1.48971    -0.10025    0.106374    0.796702    0.645455   -0.475512    0.556623   -0.205373    0.251524    -1.24127    0.136254   -0.103281  -0.0276208    -1.47847    0.850386     0.71124    0.684063   -0.547825    0.544044    0.301753   -0.248156     0.29246    0.478385   0.0427215    0.164251   -0.910716   -0.479089   -0.611208   -0.375942
  -0.615131    0.792445   -0.903327   0.0767847   0.0169225   -0.225404     0.05173   -0.227833     1.53297  -0.0665101  -0.0458909     -0.7013    0.122585   -0.304318  -0.0367564    -1.18701   -0.468603    0.274309    -1.04535    0.275666   0.0228091    0.702458   -0.165709   -0.615035   0.0896707    -1.28764   -0.910927  0.00883835   -0.139427    -0.73314    0.940457   -0.936326
  -0.224401   0.0694261    -0.48029    -1.38274    0.159825   -0.231483    -1.22685    0.232625    0.257381    0.145624   -0.495626    0.124738  -0.0148561   -0.226304    0.692096   0.0515392   -0.511204      -0.338   -0.224012   -0.317851   -0.193444    0.216339    0.797112    -0.48111   -0.663641    0.510086   -0.683283    0.340676   -0.190732  -0.0692382   -0.405274   0.0289701
   0.252676    -0.40461   -0.662187    0.511114  -0.0546052    -1.08514   -0.440318    0.392075   -0.374138    0.400957   -0.661479   -0.138033     0.30616    0.239743     0.44791   0.0669544   -0.120895   -0.158316    -1.15123   -0.550378    0.156432   -0.612948    0.086011    0.265859    0.564242     0.35612   -0.550334    0.336225   -0.408538    0.331419   -0.935835   0.0249428
   0.479027 1.75696e-05    0.383782    0.982676   -0.160136    0.876741    0.703936   -0.233858    0.764479   -0.219686    0.976976   -0.436505    0.666412   -0.231548   -0.884541   -0.386659    0.147061    0.512686   -0.564204     0.47517    0.880323   -0.373797   -0.468934    0.180283   -0.374003    0.738317  -0.0807049    0.194516  -0.0779225   -0.159824   0.0776296   -0.817424
  -0.903139    0.269336  -0.0953064   -0.159054   -0.228759    0.681447    -1.05411   -0.158859    0.206413    -1.04386    0.985265    0.118159    0.634281    -0.53362   0.0882521    -0.57501    0.653117   -0.212312    0.671198    -1.21186    0.557174     1.04873   -0.622061   0.0745361    0.149565   -0.917558   0.0938594   -0.239408    0.252141    0.680935    0.809363     1.01946
     -0.339     0.42087    0.358024    0.255092   -0.261046   0.0637338    -0.17628   0.0461464 -0.00208629  -0.0356069  -0.0964788   0.0751798     0.41318   -0.134223   0.0554779    -0.18078   0.0125565   -0.110625   -0.268316   0.0429018  -0.0972413   -0.254315   0.0547654  -0.0300092   -0.209056    0.180417   -0.010072    0.162927    0.139172 -0.00821561    0.324047    0.263013
  -0.799298   -0.539583   -0.578973   -0.452309   -0.183942    0.734243     -1.4119   -0.292106     1.15513   -0.346016    0.520207  -0.0123493    0.647281   -0.107707   0.0225414   0.0287448   0.0637142  -0.0150984    0.942054   -0.686362    0.257065    0.370675    0.101206   0.0675277   0.0312608   -0.653814  -0.0124537  -0.0606995   -0.857568    0.443434    0.636501   0.0806553
   0.472266   0.0454716   -0.283135   -0.560346   0.0102822   -0.322109  -0.0746543    0.156598   0.0853615   -0.166098    0.225421   0.0403319    -1.01112   -0.403273    0.189637   0.0948494   -0.105121  -0.0421559    0.396752   0.0582062  -0.0322013 -0.00126152   -0.630671    0.277006   0.0233274   0.0869792    0.266447   -0.215661    0.411779   0.0209983   -0.172335   -0.267554
 -0.0190597   -0.249384    0.614437    0.235633    0.119263    0.457351   0.0445713    -0.32104    0.680554    0.738013    0.311763    0.171567    0.604317    0.159478    0.323195    0.298552  -0.0781738   0.0139356   -0.152663    0.563479    0.196562   -0.254893    0.252214     0.15953   0.0407363    0.626749    0.176386    0.977313    0.188036    0.458023  -0.0370049   0.0333994
    0.30322   -0.121733    0.489666   -0.687287    0.355407  -0.0530528     1.26356   -0.187982   -0.232049     1.46301    0.692336    0.739111      1.2712    0.749766    0.710368    -1.26237     -0.3229    0.409346    0.276501     1.03751   -0.116603    0.272668   -0.663854   0.0337104 -0.00106273    0.787361   -0.419824    0.995719  -0.0358982     0.18624   -0.839287  -0.0038253
  -0.194329     1.14057    0.277956   -0.619913    -1.37347     1.17494   -0.881345     0.55674   -0.127395    -1.28944   -0.385893     1.16597   -0.431924   -0.315403    0.415747    0.112035    0.116741    0.264072    0.310587    0.171361  -0.0963165    0.097578   -0.439672  -0.0610608    -1.56079   -0.110669     0.44112   -0.544626     1.09841    -0.36951    0.592638     1.25276
  -0.361504    -1.04541     0.31406     1.23109  -0.0469508    0.669311   -0.345523   -0.164592     0.44003    -1.06727  -0.0230324    0.267289     1.36842    0.201225     1.39584   -0.590928     1.95621   0.0130954     0.39193   -0.324475   -0.265109   -0.146332   -0.958095    0.477447    0.311297   0.0942608     1.10192    -0.24484     0.72657    0.334059     0.99891    0.967423
   0.145975    -0.32348    0.847113    -1.42824    0.786234   -0.290146    0.892638   -0.103866    -1.24829    0.492549    0.262384   -0.428143  -0.0119225    0.871915   -0.705296    0.191925     1.08831    -0.37835    0.686567   -0.180044    -1.37876     0.47277    0.916455   0.0833641    -1.92223    -1.17033     1.41781   -0.545323      1.6603   -0.141113   -0.577099   -0.253234
  -0.668285    0.208247  -0.0622461   0.0409944    -0.42526     1.38595   -0.374999   -0.208498     1.20091    -1.49341    0.579123     0.54983     0.72311   -0.427218    0.305137  -0.0319895   -0.318006   0.0229228    0.592845    0.269492   -0.418816   -0.135137   -0.370695   -0.841581   -0.303329    0.185986   -0.190295    0.788961   -0.648259    0.290855    0.279891    0.938017
  0.0528692   -0.172682    0.465608     0.17263    -0.80865    0.453942    0.269475   -0.182624  -0.0325958   0.0433826    -0.15946    0.557021    0.576052    0.467402     0.79158   -0.332725    0.332787    0.571506    0.249885    0.433577   -0.390258   -0.328848      0.4267    0.194159   -0.146705    0.259326    0.689038  -0.0223868   0.0604597   -0.165032   -0.260135     0.33585
   0.863589   0.0870855    0.115566   -0.738985    0.165654   -0.186062    0.697894   -0.323829   -0.365546    0.844362   -0.188887    0.883424   -0.355058    0.415744  -0.0219538    0.181594   -0.656662   -0.219719    0.736722    0.311791   -0.383697    0.391264    0.075505   -0.349325    -1.31473     0.34172   -0.220641   -0.547206    0.292337   -0.495761  -0.0477229   0.0318265
  -0.200789    0.235346    0.280609    0.604875   -0.229679    0.128516    0.105526   -0.272402    0.860497    0.085356    0.654865    0.358359    0.381305   -0.303273    0.227061   -0.455345    0.213354    0.219853    0.279354   -0.303188    0.104512  -0.0334528   -0.335582   0.0385662    0.226294    0.257749  0.00374069    0.262574   -0.226938    0.478757    0.613565    0.107377
   0.322328    0.428564    0.465903   -0.784497    0.349583    0.345886    0.466848   -0.753313    0.363046    0.237926   -0.177175    0.471532   -0.786967    0.611777   -0.901034   0.0244294   -0.372207   -0.712345    0.194314     0.89549   0.0390784  -0.0849954   -0.056562   -0.555013   -0.741115    -1.10873   -0.383094   -0.783766   0.0547014   -0.482453   0.0716408   -0.225895
  -0.220967    0.238659    0.384663    0.105788    0.137658   -0.241405    0.293913    0.150576    0.486896  -0.0894599    0.191464   -0.033898    0.307836   -0.153562  -0.0850723   -0.335875   -0.169187   0.0585593   -0.134376  0.00478395    0.569578   -0.155324   -0.621365  -0.0829954    -0.13623  -0.0997933   -0.083924  -0.0302674    0.368362   0.0346765  -0.0248494   -0.179653
   0.475686    0.527459   0.0383106    0.665796   0.0597491   0.0258451  -0.0369278   -0.106391  -0.0363315    -0.29433   0.0364909    0.748304   -0.255539   0.0064938   -0.363345    0.467452    0.439764   -0.359471   -0.562444    0.530017    0.536643   -0.815194   -0.205553    0.368496    -0.33947   -0.338937     0.62658   -0.488757    0.425263   -0.325478   -0.301852   -0.617216
   0.183165   -0.130816   -0.109992   -0.100376    0.632828   -0.277814    0.792826   0.0635173   -0.719849    0.514235    -1.26007    0.344159  -0.0190598     0.85691 -0.00270915   -0.924091    -0.15095   0.0556757   -0.599855    0.262859    0.194994   -0.186007    0.292259   -0.305093    0.736491    0.617631   -0.387928   -0.159708   -0.720002   -0.240193   -0.394805   -0.270907
   0.448232    0.152131   -0.169912    -1.13571    0.160578     0.29875   -0.263091     0.11737    0.444641     1.34488     0.40832   0.0873047    0.133559   -0.168828   -0.625469    0.180133   -0.992231   -0.101262    0.327507    0.532684    0.327858     1.02698   -0.433281   -0.193051   -0.749976    0.675458    -1.46253   0.0114714     0.43021   -0.252249 -0.00131286   -0.352357
    0.13591   -0.115513    -0.12879   -0.101275   -0.255724   -0.109257     0.20038  -0.0962707  -0.0202406    0.286549    0.111022    0.225429   -0.153842  -0.0366498    0.384943   -0.734058    0.182044   -0.262925    0.766134   -0.322899    -0.16034     0.18961   -0.281737    0.112381     0.17828    0.218632 -0.00727879    -0.67562   -0.410812   -0.204097  -0.0509528  0.00952081
