   -0.110743     0.298438     -0.14336     0.325063   -0.0139078      0.11183     0.135171     0.303417     0.111127    -0.138974     -0.47433     -0.05324    0.0716584     0.246242    -0.202992     0.227426    -0.218611     0.222538     -0.44771     0.230201   -0.0353233    -0.178515     0.254395 -1.75287e-05    -0.115018     0.237946    0.0869222   -0.0224594    -0.186053    -0.296502     -0.10746    0.0354561
   -0.226613     0.177325    -0.203772    -0.626364    -0.181169     0.287834   0.00441542   -0.0732363    -0.197285     0.248872     0.155292     0.461084      -0.3851     0.278031     0.240503    -0.189394   -0.0449602     0.211122     0.118699     0.667278    -0.226452     0.109008    0.0257431    -0.233424     0.301706     0.966388    0.0324481    0.0893356    -0.563383    -0.295966    -0.212155    -0.122139
    0.312963   -0.0222197    -0.542846     0.282752     0.259872    -0.400417    -0.296865      0.16266    -0.024034     0.133488    -0.540639    -0.562191    -0.365262    -0.109646   -0.0731962    -0.239719   -0.0199958    -0.137616     0.145073    0.0393011   -0.0730269   -0.0599394     0.264797   -0.0921061     0.451948    0.0502614    -0.269208    -0.533366    -0.600666      0.23029    -0.460958      0.02114
    0.301656     0.195262    0.0668965    -0.158837    0.0232655    0.0524229     0.331849    0.0623721    -0.447543    -0.180423   -0.0724304       0.1444    -0.214159    -0.301936     0.494808    -0.232463     0.383075    -0.344565    0.0377701     0.409472    -0.189783    -0.412768    -0.263643     0.102182     0.272518   -0.0589048    0.0866771     0.122779     0.152672    -0.477949     0.408619    0.0869809
  -0.0197642   -0.0612603    -0.300117    -0.577433    -0.418833    0.0158497     0.101079     0.429649    -0.358669    -0.372415    -0.182925    -0.129944   -0.0612885     0.182763     0.595709    -0.116153    -0.420002     0.381409    -0.303743    -0.238621    0.0417144      0.32242     0.610846   -0.0646126    -0.350039    0.0149188     0.292005     0.112956    -0.588416    -0.178438     0.277725   -0.0783514
  -0.0914274      0.12888   -0.0738121    -0.480307    0.0358617     0.136956     0.222415     0.135777    -0.201265    0.0499114     0.103842    -0.312832    -0.111897     0.464403    -0.285872    0.0162745     0.430695    -0.285717   -0.0678781    -0.170584    -0.194924     0.379767    -0.328008    -0.136975     0.188709 -0.000182117    -0.251008       0.2794     0.178636    -0.169054     0.220829  -0.00634634
    0.242353     0.413303    -0.350543   -0.0751117     0.332433   -0.0672775     0.154889     0.108593   -0.0843369     0.310154    -0.241887   -0.0232093    0.0851451   -0.0143296  -0.00979243     0.307291     0.137277     0.221573    -0.430485     0.442804    -0.196359    -0.404819   -0.0278166   -0.0899773     0.231919   -0.0924223    0.0250805     0.129231     0.192424     0.152853    -0.296665    -0.383897
   0.0680082   -0.0752306   -0.0570216     0.249226    -0.252403    0.0904127   0.00789035     0.338579    -0.835512     0.154754    0.0644324    -0.258009    -0.372724      0.32764   -0.0561923     0.115853     0.422452     0.114013     -0.13469   -0.0853677    0.0816419     0.519554     0.242389    -0.150959    0.0497588     0.157743     0.349142    -0.221399    0.0528621    -0.287577     0.513969     0.187458
   -0.192782      0.26699   -0.0102527     0.106687    0.0966505   -0.0210698     -0.31356     0.535551     0.028089     0.270979     0.372247    -0.204614   -0.0204967     0.123818     0.117824     0.150938    -0.461342   -0.0627808   -0.0534651     0.292324    -0.179226    -0.243729     0.117709    -0.170139     0.448301     0.124476     -0.50252     0.518878    -0.383678    -0.060206    -0.191726   -0.0560446
   -0.298622    0.0122064     0.226423    -0.245825     0.348562     0.308261   -0.0315757   -0.0685567    -0.121684    -0.406057   -0.0172364     0.149417     0.399224     0.563928     0.464655   -0.0610447     0.343197     0.630933    0.0786221     0.277927    -0.262812    0.0977115     0.451765     0.123673     0.200183    -0.404237     0.548339     0.445688    -0.575289     0.113775     0.179613    -0.238583
    0.275879    0.0207563    -0.141168  -0.00369933     0.310926     -0.13157    0.0170869     0.197088   -0.0153193    -0.273874     0.172052    -0.241415   -0.0272315    0.0780578    -0.216551     0.323835     0.472231    -0.386776     0.393495    0.0184713     0.140445       0.1096     0.320205     0.112359    0.0382115    -0.552766     0.135551    -0.262328    0.0581146     -0.41796    -0.139041    -0.202025
    -0.26938    -0.114504    -0.058358    -0.719406     0.106906    -0.411052    0.0926216   -0.0124837    -0.578522      0.27907     0.200148    -0.349382   -0.0849118    -0.120339    -0.132078    0.0743779    0.0852296    -0.325413     0.772578    -0.102167    -0.228586     0.015911     0.449403      0.32169     0.022394    -0.140966     0.296376    -0.150802    -0.150881    -0.287553    -0.168987    -0.207341
   -0.506632    -0.949907    -0.509894    -0.178751     0.549733     0.330455     0.407388    -0.169626    0.0298683  -0.00380909     0.409081    -0.469912     0.426807  -0.00297663      0.41164   -0.0209422     0.585797    0.0887732     0.422518   -0.0773079     -0.55819    0.0264446      0.56757   -0.0562469     0.641865    -0.125763   -0.0541065    -0.075546    -0.335326    -0.100646    0.0498385    -0.532298
    0.162426     0.446135    -0.119311    0.0680869    -0.138486      0.69034    -0.716587    -0.301092     0.130072    -0.174435   -0.0913821      0.25218     0.243985    0.0607229     0.202988     0.412682   -0.0154662    -0.114772    0.0554287    -0.354922     0.173502     0.402997     0.280584   -0.0136797     0.019025    -0.341458     0.129325    0.0940791    -0.630741    -0.167256     0.367507    0.0172325
    0.435313    -0.123609    -0.183408    -0.611179  -0.00215346     0.343307    0.0373831    -0.038816    -0.524335     0.313229     0.286356     0.516097    -0.707123     0.124478    0.0682274    0.0928329    -0.267033     0.137813     0.778059     0.691483    -0.520897     0.436852    -0.413797     0.184227    0.0971323    -0.181136     0.151112     0.129812     0.123345   -0.0634405    -0.374753    -0.370631
   0.0219294    -0.164703     0.236009     0.197756     0.142656    -0.360512     0.367595   -0.0700101    -0.291962   -0.0404272    0.0156348    -0.293324     0.214373     0.134844    -0.196208     -0.05492   -0.0592633     0.448901     0.165283   -0.0911504    -0.230711    0.0905944    0.0425017    -0.433474    0.0501221   -0.0616816     -0.13702   -0.0609516     0.176406     0.232452   -0.0255057    -0.120426
   0.0786855   -0.0239316     -0.42785     0.437222    -0.139488     0.272315    -0.538969     0.262637     0.102953    -0.506683    -0.325966    -0.199932     0.298195     0.321631     0.413985    -0.269153   -0.0813837     0.244544    -0.114725    -0.505101      0.42866    0.0886782      0.25189    -0.292796     0.482202      0.17301    -0.232582     0.317185    -0.961392     0.196882     0.163794   -0.0974876
  -0.0388109     0.278278    -0.272057     0.165854    -0.166379  -0.00855161     0.738315    -0.373637   -0.0666996     0.409138   -0.0733285      0.20716    -0.144592   -0.0138852   -0.0156824    -0.246527     0.316954    -0.231562     0.257461    -0.134149    -0.329362    -0.185639      0.78186     0.149224    0.0241297     0.160646     0.163497     0.379553    -0.269889    -0.182157    0.0917835    -0.571055
   -0.294207     0.384877    -0.138144     0.235974    -0.188283   -0.0920624    -0.435454    0.0324472     0.221801     0.143724    -0.838911    -0.104426     0.239634     -0.22704     0.493449    0.0718194    0.0930253    -0.365442    -0.731981    -0.178776     0.304095   -0.0596747    0.0292049    0.0943939     0.380576  -0.00574244    -0.264407    -0.324844     -0.47334   -0.0936051     0.305476     0.168121
    0.377387     0.109043    -0.163023    0.0187278     0.387486     -0.14374    -0.275805     0.339172    -0.472265   -0.0996026     0.472729    -0.224967    -0.218333    -0.436614     0.126205    -0.173248     0.106374    -0.171734    -0.230756    0.0425965    -0.416895    0.0692523    -0.240983    -0.299946    -0.147043   -0.0195921    0.0286027     0.161557      0.28157    -0.123021   -0.0678971    -0.428188
    0.173962   -0.0496418    0.0756782     0.291001   -0.0477682     0.337267     0.672688    -0.273567     -1.05877    -0.164961    -0.234084     0.351471     0.252507  -0.00789325    -0.196134   -0.0779664     0.548704     0.295779     0.117737    -0.327799    -0.382477   -0.0990955     0.206848     0.164486     0.609329     0.340498    -0.171279     0.145483    -0.254247    -0.109541    -0.090474     0.133481
    0.684206    0.0758754   -0.0714213     0.463873     0.282319    -0.239888     0.255091   -0.0341162    -0.625652    -0.495378     0.321426    -0.169849     -0.10403    -0.412584   -0.0160002    -0.219428     0.614887   -0.0850808     0.263635    -0.372277    -0.323076    -0.371837    -0.220521     0.176775    -0.675601    -0.263063     0.245997    -0.980503     0.846328    -0.187442    -0.282652   -0.0726389
    0.763698    0.0508428     0.258626   -0.0362794   0.00756979    0.0368317    -0.298477    -0.205857     0.104066     0.493973   -0.0918793    -0.260669    -0.106079    0.0344038   -0.0271222     0.444997    -0.155349    0.0340623     0.494373     0.592856     0.409116    -0.177236     0.504369    0.0137961     0.167276     0.111546     0.246166    -0.554372    -0.172605    -0.312273    -0.511482     -0.15373
    0.488783     0.136532    -0.621439    -0.251048    -0.341908     -0.18666    -0.172133    -0.153958    -0.382768     0.269778    0.0870649    -0.314734    -0.194783    -0.235549     0.696472     0.132067    -0.244572     0.164802     0.204209     0.240293     0.128305   -0.0781655    0.0522728    -0.119202   -0.0216024    -0.928354     0.522457    -0.332774     -0.31864    -0.477031    -0.244606    -0.174377
   0.0937054    0.0404437    0.0798724     0.534925    -0.161925     0.106665    -0.540657     0.146743     0.229924     -0.34528     0.695466    -0.188814     0.345077    0.0125168    -0.301265    -0.137628    0.0397093   -0.0881833    -0.199678    -0.173631   0.00310053    0.0976255    -0.424144   -0.0396282     0.211844     0.264498    -0.404176     0.260807     0.886787   -0.0855468     0.122277     0.248878
    0.286834     -0.24783    -0.451511    -0.122323    -0.434814   -0.0562169    -0.184557      0.13505    -0.571445     0.226226    -0.303337   -0.0141635     0.341326    -0.753684     0.425683      -0.4614     0.185397    0.0681277     0.416128    -0.352601   -0.0546389    -0.256754    -0.206791  -0.00231651    -0.317041     0.437792     0.360267    -0.526455   -0.0597726    -0.191208    0.0938114     0.406016
    0.207391    0.0626665    0.0239721     0.541726    -0.275414     0.423797   -0.0235058   -0.0710291    -0.439889  0.000216549     0.451788    -0.168311     0.178518   -0.0317315    -0.123155    -0.181179     0.602492     0.133956     0.378584    -0.312071    -0.414865     0.273659    -0.101402     0.109164    0.0580733     0.285235   -0.0950768   -0.0699867     0.172309    0.0708757     0.616099     0.177523
   -0.169512    -0.290521    -0.127955     0.298293   -0.0390298     -0.42259     0.287153     -0.21169   -0.0235064    -0.239731     -0.15222    0.0921733  -0.00330226     0.650827    -0.135759   -0.0148264    -0.182642    -0.339378    -0.470047    0.0494114   -0.0960919    -0.529218    -0.170353    -0.135058     0.128269    -0.470447   -0.0203586    -0.334733    -0.027705     0.363987    -0.179931     0.227293
    0.153017     0.280016     0.104986     0.158376   -0.0522887     0.317233    -0.337628  -0.00170018     0.266938    -0.396487   -0.0430981     -0.43101    0.0762979     0.231474     0.169461    -0.329955    0.0669633     0.199532     -0.21873     0.188281      0.35473    0.0635053    0.0262744    0.0682752    0.0672858   -0.0393352    -0.218164    0.0931156   -0.0954812     0.184486     0.547355     0.162366
    0.358074     0.224712  -0.00950786    0.0848968    0.0466457    -0.125897     0.148282     0.188353    -0.906606    0.0973002    -0.411416     0.130509    0.0160677     0.112489    -0.160596    -0.225637    -0.302958     0.144912     0.214624    -0.279183    -0.169107     0.103864     -0.27888    -0.360584    -0.399379    -0.046364     -0.20714     -0.32603     0.215676   -0.0447886    0.0139006     0.277798
    0.481814     0.106024    -0.568694    -0.260067    -0.145552    0.0630846     0.123944     0.326363     0.108635      0.01954    0.0885586     0.491297     0.257528    -0.410855    0.0364351    0.0995343   -0.0987206     0.149851    -0.113251   -0.0177097     0.590415     0.582515    0.0597173    -0.168267    -0.466648     0.182596    0.0048399    -0.156812      0.23277   -0.0928268    0.0165019    -0.480603
 0.000369469    -0.144634    -0.344109    -0.393689   -0.0818485    -0.327842     0.473074    -0.296133    0.0212469     0.588551     0.144099     0.147711     0.165048    -0.115743     0.574195    -0.516543    -0.323497   -0.0448122   -0.0901173     0.316769     0.418561    -0.408062     0.371705    -0.363377     0.266933     0.109687     -0.22835     0.273911    0.0622623   -0.0960388    -0.126757    -0.218854
