 0.000205436   0.00264124  -0.00441522   0.00458368    0.0075621  -0.00246609   0.00544143  -0.00420215   0.00637852   0.00777623  -0.00317968  -0.00582325   0.00608695  -0.00332242  -0.00109114  -0.00581698  -0.00736748  -0.00124604  -0.00837577 -0.000583501   0.00254746   0.00278959  -0.00515322  -0.00273957   0.00102876   0.00462265   -0.0008624  -0.00682042   0.00494072  -0.00449344   0.00400089  -0.00485384
   0.0081478   0.00958567   0.00972984    0.0057099  -0.00288043   0.00517127  -0.00849225  -0.00650191    0.0029475  -0.00167194  -0.00232516 -0.000965554   0.00500564   0.00658371   0.00321746   0.00763816  -0.00466233   0.00484169  -0.00294534   0.00788513  -0.00236871   0.00190143  -0.00485445   0.00866005  -0.00347592   0.00428315  -0.00816038  -0.00853519   0.00978972   0.00584051  -0.00338903   0.00793752
  0.388208  -0.389703   0.262291   0.496041    0.28268  -0.165736   0.254532 -0.0658558    0.32847   0.347199   0.751301  -0.416037   0.199745   -0.43001   0.318112  0.0784675  -0.266811  -0.339784  0.0918898   0.481951   0.120171 -0.0669031  -0.177996  -0.036854 -0.0484373  -0.171424   0.179707  -0.122856  -0.569116  -0.148612  -0.276997  -0.599353
0.0357876 -0.815625  0.545231 -0.175764   0.81721 -0.338316 -0.160458 -0.573984   0.20928  0.441637  0.217912 -0.293654 -0.189585 -0.294014   0.42665  -0.61078 -0.253286 -0.148023 -0.193874 -0.115581  0.237559 0.0919996  0.234178  0.214783    0.3497  -0.80926 -0.861559 0.0594618 -0.415024  0.171566  0.107497 -0.213446
-0.0639262  -0.651788 -0.0358144    0.18932   0.725455 -0.0192667     0.3182   0.163867   0.539703   0.335646   0.438039  -0.697737 -0.0171135   -0.37549  0.0762936   0.164809   0.244735   -0.43389   0.225519  -0.459896   0.201146  -0.422987  0.0732281  0.0215766   0.293163  -0.225398   0.707868  -0.750068   -1.13678   0.696013   0.266526  -0.426496
 -0.135152  -0.272072  -0.102116  0.0855623    0.14942   -0.57945 9.3622e-05  -0.527753  -0.192705  0.0195191   0.530155   -0.61326  0.0610199  -0.653192 -0.0528375 0.00614387   0.598824   -0.67097 -0.0999423 -0.0413914   0.352183  0.0408855   0.389089   0.340915   0.298366  -0.528573   -0.46732  -0.540056  -0.364028  -0.277748  -0.147434  -0.884986
  0.500141  -0.552398   0.362284 -0.0338448    0.61458  -0.241017   0.172448  -0.186492  -0.394814 -0.0664781   0.151102  -0.295977    0.04129   0.576339   0.394338   0.626158   0.842408  -0.223883   0.428651 -0.0962142 -0.0455563   0.671906   0.245894   0.348242   0.197491  -0.811928  -0.449311  -0.816077  -0.151922  -0.573792  -0.760364  -0.541624
-0.412955 -0.354992 -0.885473  0.613782  0.408751 -0.637814  0.536024 -0.572331   0.55407 -0.151501  0.113914  0.205899     0.378 -0.389005 -0.236974  0.542541  0.191687 -0.124717 -0.351031  0.208565 -0.279628 -0.638166  0.164007 -0.537374  0.166439  -1.37783 -0.492468 -0.893153 -0.343773  0.235003 -0.118816 -0.450854
  -0.54262  -0.669881  -0.197361   0.626139   0.289833  -0.328924  -0.670621 -0.0755496   0.171837   -0.61795   0.721518   -0.49823   0.420291  -0.241824   0.208883   0.480212   0.545824   0.351877  -0.256519  -0.205707   0.325637  0.0457345 -0.0703348   -0.55851   0.263509  -0.944552  -0.229919   0.257713  -0.581846   0.261336 -0.0366982  -0.771088
  0.0145725   -0.422655 -0.00955186  -0.0652215    0.545602   -0.417305    0.582078  -0.0201135   -0.118199    0.563036    0.280403   -0.842776    0.334496   -0.474082    0.502898    0.124705  0.00601348  -0.0956903    0.451717   -0.521397    0.179854   -0.222306   0.0578358    -0.10466    0.235059  -0.0174071   -0.140693   -0.561535    -0.93259    0.232136    -0.11606   -0.290898
  0.356034    1.05509   0.390888   0.645786  -0.243566  -0.284745 -0.0396941  -0.348605   0.142744    0.26274  -0.528229   -0.46804  -0.703839   0.159271  -0.744216   0.713581  -0.289964  -0.688699 -0.0204935  -0.238031   0.452751  -0.067787   0.680031  -0.129715   -0.85981  -0.369057  -0.119156  -0.804877   0.448787  -0.262659 -0.0552906   0.110177
 -0.173624   0.246309  -0.302898  0.0552439  0.0991391 -0.0537114 -0.0610939 -0.0396496   0.143872   0.435364  -0.244356   0.281558   0.626572   0.125162   0.443586  -0.395979  -0.459626  0.0379244  -0.429087 -0.0865984 -0.0314789 -0.0379966   0.126909  -0.342252   0.570843   0.864155  -0.880913   0.790615  -0.924169   0.217496  -0.300519   0.159109
  0.469286  -0.577128   0.703398   0.954237   0.207532  -0.189745   0.645838  -0.102129  -0.263372   0.610675  -0.203148   0.269374   0.246304   0.917685 -0.0136026  -0.232596    0.94459 -0.0657185  -0.209294   0.404586  -0.121131  -0.654637  -0.285143   0.653329   0.832137   0.855157    0.81074   0.210802   0.618616   0.071909 -0.0665294  -0.433491
  -0.523014    0.119644   -0.177066     1.00641   -0.325919   0.0323457   -0.824714   0.0100276     0.56477   -0.882304   0.0977061   -0.364041    0.395558   -0.469777    0.161301   0.0900289    0.473861 -0.00576923   -0.506579   -0.469865     0.40389    -0.15096   -0.135792    0.128072    0.419566   -0.411583    0.151561   0.0579181    0.157864    0.293082    0.556627    0.302915
   -0.27038  -0.0320424    0.179958  -0.0541548  -0.0808087     1.01435    0.683207   -0.544287   -0.053238  -0.0162684    0.555136    0.267023    0.602964    0.558527   -0.148498   -0.908364    0.392472   0.0265926     0.75149  0.00268155   -0.020494    0.745066   -0.295677  -0.0381583   -0.146501    -0.41607    0.131498   -0.338852 -0.00660854   -0.161124     0.49679    0.339467
-0.00336253   -0.964047   -0.662006    0.486161     -0.4455    0.272988    0.304268  -0.0134825      0.1012    0.337044   -0.181305    0.299314  -0.0815442    0.168222   -0.689866    0.234036    0.144565   0.0182797   -0.206421   -0.203681   -0.192133   -0.413088   -0.508839  -0.0358936   -0.774378    0.884808   0.0286738   -0.795323   -0.267157   -0.492328     1.15298  -0.0608848
   0.827947    0.514837   0.0646204   -0.130401 -0.00944877    0.196876   -0.608003    0.206848   -0.348667    0.681089    0.339138     0.45827    0.362782   -0.355977    -0.90135    0.446529   -0.443535   -0.168098   -0.995483     0.87573    0.749462   0.0582136  -0.0943354   -0.259962   -0.685399   0.0187578    -1.14072    0.240295     1.13998   -0.341427   -0.031864   -0.846673
 0.0156423  -0.343952    1.07761  0.0608275   0.117461    0.78532   0.632135  -0.366433  -0.384777  -0.793754 -0.0914634   0.139586   0.299669   0.489252  -0.662351   0.746569   -0.25531   0.323676  -0.576728  0.0948712  -0.425192  -0.120751   0.539512  -0.611692  -0.919678   0.712924    0.63632    1.23605   0.774909    0.81489   0.252795   0.592636
   0.573135    0.251502    0.264444  -0.0449586   -0.889778    0.441528    0.174387  -0.0324254    0.689507   0.0183518   -0.334839     1.09626   -0.914556  -0.0267879      0.1641    0.229601    -1.38572    0.611884   0.0173158     1.35087    0.920562   0.0463592   -0.711134   0.0643736   -0.362757    0.754546   -0.158165    -0.16529   0.0849269   -0.100566 -0.00343892    0.429403
-0.624959  0.322192 -0.426021 -0.848722 -0.282587  0.975404 -0.229438  0.284073   1.17493  0.360678  0.665958 -0.199299 -0.199866 0.0250035  0.279311   1.06611 -0.690508  0.145288  0.173314   1.06964 -0.523206 -0.516743  0.608923 0.0742889 -0.480847 -0.379099  0.901761  0.870987  0.167552 -0.732906   0.27258 -0.596507
-0.0306465  -0.211624  -0.816898  -0.222468   0.394631  -0.303809    0.16912 -0.0888996  -0.318853   0.644587  -0.116297  -0.145661   0.111956   0.272684  0.0808112  -0.613074  -0.542688   0.163631   0.717213  -0.227737  0.0391381   0.447419   0.266942  -0.144156   0.303219   0.333168  -0.530452   0.390799   -0.53966  0.0898793  -0.179801 -0.0555815
 0.957725 -0.596895  0.220393 -0.235596  0.653063 -0.141103  0.166795 -0.121111  0.660917  0.817443  0.160608 -0.777829 0.0716723 -0.218748 0.0450474 -0.275211  0.623518 -0.572818 -0.106655  0.361762  0.459614  0.558445  0.548974  0.155304  0.227532 -0.500224 -0.538816 -0.596561 -0.466709 -0.298437 -0.467908   -1.7444
  0.279987  -0.789983   0.254094     0.1158 -0.0098212  -0.965856  0.0644341  -0.248637  -0.715084   0.114897   0.874427   -0.18339  -0.295186  -0.508646 -0.0283311  -0.187154   0.118042  -0.699252   0.494008   0.148785   0.546428   -0.28218   0.334712  -0.411987   0.147893  -0.574857  -0.047107  -0.186704  -0.864255  -0.170798   0.288639  -0.726411
 -0.431046  -0.486848  -0.533614  -0.644098   0.296999  -0.603502 -0.0696798  -0.399002   0.569576   0.256776   0.684881   -0.16711  -0.848648  0.0950932  -0.186558   0.685412   0.173017   0.145603  -0.121876   0.385288  -0.744631    0.40429    1.01497  -0.314746  0.0667191  -0.380726   0.138864   0.308435  -0.595138     0.2187  -0.122338  -0.467666
  0.320456  -0.766715  -0.094657    0.10506   0.607687  -0.334823   0.351991  -0.521029  -0.258032   0.444456   0.336663  -0.828357  0.0945712  -0.774566   0.228253  -0.237414 -0.0993412   0.133545   0.210823  -0.185245    0.64205  -0.323057   0.155182  0.0899614 -0.0747898  -0.376795   0.496934  -0.608934   -1.23633   0.427163   0.180038   -1.14459
  0.346122 -0.0882276   0.410594 0.00878258   0.823834   0.142711  -0.532143  -0.380018   0.653028  -0.264958   0.450792   -1.06773   -0.12521  -0.453786  -0.759383  -0.402583  -0.171825  0.0720657   0.259361    0.04979   0.243755  -0.094622  -0.367248  -0.268757   0.258373  -0.798653   0.430893  -0.379623  -0.832529  -0.153451  -0.547116  -0.390664
 0.0769552  -0.345483  -0.304149  -0.720321    0.46192  -0.111456   0.231075  -0.324869  -0.118992   0.137333  -0.850271   0.303878  -0.316533  -0.261621    1.20648   -1.09919   0.514664  -0.854487  -0.254823   -0.17842  -0.258502   0.323903  -0.252325  -0.113984  -0.411972   0.385588    0.27686  -0.214494   0.762392  -0.195647   0.462089 -0.0093752
 -0.414117  -0.330739   0.705117  -0.638615 -0.0454826   0.170806     -0.981 -0.0233739   0.413314  -0.215329   0.239918   0.552274   0.127322  -0.129609   0.108735    0.59169   0.210056  -0.484567    1.27938  -0.186599  -0.264144   0.325336  -0.352081   0.326829   -1.03039   0.217333 -0.0798304  -0.223012   0.581555   0.692134  -0.153188   0.798584
 -0.547802  -0.652506  -0.087903 -0.0840992   0.622575 -0.0644587   0.290531  0.0900601   0.472153   0.193638    0.26145  -0.269164   0.258965  -0.260132   0.638322   0.518998  0.0883748    0.40588   0.185608  -0.321379   0.588548   0.810563   0.342459   0.477143  -0.471874  -0.553562  -0.078844  -0.525612  -0.354028   0.115895  0.0340436  -0.940915
 -0.0809382   0.0998046  -0.0279435   -0.240004    0.648218    0.908377    0.200876    0.353375   -0.823746     -1.1041    -1.06291      1.0824   -0.476453    0.501214    0.170401    0.295432    0.441657   0.0998802      0.7986 -0.00675991   -0.255051   -0.234429    0.741977  -0.0461886    0.260752    0.398892    0.759216   -0.381064   -0.954572   -0.128277   -0.208438   -0.201642
  0.522934  0.0117181  -0.664231  -0.303055  -0.693444  0.0994688  -0.139051   0.213245   -1.84012   0.668204   0.243814   -0.02053 -0.0232956   0.161433   0.819221  -0.477045  -0.220396   0.361267  0.0191926  -0.835275 -0.0454878  0.0907868   0.316401   0.247191 -0.0196932 0.00335258    1.15216  -0.169576  0.0489349 0.00920985   0.029116   0.465961
   0.126517   -0.292453   -0.322797    0.322383     0.60925    0.207896    0.258104 -0.00629369   0.0378278    0.241006    0.689965   -0.343634    0.139628   -0.175431  -0.0829509 -0.00422982   -0.528091    0.131596    0.333147    -0.09573    0.280467   -0.474312  -0.0539229   0.0410624    0.249674    0.264796   -0.224601   -0.199329   -0.740945   0.0126058   -0.794383    -0.46438
 -0.744865  -0.611267  0.0512031  -0.550068  -0.582856   0.111852   0.156561   0.884001  -0.225292  -0.469599 -0.0840054   -0.68731  -0.432551    0.21105   -0.37246   -0.25526    0.26475   0.180188  -0.345454 -0.0881161   0.147152  -0.548563   0.291384   0.570453   0.159722     1.1286   0.165217  -0.261859    0.37475  -0.315846   -1.23365    0.41583
  0.166809  0.0623401   0.393319   -1.09208  -0.246142 -0.0644457    -1.0901  -0.146913   0.864302  -0.123012  -0.822473  -0.334881 0.00377436   0.661274 -0.0767001    -0.7439  -0.167485   0.600954   0.611824  -0.347768  -0.544352   0.775351 -0.0865052   -1.27384 0.00950096  -0.788834   0.188983   0.268969   0.329466   0.468231   0.129969  0.0701226
  0.650782   -0.82966 -0.0223575    1.26234  -0.587747   -0.20163    1.03289   0.506883  -0.874889  -0.504797   0.511932  -0.620626   0.493117  -0.471009   0.807929   0.487002   0.245747  -0.403574    1.29536   0.254265  -0.635951  -0.700657   -1.06449 -0.0793429   0.279252    0.40946  0.0850919  -0.304059  -0.107486 -0.0713668   0.119039   0.680396
   0.307667   -0.537503 -0.00630744   -0.185434    0.527718    0.322859    0.905226   -0.461418     0.41884    0.229374    0.434508    -0.53983   -0.178195   -0.217642   -0.250353   -0.176676    0.384769   0.0807338    0.502332   -0.295123    0.620715  -0.0415212    0.391829 -0.00146725    0.481407   -0.588949  -0.0909468   -0.178832   -0.506554    0.417716   0.0644351    -1.01234
 -0.363191   0.609221   0.264412  -0.719876  -0.775496  -0.738678   0.657793   0.416725  0.0279362  -0.275403   0.162612   0.623396   -1.18963 -0.0417662  -0.738245  -0.130046  -0.161257 -0.0255574  -0.786628 -0.0621891  -0.120981    0.80057  -0.191756    0.15121   0.173447    0.13782   0.576375   0.626145   0.348655 -0.0839318  -0.302881  -0.140787
   0.419311   -0.549189    0.379055   -0.268374    0.882519   -0.518185     0.29016   -0.232911    0.349732    0.296137    0.512523   -0.658151     0.43764   -0.624746  -0.0110126   -0.379314    0.710334   -0.155095    0.272568    0.295135    0.449822   -0.102453    0.156071    0.277673    0.425126  -0.0555821   0.0173779   -0.347642   -0.547319 -0.00641438  -0.0509544   -0.490283
    1.10652     1.02298   -0.624581    0.319291   -0.175617    0.200629    0.113519    0.139186    -0.44021   -0.654652     1.07353    0.381871    -1.15507   -0.350521    -0.55204   -0.280851   -0.292423    0.298972    0.539565   -0.797285   -0.421362    0.264568   -0.669434 -0.00409327    0.249569     1.52381   -0.169499    0.538733    0.671803    0.163213   -0.482546   0.0462491
   0.38561  -0.671603  0.0266188   0.415468   0.662359  -0.236194   0.487749  -0.426849  -0.203757   0.500411   0.617482  -0.800361   0.548865  -0.357374   0.706634  -0.785219   0.419552  0.0932914    0.29218   -0.15848   0.168625   0.452268   0.661825   0.355062  0.0194323 -0.0632797  0.0577805  -0.136128   -1.21147   0.130484   0.105567   -1.09521
   0.230638   -0.431238    0.142149  -0.0520641     0.54279   0.0393579     0.45113   -0.566733    -0.11328     1.01208    0.350683   -0.302261   0.0935601   -0.556696 0.000287683   -0.328703    0.288197   -0.114424   0.0584964   0.0174081    0.522759   -0.125431    0.888782    0.312593    0.104729   -0.362742   -0.122998   -0.535844  -0.0555054    0.340888  -0.0527698    -1.12582
 0.0748998  -0.145073  -0.113442 -0.0960431    0.65912   0.116168   0.542916   -0.19232   0.441056 -0.0229709   0.704027  -0.908551    0.12638  0.0545442   0.509381  0.0956331   0.627756  -0.480885    0.25149  -0.329506   0.180904  0.0594891    1.00216    0.60072  -0.384633  -0.340513   0.161536 -0.0500401    -0.4016   -0.17558   0.380608   -1.02909
 -0.187929   0.648446   0.296036  0.0971276    0.48649  -0.770949   0.323886   0.157036   -0.14006  -0.375104   0.083344   0.620177   0.505156   0.434755   0.169974  -0.375922   0.153936   0.384451  -0.841447   0.228672   -0.28936   -1.15629  -0.562998  0.0783945  -0.897511   -1.09658 -0.0201933  -0.550751   0.338711 -0.0215393    -1.0002 0.00812739
   0.535915   -0.247453    0.134922   0.0815615    0.240397    0.099583    0.451781     0.13168    0.381152     0.11321 -0.00133259   -0.183606    0.186741   -0.695164    -0.66381  -0.0136042    0.731552   -0.107024   -0.194126    -0.55196     0.17598    0.542458     0.46992    0.796626    0.150396   -0.198908    0.427993    -0.42591   -0.636165   -0.166326   -0.418994    -1.20863
  0.311116   0.160641  0.0191597  -0.557108  -0.245201   0.288594  -0.797803  -0.532292 -0.0358204   0.174876  -0.243387  -0.272075  -0.490258  -0.162109  -0.417818  -0.217134  -0.195397   -0.16734  -0.440179  0.0956999    0.30986   0.273825   0.821142  -0.212676  -0.627138   -0.50313   0.134421  -0.765112  -0.359519 -0.0518591   0.476459  -0.572403
  0.321115  -0.338418  -0.112263  -0.524487 -0.0896099  -0.404419   0.142814   0.048877   0.173043   0.251862   0.126688  -0.267006   0.186647  -0.540141   0.111957  -0.165529  0.0228255  -0.413036  -0.111617   0.498478  -0.468276   0.223015  -0.222524  -0.126038  -0.633294   0.082461   0.364195 -0.0315703  0.0790195 -0.0214555 -0.0112031  -0.174539
 -0.383716  0.0421397   -0.28223   0.260219  -0.804946   0.021258   0.270763   0.470053  -0.269413   0.101177  -0.285385   -0.25886  -0.687732  -0.356495  -0.542953  -0.214579  -0.378126   0.796526   0.152975   0.608584  -0.802122  0.0812054  0.0831839   0.596064    0.24288   0.276956  -0.866091   0.659219   0.060096 -0.0681587   0.205542   0.261499
-0.0900373  -0.182701   0.560802    0.23639  -0.192255  -0.358098   0.709251   0.619051  -0.635453   0.158841   0.184191  -0.382903   0.377219  -0.520885   0.441716   0.183695   0.479242    1.06114   0.401854  0.0386259  -0.633232   0.856675   0.192845   0.251031   0.247703   0.567947  0.0401012  -0.288791   0.496432  -0.566758  -0.487582   0.383223
 -0.128678   0.266717   0.882399  -0.424274  -0.246134   0.111974   0.348793   0.758038   0.210455  0.0465086  -0.207946  -0.437221  -0.032375  -0.135654 -0.0226935  -0.173202   0.198012   0.797609   0.106546   0.119295  -0.431391 -0.0821898   0.131029  -0.113332  -0.538373   0.956953  -0.464968  -0.353835  -0.803759  -0.643558    1.33353  -0.684672
  0.244658 0.00419482  -0.886716   -2.52338     1.0062   -2.21714   0.783773    1.41493   -1.03367   0.747285  -0.809481   -1.41371   -1.65459   0.900691   -1.11929   0.908585   -1.71985  0.0212414   0.848808    0.15853   0.324257    1.23096  -0.515819  -0.650556   0.856342  -0.737186 -0.0851618  -0.823144   0.260204  -0.507124   -1.12048   -1.05608
  0.874673   -1.00463  -0.752379 -0.0210853   -1.00852   -1.13996   0.295088 -0.0271359  -0.730051 -0.0281589   -0.17854   0.623511  0.0746057   0.862364    1.19317   0.145488   0.473886  -0.263966 -0.0630776   -0.41968  -0.864985   0.130834  0.0259591   0.369515  -0.433457 -0.0250236   0.556772   0.300976   0.417348   -0.16523   -1.26331   0.704697
  0.348826   0.197465    0.80603  -0.327134   0.456274   0.278069   -0.48523   0.240593   -0.77916  -0.288339  -0.867589    0.10967  -0.736461    1.10055  -0.176062   0.858362   0.158383  -0.101079  0.0980693   0.370762   -1.16978    0.32578  -0.445098  -0.166485 -0.0965734  -0.517628    -0.5045 -0.0739535   0.429832  -0.918801  -0.195176     1.0496
  0.183838  -0.165428  -0.324897 -0.0461087   0.300093  -0.710169   0.153031 -0.0169572 0.00709157 -0.0618595    1.37832  -0.443565   -0.79908  -0.742005  0.0357442   -0.40202  -0.573944  0.0430434  0.0524564   0.689208   0.167207   0.022161 -0.0242904  -0.339318  -0.282372  -0.362536  -0.247703  -0.308657  -0.645596   0.175846   0.026381  -0.417559
  0.0242993    0.388516  -0.0096315   -0.668604    0.260593     0.18954   -0.415515   -0.116029   0.0796801    0.264849   -0.147105    0.192342  -0.0202338    0.149108   -0.251845  -0.0665028   -0.306499   -0.124321  -0.0804093   -0.101195  -0.0515942    0.476547    0.302947   -0.242152   -0.359958   -0.249691   -0.466563   -0.145473 -0.00591007   -0.187505  -0.0297146   -0.129199
 0.0678056  -0.426457  -0.148603  0.0206848   0.385822  -0.193881  0.0611505  -0.374138  -0.073722   0.349178   0.228793  -0.677546   0.101962  -0.459925   0.178706  -0.469528   0.114896 -0.0371495   0.180278  -0.151903   0.297551   0.119473    0.36841  0.0830681   0.172202  -0.464647 -0.0784271  -0.358097  -0.654321   0.149661  0.0559238  -0.557767
-0.0267886   0.145919   0.153932  -0.327588 -0.0889084  -0.254931   0.309018   0.184907  -0.316804   0.185207  -0.268404  0.0465017  -0.459779  0.0326539  -0.691471  0.0712182  -0.210921  0.0977323  -0.263793    0.11688  0.0875213   0.240284 -0.0429621    0.16242   0.255536  0.0219465  -0.272894  0.0221852    0.20512  -0.316983   0.304964  -0.248817
-0.00815611    0.365508    0.437736    -0.11688   -0.621722   -0.242243   -0.489684   -0.497644   0.0611307    0.114818   -0.164014  -0.0807186    0.125195    -0.85056    0.217893   -0.150875    0.298031   -0.230234   -0.708893    0.473387   -0.713744    -0.76621    0.727232   -0.165028    0.131238    -1.20959    0.302884 -0.00350524    0.194334  0.00406717    0.181944    0.316111
  0.175655  -0.694318   0.219902   0.152461  -0.645314   0.190988   0.826015 -0.0587016  -0.134108  -0.251674    0.43152  -0.184574  -0.267694  -0.642645   0.118984    0.57253 -0.0351226   0.610704   0.337769   0.646361   -0.13756  -0.116305   0.238489   0.035473  -0.752028   0.129964  0.0112362   0.137151   0.395885   0.180429   0.259663  0.0586409
-0.0371607   0.083349  -0.759011 -0.0578795  0.0371211  -0.230279  0.0835822   0.151084  -0.351938   0.371824  -0.400867  0.0931413  0.0911286   0.166154  0.0920639  -0.614795   -1.54838   0.634505   0.205833  -0.239791  -0.154266   0.816353    0.84373  -0.378739   0.816288  0.0956859  -0.721568   0.206354  -0.531208  -0.226404   0.323775 -0.0865307
   -1.4571   0.107556  -0.233476  -0.965386   0.713683  -0.263499   0.385065   0.151918  -0.726443   0.541377  -0.683177  -0.055834  -0.970521   0.258122   -0.43487   0.241527  -0.357675   0.277869  -0.293097   0.507502  -0.349225  -0.978014  -0.460896   0.451364   0.704088   0.218563  -0.392378   0.254548   -0.10121  0.0132229  -0.193046 -0.0077537
  0.484996  -0.304174  -0.444246  -0.285258   0.311123  -0.307837   0.220349   0.174063  -0.515305   0.564661  -0.389034   0.160085   0.121611  0.0906745  0.0147461  -0.446337  -0.603018 -0.0280859   0.356948  -0.143452   0.065986   0.619095   0.177279  -0.345628   0.162516  0.0587001   0.176044 -0.0607334  -0.474909   0.046105 -0.0682951  -0.149028
  -0.112049  -0.0460262   -0.675204   -0.373728    0.175055   -0.304801    0.291536    0.027208   -0.341703    0.885744   -0.254004   -0.126584    0.108942 -0.00944554   -0.116468   -0.653116   -0.574983    0.124349    0.527899   -0.235102   -0.350271    0.387507    0.229662   -0.285785    0.500002    0.244218   -0.486281    0.255102   -0.524256   -0.119793    0.184875   0.0674931
  0.178322   0.182396  -0.805535  -0.348406  0.0901869   -1.14627  0.0424375  0.0575357 -0.0553872   0.116773  -0.359659   -0.35331   0.264694  0.0903237  -0.144687  -0.653846  -0.666193 -0.0773819   0.158939  -0.202378  -0.481421   0.795957   0.240885  0.0488312   0.672343  0.0477371  -0.149538 -0.0207524  -0.431242  -0.354514  -0.403447  0.0111162
   0.784725  -0.0876333   -0.208465    0.528804    0.107954   -0.525783  -0.0688938   -0.384113    0.357013  -0.0472363       0.317   -0.658134    0.164226   -0.953638   -0.255021 -0.00499088    0.633954   -0.844453   -0.511118   -0.849729    0.547112   -0.167574    0.566745    0.621146     0.52028   -0.433403    0.270982   -0.195924   -0.143085   -0.147079    0.245227   -0.806009
 -0.201297   -0.34641  -0.533247  -0.200471   0.345838  -0.446337  0.0174162  0.0902798  -0.535858   0.626104  -0.105351    0.12366   0.240118  0.0985568  -0.136492  -0.784997  -0.917293  0.0981226   0.401847  -0.450114  -0.291537   0.389077   0.431835 -0.0427449   0.330001   0.274514  -0.255951    0.24699  -0.323716  0.0357861 -0.0289374   0.025373
   0.759475    0.006017   -0.462489   0.0748582    0.575953   -0.340415    0.610547    0.256499   -0.530847    0.441799    0.108965   -0.249852     0.46739    0.180543   -0.892887   -0.152679   -0.771032     0.23919  -0.0836042   -0.397323 -0.00607224    0.731382    0.335014   -0.558087  -0.0633888    0.123266   -0.166029   0.0927746   -0.165295  -0.0993389  -0.0184631   -0.296525
-0.104033  0.975825 0.0241774 -0.888109  -1.98671 -0.125677   1.13441  0.443543 -0.928409 -0.362336  0.604371  0.706927 -0.623818 -0.996802 -0.629928 -0.116042  0.540624  -0.90079  0.469089 0.0762086  0.852093 -0.501259  -1.66236  0.555535   1.06532 -0.169476  0.583333 -0.300018   1.16587 -0.521624  0.233319  0.972248
   0.203778   -0.148269   -0.734829   -0.242393     0.36226   -0.367713   0.0936173    0.265745   -0.352408    0.481966   -0.297072 -0.00102713     0.14263  -0.0678262  -0.0907552   -0.358247   -0.519205    0.121196    0.358684    -0.20898   -0.106006    0.519272     0.14874   -0.350762    0.195754    0.245379  -0.0698358    0.171807   -0.408594    0.019631   0.0353776  -0.0734161
-0.0904961  -0.235617  -0.834353  -0.168771   0.109578    -0.3739   0.529576 -0.0252163  -0.142952   0.713332  0.0602771   0.141348    0.20395  0.0806323 -0.0394616  -0.655209  -0.686302  -0.127086   0.421347  -0.107045  -0.305969   0.425061   0.225057  0.0185214   0.196908   0.179862  -0.354193    0.20966  -0.403206 -0.0331249  -0.107966  -0.160099
  0.479034  -0.387178 -0.0658831   0.167667   0.229315  0.0499926   0.296493   -0.31454   0.282202   0.292748   0.195199  -0.523556  0.0440397  -0.323042  -0.313039  -0.131355   0.366854  -0.441892  -0.264864   0.010418   0.441433 -0.0168387   0.501279   0.091349   0.350252  -0.512687  -0.167043  -0.259996  -0.217714 -0.0871259 -0.0404088  -0.978993
 0.0727843   -0.42558  -0.147031   0.298063   0.417242  -0.335457   0.109501  -0.224129  0.0366461   0.194047   0.608093  -0.506781   0.036333  -0.448304 -0.0612559   -0.13236 -0.0280464 -0.0633763  0.0364747  -0.102867   0.245039  -0.192676 -0.0172598 -0.0621647  0.0803364  -0.385414  -0.122599  -0.431314  -0.534781  0.0942938 -0.0958388  -0.498843
  0.089272  -0.263749  -0.769566  -0.236708   0.221235  -0.410283  0.0954062   0.129271   -0.42183   0.608032  -0.104502  0.0933823   0.138022   0.181347   -0.20811   -0.47048  -0.750271    0.05103   0.346112  -0.407095  -0.336314   0.391596   0.223581  -0.234989 -0.0843058    0.18043  -0.186808   0.198582  -0.529752  -0.004777  -0.161123  -0.055697
   0.135289     0.10313   0.0105494   -0.279959   0.0438673   -0.108174   0.0631448   0.0916043  -0.0757092    0.193876  -0.0517128   0.0705522   -0.168498   0.0529296  -0.0575258   -0.014882  -0.0767071  -0.0111025 -0.00467251   0.0554844  -0.0651338    0.114274   0.0468823  -0.0785261  -0.0264466   0.0290521  -0.0560008   0.0379679   0.0502433 -0.00465239   -0.164606  -0.0612271
 0.0710514   0.219549  -0.368967  -0.798137   0.265184   -0.69267   -0.18794 0.00177485   -0.27877   0.854365  0.0184133  -0.177325   -1.08401 -0.0332041  -0.618507  -0.321492  -0.905495  -0.182251   0.280933   0.323011   0.293399  -0.811595  -0.558832 -0.0643109    1.14251  -0.768353   -0.64611  -0.189954  -0.891693   0.145061  -0.390168  -0.211144
 -0.157614  -0.282755  -0.179741 -0.0736671   0.414501  0.0364425 -0.0259752  -0.232432  0.0372701   0.313281   0.654872  -0.459853  -0.137884  0.0102929  -0.320575  0.0321853  -0.403054   0.136833   0.356858   0.147353   0.222721  0.0231351   -0.26947  -0.289648   0.261726  -0.117056  -0.345081 -0.0375587  -0.428929 -0.0539212  -0.213027  -0.362689
 0.0101171  -0.239955 -0.0916901  -0.413977   0.209971  -0.221374   0.159684  -0.035143 -0.0867964   0.250419  0.0626653  -0.182994  -0.300313 -0.0256059 -0.0346904  0.0716315  0.0727959  0.0837002  0.0403832   0.171994 -0.0181758   0.177867  0.0289763   -0.18336   0.256581  -0.292972  0.0826426 -0.0767898  -0.315329 -0.0795283  -0.232215  -0.354325
 -0.00624393   0.00372745  -0.00963984   0.00724315    0.0210498   0.00923252    0.0119533    0.0137092 -0.000703251  -0.00397777  -0.00328238   0.00679788   0.00670428   0.00187908  -0.00514989   0.00281839   -0.0101605    0.0119644   -0.0027814  -0.00184937  -0.00319584    0.0042178    0.0218322  -0.00109412    0.0189227   0.00571879   -0.0205558   0.00547118   -0.0251098  -0.00158819   0.00055264   -0.0260413
  0.0383137   -0.432618  -0.0932029    0.186183    0.394657   -0.385868    0.175744   -0.153035   0.0446244    0.217431    0.270496   -0.469418    0.302985   -0.378208    0.289335   0.0728073    0.329727   -0.226628   -0.118897   -0.274678    0.332244  -0.0655812    0.336049    0.170082 -0.00464571   -0.476668   0.0774925   -0.331232   -0.166342   0.0378421   -0.164123   -0.511733
  0.244874  -0.162885  -0.373867   0.357884  0.0577259 -0.0442523  0.0727336  -0.188055  0.0201068   0.078693   0.389133  -0.215145   0.330347  -0.315061  0.0687157  -0.364294 -0.0348582  -0.235948  0.0619566  -0.237171    0.24927  0.0367202  0.0543179  0.0297638   0.138512  -0.217889  0.0245567  -0.109154  -0.225011   0.227122   0.109345  -0.290567
  -0.0412572    0.0811034    0.0122024    -0.150514    0.0443499    0.0826583    -0.121013   -0.0312272    0.0480741   -0.0283142    0.0745444    0.0579344   -0.0385233     0.029206   -0.0349254    0.0506821   -0.0948709   0.00971054    0.0135534     0.070604   -0.0562086   0.00238612  -0.00644503   -0.0226284    -0.163918   -0.0808025   -0.0429848    0.0304254    0.0616233 -0.000709189    -0.058183    0.0411191
  0.325844  -0.188368   0.199521  -0.766539    0.17598  -0.482406   0.872437   0.247726  -0.240043   0.257573 -0.0625642  -0.243017  -0.630082   0.225886  -0.549042 -0.0697544  -0.733808   0.504931   0.643062   0.164428  -0.261511   0.196688  -0.473932 -0.0502346   0.650545 -0.0527364  -0.331772 -0.0548301  -0.125098 -0.0510579  -0.406293    0.14386
  0.0358339    0.106277   0.0980846  -0.0595282   0.0134313   0.0324021  -0.0309703   -0.031563   0.0979254  -0.0540915  -0.0192697   0.0371366  -0.0754622   0.0349128  -0.0881007     0.05846   -0.058745  0.00423468 -0.00610672   0.0248566  0.00272087     0.08632    0.064402  -0.0774196   -0.120754   -0.111183   0.0291835   0.0018722    0.130211   -0.026573  -0.0401925   0.0640448
  0.0421416    0.176854    0.128478   0.0189331   0.0118833   -0.117798   -0.195879 -0.00537792   0.0780411  -0.0213655   -0.101607  -0.0232855  -0.0738978   -0.016089   -0.099967   0.0352791   -0.095745  -0.0122868  -0.0974244   0.0845173    0.039392  -0.0739445   0.0649114  -0.0475869  -0.0501472   -0.149012   -0.101471   0.0389616   0.0859655  0.00564234   -0.131786   0.0226597
  0.267232   0.515177   0.187496  -0.781474  -0.278644 -0.0648407  0.0665658   0.523992  -0.640788  -0.112997  -0.947933   0.161189  -0.784181   0.413314   -0.54398   0.889869  -0.196289 0.00371401   0.093641   0.221703  -0.141655  0.0226979  -0.217136   -0.20461   0.103554     0.3324  -0.195353 -0.0942063   0.860473  -0.262872  -0.486528   0.473568
  0.263782   -0.30093  -0.126904   0.292184   0.288184 -0.0721873  0.0488359  -0.287108  0.0669838    0.08662   0.348219  -0.205704    0.27589  -0.305633   0.263266  -0.266948   0.297722   -0.26679 -0.0445842  -0.217123   0.349727  0.0332457   0.117956   0.052129  -0.022769  -0.325449   0.148801  -0.273521  -0.303397   0.243776  0.0223761  -0.473953
 -0.0957811   0.0267057    0.054007   -0.260173   -0.213884   -0.242634  -0.0210529    0.382255    -0.25841   -0.231166   -0.408622   -0.132096   -0.611942  -0.0653131    -0.45275    0.230525    0.241515  -0.0687986  -0.0915794  -0.0623189   0.0733975  -0.0915241   -0.471522    0.108882    0.626851  -0.0865897   0.0420646   -0.356871     0.30423 -0.00558424    0.282217    0.213329
-0.0735306  0.0587931 0.00840997  -0.425695   -0.10789  -0.140067   0.162757    0.27783  -0.380465  0.0762998  -0.205685   0.142459  -0.270443   0.139945   -0.40773   0.163637  -0.220238  0.0614016  0.0326808  0.0974122 -0.0433724  -0.198523  -0.361775  -0.107343   0.268118  0.0859441  -0.193937   0.146394   0.214308 0.00727422  -0.114868   0.240453
 -0.0673765   0.0985921   0.0689834   -0.266919   -0.220437   -0.203409   0.0122898    0.333017   -0.232892   -0.109883   -0.192145 -0.00120142   -0.333574   0.0457677    -0.38436    0.192722 -0.00117903   0.0384059  -0.0401176  0.00453199  -0.0562737  -0.0568086   -0.455965   0.0766171    0.315032   0.0763527  -0.0401499   0.0706306    0.413557  -0.0774422   0.0335867    0.351234
-0.00609312   0.0187511  -0.0102215  -0.0276459   0.0125501   0.0172857  -0.0321451 -0.00580232   0.0194311 -0.00455515  -0.0137012 -0.00892161  -0.0107225 0.000185233   0.0193986   0.0195416  -0.0221868 -0.00554401   0.0196329 -0.00303374  0.00659885   0.0107815   0.0161756 -0.00365195 -0.00910265 -0.00573671  0.00771209   0.0115072 -0.00767746  0.00732336 -0.00629238 -0.00596269
-0.0431288 -0.0158386  0.0199081  0.0597699  -0.192139  0.0314259  0.0859796 -0.0500983  -0.276435 0.00654044  0.0306724  0.0608274  0.0900507 -0.0210588   0.120742   -0.23538   0.400515 -0.0770847 -0.0118194  -0.198335 -0.0745748   0.284431   0.132457   0.072428  0.0160665  -0.221752   0.188045  -0.104109  0.0554173 -0.0673108  0.0258799   0.182952
  -0.0022109   0.00184849   -0.0210299   -0.0327194   0.00461038    0.0140685   -0.0144236    -0.012915   0.00088794   0.00966322    0.0132287   0.00396657   0.00394673  -0.00149473 -0.000837619   -0.0216349   -0.0257835   0.00985437    0.0100455  -0.00625351   -0.0200202    0.0227709  -0.00329575  -0.00849486  -0.00804744   -0.0132846   -0.0109929  -0.00192934   -0.0232797   0.00610136    0.0135846  -0.00356204
-0.00121671 -0.00409135   0.0321111   -0.143512  0.00684238   -0.113624    0.191815   0.0989112   -0.183248   0.0658931     -0.1619  0.00110649   -0.237418   0.0705602   -0.137609   0.0429158   -0.144816   0.0284596   0.0584255    0.040785  0.00179763  -0.0749464   -0.119163   0.0459641    0.227161   0.0487577  -0.0174669  -0.0714572    0.042297  -0.0507378  -0.0820747    0.066503
 -0.0527157   0.0299123  -0.0202898   -0.159387  0.00607632  -0.0788539   0.0804733    0.118841 -0.00603139   0.0568693  -0.0519228  -0.0334083   -0.148332   0.0198501   -0.119943   0.0709798   -0.244235    0.149857   0.0657577    0.129993  -0.0439994  -0.0293635     -0.0461  -0.0436213   0.0760281  0.00192891    -0.06837  0.00342779  -0.0358845  -0.0427136  -0.0952691   0.0103791
 -0.00751622   0.00631881    -0.010782  -0.00398215   0.00530919  -0.00980152    0.0056949     0.015365   -0.0101894   0.00764719     -0.01728    0.0123324  -0.00927644    0.0160375  -0.00241965  0.000878654  -0.00268022    0.0119724   0.00899036  -0.00710038   -0.0125313  -0.00720854   -0.0091842  -0.00647743   0.00620511    0.0139164 -7.67123e-05 -0.000958643 -0.000419908  -0.00860393  -0.00768922   0.00997993
 0.00843146  -0.0019269  0.00893125   0.0125713 -0.00340064 -0.00722898   0.0110029  -0.0038253  -0.0129767 -0.00926217  0.00986835 -0.00216202   0.0115407 -0.00452557    -0.01154 -0.00171136  -0.0100848   0.0148065  0.00318537 -0.00145946  0.00999263  -0.0060182 -0.00472907   0.0024565  0.00868516 -0.00481136  0.00445473  0.00989083 -0.00662852 -0.00321197  0.00298086  0.00350008
-0.00269037  -0.0100939  0.00935778   -0.157195 -0.00907552   -0.153079      0.1633    0.135107   -0.267598   0.0454246   -0.179871    0.072934   -0.148766    0.144875     -0.1428  -0.0115271  -0.0692445   0.0671849 -0.00281508  0.00779671  -0.0828523   -0.120842    -0.20872   0.0607369    0.220846   0.0301558  -0.0579009  -0.0345392   0.0811509  -0.0686959   -0.105801    0.126878
 -0.0632664   -0.212729    0.207743    -0.22526   0.0522284  -0.0751758   -0.130356   0.0530428   0.0180659  -0.0240493 -0.00905165   0.0823869  -0.0649506   0.0541493  -0.0639579  -0.0298753    0.120635   0.0212769   0.0742189   0.0346048  0.00170232    0.106675   -0.104738   0.0222432   -0.067652   -0.183532  -0.0444139   -0.221815   0.0625469  -0.0504946   0.0134102   0.0203969
  0.396173   0.134116  -0.213785  -0.863648    0.36501   -0.58813    0.66528   0.275884  -0.955881   0.837546  -0.116873  -0.141374  -0.961464 -0.0731051  -0.916265  -0.196093   -1.23118   0.302296   0.178276  -0.215125   0.410115   0.111165  -0.266624  0.0148741   0.542762 -0.0302449  -0.438308  -0.116433   0.346832   0.281927  -0.187549  -0.275055
  -0.0639257   -0.0649661   -0.0555152   -0.0600511   -0.0823993      0.23385    -0.224717   -0.0678087     0.210583   -0.0939925     0.176733  -0.00505629    0.0435147   -0.0723385    0.0712197     0.001028    0.0350815   -0.0637205     0.212332 -0.000555399    -0.135743     0.130939     0.172477   -0.0566258    -0.334759   -0.0425256   0.00788778    0.0778642   -0.0464849   -0.0193368     0.180104     0.112976
  0.00608523    0.0105958    0.0064338    0.0150145   -0.0156203  -0.00162103   0.00388257    0.0164117   -0.0195609  -0.00295777    0.0110719 -0.000346469  2.41669e-06  -0.00919256    0.0187196   -0.0120848  0.000168604    0.0136716   0.00758816   0.00538367    0.0100056   -0.0152242   -0.0167005   0.00753133  0.000851486    0.0254482  -0.00772801   -0.0153385   -0.0151912   0.00109256  0.000700973   0.00474673
   0.0363533   -0.0154225   -0.0158496    -0.054914    0.0333614   -0.0162553    0.0475386   -0.0139215   -0.0111918    0.0715581     0.036613   0.00309844  -0.00221532  -0.00831045    -0.014249   -0.0145104   -0.0571934   0.00143881    0.0526843   0.00953085   -0.0145051    0.0440058    0.0110054   -0.0262933 -0.000413885   -0.0156558   -0.0415393  -0.00221186   -0.0399443   -0.0129612   -0.0382636   -0.0419096
-0.00669768   0.0262486  0.00634004 -0.00551958   -0.010484   0.0105489 -0.00920033  0.00419864   0.0143631  -0.0167154  -0.0134323   0.0143309 -0.00205444  -0.0185425  0.00716052  0.00072974  0.00750177    0.002855  -0.0126578 -0.00424628  -0.0085399  0.00273851  0.00154579  0.00640967 -0.00699807   0.0163582 -0.00282371    0.013874   0.0155399  0.00169509  0.00434301  0.00838768
 -0.00670922    0.0156592  -0.00574105   -0.0252013   0.00254679    0.0115431   -0.0128343   -0.0109257    0.0216589   0.00185025    0.0136717     -0.01816   -0.0380038  -0.00221692   -0.0150847  -0.00717958   -0.0269829  -0.00439479   -0.0153966 -0.000655161 -0.000411007    0.0197947   0.00127132   -0.0116247   0.00441234   -0.0163012   0.00905307  -0.00117719  0.000258681   0.00626558    0.0122039   -0.0157704
 0.00438158  -0.0505878   0.0133587   0.0383946   0.0705688    -0.10495   0.0168954  0.00284533  -0.0100197   0.0286776   0.0097448  -0.0669214   0.0282181  0.00566427  -0.0297565  -0.0500335   0.0288775   0.0115858  -0.0440313  -0.0452342 0.000610681   -0.012783  -0.0187536 -0.00322364    0.121599  -0.0276895  -0.0663611 -0.00639894  -0.0583008 -0.00131656  -0.0657912  -0.0283227
