    3.05898
    1.43424
 0.00841722
  -0.224228
    3.88428
    1.97898
   0.423153
   0.728192
    1.78202
   0.322811
     0.7878
   0.214787
  -0.330954
   0.410388
  -0.546368
    0.14833
  -0.596944
 -0.0502662
  -0.136843
   0.637684
  -0.501702
  -0.251543
  -0.447508
  -0.233424
  -0.404121
  -0.158727
   0.437104
   0.166862
  -0.372847
   0.132997
   0.211437
  -0.134391
   0.228713
  0.0772927
    0.12931
  -0.463906
  0.0339089
   0.345686
  -0.432868
  -0.322761
  -0.278129
 -0.0598652
  -0.154195
  0.0386451
  0.0535255
   0.197985
 -0.0135249
  -0.193341
  0.0196755
  -0.277819
   0.864188
  -0.264819
  -0.269929
-0.00712621
  -0.414759
  -0.334979
   0.141061
  -0.229272
   0.043047
  -0.205467
 -0.0441177
  -0.106489
  -0.191958
  -0.082471
-0.00422301
  -0.102619
  -0.113329
  -0.199507
  -0.253656
 -0.0470326
  -0.188922
  -0.240371
  -0.219671
   0.117557
  -0.155586
  -0.212295
  -0.306229
-0.00799379
  -0.181259
    -0.3728
  -0.237135
  -0.238186
  -0.320633
  -0.235836
 -0.0104497
   -0.29754
  -0.147271
  -0.285338
  -0.223991
  -0.257901
  -0.238135
  -0.271201
  -0.214605
  -0.165235
  -0.224098
  -0.247747
  -0.244283
  -0.252619
  -0.302985
  -0.257287
  -0.296911
  -0.258412
  -0.267241
  -0.232747
  -0.269286
  -0.332411
  -0.354006
  -0.304788
  -0.407312
   -0.14238
