   -0.495708    -0.883056     0.775743     -0.30697    -0.565785     -1.37028     0.997802      -1.1554     -1.15309    -0.977604     0.709391     0.615139      1.10543    -0.469029     -1.20836      -1.1277   -0.0416456      -1.3728    -0.673987      1.82419    -0.320539     -1.03904    -0.745121     -1.34429      1.23061     0.650346     0.753247    -0.448578     0.665723     0.166687     0.685608     -1.62919
   -0.251487    -0.241677     0.264006       0.7619    0.0457937     0.279825    -0.316243   -0.0969625     0.210118    0.0731466     0.335729     0.217513    0.0943516     0.519231    -0.122985     -0.42953    -0.419572     0.024525    -0.389313    -0.113136     0.452102    -0.537799    -0.356736    -0.277494    -0.565601     0.198205     -0.52309     0.318715     0.974539    -0.274857    -0.216064     0.179878
   -0.270158     -0.36258     0.329148    -0.377076    0.0258567    -0.511693      0.18745     -0.49626     0.151182    -0.385304    0.0789422     0.186471     0.288943   -0.0635585    -0.541558   0.00252087    -0.337501    -0.113966    -0.300211     0.712598     0.469059      0.10003     0.397566   -0.0642522     0.646354    0.0980944    0.0401045     0.455001     0.383537     0.160647     -0.21864    -0.154797
    -1.20427    -0.138697    -0.127819      0.59479      1.44939  -0.00148657    -0.827218    -0.773507    -0.242121     0.574273      1.38376    -0.622393     0.695975    -0.857944     0.629835    -0.998934    0.0886777     0.732073    -0.272132     0.373689    -0.224802     0.126443     -1.26272     0.980694      0.46141     -1.02323     0.340153     0.503271     -1.48768     0.886673     0.278511     0.952223
 -0.00330532    -0.510289     0.271446     0.847856     0.335346     0.401652   -0.0964927    -0.317854    0.0111456    0.0267492    -0.260637    0.0130075    -0.684128     0.174161    -0.492647    -0.029269      0.29162     0.183104     0.503148     0.474486    0.0702383     0.405169    -0.577644     -0.28949   -0.0511934    0.0611081     0.448788    -0.156449      0.15194   -0.0771562     0.214707    0.0351802
    -1.05622    0.0856311      0.96736     -1.43878     0.983191   -0.0133868     -0.33507   -0.0336027     0.727563    -0.142555    -0.476145     0.383733     0.171945     0.434435     0.411727     0.814833    -0.413628    0.0849498     0.542106    -0.366177     0.859858    -0.393774     0.685813     0.227437       0.4461    -0.927883    -0.483121    -0.636832     0.574387     -0.75962     -0.56257    -0.692507
    0.195841    -0.265156     0.325335     0.481014    -0.285093     0.273506    -0.239531     0.397498  -0.00324298    0.0172445   -0.0413161    -0.539348     0.542096     0.101665    -0.183623    0.0896376   -0.0919748    -0.162401     0.264145     0.242961    0.0303611    -0.131248     0.172134    -0.163329     0.551415     0.437601    -0.274974   -0.0305797     0.563898    -0.151345    -0.483368   -0.0308948
     3.52678    0.0779696   -0.0420047    -0.159315      1.81979      2.19044     -1.81723     0.131325      1.56956     0.352782     0.601823    -0.075098      -2.4601     0.916672     0.604155     0.601099      2.29938     -2.84743     0.477852     0.219155      1.70218    -0.305425    -0.896267    -0.931453      2.90681    -0.490251    -0.913068      1.85492    -0.161152     -2.27582    -0.345509    -0.306228
   -0.156188     0.841953   -0.0285193     0.546343    0.0624822     0.443107     0.161614     0.017169    -0.432441     0.250459   -0.0316408    -0.405095    -0.531002     -1.26869    -0.238642     0.262638   -0.0437199     0.289163    -0.426485   -0.0349509    0.0941509    -0.481862    -0.757847    -0.374214    -0.323547    -0.109061    -0.336345    -0.633621     0.331021     -0.59767    -0.254428     0.284887
  -0.0439001     0.314848     0.529996   -0.0516571    -0.231269     0.892273   -0.0655337     0.135346    -0.387622      1.20931    -0.220281     0.102213     0.384846   -0.0459483     0.605839     0.872172    -0.390837    0.0871658     0.116431    -0.137923   -0.0784802    -0.373342      0.31978      1.08997     0.361366     -0.56027    -0.413072    0.0908962     0.271534     0.419001    -0.869469    0.0238192
    -1.19322      1.01829     0.696343     -1.05735     0.536136    -0.184376     0.182013     0.810066     0.442621    -0.301291     0.478041     0.483757     0.191916    -0.515297     0.745643     -0.65529    -0.702569    -0.457299     0.338315    -0.913728    -0.585852     0.531766     0.343429   -0.0109804      0.22131    -0.448663     0.105181    -0.316576    -0.506107       0.3962    -0.165392    -0.777677
    0.403812     0.735932    -0.537875   0.00704171   -0.0794693    -0.187639    -0.583989    -0.252755    -0.142036    -0.368675    -0.392805   -0.0637785     -0.40868    -0.530945     0.393441   -0.0401896   -0.0939819    0.0510928    -0.104498     0.727977     0.141189    -0.815751     0.146416    -0.300193    0.0259464     0.797414   -0.0227539    -0.433021     0.133677    -0.680454    -0.136844     0.408714
    0.729946     -0.53947    -0.133147     0.907423     0.617708    -0.308129    -0.212051   -0.0116397    -0.142948    -0.698823     -1.12935    -0.446459     0.150796     0.143744      0.74343    -0.274136     0.444379     0.576264     0.626932     0.224678    -0.701153     0.165158   -0.0881943   -0.0832755     0.586945    -0.491165     0.141772    -0.503765    -0.187254    -0.372888     0.927371    -0.158715
  -0.0947591    -0.393694     -0.84903    -0.322401     -0.56866    -0.338464     0.945889     0.235091    0.0290358   -0.0288037    -0.247048    -0.612736     -0.33916     0.272619     0.463144    -0.457088     0.344327     -0.74905    -0.297817   -0.0279905    -0.720138     0.968634     0.334713     0.717283     0.330458    -0.845737     -0.26403    -0.819128     0.338996     0.497856     0.443285    -0.768931
   -0.724392     0.503758    -0.851141     -0.22036    -0.836247     -1.03059    -0.187052     0.212762     -1.52633     0.167765     0.390253     0.250067     0.907179    -0.684299    -0.409198        -1.77    -0.500338     0.429179   -0.0369275    -0.517722     -1.01548     -1.14984    -0.434404    -0.624622     0.532927    -0.584066     0.961457     0.271545      2.35093      1.56988    -0.582339     -1.59971
    0.425938    -0.531802     0.157663    -0.459574    -0.204377     -0.13077    -0.159892    0.0701787   -0.0510999    -0.848334    -0.147856   -0.0910179    -0.671343     0.486081   -0.0726025     0.554864     0.768717     0.792352   -0.0272094     0.304726     0.959189    -0.479245    0.0774015    -0.650722     -1.25171      0.41883    -0.637237     0.179878     0.598969    -0.406982    -0.336555    -0.364645
   -0.585761    0.0755883     -2.11281      -3.4107     0.510963     -2.92911     -1.05768      1.33724     -3.65439      -0.2727    -0.143799    -0.148018      2.57397     0.332298    -0.104964      -3.2044    -0.252546   -0.0801643      2.01739    -0.146046    -0.384041     -1.56836     0.290311      -2.2479     -1.69258      1.81821      0.50779     -2.20084     0.769872    -0.541424      2.46942     -2.39812
    0.263384     0.325018    -0.275909     0.536845     -0.42319    -0.414558    -0.213384     0.155694  -0.00432327     0.683239    -0.301497   -0.0157093     0.246872   -0.0467225     0.532054    -0.825653    -0.312205    -0.277645    -0.237931    -0.106069    -0.901958    -0.241093    0.0146851    -0.143976     0.145013    -0.225442     0.133884     0.198172    -0.688529      0.45591   -0.0585719     0.138124
   0.0154135    0.0817957     -0.14722    -0.188856    -0.148555    -0.575852     0.273713    -0.360928     0.636506     0.029371    -0.271809     0.349532     0.441995    -0.640509    -0.179578   -0.0568872     0.221539    0.0432461     0.311743     0.624797    -0.624436     0.122815     0.102168    -0.222715     0.145915    -0.577214     0.107222    -0.217171   -0.0257544   -0.0503751   -0.0901961     0.251157
    0.790895      -1.0125    -0.730133    -0.123363    -0.126961    -0.445839    -0.277185     0.485441    -0.272306    -0.869139    -0.251214    -0.300328    -0.738639     0.436079     -0.67309     0.203497     0.137066     0.984705     0.700994      0.30372     0.507796    0.0499652    0.0725389    -0.414853    -0.965731     0.337062    -0.324209    0.0396098     0.523468    -0.333154     0.688465     0.276104
    -1.55587      0.14106       0.8695     0.478902    0.0764263     0.476168     0.129846    -0.460551     -1.41108    -0.399824     0.869323     -1.38465     0.207607    -0.438032     0.772448     -1.14511     0.411242     0.637011      -0.7497     0.426589     0.640516    -0.761137     -1.74522     0.430244    -0.770511     0.664607    -0.865433     0.782062    -0.481426    -0.743689    -0.236362     0.216999
    0.766996      1.27953    -0.276366      1.79369      1.24679      1.39016     0.299581      1.35264     -2.13118      1.13369    -0.358797     -2.19155      1.49117    0.0247863       0.7864     0.501248     0.803044      2.87039     -1.63692     0.315655    -0.152879     -1.51993     0.120362   -0.0961381     -1.79776      2.27764    -0.335601        2.549      1.30387     -0.51989    -0.124302     0.472863
    -0.24523      1.09285    -0.658482    -0.119289    -0.675072      1.56937       2.1591      0.83393     0.170526     0.459635     -1.53449     0.171002     0.576139    -0.720337     -1.30928    0.0755568      -1.1489     -1.07354     0.885787    0.0704882    -0.982406     0.851693     0.726022     -1.36136     0.918665     0.385981     0.586278     -1.13711     -1.25258     0.484059     0.577577     -1.26395
   -0.315534     -0.39109    -0.727193    -0.893142     0.851094     0.505147      -0.9868     0.630366   -0.0984855    0.0329531       0.9199     0.197055    -0.501873      1.14759      0.18945   -0.0955102    0.0363997      1.03163     0.126107    -0.848972     0.273363   0.00179723     0.154306     0.173774    -0.890876    -0.865651     0.262887     0.145133     0.542982     -1.00543     0.335623     0.344245
   -0.171536    -0.661467    -0.240305    0.0497893     0.953709   -0.0392217    -0.813855     -0.68032     0.443692    -0.315799    -0.129023     0.295759    -0.148553     0.302014     -0.01482    -0.584678     0.112655   -0.0940588     0.491601    -0.485909     0.707366     0.695086    -0.286951    -0.605534   -0.0258396     0.578427     0.237446    -0.383864    -0.346773    -0.658566     0.428134    -0.141722
    0.123613       -0.426     0.514836    -0.316073      1.02184   -0.0613463    -0.885835    -0.874568     0.893823     -1.06022      1.36899     0.734331    -0.327785     0.187545    -0.606316   -0.0310939     0.597843    -0.167338    -0.237999     0.428607     -0.56949     0.807729    -0.718494     0.201554     0.976163     -1.03072    -0.168333    -0.100124     0.242406    -0.490354     0.273426     0.888462
     1.44213     -0.38246     0.813951       2.7156     -1.91106   -0.0604062    -0.411989      2.60106     -1.65194     -2.10112     -1.24497    -0.101715     0.379219    -0.437088     0.244915     0.609442     -3.34527    -0.533907      0.18452     -2.24297     -2.64221    -0.811221      1.36235      2.45644     -1.23329     -4.62193      3.13857    -0.786262      2.64206     0.893592     -2.21958     0.634813
   -0.125879     0.114305     0.532287     0.180276    -0.690186    -0.220036   0.00549693     0.172939    -0.710009    0.0893554    -0.186463     0.118879     0.136586    0.0121007    0.0893421     0.462806   -0.0169096    0.0166377    -0.371666    -0.111814    -0.519956     0.312073     0.324396    -0.015249     -0.30095    -0.538149    -0.745916    -0.257509    -0.686573     0.344519    -0.545113      0.16329
   -0.156967    -0.159129     -0.34781     -0.61164    0.0819988    -0.276234    -0.357025   -0.0338991    -0.336823     0.443458     0.129226   -0.0284661     -0.19726     0.093429    -0.146651   -0.0769596    -0.102082     0.436328    0.0283489    -0.269749     0.690976    -0.416353   -0.0532048     0.395728      -0.2049     0.545007     0.158351     0.163983     0.174779     -0.71278     0.114351     0.402944
   -0.775693     0.928963     0.255092    -0.667671     -0.19981    -0.166181   -0.0697406    -0.523404     0.785309       0.2123     0.468343     0.266832    -0.641687    -0.596655   -0.0410427     0.619169     -0.19461    -0.324694     0.280362     0.753369   0.00991093     0.627913    -0.353891     0.356572       0.4263     0.794006     0.294259    -0.434744    0.0811771    -0.134124      -0.3499     0.551154
     0.16083     -0.52474     0.289165     0.403949     0.387317     0.407891    0.0307848   -0.0477629    -0.385392    -0.665185    -0.396783    -0.119546   -0.0889176    0.0759738    -0.461072     0.265543    0.0812282     0.615171     0.189299    -0.641434   -0.0654911    0.0773345    -0.446494    -0.226243    -0.650532     0.159934    -0.228503     0.347531     -1.05751     0.628758    -0.224579        0.363
    -0.50686      0.30022    -0.482642      0.31876   0.00535927      0.10126     0.148727    -0.098503    -0.165094    -0.206321     0.264097    -0.232071     0.248091    -0.242121    0.0420693    -0.329504    0.0972404   -0.0488043    -0.294563      0.46927    -0.325651     0.165359   -0.0578003     0.123427    0.0966564     0.242994    -0.307134     0.308547    -0.084726     0.206034     0.266918    -0.319871
   -0.143959    -0.455232    -0.201548    -0.212092    -0.031721     0.577866     0.793403     0.293193     0.617648    0.0245029     0.393471     0.363214     0.130781    -0.925438      0.24593       0.4439     0.191851    -0.334265    -0.301324     0.354097    -0.218216     0.717057     0.355745     0.994014      1.06418    -0.355214    -0.160578     0.132583     0.252405    -0.317295   -0.0560658     0.254356
  -0.0578552     -1.51418     0.604083     0.791166    -0.609937    0.0338526      0.85207     -0.73294     -1.23528    -0.280945     -0.11266    -0.256433      -1.2524     0.249647    -0.775365    -0.914475    0.0979507      1.40287    -0.192876       1.1404     0.403176    -0.110061    -0.372327    -0.403935    -0.624305      1.14335     0.212051     0.714684     0.653961    -0.325015     0.236288     0.245764
   -0.541426    -0.367367   -0.0138862    -0.371984  -0.00433483    -0.481853       0.2195    -0.284008   -0.0803575    -0.295486      1.06656   0.00848228     0.175084    -0.136099     0.279133     0.138921     0.415095     0.553357    -0.503632     0.211155    -0.109644   -0.0493527     0.193184    -0.223202       0.1767     0.262058    -0.236407     0.391654      0.15044    -0.236801     -0.18772   -0.0578726
   -0.450638    -0.229662    -0.640056    -0.391763 -0.000880475    -0.211047     0.392528     0.116184    -0.619388     0.162283   -0.0141376    -0.211373    -0.323459     0.161779     0.350159     0.220153    -0.693832     0.749756     0.369408     0.164458   -0.0604493    0.0857478    -0.369743     0.060763    -0.820792   -0.0384351    0.0683497    -0.762614    -0.393995     0.340629    -0.065483      0.43886
    0.117358    -0.190044    0.0211585    -0.706719      0.35813    0.0322258    -0.350552    -0.249514    -0.138296     0.191587     0.247012     0.389727     0.324913    -0.886929     0.307312    -0.469594     0.227815    -0.268731   -0.0739936    -0.224081    0.0565966    0.0270902     0.307267    -0.160103    -0.237661     0.285463    -0.438403    -0.233773     -0.48565     -0.53688    -0.296111    -0.180118
   -0.451923     -1.25124      1.00921      -0.2544    -0.450403    -0.455857    0.0886941    -0.525162    -0.592878     -1.04506     0.474063     0.357689    -0.771151     0.828687    -0.348027     -0.17201      1.31061     0.720372     0.162809      1.16082     0.949257    -0.275811    -0.411666    -0.462189     -1.32584      1.24648    -0.326952      0.30525     0.344635     -1.25106     0.106822     0.108133
    -1.20999      2.35668     -1.43609      1.01676      -2.5971     0.346223    -0.274781     0.495656    -0.223788     0.550883     -1.95576     0.325473     -0.86366     -1.80418    -0.131578      -1.1498     0.601582   -0.0502531    -0.433997    -0.787575      0.93814      2.13394      1.29363    -0.294871     0.114943     -1.11815     -1.20782     0.514442        1.303    -0.261805     -0.68267     -1.63803
     1.67496      0.65011    -0.798498   -0.0937283    0.0438357     0.863655    -0.616425      1.20157    0.0193222     0.631184   -0.0655107    -0.146311     0.856363    -0.123818     0.578752      1.37952    -0.798642     -2.23649    -0.260054     -1.41211    -0.655856      -0.3907      1.31713     0.965907      1.22795     -1.44886     0.936419    -0.391104    -0.345838    0.0903291      1.17217    -0.757294
    -3.65077   -0.0892052     -2.31369     0.696272    -0.162209   -0.0814193    -0.437977     0.577292    0.0402353     0.719471      1.09452     -1.31858    -0.247082    -0.098872       1.5671      1.67309     -2.24847    -0.287461    -0.315826     -2.19336     0.898148       2.2293      1.83854      2.81156    -0.971958     -4.95974     0.440263    -0.555977    -0.719228      1.70641     -1.43759     -1.13439
   -0.256566     0.110958     0.228606    -0.158245     0.227402     0.834515     0.169117    -0.184516    -0.373844     0.135052     0.264465   -0.0821894     0.331171     0.292617    -0.110337     0.568407  -0.00254436     0.407945   -0.0431427    -0.122854   0.00460776     0.164576    -0.185057   -0.0365169    -0.827417     0.485819    -0.581573   -0.0828352    -0.106848    -0.227244     0.241973    -0.396687
    0.281151    -0.074208    -0.117309     0.283121     0.218707     0.203213     0.162253     0.123827     0.375973   -0.0575147    -0.129214    -0.243037     0.179046   -0.0383592     0.224954     0.659156    -0.147204     0.386065     0.207544     0.398944    -0.431918    -0.177279     0.689438    -0.164286      0.22134    -0.116353    -0.147079     0.326386    -0.300693     0.578058    -0.672417     0.265251
   -0.217571    -0.108663    -0.999255    -0.374333     0.186933   -0.0176155     0.148305     0.248131      1.27902     0.290056     0.229857     0.115053      0.89328    -0.321388     -0.39214     0.147207     0.397353     0.291193     0.932913     0.523232     0.496223      0.16518    -0.336178    -0.278732     0.756771    -0.672907    -0.671624     0.489768     0.792549     0.521136     -0.61956    -0.109637
   -0.574901     0.379426    -0.902019    -0.795897     0.175956     0.608504      0.63553       0.2096     -0.37251     0.281537     0.470799    0.0521527    -0.203944     0.906455    -0.183189     0.534438    0.0598004     0.476478     0.247882    -0.568082     0.633269     0.227959     0.251524    -0.456852     -1.47401   -0.0957831     0.305573     0.173274    -0.203846     -0.73319       0.3292     0.270194
    0.120564    -0.292117    -0.328934      1.19245     0.303203     0.953465     0.266299    -0.533635     0.625465     0.155894     0.458773    -0.107401     0.168755     -0.43314    -0.197646     0.865862   -0.0313529     0.259298     0.297923    0.0626777  -0.00983566      -1.1559    -0.515286      -0.6367    -0.386573   0.00308406     -0.37086    0.0805174     0.626619    -0.470235    -0.622173    -0.203948
   0.0407919    -0.542107    -0.436522    -0.448386     0.595211     0.354476     0.619648     0.305981    -0.611807    -0.181347     0.157368     0.947833     0.186392    -0.554287     0.444547    -0.363279     0.118036     0.661256    -0.703355    -0.380286    -0.179736     0.590953      0.37596     0.496275    -0.771384    -0.140505      1.13715    -0.245506    -0.837959     0.506699     0.343325     0.416577
   -0.743053     0.584457    -0.482879    0.0255924     0.716944     0.304954       1.3344    -0.182747    0.0557286     0.371976   -0.0926851     0.283833    -0.118711     -0.43108     0.794645    -0.440409     -0.79815    0.0344668     0.126004     0.211091   -0.0229558     0.531047     0.146275    0.0564318     0.386424     0.115986    -0.106644    -0.555121    -0.312369      0.25648    -0.709392     -1.01331
     1.07142    -0.469753     0.952393    -0.540116    -0.370529     -0.90888    -0.884923    -0.276435     0.224652    -0.390082    -0.677748      0.48848    -0.514557      1.22272    -0.459138     0.203735      0.38468     0.240744   -0.0529461     0.139011      0.12575      -0.9042     0.533668     0.421368      0.43491     0.143306     0.115879     0.837731      0.49993     0.314022     0.549849    0.0332162
     0.04769    -0.561204    -0.354466   -0.0596545    -0.715806     0.489823     0.218662    -0.321965    -0.214878    -0.234825     0.562357     0.269561      0.44638     0.665784    -0.151658     0.144546    -0.294241    0.0769594     0.499764     0.180915    -0.107237     0.317957     0.297473     0.787693    -0.190409    -0.296493     0.621923      0.49736    0.0359201     0.263648    -0.495206     0.312443
   -0.109712     0.253801     0.499866     0.913008     0.675395    -0.106462    -0.182414     0.285798     0.471503     -1.38114     -1.47083      2.09296    0.0480001     -2.53631    -0.702237    -0.282052     -1.53202     0.309185     0.412577    -0.522547    -0.312342   -0.0434561       1.2823     0.403358     0.632769      -2.4967      1.15364   -0.0452961      2.53173     0.229553     -0.83442      2.18503
     0.15217      1.21113    -0.908336     0.399057    -0.171243     0.996048     -2.32512      2.34618      -3.1017     -2.76706     -1.23225     -1.36461      -1.8379    -0.754002      3.37412      -0.1856     -1.28609     0.726279      1.47107     0.803518   -0.0690668      1.47043     -2.24981    -0.594487     -2.05468     -1.77287      1.54735    -0.534514      0.11935      -3.6415      2.42057   -0.0330054
   -0.704333     0.882735      1.20906     0.150536      2.34548    -0.251186     -3.82993     -0.31697      1.18858     -2.34258     -2.73291      1.30298     -1.78205     0.309436     0.793137     -2.87487    -0.351393       3.1134      1.22411      1.80908    -0.461653      1.22634      2.37148     -0.66698     -1.55584      1.23912     -3.75061     0.560863      2.37851     -0.63436     -1.02496      3.11212
    -2.70154     -1.59494      2.91529     0.483052     -1.97538     -1.06517      1.67515     -1.85863      -1.3178     -1.44315      0.86367    -0.734275     -2.87622     -1.63082    -0.442608     -1.47569      1.50001    -0.245112      -1.7817      1.96294       2.5986       1.3057     -1.80239     -2.54365    -0.649872    -0.644251    -0.500431     0.831286      1.70358     -2.20567     0.716894     -3.01597
    0.746443    -0.196667     0.714242    -0.203207     0.907153     0.441591    -0.254604    -0.275459    -0.744721      1.01985     0.667421    -0.122195     -1.29465     0.377642     0.139357     0.434255    -0.282775     0.128812  -0.00220041    -0.316234    -0.383027    -0.136396     -0.32052      1.04484     0.331712     0.228523     0.296589    -0.043079    0.0647898   -0.0842817     0.631587     0.180129
   -0.140818     -0.58354     0.340015   -0.0788667     0.449373     0.337187    -0.071424    -0.425973     0.550955    -0.379255     0.675443    -0.447928     -0.13077    -0.271045    -0.112703     -1.20333  -0.00290262   -0.0235876    -0.494443    0.0491958    -0.681293     0.509282    -0.157357     0.230681     0.371921     0.361652     0.535881     0.188887    -0.166964     0.023077      0.42702    -0.505998
   -0.753291     0.336181     0.869222    -0.138165    -0.502578     0.312738    0.0577976     0.358101       0.7034     0.485028     0.784755    -0.991282     0.572721    0.0215572    -0.488477      1.15181     0.139172     0.230893     0.417128   -0.0521896    -0.594341     -1.09145    -0.705867     0.279723    -0.700126     0.507052     0.053377    -0.334856    0.0912337     -0.90717    0.0826348     -0.37083
    -0.30619      0.82657     -1.19298    -0.496136     -0.36215      -0.4481    -0.613187    0.0287542     0.614848    -0.762418    -0.401669     0.409621    -0.367178   -0.0840342     -0.06761       0.7319      0.88858    -0.832895    0.0799178     0.514135      0.70389    -0.520577     0.461177    -0.605986    0.0492468    -0.117951    -0.689145    -0.316284     0.388612   -0.0491946    -0.593468     0.055913
    -0.42908     0.473584    -0.497047     0.110257    -0.809223    -0.236791     0.435559     0.527089    -0.444197     0.492893     0.211964    0.0297524     0.542617    -0.390027     0.311607    -0.679693    -0.145401   -0.0182342    -0.276972     0.501242    -0.610158   -0.0414301     0.078508      0.18838     0.530813     0.573574     0.110363     0.171539    0.0802601     0.416433   -0.0978909    -0.281418
    0.698979   -0.0589525    -0.646772     0.528868    -0.628804    -0.484645    -0.301958    -0.900465    -0.129676     0.150411     0.881325   -0.0418198    -0.484075    -0.485391    -0.188323     0.945428    -0.130064     0.173806     -1.24557     0.339272    -0.248595    -0.939972     0.417694    -0.664108     -0.28226     0.304365    -0.238096     0.200151      1.88833    -0.588462      0.32833     0.262513
   -0.440125     0.274829     0.962216     0.231044     0.466592     0.436805     0.269171    -0.196955     0.547121     0.521141     0.350045     0.138794    -0.559838    -0.120555   -0.0236387      0.39484    -0.289703    -0.216116     0.148688     0.369265    -0.507091     0.177328    -0.431987     0.117911     0.254565      0.61997    -0.302147    0.0795753      0.48814    0.0759589    -0.266138   -0.0986531
   0.0645608     0.317645     -1.07639    -0.418188    -0.884426    -0.516566     -0.25539    -0.134253   -0.0121185     0.793885     -0.57674    -0.753052     0.351083    -0.268255      0.29966   -0.0343206     0.620016    -0.583235    0.0353745      1.56943   -0.0979912    -0.406935     0.314303     0.819868     0.884029     0.557978    -0.185353    0.0178887    -0.374798     0.688577    -0.435473    -0.769007
    0.257566    -0.984955      0.19679    -0.296905    -0.189392    -0.204455    -0.544321    -0.194744    -0.118252    -0.968389    -0.150005     0.362665    -0.331846     0.490398    -0.254942    -0.176036      0.21316      0.35618     0.699011     0.371604   -0.0111881   -0.0948183    -0.244513     -0.62073     -1.10213     0.527957     0.143537    -0.208645     0.207448    -0.281007      1.10381     0.260789
   -0.101716     0.997472     -1.67955     0.110694    -0.184515    -0.341958     0.675075     0.710878    -0.152272     0.220752    -0.780978     -1.02493     0.790922    -0.130536    0.0468443     0.744837    -0.205748     0.059193    -0.372803   0.00472626     0.757917     0.200215     0.582293    -0.427445     0.256289    -0.684866     0.633426    -0.603174    0.0978455    -0.383513     0.646547    -0.120581
   -0.447481     0.433202    -0.200307      0.32769    0.0250879   -0.0585425    -0.448662    -0.227374 -0.000185824    -0.441586       0.5688     0.149527     0.236277    -0.195486    -0.147699   -0.0938751    0.0137043     0.122529    -0.295499    0.0894374      0.12351    -0.538871     0.307935     0.186103      0.39405   -0.0217048    0.0446484    0.0192978     0.236545    -0.121493    -0.209144     0.254374
  -0.0466781    -0.459698     0.111047    -0.948236     0.854179     0.001365    -0.110779    -0.215757     0.931054    0.0807201      1.18338     0.986907    0.0802842     0.674524    -0.868276     0.297258    0.0418204    -0.126936     0.666159     0.100289      0.32218    -0.260325     0.316317    -0.296707      0.87931    -0.686512   -0.0780081      0.35949     0.278638    0.0613357    -0.319998    0.0151498
   -0.227579     0.150212     0.863338    -0.656556    -0.207814    -0.802796    0.0499084     -1.32027    -0.768868    -0.763444     0.390051     0.972293     0.258874   -0.0389033    -0.623527    -0.326522     0.388977      -1.3965    -0.305327      2.12541    -0.347504    -0.402931     -1.14556    -0.205899      1.16738    -0.130943     0.180115    -0.604372     0.484471    0.0806839     0.222166     -1.16854
    0.476061   -0.0791209     -1.15433     0.551673    -0.301657    -0.127363     0.368347      -0.2401     0.148036     0.303529      1.27419   -0.0895901     -1.16514     -1.37634    -0.476206     0.299927    -0.328014      1.04512    -0.596375     0.604613    -0.721118     0.253442    -0.433701    -0.194204     0.368912    -0.565195     -0.28739     0.518951     0.101357     0.449804      0.88102     0.639386
   -0.593054    -0.745852     0.802422    0.0989648   -0.0172658   0.00997503    -0.228017     -0.61828    -0.162179    0.0693785    -0.028651     0.390936     -1.12873      1.01321    -0.514645     0.662726    -0.069516     0.899416     0.141646     0.612605     0.640473    -0.459114    -0.944393    0.0577953    -0.698665    0.0188631    -0.160357    -0.167671     0.565426     -0.73361    -0.517054     0.287094
     0.44263      1.26594      1.68054     0.541158     0.861002    -0.310645     0.228661     0.721979     -0.62239    -0.202472     0.948011     0.428801     0.373782     -0.42115     0.625234     0.729537    0.0308536     0.217998     -1.21941    -0.140557     -1.61626    -0.371058    -0.272755      0.30123    0.0192459    -0.547888     0.153017    -0.170293    -0.564369    0.0551631     0.286622      1.45049
   -0.386972    -0.017151     0.124186     0.843712     -2.41226     0.177275     0.342968     0.660334      0.14912     0.762903      1.62006     0.804124     -1.30057      -1.0159    -0.659018     -1.22919      1.78119      2.56556    -0.546314     -2.06337     0.826825     -0.61834    -0.909227     -1.59634     -1.41183      1.50558     0.728042    -0.223263     -1.19671     -1.48934     -1.89461     0.738572
    -0.82691    -0.474518     0.340542   -0.0722975     0.372804    -0.694931    0.0472826    -0.877373    -0.225155     -0.53894      1.01354      1.01404       0.7986    -0.396112     0.126788    -0.698596     0.168355     0.245153     -0.26335     0.502154     -0.20982    0.0596558    -0.418167     0.936264  -0.00422834     -0.97945     0.446982     -0.19333     0.346609     0.407079     -0.88867    -0.389458
   -0.346636     0.773334      -1.7428    -0.195861      1.35608      1.46529     0.474229     0.262131    -0.844088      1.38938      1.13133     0.846431     0.704545    -0.193337     -1.00152       1.1089    -0.403691     0.160663     0.288227     -1.37101     0.584523    -0.692404     -0.25758    -0.866443     0.671189     -1.56569      1.07625     0.954798     0.610574     0.210695      1.01449     0.325272
   -0.172209     0.769811    -0.179494     0.317018     0.230397     0.188329    -0.047758     0.252633     0.217749     0.340238     -0.11132    -0.351331     0.614544    -0.424831    -0.170553    -0.261455     0.320259    -0.491404    -0.283382    -0.273678     0.141577  -0.00547709     0.149413   -0.0573723     0.173077    -0.278484     0.387855    -0.179128      0.46234    -0.105143    -0.289333    -0.100179
    0.175049     0.158151    0.0689801     0.386111     0.405162    0.0754734     0.513013     0.275964     0.206167    -0.191861    0.0981765     0.367613      0.64989    -0.431886      0.19204     0.274292     0.699723     0.158214    -0.188537     0.307856     0.278895    -0.325015     0.312415    -0.781677      0.37308      0.65621     0.687377     0.010857     0.267363    -0.286021    -0.069678     0.344692
    0.542692    -0.237305    -0.405984    0.0520209    -0.570481    -0.754455    -0.230551    -0.273117      0.21435    -0.470181    -0.289607     0.832839     0.463126    -0.767718    0.0191882    -0.269543   -0.0582679     0.191243    -0.486499    -0.381198    -0.206458    -0.473195     0.387791     -0.85676     0.225531    -0.501984       0.5797     -0.56986     0.402432       0.5769   -0.0803113    0.0869051
   -0.215757     0.257018     -0.24503     0.225717     -0.19096    -0.210174    -0.201715     0.254681    -0.100648    -0.261822    -0.468924    -0.514626    0.0931851     0.269542     0.309952     0.314577     0.449392    -0.178871    0.0400267   -0.0243358    -0.125953     -0.35208     0.330329   -0.0549518    -0.332269   -0.0106518     -0.29158     0.231936     0.129153    0.0538457     -0.12834     -0.34079
    -0.13832    -0.182535     0.366518     0.444512     0.603567     0.934233     0.103833     0.446588    -0.407611    -0.428327     0.277183    0.0601788    -0.126503    0.0651751    -0.070987    -0.175499    -0.164278   -0.0831927    -0.147739    -0.653356    -0.690703     -0.63595     0.746166   -0.0857619    -0.571171   -0.0726925      0.45306    -0.651754     0.614184    0.0419163    0.0691859    -0.359374
    0.657414    -0.153567     0.411038    -0.300912    -0.300334     0.339944    -0.589268     0.215636     0.807592     0.309175     0.268112    0.0988149    -0.295441    -0.101671  -0.00535622      0.16979    0.0795669    -0.111157   -0.0313016   -0.0290034    0.0604458    -0.843445    -0.585981     0.164836    -0.550175     0.342019      -1.1276    0.0214813     0.769009     0.151405   -0.0524027     0.445031
     1.61292     -1.01215    -0.243209   -0.0704779   -0.0351794     -2.22886     -1.29217   -0.0885981   -0.0325901     -1.65248      1.92048     0.888894    -0.166158    -0.330898    -0.637509     0.841843    -0.421642      0.96769    -0.707326    -0.383858     -1.79524    -0.417362    0.0465005     0.845742    -0.910393     -1.02883       1.6989    -0.467383     -1.40295      1.60367      1.16031      2.39347
    0.285485    -0.604355     -1.03473    -0.135965     0.489767    -0.305013      0.99578    -0.124984     0.473366     0.580224     0.106005     0.449975     0.984992    -0.109983    -0.954582    0.0114787     0.254514     -0.86927     -0.42238    -0.139547     0.025908    -0.438047     0.391535    -0.139563     0.907376     -1.04727     0.026835     0.238917    -0.428998     0.456104     0.029382    -0.205922
     -1.0633    -0.360286    -0.356227     0.287724      1.42505    -0.932798    -0.238438     -0.35682     -1.94237     0.468481      2.23621    -0.501884      1.75608   -0.0841114      1.20049     -1.83139      0.33402     0.439116     -2.22246     0.373246   -0.0178951    -0.810769     -0.84742     0.983807     0.822548     -1.94531      1.99835     0.504373     -1.57158     0.772193     -0.14241     0.520726
   -0.748984     0.293808   -0.0148699     0.646843     -1.36996     0.263682     0.214275   -0.0322321    -0.736784    -0.884575    -0.497517    -0.367879     0.724083     -1.27523     -1.66187    0.0703328     0.321631     0.095826     -1.49544       1.8652    -0.656388     0.762446      1.12317    -0.657759    0.0279765     0.660995    -0.407381    0.0157927    -0.356359    -0.966978     0.909565    -0.117793
   0.0657234    -0.284382     0.134558    -0.419935     0.212792    -0.111572    0.0970436    -0.206364     -0.17596    -0.461148    0.0882804    0.0353387     0.486707     0.643141     0.014807     0.278865     0.377313     -0.20462    -0.242279     0.177233     0.037015     0.202878     0.634778    0.0323607    0.0567462    -0.250642     0.259178     0.385689   -0.0667061      0.12581     0.178561    -0.148871
     0.79458      1.36659     0.651231    0.0717089    -0.394159    -0.474804     0.147905    -0.179471   -0.0645944    -0.239961    -0.723635     0.350652     0.634069    -0.456288    -0.412238     0.621723    -0.428694    -0.391712    -0.256453     0.919629    -0.233761    -0.269739     0.526002    -0.375265      1.21583     0.459388     0.216251     0.335058     0.609295    -0.648129    -0.198256    -0.599615
    0.426788    -0.580285      1.04843      -0.4065     0.506597    -0.434623     0.370481   -0.0445883     0.259124    -0.693081    -0.175526     0.121228     0.433287     0.873301    -0.454852    0.0787986     -0.58709    -0.129767     0.258288     0.107055    -0.196452    -0.502116    -0.372287    0.0408432    0.0249652    -0.015857     -0.32549     0.118485    -0.079523    -0.473449    -0.478128     0.442308
    0.661115      0.45194     -1.08874    -0.723549      0.72788    -0.445645    -0.247769    -0.663046    -0.904723    -0.495502    -0.128329     0.478578      0.43036     0.778922    -0.350979     0.450052     0.300749   -0.0150439     -0.30253    -0.126939    -0.408796    -0.208075     0.554374    -0.151457    0.0142668     -1.71477     0.462042     0.786501     0.454857      0.38469     0.539225     0.742582
   -0.553953     0.388661    -0.072816    -0.193139    -0.270883    -0.397764     0.185208    -0.133832   -0.0381693    0.0632885    0.0491871    0.0821687    -0.369994   -0.0271423    -0.309977   -0.0623574   -0.0963492     0.490485   -0.0253072     0.555937    0.0248203     0.252076    -0.137451    0.0657436     0.395887    -0.199788    -0.463815     0.225502    0.0324615     0.653199    -0.487865    -0.140839
    0.658441     0.753655    -0.613279    0.0878621      0.54583      0.20466     0.383677    -0.219285    -0.181839     0.277572     0.822582     0.483999     0.372572     -1.01561    -0.294099     0.148908    -0.250651   -0.0700031     0.111738     0.577033    -0.938506    -0.170856     0.098737     0.566705      1.00069     -0.58335     0.491233    -0.164725      -1.0183     0.407157     0.250824     0.627099
  -0.0879646    -0.436054    -0.907301     0.278064     0.792859    -0.499926   -0.0503483    -0.415225   -0.0434924    -0.988859     0.448294    -0.404971    -0.436299    -0.584695    0.0523233     -1.19374      0.53102     0.521355    -0.411553     0.376651     -0.17863      1.03162 -0.000236188    -0.213429     0.512254      1.06492      1.02153  -0.00685689    -0.624238     0.827216      1.26676    -0.343054
     1.37102     -1.80417     0.560626     -0.27073     0.994309    -0.681221    -0.541158     -1.08757     0.204659     0.640252      1.65273      0.38001     0.696508    0.0739245     -0.28548   -0.0725922     0.712595     0.199313     0.598504     0.122403      0.62606     -1.97569     -1.71397     0.347556    -0.438451       0.7678      0.83176     0.983422    -0.378081    0.0433227    -0.566909    -0.364527
  -0.0451986    -0.389573    -0.601854    -0.232769     0.483787     0.488368     -0.37979     0.317825    0.0562597     0.124105      0.57457    0.0874935    -0.355715    -0.328548    -0.500818    -0.134412    -0.651271    0.0883129     0.519156    -0.596905    0.0788392     0.226918    -0.179561    0.0891898    -0.267447      1.18798    -0.104571    -0.217831    -0.106891     0.459754    0.0287163    -0.123033
     0.61128    -0.204379    -0.579041    -0.475543    -0.151102   -0.0617738    -0.420983    -0.416292     0.285293    0.0284811     0.160352     0.249348   -0.0414003     0.170378     0.531622     0.173686    0.0224924    -0.869767     0.526466     0.150346     0.356728    -0.836619     -0.45239   0.00974612    -0.514425     0.482825    -0.656731   -0.0685625     0.134537    -0.460162     0.254886    -0.171004
   -0.377451     0.500218     0.398108    0.0756994     0.306936     0.380443     0.822737      0.55436    -0.254056     0.240302     0.992219    -0.710388     0.540903   -0.0602332     0.840135     0.289366     0.434003     0.491526     -0.51491    -0.361276     0.219552    -0.593872    -0.948317     0.675703     0.257116     0.200375    -0.238947    0.0306312    0.0703754    -0.569481    -0.910776     0.353228
     1.02735    -0.819462    -0.426084      1.23918    0.0600216     0.045323   0.00776378     0.464991    -0.153943     0.062317    -0.928534    -0.859373      1.22405    -0.931141     -1.08765      0.40396    -0.454818    -0.329912    -0.100808      0.39829    -0.138135    -0.891081     0.889565    -0.705614   -0.0332962     0.325374     0.541673     0.671203    -0.663193     0.638643      0.73926    0.0721092
    0.335896    0.0587239    -0.220832    0.0507919     0.674098    0.0617037    -0.478772    -0.494833     0.236067      0.47652    0.0465023     0.400334    -0.112758     -0.10998   -0.0250522    -0.560875    0.0509591   -0.0624014      0.11779    -0.528984     0.299645     0.143329    -0.212073    0.0437132      0.29972     -0.42042     0.575475     0.467146    -0.354256     0.542173    -0.169989    0.0900259
   -0.373759     0.143927     0.139675    -0.375486      0.49423    -0.128918    -0.200656     0.409935    -0.297169    -0.443431     0.152311     -0.58635     -0.28079    -0.276734      1.43525     -0.36095     0.793959     0.304444    -0.552391     0.320762     0.015148   -0.0561708      -1.1862     0.217904     0.230428   -0.0545409    -0.615551     0.120361     0.669946    -0.502551     0.350512     0.775127
   0.0984667     0.106101    -0.509397     0.205124    -0.227629    -0.335059    -0.289352    -0.137454     0.722966     0.250866   -0.0549157     0.165169    -0.418025     0.217011    -0.360814    -0.356875    -0.525308    -0.236191      1.07768     0.669111     -0.45731      0.31096   -0.0737852    0.0650188     0.544809     0.600816     0.119193    0.0245835    -0.136969   -0.0894739    -0.295359     0.320361
     0.27124     0.417057     0.336997     0.427381      -1.1464     0.671021     0.653916   0.00406686   -0.0879674     -0.16984    -0.534393        1.116     0.227947    -0.100233    -0.791891        1.033     -0.48086    -0.479137     0.572586      1.20676     0.282125    -0.156195     0.599137    -0.406211     0.129741    0.0694523    -0.120058    -0.682278      -0.3651    -0.312493    -0.313471     0.796486
  -0.0976606    -0.567802     0.332091    0.0606329    -0.183968     0.459016    -0.471061    -0.117518   -0.0236131    -0.519133   -0.0454907     0.526964    -0.416499     0.199103    0.0434564     0.389686     0.361632     0.802511     0.202421   -0.0542916    0.0636891   -0.0512559    0.0748045    -0.670715     -1.12174    -0.267907    -0.138802    -0.204482     -0.20094   -0.0246868    -0.382568     0.721954
    0.245956    -0.539335      1.38928      1.53373     -0.17677     0.426551     -0.82724     0.562622    -0.755682     0.452167     0.246422     -1.08733     0.634689    -0.165506     0.184003     0.211157     0.434166      1.41286      -1.4909    0.0705664     0.621622    -0.704151    0.0111694    0.0779974    -0.505469     0.686793    -0.359364     0.607014     0.664559    -0.479722     0.284824       0.8056
   0.0928696   -0.0464038     0.683807     0.373894     0.927295     0.650072   -0.0881224     -1.12829      2.81244    -0.197388    0.0281644     0.764761     0.576439     0.400932     -1.01734      0.88627      2.12433     -1.22403    -0.621487      1.33745   0.00681738     0.518137   -0.0869353    -0.429828      2.02743      1.34641     -1.22679     0.762397     -0.88736     0.472865     0.182245     0.796433
    0.923167     -0.36455     -0.42295    -0.644746     0.215774    -0.559828    -0.126746     0.660364    -0.138485    -0.452005     0.416665   -0.0726745     0.536076    -0.808466     0.512624     0.332113    -0.308812     0.151998    -0.769248     0.151843     0.387608     -1.05905     0.251111    -0.280378    -0.539882     0.118078     0.399888    -0.553014      0.75718   -0.0596666    -0.840635     0.422194
    0.176638    -0.477179    -0.694614     0.246395    -0.425927   -0.0377131     0.696137     0.418946     0.186844     0.161849     0.331923    -0.161331   -0.0870522    -0.119986    -0.309354     0.079314    -0.308263    -0.413637   -0.0311638        0.509     0.624307     0.388513    0.0719715     0.516928    -0.106071     0.167214    -0.264178    -0.378335    -0.130773    -0.183457     0.102631     0.302301
    -2.07015     -1.40552     0.868048    -0.751563     0.516977      1.06284      1.63882    -0.372258     0.603265     -1.55355      0.30093     0.195227      2.87375     0.936447     -1.09264     -2.24277    -0.102336    -0.121015     0.355573     0.544813    -0.600345    -0.110045       1.5791     0.741558      1.06512     0.883583      2.39954     0.931606      0.26179        -2.22    0.0526997     -1.56632
    -1.13206    -0.843042     0.675183      1.30875      0.49117      1.14343     0.660008     0.115523      -1.3011    -0.634591    -0.288517    -0.295122     0.168371     0.136299    -0.731235    -0.366127     0.487727     0.461716    -0.754177    -0.246563     0.460863     0.330115    -0.171879     -1.09743     -1.20303     0.718724   0.00829464      0.40003      0.71111     -0.15391    -0.318569     -1.01572
   -0.434393     0.396284     0.491839     0.212513    0.0510383     0.207537     -0.12203    0.0433413    -0.376793     0.284716    0.0705371    -0.153512     0.412641   -0.0447293     0.392964     0.113847    0.0312028    -0.366195    -0.744421    -0.603719    -0.386439    -0.334327   -0.0655765     0.548157   -0.0609592     0.376594    -0.354239     0.520145     0.470068    0.0246597    -0.704886    0.0221171
   -0.914656     0.291926   -0.0109124     0.937377     0.397403     0.703053     0.617181     0.384768     -1.82046    -0.371643      1.10245     -1.04117     0.594931     -1.71265     0.525563     -0.72709    -0.484099      1.51785    -0.363467     0.786652    0.0113013    -0.497543   -0.0210345     0.485622     0.247321      1.38535      1.37975     0.609461    0.0142397    -0.118695     0.784977     0.672756
    0.998916    -0.238941     0.985355      1.08415     0.631796    -0.240894    -0.823157    0.0852008    -0.751691     0.946636     0.677301    -0.281295    -0.346341      1.08412     0.478816     0.810929     -0.29676      0.72442    -0.691059     -1.33891     -1.46669      0.57093     -1.32318       0.9275     0.118534    -0.344645     0.924039     0.110518    -0.537166     0.581431     -1.37114      1.24341
   0.0297028   -0.0422738    -0.660762     0.482342    -0.171801   -0.0218572    -0.389546     0.386783     0.507431     0.167772     0.212595      0.50653     0.171859     0.771067    -0.455178    -0.230536    -0.502106    -0.284063    -0.223587    -0.811557    -0.322553     0.373745     0.458411     0.698911     -0.15743     -0.83824     0.106121    -0.107195     -0.35028     0.498515     0.567531     0.155389
   -0.633331    -0.605984    -0.329051    0.0910174     0.404455    0.0122508     0.476517    -0.289002     0.277348   -0.0926648   -0.0195809    -0.163072    -0.119265     0.609737     -0.42639    -0.434467    0.0142585    -0.383225    0.0659478    0.0574709     0.378436     0.407385    0.0459869    -0.553876    0.0902797     0.428603     0.166751     0.270204    -0.457617    -0.253757    -0.225015    -0.323912
    0.468988    -0.380991     0.485349     0.492314     0.297756      0.28472   0.00524202    -0.506885     0.206885  -0.00188517    -0.218757    -0.129543    -0.069763    0.0129569    -0.396426     0.145294   -0.0191938     0.164405    -0.465687     0.119486   -0.0125029     0.145207    -0.367169     0.490828    0.0325949    -0.109823     0.118971    -0.145191    -0.220848     -0.13454    -0.361954     0.446046
    0.195617     0.889985     0.504058      1.29611    -0.398703     -1.26064    -0.143632    -0.153815    -0.146999     -1.38829    -0.593664     -1.14194      0.38714     -1.11625     0.341407     -1.58191     0.154719     0.349165     -1.31857     0.275922    -0.506967    -0.941638    -0.336383    -0.919476     0.312034      1.15428   0.00961129      1.22649     0.851669     0.668043    -0.676475    -0.151602
     -1.1249      0.89675      1.18626      1.40698      1.10349     0.980527     -1.26211     -1.20383     0.739717    0.0584823     -0.51546     0.290117    -0.448551      1.54781      0.40111      1.01684    -0.240445    -0.548693    -0.645934    -0.336745     0.517583    -0.561582      1.15666     0.558785   -0.0133462     -1.72877      -0.7292    -0.750229    -0.572947    -0.647332     0.399402    -0.166725
    0.820489     -1.24348       1.1875    -0.393608     -0.11953    -0.209094     0.376665       0.4417      1.13089   -0.0544367    -0.240377    -0.584976    -0.313783      1.86688      0.77441     0.712889    -0.430224    -0.717902     0.151376     -0.15144     0.442963    -0.155769   0.00466982      0.36796     0.299503     0.455982    -0.357104    -0.492895     0.229523    -0.267384     -1.44641    -0.279487
    0.415163     0.756825    -0.732382    0.0683288    -0.219326     0.200041      1.18193    -0.617375     -0.62947      0.76693    0.0610335   -0.0173443   0.00498928      0.54306    -0.702127    -0.435476   -0.0495007   -0.0363176    -0.634249      1.05309     0.732541     0.203831     0.589765     -1.01288    -0.664701      1.26866      0.10687     0.333956     0.206217    -0.762404     -1.01699     -1.16901
    0.600908     0.166003     0.111894    -0.194716    -0.828408      0.51221    -0.354185      0.46184    -0.338876    -0.455316     -0.98187     0.412718    0.0617728     0.847919     -0.16063      0.76147      0.57433    -0.956124     0.425083    -0.221065     0.706819    -0.207841     0.484047    -0.683921     -0.12763     0.351133    -0.557994     -0.72892    -0.209737    -0.868958    -0.640776    -0.767834
    -1.92773     -2.44951     0.359371      1.61219     0.869014      1.51625     0.260213    -0.629102     -1.89975      2.68115       1.1766     0.403217      1.46628      1.05844     0.957966     0.720551     0.738812     0.148817     0.965044      1.67919      2.56008     -1.87254    -0.249937      2.85544      -1.4855    -0.146492     -1.13019     0.191124   -0.0188033    -0.823403      1.51533    -0.407029
  -0.0403788     0.117996    -0.424001     0.805208    -0.383002     0.887789   -0.0134752     0.409876    -0.297092     0.572293    -0.040978    -0.998447     0.211512    0.0871176    -0.146651    -0.379829    -0.908891     0.409193    0.0507824    -0.451755     -0.46823    -0.280633     0.253405     0.732216    0.0555108    -0.402625    -0.252623     0.830033      0.16638     -1.26599     0.503746     0.197842
   -0.210612    0.0703394   -0.0575996    -0.447711    -0.730852    -0.914495    -0.161663     0.113306    -0.348034   -0.0815066     0.220531     0.253349     0.723251    -0.792933     0.232425    -0.767361     0.510678    0.0148074    -0.892439      1.44947   0.00356284     0.075822     0.480064    0.0562152     0.432145     0.181381    -0.754157    0.0191992    0.0745274     0.414758      0.40416    -0.964646
     1.07442    -0.930269      1.46886    0.0689358     0.703052    -0.753136   -0.0962827    -0.416983     0.368291     -1.20342    -0.351413     0.419764    -0.738231     0.579227     0.397718     0.644215     0.328788     0.369645     0.501715      0.39372     0.505903    -0.120575     0.329503    -0.713151    -0.390851     0.597262    0.0378739     0.374448      1.01364    -0.111866    -0.468012     0.605802
   -0.107705   -0.0178368    0.0246734    -0.568357     0.641109     0.229984    -0.432895    -0.256096    0.0477131   -0.0368411    0.0895967     0.548825     0.151755     0.630356     0.467982    -0.151453     0.253291     0.247474    0.0503635   -0.0866917     0.209723    -0.550191    -0.232506    -0.306132     0.495901    -0.912554     0.215028    -0.630902    -0.617346     0.503389      0.85071    -0.297447
   -0.132972    -0.199847     0.290962    -0.172968    0.0939279    -0.129281     0.295528    -0.221746   -0.0655838     0.157762    -0.220389     0.197181     0.711972     0.357344   -0.0401097     0.229962    -0.163967   -0.0903285    0.0584464   -0.0923489     0.114791    0.0167828     0.212328     0.237625    0.0472805    -0.142065     0.293878    0.0718544    -0.188694      0.16524   -0.0816259     0.209286
    0.210952    -0.165455     0.201324    0.0215365     -0.51588    -0.178801     0.675997      0.14515     0.602218     0.254755    -0.657311    0.0813348     0.376237     0.184237    -0.481078     0.787767    -0.199517     0.605459    -0.258889      1.07876    -0.580735    -0.122814     0.508691    -0.206037     0.287954    0.0253781     0.500287     0.294372     -0.99446     0.517762     0.235664    -0.204063
   -0.818023     0.569578    -0.412415     0.619753      -0.8113     -0.25914    -0.391291    -0.236153     0.467782     0.300914     0.440468    -0.135831    -0.342186     -1.07818     0.233038    -0.611604   -0.0447608    0.0238046   -0.0323251     0.556405    -0.781243     0.702617    -0.382673     0.526622     0.640335     0.298602    0.0422373    -0.352007    -0.728662     0.249841    -0.233628    -0.382893
    0.111982     0.276933     0.608001    0.0568463    -0.296462    0.0837601   0.00428785     0.581928     0.249725   -0.0590416    -0.360084     0.446159    -0.171372    -0.222445  0.000455603    -0.394306     0.350457    -0.450871     0.633695     0.458925      0.29265     0.783479    0.0427985    -0.243894    -0.309116     -0.21761     0.608069     -0.40486      -0.5494     0.542094    -0.420685    -0.259054
    0.821396     0.846474    0.0324298    0.0696259    -0.519967    -0.517893     0.480468    -0.133896     0.110387    0.0475276    -0.701027    -0.295403     0.551756    -0.484313    -0.949846     -1.10377     0.385217    -0.586693     0.255598      1.38589    -0.613613     -1.03723   -0.0303214    -0.517471     0.278899     0.173872     0.192449     0.300202      1.47601     0.912651    -0.919845    -0.238035
    0.706207     0.272986    -0.382796      0.14175    -0.546684    -0.543043     0.644433     0.476939    -0.214052     0.279811    -0.791177     0.173285    -0.459666    -0.470541      0.15188     0.117432    0.0976474  -0.00679895     0.443756     0.401712    0.0923932    -0.176052      1.13725      0.28359    0.0567122     0.616387   -0.0859524      0.55345     0.746586    -0.620927     0.151324    -0.497296
