   0.0510692    -0.266756    0.0446243     0.154537   -0.0550912     0.265948     0.627981   -0.0100071    -0.350671    -0.109638     0.159883     0.759617     0.356677   -0.0805345    -0.211527   -0.0510034     0.127358     0.341759    0.0527648   -0.0432943     0.416639    -0.415668    -0.190485     -0.14258     0.167227     0.192918     -0.27974    0.0229375     -0.22469 -0.000878528    0.0274678     0.373233
   -0.355144    -0.139194     0.188919    -0.219673     0.164406     0.243552   -0.0733541     0.179885    -0.386266      0.29733    0.0414381    -0.126547    -0.313719      0.07453    0.0749428    -0.401619     0.390788     0.413874     0.035809   -0.0945954   -0.0891999    -0.157253    0.0788594     0.193364     0.179627    -0.119726    -0.297615    -0.143842    -0.200395     0.225897     0.270969    0.0995987
    0.391217   -0.0879074     0.268013    0.0207706   -0.0272535    -0.083853    0.0148212   -0.0489633    -0.229924    -0.235352     0.192452     0.481787     0.162848     0.214126    0.0310342  -0.00524117     0.120405   -0.0265312      0.28724  -0.00677691     0.136592    -0.318766   -0.0821691   -0.0536971    -0.189337    0.0594659    -0.138079   -0.0283409    -0.197573     0.228399     0.298109     0.187106
   -0.049795    0.0319409      0.29305    -0.295447   -0.0412568    -0.134248      0.11601     -0.40516     0.206134   -0.0708571     -0.11944   0.00450318    -0.287306    -0.182744     0.306289    -0.171385    -0.413416    0.0406636     0.249792    -0.315406    -0.250915     0.316765     0.430712   -0.0547692     0.542721     0.491412     0.310591     0.151468     0.075068    0.0830315    -0.259197     -0.13304
   0.0637321    0.0308247     0.329013    -0.208871    -0.142519     -0.22456    -0.010285     0.173902    -0.234707    0.0325764    0.0924621   -0.0295422   -0.0176476     0.106654    0.0519296    -0.157355    -0.270942   -0.0128079     0.184319    0.0690043     0.140068    0.0541266    -0.135311    -0.126669     0.285476   0.00525652   -0.0939879    0.0140237  0.000628241   -0.0315687   -0.0282613    -0.182846
    0.212694    -0.033012     0.282913     -0.13726     0.136761    -0.056992    -0.278496    -0.319935   -0.0990378   -0.0240018     0.306923     0.199093     0.339067   -0.0987173     0.296786   -0.0131129    -0.150918    -0.123376     0.373642     0.373079    -0.116913    0.0397569   -0.0474342    0.0662441    0.0358352     0.116319     0.154146    -0.332615    0.0518011    0.0908153    -0.242269   -0.0340614
  -0.0592994    0.0854445     0.068597  -0.00949627    -0.054115   -0.0389551  -0.00433825    -0.100874    -0.376566   0.00528097     0.206139      -0.2429    -0.265562    -0.054448     0.444184    0.0390589    -0.213986     0.132421     0.251538   -0.0946499    0.0357594   -0.0441962    -0.067746     -0.25166      0.31721    -0.337777     0.052556    -0.145432     0.296396   -0.0476708    0.0053076    0.0162203
    0.133554     0.041795   -0.0903361  -0.00977811     0.069733    -0.111347    0.0848965       0.1901   -0.0596689      0.27535     0.122058     0.681844     0.151863   0.00343254   -0.0376961    -0.102508   -0.0134965    0.0464741     0.330517     0.384145     0.278557    0.0816767    -0.304914     0.153591    0.0608098    0.0393633    0.0421136     0.220169   -0.0737252     0.180007      0.41181    -0.208564
   -0.148323     0.276959     0.129245    0.0222321  -0.00278552    -0.207663   -0.0773728     0.208461   -0.0876039     0.209622    0.0137597    -0.340567    -0.231442      0.16791      0.22831     0.257842    0.0083568   -0.0127439     0.367791    -0.318045    -0.268319    -0.043855     0.142344    0.0933252    0.0927454    0.0873474  -0.00539721    -0.112017    -0.292388   -0.0516077    0.0118386     0.165392
   -0.243329    -0.139846    -0.412541     0.339783   0.00400347   -0.0139146     -0.19395   -0.0147777    -0.225154      0.43459    -0.128866     0.299655    0.0330492     0.112482      0.18953   0.00556051     0.105034     0.310466    0.0367085    0.0874414     0.219856     0.246619    0.0199384     0.165314    -0.207892    -0.100218    -0.118959     -0.21436    -0.133447    0.0779378    0.0585686    -0.519735
   -0.191492     -0.17936    -0.127229    -0.278903     0.110013    -0.154547     -0.13086    -0.275797  -0.00641056   -0.0292288  -0.00143948     0.151024     0.192755     0.137537    0.0246098     0.125395    -0.114758   -0.0815519    0.0463849    -0.370755     0.227144   -0.0892997    -0.335359   -0.0165602     0.162061     0.159473    0.0999125   -0.0164152    0.0828533     0.263804    -0.211474    -0.298761
    0.218549    0.0179068    0.0814768     0.117818   -0.0742129     0.152771    -0.117297     0.195313     -0.43022    0.0614059     0.101631     0.169346    -0.212529     0.114659      0.02697    0.0408103   -0.0400453     0.139957   -0.0770676   -0.0627016   -0.0576957     0.383513     0.194645     0.230237   -0.0794764     0.180087     0.185686   -0.0514908    0.0464258    -0.106774    0.0287259     0.185678
   0.0860921    -0.109282   -0.0919316     0.335998    -0.487587   0.00328379    -0.246787     0.072682  -0.00302575     0.382111    -0.129381    -0.114437     0.353052     0.100477     0.238065    -0.270462     0.129265    -0.160004     0.186045    0.0653821    0.0230623     0.345205   -0.0802526     0.201959      0.48161    -0.378441   -0.0421041   -0.0427353    0.0569971     -0.34555   -0.0705613    0.0454677
  -0.0937277   -0.0236601   -0.0988234      0.26132  -0.00183434    0.0538761     0.229721     0.197611    -0.125794   -0.0334951    -0.100495    -0.335321    -0.416851   -0.0818659     0.237209    0.0801516     0.026133   0.00248803    0.0139607    -0.136113   -0.0831261    0.0248043    0.0952981    -0.204768     0.623113    -0.181824    0.0755387     -0.22465   -0.0809903   -0.0964686    -0.138018    0.0826895
  -0.0359952    -0.220506   -0.0753078     0.122392   -0.0718595    0.0248274     0.184372   -0.0992567      0.15276    0.0656141   0.00440673     0.134616     0.186711    -0.115613     0.166088   -0.0350106     0.182874    0.0728744     0.184552     0.259998     0.421085    -0.265421     0.119394    -0.347529     0.264638    0.0715448    -0.152043    0.0193878     0.200066     0.199706     0.133407    -0.232839
  -0.0335246    0.0032892    0.0808719     0.232603     0.268543    -0.173457     0.215154  -0.00302611     0.138217    -0.251007      0.17074    -0.194889      0.04211    0.0830827      0.18543     0.205123     0.138525    -0.177187     0.207292    -0.195671   -0.0351803    -0.124655     0.190864    -0.390925     0.247202     0.258971   -0.0230123        0.126   0.00675856     0.466839    -0.337388    -0.366686
   0.0838822    -0.169633     0.156861     0.484034    -0.255689     0.137584   -0.0451299    -0.346699   -0.0975813     0.163636    0.0435143      0.80832     0.631013     0.212627     0.170055    -0.107759     0.162049    0.0877802     0.386197    -0.125915     0.768213     0.173693    -0.365659    -0.110199   -0.0933422     0.199532     0.210835     0.285564     0.124994    0.0722375   -0.0603156   -0.0968845
   -0.197134    -0.214591   -0.0368149     0.105213    -0.032927     -0.31443    -0.196119   0.00748606    -0.443236  -0.00363232     0.224259   -0.0783947    0.0237636     0.262176     0.255833    0.0110781   -0.0670404     0.507771      -0.1271      -0.0458     0.302431    0.0703185    -0.326864    -0.124618     0.116753    -0.121524   -0.0782296     0.538594    0.0537062  -0.00709879     0.199492    -0.148076
  0.00393717     0.143145    -0.126009    -0.174546     0.121278    0.0432487     -0.17134      -0.0258    -0.061905    -0.291436  -0.00218378     0.158455   -0.0684089   0.00824349    0.0631166    0.0734137    -0.062339     0.136532    0.0902021      0.13073   -0.0672902    0.0533013     -0.34868   -0.0838672    0.0613049    -0.221686     0.345989   0.00167063     0.157241   -0.0118509   -0.0397917     0.246652
   0.0373123    -0.115258     0.104487     0.464271     0.160825    -0.114349     0.246233   -0.0124066     0.212887    0.0153945 -0.000967438    -0.400268     -0.19602    0.0760745     0.194401     0.264355   -0.0292774   -0.0314033    -0.337966   -0.0693204   -0.0832755     0.282188     0.218417      0.18976   -0.0681432    -0.206729    0.0376014    0.0856965    0.0446615  0.000212933   0.00345873     0.101886
   0.0289756     0.316918   -0.0945698     0.232593    -0.178545   0.00311249      0.27254     0.321805    -0.147832      0.41719    -0.190905  -0.00920117     0.241372   -0.0722485    -0.281942    0.0421769     0.342323    -0.191991     0.265909    -0.119149     0.355561    0.0689716     0.118776    -0.238315  -0.00197951    -0.536694     0.129788    -0.296907    0.0515295    0.0224324   -0.0402576     0.304054
      0.1745      0.44754    -0.182028    0.0129418    -0.190894    -0.110067    0.0219739   -0.0650573   -0.0595169     0.425177    0.0463819     0.171386     0.477915    -0.166877     0.210266    -0.130868     0.177222      0.14942    0.0425159   -0.0760163    -0.078028    -0.482499     0.115394    -0.310298    -0.199168    -0.203559     0.175592     0.248919    0.0456228    0.0291962     0.628469    0.0182992
  -0.0811396     0.197824    -0.113283    -0.332589     0.436784    -0.185574   -0.0192814    0.0286123     0.153156     0.305735     0.474182     -0.11129    0.0951031    -0.371415   0.00516416     0.153437    -0.118602    -0.189702     0.526671   -0.0793736   -0.0947732  -0.00570888    0.0862772    0.0565217    -0.255484     0.456166     -0.23213   -0.0128388    0.0256511      0.21927  -0.00083745     0.156507
  -0.0598199  -0.00945478    -0.167345    0.0412722    -0.107145   -0.0593918    0.0888653    0.0418297    -0.151726    0.0436745     0.228528    0.0245168    0.0820145    -0.131716     0.414116    0.0671296    -0.632572    -0.298108     0.325732     0.107615    0.0860152    -0.329505      0.16622     0.387846     0.114568    0.0847321     -0.22843    -0.121485    -0.321613     0.320522       -0.223    -0.150864
    0.167421     -0.36291      0.20827    -0.142101    0.0796488     0.265233    0.0748163     -0.07429      0.55162    -0.314104     0.104187    0.0171157    -0.252383    -0.228778   -0.0736737     0.378431      0.20351    -0.229257    -0.357913    -0.218354     -0.10337   -0.0854091     0.333509    -0.160402     0.210972    0.0260483   -0.0291072     0.137252    0.0854397     0.205351    0.0395746   -0.0648547
    -0.21729     0.293794    0.0837764   -0.0264523     0.125059    0.0394806     0.205839     0.420029     0.194091    0.0728065     0.256706     0.163443     0.138879   -0.0605287    -0.162856    0.0866738     0.366325    0.0201122    0.0193141    -0.293493    0.0929025     0.011896     0.155534     0.021132    0.0946814    0.0440357     0.155176    -0.266196    -0.432953     0.257464     0.182267    -0.184399
   0.0388936    -0.109968     -0.11067      0.49573   -0.0401615     0.175075     0.151123    -0.121872    -0.117382     0.271969   -0.0482832      0.37277     0.741112    -0.232653     0.169848    0.0115047     0.113594     0.395682     0.275284     0.136709     0.329596    0.0649158     -0.26463    0.0718799    0.0112225     0.145347     0.123378      0.31318     0.124016   -0.0716398    0.0755872     0.179426
   0.0171108    -0.220843    -0.208592   -0.0617119    0.0887652     0.149274    -0.174025     -0.19829    0.0669716    -0.212855    -0.161911   -0.0504187     0.125683    0.0627136   -0.0220776     0.159574  -0.00143412     0.169464   -0.0135057     0.111135     0.169238    -0.168547   -0.0452797    -0.124048     0.145849    -0.144433     0.276157    -0.336462     0.340443    0.0754246    -0.181221    0.0755473
   0.0765528     0.200618    -0.018363    -0.221156    0.0965118     0.103415     0.232075    0.0641168     -0.23063    0.0342663    -0.213972   -0.0393442    0.0586386    0.0760353    0.0126437    -0.125688    -0.145993     0.139612    0.0700419     0.157901    -0.276429    -0.240094    -0.219323   -0.0335856   0.00229524    -0.018467     0.280106    -0.246529      0.29898    0.0127239   -0.0505029    0.0458748
  -0.0491642     0.131246      0.13849   -0.0269042    -0.254505    -0.197191    0.0274429   -0.0961068    0.0415383    -0.271393     0.341321    -0.234732    -0.186773    -0.314571    0.0152233    -0.177649   -0.0736433   -0.0287071     0.410576    -0.164764    -0.289889   -0.0841928     0.136906     0.166176     0.174795    -0.246717    0.0555031     0.303499    -0.288635     0.105574     0.253076  -0.00157248
  0.00857828    0.0471249     0.123861   -0.0359747    0.0312395  -0.00929227    0.0517731   -0.0732939     0.145233   -0.0971985     0.049212   0.00646775     0.101066    -0.326802    0.0249509    -0.166116   -0.0668626   0.00118965   -0.0242005   -0.0112103    -0.196319     0.173381    0.0457922     0.136827    0.0578819    0.0661035  -0.00765543  -0.00347305    -0.237288     0.178976     0.219174   -0.0327427
      0.1072   -0.0791274     0.105693    -0.330992     0.245827     0.223102     0.645808    -0.287794     0.225545   -0.0179733     0.345816    -0.307096    0.0796528      0.16228     0.248363     0.280078    0.0115851    0.0480348     -0.14252     0.210227     0.237717    -0.216842    -0.122642      0.12334     0.383932     0.265185   0.00625693    -0.236886    0.0235717     0.192016    -0.226064     0.197681
  -0.0172233     0.271423   -0.0320637   -0.0565141    0.0748077    -0.043223     0.199212     0.223431   -0.0460785      0.21022    -0.118435     0.234977    -0.384152   0.00558382    -0.127863     0.087657     0.048841     0.143418    -0.106944   -0.0348693     0.114074    0.0585602   0.00789113     0.139818    -0.190253    0.0540718   -0.0570631    0.0288375    0.0247816     0.153391    0.0810071      0.23927
   -0.330963    -0.279174     0.231898     0.283634    -0.331984     0.317338     0.359278    -0.321965   -0.0473127     0.206515    0.0318648    -0.256368    -0.287217     0.544841  -0.00199055     0.244724   -0.0693045    -0.117585    -0.111892     0.141147    -0.352459    0.0357051     -0.00777    0.0999642   -0.0642978    -0.221448     0.153465    0.0739678     0.445604    0.0227613    -0.118589    0.0465232
    0.166282    0.0561346    -0.278755     0.106778    -0.130001     0.179546    -0.058072   -0.0251249    -0.282391   -0.0942565    -0.307517    0.0406199    -0.185017    -0.234413  -0.00581524    -0.182895   0.00642476    0.0486222   -0.0466689     0.133242    -0.110389   -0.0534572    -0.194395   -0.0640791    0.0278854     0.197207     0.080248     0.106052    0.0604344    -0.359186    0.0718778    -0.115485
  -0.0148713     0.117308    -0.109664   -0.0151752    0.0174753   -0.0553446    -0.107076    -0.342899    0.0517522    0.0618725    0.0820208   -0.0706426     0.135464     0.240654  -0.00418741     0.145755     0.165702    -0.357135     0.254963    -0.127716     0.173529   -0.0593447  -0.00115219    -0.269912    -0.318364     0.209043   -0.0537662    -0.322761    -0.262275   -0.0492283    0.0299815    -0.273302
   0.0134071   -0.0178808    0.0318197   -0.0504949    0.0716371    -0.243369    0.0033941    -0.115025     0.114825     -0.19148     0.129693    -0.197278    -0.206623     0.163945       0.2582    -0.162751     0.235643   -0.0326616    -0.124899   -0.0441876       0.1709   -0.0473461   -0.0317172     0.199658    -0.027614   -0.0539056    0.0403861     0.219028     0.130697     0.324369   -0.0663017   -0.0455216
    0.237453    -0.494884     0.369458     0.624582   -0.0164378    -0.146332    0.0750633    -0.124243     0.194543    0.0199919    0.0615049     0.100843     0.217271    0.0318772     0.315365    0.0927312     0.013932      0.10327     -0.29836   -0.0381098     0.142346     0.256961    -0.133491    -0.118995    0.0644145     0.268681  -0.00958117     0.244873     0.259592    -0.131619     -0.24845     0.284664
    0.227323     0.021441     0.225418    0.0640073    0.0614366     -0.20083      0.54184     -0.12616     0.291777     0.190462     0.439154     0.151617     0.247421   -0.0432187     0.219635     0.124996    0.0613672     0.137694     0.214822    -0.231857   0.00209621    -0.121202    -0.420994   -0.0804876     0.285146     0.305154   -0.0292515     -0.21251     0.145988     0.286772    -0.189516   -0.0711729
  -0.0929586    -0.237737     0.126236     0.192403      0.15662     0.097773     0.154225     0.155572      0.31839     0.197273    -0.240304    -0.166357    0.0418193    0.0118197    0.0349604      0.23327     0.157706  -0.00844854    0.0142695    -0.185732    0.0520479     0.394655     0.161973     0.219427     0.123535    0.0665416     0.295208     0.158524    -0.149754    -0.183415    0.0126112   -0.0471332
  -0.0792609   -0.0222529    0.0354571     0.417388     0.209304    -0.210306     0.264646    -0.203238   -0.0835156    -0.142853    0.0692694     0.224529    0.0414886     -0.10212    -0.123255    -0.106724     0.051318   -0.0527104     0.394396      0.21686    -0.127375  -0.00287973   -0.0982028    0.0303791     0.353996     0.275949      0.15371     0.083776     0.199228    -0.231768    -0.242276    -0.175778
    0.145618    0.0491655     0.268816    0.0416682    -0.080951    -0.154154    -0.411737    0.0682211     0.298548     -0.12701     0.212243     0.175247    0.0336419   -0.0221373     0.175926     0.132359     0.141302      0.27702   -0.0238084   -0.0809869     0.320432    0.0963841   -0.0490276    -0.176635    -0.294473    0.0690478     0.173716     0.179849    -0.236892    -0.120672    0.0972736    -0.252929
   0.0681786   -0.0344415     0.160775     0.174194   -0.0715422    0.0345161   -0.0857717    -0.400573     0.166661   -0.0536411     0.162419    -0.114752    0.0849383    -0.286856   -0.0914774    -0.232876    -0.241699     0.153046     0.207986     0.176713    0.0170863    -0.236397    -0.181518    -0.115816   -0.0708952    -0.181632    -0.211229    -0.193683    -0.175503    0.0502306     0.128621   -0.0450594
  0.00960855   -0.0854234   -0.0539314    0.0659021    -0.202148    -0.174991     0.106736    0.0353238    0.0600872    -0.035019     0.218062    0.0210929    -0.147134   -0.0308585     0.112371    -0.201574    0.0636819    0.0796677     0.132407   -0.0824934    -0.180151    0.0269146     0.139124    -0.163272    0.0351701    0.0760805   -0.0540217   0.00679733    -0.218699    0.0177634    0.0694947    -0.337717
   0.0159245   -0.0510014    -0.210402    -0.163896      -0.2024     0.206838   -0.0773052    0.0675276   -0.0578891    0.0680301   -0.0581117     -0.31033    0.0268483     0.316748     0.361471    -0.248711    -0.101451    -0.111547    0.0137034     0.284357    0.0490855    0.0205607    0.0722011   -0.0790656     0.462315    -0.133623     0.181126  -0.00359176    -0.199904   -0.0570159    -0.101122    -0.182553
   -0.333143    0.0598137      -0.1028    -0.285075    -0.144888   -0.0471749    -0.160939    0.0977057     0.279195   -0.0707265   -0.0549398    0.0157711     0.100833     0.168588     0.116387      0.12223      0.08206   -0.0958138     0.238879   -0.0131939     0.274445   -0.0992263    -0.243314     0.044707    0.0473226     0.115627   -0.0319902   -0.0338583     0.129966   -0.0250594    -0.240274    -0.154972
  -0.0868581    0.0720489    -0.290887     0.177584   -0.0327412     0.402071    -0.338916     0.149228    -0.218871   -0.0442224    -0.400738    -0.166528    0.0470282     0.213641    -0.379168   -0.0382341     0.275475     0.325194    -0.371806     0.204414    -0.234507    -0.182502   -0.0523589   -0.0597119    -0.379971     0.163627     0.429887     0.103476     0.131444     0.175838    -0.375739     0.350278
   -0.122352     0.303563    0.0996013   -0.0832616   -0.0222249    -0.203688    0.0731839    -0.249491    -0.142833   0.00356369   0.00208081    -0.125835   -0.0531095    -0.187359   -0.0246484     0.110564   -0.0346262     0.168381     0.336647    -0.401041     0.347397    -0.124328     0.203069     -0.22561     0.212473   -0.0523663     0.298784     0.118549    -0.372773    -0.246576      0.15191    -0.085794
    0.239106    0.0116908    -0.218481    -0.063725    -0.550363  -0.00554227     0.254699     0.210222    0.0830483      0.39049    -0.123878   -0.0495109     0.120397     0.183547     0.146253    0.0669299   -0.0284515     0.211173    -0.554293     0.248188     0.127657    -0.262285   -0.0198848    -0.196032   -0.0156054    -0.260445    -0.482073    -0.025706    -0.202026     0.169943     0.147122      0.14091
   -0.192619     0.154746     0.059199   0.00519194     0.174615     0.119204   -0.0524791   0.00654646   -0.0651215   -0.0395942   -0.0539404   -0.0492813     0.417217      0.22109  -0.00859378     0.200529     0.345678     0.119797    0.0776628    0.0919586    -0.147606    0.0236044  -0.00497894    0.0614954    -0.211576    -0.306281     0.133801 -0.000519567    -0.219751     0.332895     0.287172    -0.116444
    0.185969    -0.126142   -0.0527185     0.110055  -0.00545403    -0.325474    0.0172521     0.161046     0.203723    0.0634265     0.265064     0.424562   -0.0417941    -0.323358     0.134368  -0.00728845    -0.090876    0.0743926     0.491941    -0.108871     0.230498   -0.0326233    -0.167712   -0.0986271    0.0957535    -0.137378    -0.098807     0.205404   -0.0659595    0.0635657     0.190574   -0.0492126
    0.121578    0.0420097     0.190461     0.148274  -0.00471657      0.23066    -0.166557    -0.101168     0.285169    0.0175281    0.0502635     0.455901     0.120727   -0.0305037     0.147407     0.418244    0.0218401    0.0980382     0.150957    0.0810551     0.016007      0.35576    0.0243932   -0.0419014     0.143361     0.162084      0.19935   -0.0238768     0.244785    0.0368631    0.0747935   -0.0131946
   -0.110895   -0.0795205    -0.203785    0.0314391    -0.323463   -0.0794008    0.0768036     0.272879    -0.126865     0.134406     0.327087     0.470566     0.221186    0.0842156    -0.196622    -0.252131    0.0732698     0.485539     0.225759    -0.125119    0.0732784    -0.023736   -0.0573131    -0.151354   -0.0572634     0.400815     0.173675     0.156054    0.0522298    0.0721824   -0.0922589     0.250182
   -0.297561    0.0984964    -0.033542    -0.397612     -0.13562    0.0776076     0.439062     0.206503     0.112467   -0.0116722     0.319617     0.215114     0.736547     0.217199    -0.231572   -0.0176545     0.120924   -0.0248736    0.0398855     0.467407     0.213737    -0.274809     0.118244        0.138   -0.0231199     0.444742     0.117051    -0.220569    -0.486866     0.661447    0.0649422    -0.027725
  -0.0222456    0.0552628   -0.0380308    0.0975799     0.140706    -0.147054     0.191695   -0.0580834   -0.0422453     0.112938    0.0876235    -0.031111    -0.013306    0.0662557     0.380966    -0.104956   -0.0154485     0.163932    -0.073453   -0.0423706    -0.322559   -0.0232789    -0.101875   -0.0490713    0.0475521  -0.00358419    0.0922168   -0.0958121     0.173585    0.0995375   0.00564332    -0.405682
   0.0792325     0.113843    0.0611611    0.0492241    -0.227032    -0.248224     0.242775   -0.0653456     0.303129     0.125974     0.257444   -0.0838986     0.202432    -0.280995    0.0151516     0.119979   -0.0221244    -0.487756    -0.270628     0.119285    0.0796427    0.0735198     0.180398   -0.0177305    -0.128205   -0.0550746    -0.380084    -0.138807    -0.203068    0.0293391     -0.21261     0.153263
    0.228363  -0.00532916    -0.365133    -0.105703     0.088825   -0.0535573    -0.222682      0.23574   0.00702044    0.0810304     0.151039     0.285949     0.323176    -0.588782    -0.121268     0.012574    -0.127186    0.0303304     0.320212    -0.146626    0.0653582     0.391936     0.324505     0.216157    -0.427755     0.100256     0.059111    0.0746201     0.378732     0.158947    -0.259719     0.123374
    0.056457     0.129035    -0.123228    -0.195186    -0.163683    -0.167349    0.0744638   -0.0941139     0.101361    0.0249545    -0.138952    -0.216983     0.226369    0.0805783    0.0510934    0.0138339   -0.0791974   -0.0813593  -0.00972129    0.0336156    0.0529243     0.277866     0.480077    -0.108671     0.211312    -0.308763    -0.283139    0.0377043    -0.241662    -0.420653     0.182283   -0.0322945
   -0.229358   -0.0553256    0.0405475    0.0402978     0.112127    -0.276741     0.230986     -0.45415     0.211103     0.262495    0.0824416     0.188809     0.199976    -0.195155    -0.090973     0.089609    -0.005734     -0.30203   -0.0221488     0.127728  -0.00376082     0.168939    -0.164087    -0.117035   -0.0450339     0.148879    0.0475878     0.122998     0.118293    -0.075987    -0.272662    0.0618313
-4.36666e-05   -0.0733716     0.022458    -0.344839     0.210745    -0.227075    0.0592542    -0.060633    -0.183617    0.0631855   -0.0712473    -0.197178    -0.148332     0.388986     0.154354    -0.105949    -0.140359   -0.0250295      0.30774     0.075579   -0.0610714  -0.00719968    -0.116286     0.168397     0.469341    -0.152266    0.0747055      0.17654     -0.21073   -0.0921462    0.0415359     0.110428
   -0.290721    0.0175423   -0.0907854   -0.0579992   -0.0616278    -0.268055    0.0795759    -0.330127    0.0676068    -0.205346     0.306002    -0.101174     0.344222   -0.0965413    -0.086241    -0.188174     0.219656     0.189722    0.0720515   -0.0651517     0.102942    -0.396441     0.100642    -0.373152      0.30216   -0.0517122   -0.0618576    -0.555746   -0.0306041    0.0119159    -0.194813      0.11836
   -0.170949     0.332024    -0.223534   -0.0900752   -0.0564498   -0.0921372   -0.0271426     0.223299  -0.00598273   0.00902426     0.118049   -0.0130323    -0.107014   -0.0808038   -0.0457925    0.0877882    0.0815609   -0.0250818    0.0456258    -0.252237   -0.0698467    -0.213762    0.0687257   -0.0365425    0.0771732     0.107079     0.030066     0.115161   -0.0157347     0.224161    -0.331846    -0.403057
   0.0609699    0.0605618     0.146818     0.172652    -0.158164    0.0112695     0.107883    -0.192194     0.398878    0.0612857     0.160273    0.0230443     0.283197    -0.548695     0.206851   -0.0935449     -0.22879    -0.288501    0.0859426    -0.171291      0.14269    -0.098696     0.144963   -0.0636605    0.0346957   -0.0312984   -0.0914713     0.159978    0.0173665   0.00175618    0.0803603     0.034322
  -0.0356516     0.296642     0.331359     0.434555   -0.0481581     0.145872     0.318737    -0.101713     0.032792    -0.144293      0.02757    -0.189632    -0.226572   -0.0969356     -0.13158    0.0537932    -0.195802    0.0934229    -0.033075   -0.0855285    0.0422989     0.151861     0.250321   -0.0909683     0.160301     0.270151    -0.013954     0.207313     0.138824   -0.0888749   -0.0955525     0.185863
    0.022183     0.309733    0.0467772     0.127231     0.076056   -0.0652979    0.0584947    0.0432141   -0.0171972    -0.113707    0.0246029   -0.0688723    0.0184727      0.13291  -0.00641202     0.205552    0.0699989    -0.186125     0.161321   -0.0605117     0.240887   -0.0506381   -0.0192102     0.255087     0.115433    -0.160274   0.00141858    0.0607055   -0.0547038   -0.0486038     0.241574    -0.097958
   0.0567565  -0.00451993   -0.0427795    0.0758434   0.00606639    0.0791596     0.151469     0.291156   -0.0235734    0.0569548     0.170145     0.336121     0.488593     0.161047     0.161174    0.0548794    0.0638644     0.241096     0.487388     0.232125    -0.201061    0.0774894     0.116584     0.303046     0.545363    0.0998746   -0.0538199     0.150746     0.124055   -0.0942469    -0.251683    0.0217683
   -0.116641    -0.107065    -0.222057     0.372075    -0.207139    0.0654604   -0.0297253    -0.241677    -0.306777    0.0247699     0.188436     0.617445    -0.153083   -0.0820025      0.43323    -0.128176     0.138496     0.211522     0.153005    0.0974164     0.334334     0.165216    -0.296073     0.186297    -0.187774     0.273225  -0.00884973     0.166423   -0.0281679    -0.161762   -0.0231538    0.0297186
   -0.327053     0.339164    -0.105303    0.0938924    -0.130073     0.347785    -0.067071     0.422588    -0.463561     0.168153    -0.396395    -0.349636    -0.304605     0.163036     0.494384    0.0984127     0.265042     0.131495   -0.0630722    -0.234052    -0.196867    0.0780834   -0.0156052     0.293605     0.404168    0.0253792    0.0606372     0.317709    -0.157784   -0.0143872     0.415917    0.0539127
   0.0913159    0.0780523    -0.304655    -0.150522     0.132353     -0.13658   -0.0569993     0.283331    -0.216883    0.0152653     0.273731    -0.239878    -0.041868   -0.0141534   -0.0630882    0.0192866     0.365916     0.192351  -0.00106609    0.0326542    0.0689341   -0.0522015    -0.119072    0.0179498    -0.118261    -0.417154   -0.0928091     -0.32109     0.101118     0.377196     -0.08656    0.0854943
   0.0673741   0.00742159   0.00227997   -0.0216874   -0.0345109    0.0599629     0.250015     0.295787    0.0945703    -0.110267    -0.305328     0.364927     0.140699    -0.076532    -0.285327      0.21908     0.273444    -0.150545    -0.149072   -0.0414725     0.128319     0.299037    0.0936484    -0.278612     0.457899  -0.00442391     0.138246     0.216344    -0.111226   -0.0368315     0.251454    -0.191275
   -0.335764   -0.0459901    0.0871792    0.0383785    -0.247633    -0.224766     0.284094     0.162638    -0.195876    -0.621742    -0.389746     0.251667    0.0745178    0.0546787   -0.0413275  0.000754277  -0.00912354    0.0302452    0.0489118     0.356691    0.0635974     0.160996   -0.0721116    0.0172053    -0.109424     0.113027     0.262025   -0.0349658     0.136604     0.313257     0.171416    -0.271892
   -0.115618     0.338721    0.0279175     0.259503     0.210206   0.00990768     0.126583   -0.0287438   -0.0413752   -0.0451309    -0.145367    0.0604455    -0.104438   -0.0478904   -0.0423366    0.0232834     0.125898     0.275097    -0.105683     0.149715   0.00727212   -0.0692647   -0.0755336    -0.116613      0.10357     0.568799     0.102736   -0.0605532    -0.119541     0.155074   -0.0896998     0.156455
   -0.368504      0.33161     0.158092    -0.266843     0.365589    -0.033995    -0.303772   -0.0895406    -0.242282    -0.018715    -0.196257     0.134051   0.00554637       0.4123     0.414714    -0.120282   -0.0356986     0.243295     0.342668     0.120739    -0.241211     0.267448    0.0600898     0.102705     0.507937    0.0471136    -0.244733     0.123981     -0.11511   -0.0795901    -0.271668    -0.609382
  -0.0308901    0.0329872     0.383601    -0.206038     0.408581    0.0345339    0.0835709    0.0775667   -0.0299416    -0.403968    -0.197476    -0.197393    -0.252929    -0.548878   0.00591642    -0.037194   -0.0506564    -0.300909     0.058696   -0.0999375   -0.0580086    -0.500067     0.299219    0.0434416    -0.309617   -0.0780164       0.3966    -0.184345     0.142807   -0.0402003    0.0795634  -0.00665683
      -0.115     0.527051     0.264579    0.0146317     0.138398    -0.148653     0.076282     -0.28806    -0.389618     0.103041    -0.261505    -0.171442    -0.172269   -0.0891942     0.435502    -0.140609     0.306869    0.0485405   -0.0480679    -0.505432    -0.479296   -0.0237819   -0.0451855    -0.238312     0.180067    -0.139743     0.123491    -0.115433    0.0566756    -0.284136    0.0255427     0.329164
    0.136383    0.0356674     0.248235     0.265076   -0.0733402     0.132125     0.175451   -0.0178459    0.0132088    -0.212809     0.190204    0.0332896    -0.187283     0.134948    0.0807911     0.128294    -0.114183    -0.109296     0.142724    0.0678394    0.0494883    -0.323871    0.0721436    -0.302663    -0.052273    -0.119707     -0.27954      -0.1591    0.0216084     0.184442    -0.238384    -0.182788
   -0.240701     0.287554      0.14138     0.201406     -0.42276    -0.112429    -0.152148     0.113485   -0.0301267    -0.071175    -0.084326     -0.16252    0.0905699    -0.351344    0.0852066     0.054708     0.026386   -0.0459733    0.0800328    -0.169943    -0.181881     0.148482    -0.222552    0.0802806    -0.235508     0.173605    0.0491754    0.0146546    0.0893174    -0.160891     0.118889    -0.224655
    0.189062    -0.189971    -0.026263    -0.251958   0.00299439     0.049757    -0.239521    0.0142823  -0.00683352   -0.0720475    0.0036694    -0.174384    -0.300466   -0.0384611     0.126617    -0.121148    -0.142939      0.13351     0.168346     0.195334   -0.0182821     0.197357     0.255799    -0.110659   -0.0376936    -0.233731   -0.0983424     0.138231     0.134219   -0.0150792  -0.00181753    -0.149291
   -0.137569     -0.12925   -0.0829025     0.071568    0.0316363   -0.0315501    -0.281445  -0.00809126   -0.0104639     0.262301     0.378198    0.0314456    0.0607708    0.0540981     0.168134   -0.0595761     0.155314     0.111457      0.28973    0.0155302    -0.053942     0.158958    0.0360651    0.0878933   -0.0141853     0.186563     0.171153   -0.0504947     0.135748     0.241221    -0.189879     0.198268
    0.100014   -0.0391611    -0.220329     0.157243     -0.10937   -0.0907737     0.224895     0.171655     0.169151  -0.00360275     0.248497   -0.0663912   -0.0505268     -0.39517    -0.128535   -0.0231721    0.0122367    -0.158279   -0.0953017     0.190968     0.384234   -0.0374577     0.199475    -0.459902     0.156356    -0.322492   -0.0999614    -0.165964    0.0801587   -0.0852395     0.170573    -0.114757
  -0.0433561   0.00766188    0.0336622    0.0115903    -0.359845     0.302968     0.130398    0.0773388    0.0639872    -0.202713    -0.313007    -0.109141      0.31458     0.342556    0.0839922    -0.431449    0.0928758   -0.0485863   -0.0578129     0.352428    -0.109532  -0.00534225    -0.159507    -0.465197   -0.0613637    -0.410898     0.053832    -0.276485     0.104258  0.000809359     0.320348    -0.240054
  -0.0066597    0.0630926    -0.101296    0.0735745    -0.363865    -0.122934   -0.0523213    -0.393392   -0.0766168     0.407293     0.118527    0.0609263   -0.0198217    -0.110033    -0.163351    -0.196893    -0.137688    0.0994298    0.0239403   0.00140335     0.288655    0.0292231     0.170826    -0.280959     0.115739    0.0247702    -0.433057      0.16635    0.0353294    -0.152157     0.214084    -0.673996
   -0.118303   -0.0416043      0.22043     0.241052   0.00893405    -0.180028    0.0671358     0.246775     0.108155     0.249708     0.293041    -0.132038    -0.385308      0.40754     0.131531   -0.0562137     0.133517    -0.153707   -0.0873763     0.246169    0.0507642   -0.0388234     0.151934    -0.257198    -0.319068    0.0879762     0.178544     0.141948   -0.0230237  -0.00801379     0.136292    -0.112774
    0.117087   0.00317223     0.131211     -0.13687    -0.184611    -0.202336     0.190524      0.34143    -0.325132    -0.032664   -0.0131367      0.22353     0.295661     0.395176   -0.0405062     -0.13283    0.0936733    0.0347982  -0.00875442     0.234243     0.221986     -0.30542    -0.102409   -0.0740029    0.0163117    -0.143845    -0.100805     -0.11485     0.116366    0.0612039   0.00740052    0.0823532
    0.219235    0.0824112    0.0917838     0.183651     0.106205   -0.0892676     0.018891     0.416712    0.0131836     0.117996     0.139286     0.135385   -0.0484155    -0.167897   -0.0215882     0.212769    -0.061508      0.28273   -0.0338713      0.20592     0.282862    0.0201224     0.133991   -0.0178604    0.0698736    0.0940473    0.0332474     0.206278   -0.0340566     0.275663    -0.112631    -0.326684
    0.168408   -0.0328067    0.0372347     0.240319     0.166711    -0.294196    -0.319286    -0.403531     -0.28923      0.14423     0.029343      -0.2507   -0.0282807   0.00370847     0.337015    0.0503679   -0.0689824     0.325516    -0.158159    -0.219494     0.171506    0.0178829     -0.14177     0.174772    -0.107834     0.114795    -0.079832     0.214253   -0.0305622    -0.418438     0.182536  -0.00972467
   -0.180905    -0.139334    -0.187278  -0.00570737    -0.297566    -0.213557       0.2444    0.0725577     0.224317    0.0147035   -0.0583152    -0.296046 -0.000269404  -0.00445367    -0.137539   -0.0654681    -0.012343     0.151593     -0.14959    -0.157076   0.00288884   -0.0467079    0.0602273    0.0541685     0.109613    -0.187134    -0.252665   -0.0139773    0.0736473     0.152696     0.395713    -0.145329
   0.0162026    0.0922446     0.193131     0.032633    -0.152535     0.108849     0.176398    0.0365418   -0.0440339     0.149903     0.100726    -0.256275    -0.283776    0.0720038   -0.0168358     0.229047     -0.18419    -0.169947    -0.161942     0.210168    -0.109464     0.110919   -0.0854002     0.227566     0.052938    -0.114104     0.102826    0.0857048    0.0418707     0.138274     0.080867    0.0322617
   -0.134134     0.243096    -0.324226     0.175416    -0.134627    0.0152407    0.0608121    0.0193358     0.165247     0.122566     0.232496    0.0232862     0.129249    0.0195784   -0.0560739      0.19896     0.122022   -0.0778043     0.184374    -0.318687     0.268396    0.0909716    -0.175857    -0.313903      0.39084   -0.0595779   -0.0371518    -0.169442    -0.061545   -0.0752033    -0.201784    -0.347798
 -0.00403984    -0.352737   -0.0749936    0.0916337    -0.193182    -0.194835    -0.278393    -0.140867    -0.058301    -0.129156     0.179992  0.000111878    -0.329941   -0.0103487     0.230841     0.210646    -0.245419    -0.161319   -0.0282856    -0.293035    -0.150872    0.0590792   -0.0303871   -0.0294531    -0.240035   -0.0119752   -0.0939394    -0.510704   -0.0238017     0.165338    0.0815455    0.0969572
    0.108053     0.326196    -0.150145    -0.193116   -0.0281963    -0.296979     0.078831    0.0122454     0.309295     0.147228     0.253779     0.179213     0.224119    -0.377516    -0.337323    0.0636441     0.298948    0.0901027    0.0758558    -0.241125    0.0844045     0.117611   -0.0866613     0.145351    -0.579885      0.26759     0.246213   -0.0971718    -0.213526     0.158251    -0.104677    0.0286554
   -0.162145   0.00917699     0.267635     0.320098    -0.227059    0.0679544    -0.233728    0.0760657   -0.0139707     0.118939   -0.0806324    -0.154356   -0.0522425   -0.0284917   -0.0793926     0.171498    0.0509899    0.0915989    -0.304411     0.272862    -0.357795    -0.074251  -0.00614494    -0.203883    0.0228884    -0.354296    0.0959971    -0.380042     0.391906     0.159638    -0.167215     0.384943
    0.117063    -0.161726    0.0107516     0.323576    0.0434911   -0.0904299    0.0400576     0.122967     0.231118    -0.005277    -0.285836     0.151266     0.196977    0.0876698     0.158921    0.0486436     0.158428    -0.218242    -0.274671    0.0410516     0.156623   0.00838359    -0.191416    0.0748918    0.0597799    -0.158896    0.0630295 -0.000543722  -0.00143786    0.0941343    -0.245736    -0.111303
   -0.234703    0.0588685     0.185784   -0.0360905      0.14559   -0.0386716     0.384189   0.00361951    -0.109084   0.00704696    -0.289045    0.0271392    -0.434831   -0.0847093    -0.303083    -0.134267   -0.0660033     0.053658    0.0474194     0.156428    0.0229655    0.0672051   -0.0974498    -0.105105    0.0553356    -0.022921    -0.283667   -0.0235265     0.189898    0.0761462      0.32872     0.204634
  -0.0623278     0.105055    -0.119837     0.218189     -0.14228    -0.119966      0.15271    0.0795455     0.283751     0.236722     0.106106    -0.135325     0.159177   -0.0812528    0.0392309     0.156734   -0.0159748    -0.271986     0.153007     0.187079     0.117975    -0.191538    -0.289231     0.124241     0.258033     0.135958     0.112377     0.114781     -0.12602   -0.0646421     0.352738     -0.27899
   -0.311365    0.0670482     -0.30567     0.242207     0.167125       0.1145     0.148294    -0.141174    0.0873429     0.265469    0.0781093    0.0908175     0.232307   -0.0676629   -0.0768428     0.111009    0.0963301     0.112872   -0.0166718     0.316816    0.0985929    -0.197467  -0.00448221     0.341155    0.0918416     0.230599    -0.027417   -0.0225663      0.13676     0.162784    0.0612848    -0.412294
   -0.156218     0.015166    0.0140323    -0.182064    -0.237595   -0.0354256   -0.0251135     0.123376     0.250692     0.199102     0.108352     0.131989    -0.122759     0.029357   -0.0171803   -0.0815938    -0.219353    -0.030213  -0.00812079    0.0265367     0.356742    -0.333372     0.310232   -0.0989409    -0.133519     0.379265     -0.34769    0.0912935    -0.376321    -0.151231     0.385162  -0.00735974
   0.0994381    -0.124424   -0.0637232     0.106898     0.479893  -0.00618144    -0.284817    -0.461096   -0.0273263     0.164079    -0.398743     0.281176     0.203617     0.096304   -0.0655883   -0.0185855    0.0478802    -0.287828    -0.286615    -0.173658   -0.0519073    -0.322038     0.115155    0.0501732      0.26365   0.00719376    -0.314403    -0.290143    0.0392894    -0.189061    -0.254597    -0.223536
    0.143983    -0.160624   -0.0251204      0.22923    0.0789913     0.163542    0.0722404    -0.288974     0.415315  -0.00962293     0.249847    -0.125737     -0.12629    -0.108514    -0.175997    0.0141926    -0.157254   -0.0280263    0.0603126    -0.373556   -0.0440816   -0.0693129     0.020342   -0.0611172   -0.0623544    -0.215545   -0.0173908    -0.215214     0.161743     0.172604     0.123359     0.124456
   0.0503487   -0.0845516    -0.127173    0.0680021     0.149324    0.0279967     0.236861   -0.0141172     0.157604    -0.155268     0.352671     0.122443      0.16938    0.0741684    -0.414878     0.137749     -0.19257    -0.258583   -0.0172452     0.292605    -0.141993    -0.107521    -0.209535    -0.046907     0.114154    -0.312786    -0.100066    -0.125112    -0.198287     0.190691    -0.130161    -0.035657
  -0.0173065   -0.0682978   -0.0153738    0.0353218   -0.0139994     0.134323    0.0447109     0.146764     0.160643     0.096111    -0.355422    -0.266196    0.0541625  0.000431415   -0.0524027    0.0936766    -0.147623     0.270727    -0.256371     -0.24142    -0.554872     0.137099     0.191427     0.190207   -0.0867556   -0.0597491     0.189304   -0.0454355    0.0215133    -0.288978     0.307968    0.0037155
   -0.137563   -0.0307141     0.330929     0.261759   -0.0384607    0.0595217    -0.167555     0.468039     0.308162     0.369101     0.135811     0.475539   -0.0126143    -0.129631    0.0469548     0.164658     0.118589    0.0529969     0.154001     0.267228     0.095341     0.332803     0.226738     0.149739   -0.0689498    0.0992419     0.268835   -0.0138021    0.0896127   -0.0808106    -0.195165     0.326228
   -0.199344      0.33445    -0.190996     0.094733    0.0553653   -0.0573863     0.191365    0.0212812    -0.114282     0.129687    -0.146044     0.178754    -0.467327   -0.0930829    0.0596618    -0.033493     0.016278     0.173703   -0.0100923    -0.155853   -0.0620758    -0.271294     0.104881    -0.083224     0.219438   -0.0629519     0.373624    -0.192963     -0.22262     0.123317     0.154713    -0.305626
  -0.0491227     0.447092  -0.00318436     0.196519    -0.146978     -0.31301     0.121561  -0.00969107    0.0589504    0.0674007     0.104687   -0.0585234    0.0421034   -0.0563276     0.273723   -0.0947028    0.0567217      0.24025     0.194409    -0.300541    -0.138722   -0.0562952   -0.0631884   -0.0897473     0.079532    0.0305249   -0.0703382    0.0824749    0.0425482    -0.262817    0.0827031    -0.165936
    0.324833   0.00608685   0.00998229    -0.208606    -0.360064   -0.0926787   -0.0649046    0.0142443   -0.0031658     0.480354    -0.179812    -0.173846    0.0570509    -0.560415     0.181981    -0.148939     -0.13262      0.18727    -0.174166    -0.241817     0.147697     0.681164    0.0277076    -0.152904     0.364592    -0.214284    -0.255096     0.640262  -0.00315537    -0.297917   0.00816087    -0.294608
   0.0755451     0.234094     0.281691    -0.127469   0.00460534     0.215501    0.0785165    0.0371739    -0.105108   0.00343628    0.0671796    0.0433293    -0.302619     0.298134     0.436351   -0.0899426     0.105624    -0.140137     0.354738     0.136869     0.265965       0.1246     0.138061   -0.0810182   0.00474073     0.196637    -0.310997     0.144924    0.0718436    -0.165246     0.337078    -0.293775
   -0.127754    -0.449318    0.0136552     0.266694   -0.0231081   -0.0132301     0.172508     0.141125     0.293839     0.133578    -0.020534     0.513076     0.326576     0.322269     0.225851    0.0918834     0.205693    0.0525866    -0.101291     0.328955     0.164432     0.201218    -0.135447   -0.0327067     0.412692    -0.179151    -0.126488      0.15303     0.135226    0.0341375    -0.173957     0.062867
   0.0676705    -0.168489    0.0908258     0.234706    -0.111636    0.0194426     0.265702     0.026201     0.406294     0.423889   0.00121173   -0.0270732     0.285894     0.091804    -0.166086     0.478841     0.350064    -0.109556    -0.390751    -0.208853     0.296114     0.175453    0.0889087    -0.396694    -0.421719    -0.407155     0.076111    -0.201469      0.41733     0.240254    0.0221742   -0.0772072
   -0.215498    0.0760692  0.000209903     0.373524     0.172566    -0.194044     0.441244   -0.0857147     0.411265   -0.0152793  -0.00679452     0.190749  -0.00360908    0.0852168   -0.0478252      0.14134     0.180734    -0.203738     0.168577   0.00210207   -0.0931186      0.21568     0.305918    -0.244101     0.280949    0.0324262     -0.10136    -0.118787   -0.0983026    -0.115057 -2.89724e-05    -0.199766
   -0.104365    -0.142404     0.071607  0.000725561    -0.313426    0.0821077     0.298681    -0.147261    0.0404726    -0.136323   -0.0296139     0.179985   -0.0610321     0.100373     0.254329    0.0042496   -0.0854091   -0.0237353     0.188125   0.00847984   -0.0913948   -0.0646978    0.0321169    -0.287868     0.223266    -0.210503     0.142411   -0.0642383     0.122754    -0.249496    -0.303279     0.137733
    0.233819    -0.319663    -0.150277     0.193744   -0.0765702    -0.285709    -0.267852     0.222999    -0.076114    0.0449693    0.0455607    0.0513256    -0.105102    0.0831894    -0.020016    0.0909102   -0.0835892    -0.121046   -0.0313948    -0.049529    -0.198572        0.162     0.171307     0.310355    -0.431917     0.120907    -0.237989    0.0834545     0.026654   -0.0829202   -0.0504049     0.218817
    -0.14823    -0.165918    -0.147687    -0.235582   -0.0909636   0.00897979    -0.397342   -0.0567002    -0.109332    -0.132844     0.307887     0.346872    0.0917876     0.228426   -0.0173993    -0.105397    0.0283296    -0.103017     0.389955     0.174985    -0.122377   -0.0600304    -0.395889     0.302014    -0.035151    0.0362312    0.0671986   -0.0515543    -0.195887    0.0146245     -0.11989     0.170587
    -0.21131     0.156908    -0.082451    -0.123858     -0.32571    -0.113807     0.257307      0.15956   -0.0449548     0.140502     0.120285   -0.0612253    -0.171603     0.134435     0.222827     0.317319     0.255767   -0.0475377     0.113622     -0.10463     -0.19606    0.0667494    0.0176124   -0.0632781     0.276467    -0.320351     0.289243   -0.0567118     0.253436   -0.0643487    -0.210485   -0.0186482
   -0.114065    0.0820454    0.0991972    0.0795293    -0.155857    -0.356137   -0.0698429     0.139678    -0.153936   -0.0816721    0.0404507     0.308301     0.444586   -0.0260697    0.0725188    0.0355677     0.106308    -0.136379      0.19963   -0.0586877     0.584946    -0.303937    -0.294363    -0.125167    0.0412248    0.0423654     0.258424     0.299602    -0.317047     0.244631     0.229206    -0.166763
    0.155234     0.301213     0.196582    0.0028677    0.0237287    -0.144569      0.14506    -0.130906   -0.0350392     0.262852    0.0677667     0.409365    0.0698572      0.12423     0.159427     0.255065    0.0471219     0.204536   -0.0941435      0.47111    -0.116483    0.0594218   -0.0920804    0.0777128    0.0561675    0.0296608    -0.049654     0.103636  -0.00133753    -0.137698     0.178437   -0.0448138
   -0.126226    -0.110604     0.022932     0.133441    -0.240637    -0.160896     0.190658      0.32328     0.166278   -0.0650285    -0.127691     0.069554      0.34624    0.0494817    -0.355381     0.103725      0.03667     0.352878   -0.0661605     0.167233    -0.169753     0.258297    -0.205661   -0.0122372     -0.35875     0.138552     0.110121    0.0260154    -0.314979     0.280569     0.179339    -0.225854
    0.110749   -0.0937868    -0.152206     0.109243     0.401354   -0.0611979   -0.0914536    -0.189456    -0.110731    -0.116816     0.222224       0.1221     0.108116     0.229948     0.060396    -0.199641    -0.335496    -0.113503     0.123776    -0.104663    -0.292065   -0.0412971   -0.0107477    -0.203295     0.494662    -0.171546   -0.0854827      0.11572    -0.171709    -0.175127    -0.229989    -0.280186
     0.19867     0.226353    -0.135278     0.289119    -0.142753    -0.246903    -0.197568    -0.118816    -0.146839     0.158879     0.159467     0.451314     0.431911   -0.0235242     0.349743     0.187334    -0.137814    0.0162509     0.223867    0.0733655    0.0278789    0.0134316    -0.274516     0.332869    -0.175472    0.0372801     0.206344     0.423677    0.0265431    -0.187157     0.139037    0.0298232
  -0.0652944    -0.110951    0.0103339    0.0969806     0.153026  -0.00388257    0.0961364    -0.159784    0.0584364     0.209905   -0.0768097    -0.183253    -0.243583     0.351421   0.00158243   -0.0490081   -0.0784579  -0.00304678     0.306164      0.61919    -0.337051   0.00768673       0.2294     0.122921     0.239656     0.172995     0.220013     -0.16455    0.0355722    0.0531892   -0.0540238     0.242348
   -0.162423   -0.0671798  -0.00139162   -0.0983772   -0.0707706   -0.0313379    0.0404142    0.0746141      0.34901   -0.0283735     0.201239    -0.201486   -0.0379194     0.286331     0.454824     0.122544      0.18573    -0.153476    -0.106677    0.0236664    -0.196068     0.151941   -0.0325071    0.0154736    -0.121845   -0.0241011    0.0298397   -0.0651081    -0.118787     0.410937     0.115305     0.018154
   0.0921837     0.211316   -0.0773791     0.153223     0.273463    -0.042289   -0.0429978   -0.0696131     0.240807     0.201586    -0.121777     0.141554   -0.0274496    -0.151014    0.0770121     0.122691     -0.14709   -0.0446785   -0.0348864    0.0562639    0.0457622    -0.247221   -0.0762499     0.207372     0.431873     0.127222     0.250193    -0.203184    -0.256016     0.125195    -0.247385    -0.248627
   -0.235036     0.154836    -0.042458    0.0893598    -0.271937   -0.0772996     0.348659     0.133852    -0.110973    0.0918389    -0.116704   -0.0145448    -0.111284    0.0102566     0.126308     0.168895   0.00388094   -0.0215758    0.0628069    -0.140792     0.121196     0.148224  -0.00254991    -0.156096     0.266156   0.00968359     0.206575     0.298256    -0.127945   -0.0758596    0.0300718    -0.138639
   -0.164982     0.117718     0.182398     0.103897    -0.110176     0.175075     0.386332      0.19998    -0.428614    -0.193542    -0.329431    -0.257402    0.0122174     0.269871    0.0388365   -0.0420066     -0.01259    -0.013101    -0.046913     0.074335    -0.265766   -0.0980252     0.429801    -0.331868   -0.0693877    -0.163921      0.24511    0.0368129    -0.115044   -0.0947459    -0.159999   -0.0644861
    0.108384    -0.187657     0.101168   -0.0926241    -0.168577     0.156117     0.568627     0.109192    -0.054431   -0.0584168     -0.13212    -0.243543    -0.487527     0.415915    0.0845774     0.242829    -0.208794    0.0509817      0.19828    0.0760539     -0.25749     0.183029    -0.037787  -0.00830063     0.445327      0.04352    -0.280987     0.254494     0.045838    -0.211517    0.0100192   -0.0767783
    0.157346   -0.0816468    -0.221355     0.190698    0.0603391     0.109115    0.0140993     0.189989     0.147856     0.192081     0.105326   -0.0960238     0.127433     0.122807     0.339444     0.248688    0.0262363   -0.0759131   -0.0241273  -0.00964221    0.0991564     0.011783    -0.192373     0.355558   -0.0160954    0.0214295     0.107471    -0.221993     0.136639     -0.19634     0.283355    0.0963603
  -0.0329806    0.0615884   -0.0596876   -0.0840231   -0.0175855    -0.298357   -0.0138079     0.175005    -0.279639    -0.496569    -0.312109    -0.587293    -0.396557     0.589659    0.0948054     0.146286    -0.281527      0.14972     0.285072    -0.329051     -0.51986   -0.0596967    -0.105533     0.114157     0.685979    -0.376935    -0.179881    -0.291113     0.249352     0.208696     0.132761    0.0348799
   -0.224788   -0.0864974     0.277332    -0.111808    -0.128889    0.0789037     0.282235   -0.0594871  -0.00359607      -0.2326    -0.115933     0.230306    0.0464391   0.00521265  -0.00855985     0.116563    -0.144315    -0.054839      -0.1183     0.112191     0.123403     0.186742    -0.113982   -0.0987022   -0.0369453   -0.0549941    -0.147935    -0.055948    -0.162095    0.0648998      0.16856    0.0611285
   -0.371034     0.382557     0.360939     -0.13631  -0.00273127    -0.268903     0.354694     0.093591    -0.285574    -0.138517    0.0488801    -0.154867  -0.00457094    -0.164433     0.146189    -0.313001    -0.139127     0.474299    0.0124222    -0.110338     0.283245    0.0124959   -0.0348974    -0.153799    0.0210238     0.178449     0.217184  0.000470858     0.293144     0.378495   0.00488534   -0.0851887
