-0.488877
-0.357907
-0.253328
-0.170343
-0.444895
-0.284562
  -0.4225
-0.498736
-0.451255
-0.513884
-0.488043
-0.446716
 -0.24077
-0.358873
-0.420483
-0.490033
 -0.64138
-0.426366
-0.786159
-0.677818
 -0.78679
-0.453197
-0.457134
-0.397879
-0.480211
-0.522167
-0.305463
-0.430294
-0.438536
-0.917838
-0.501673
-0.686054
-0.400188
-0.393276
 -0.30525
-0.193043
-0.432044
 -0.27865
-0.553381
-0.406091
-0.292105
-0.849914
 -1.85126
-0.377359
 -0.34705
-0.377981
-0.338412
-0.310258
-0.272398
-0.411726
-0.113188
-0.495741
-0.885558
-0.403302
-0.480928
-0.805936
-0.433833
-0.703399
-0.667458
-0.657916
-0.436503
-0.679025
-0.598402
-0.464153
-0.821185
 -0.38783
-0.327079
-0.247663
-0.756668
-0.501007
-0.387607
-0.459424
-0.837169
-0.355359
-0.687097
-0.377866
-0.434304
-0.390007
-0.453592
-0.799262
 -1.50558
-0.345735
-0.260727
-0.298234
-0.395384
-0.394591
 -0.24928
-0.439804
-0.927191
-0.358969
-0.805697
 -0.36826
-0.493682
-0.456406
-0.416472
 -1.10949
-0.326885
-0.936353
-0.764984
 -1.15765
-0.787956
-0.416336
 -0.28376
-0.374348
-0.407246
-0.767164
-0.916611
-0.449061
-0.426141
-0.846793
-0.297562
-0.457501
-0.357433
-0.527661
-0.817228
-0.472513
-0.283425
-0.389615
-0.292011
-0.351852
-0.947467
 -0.33726
 -0.31435
-0.638793
-0.360732
-0.436474
-0.388885
-0.322601
