    -1.43579      1.04451    -0.479298     0.947829       1.9474      1.46303    -0.583434    -0.717033     0.344983     0.398995     0.560859     0.760775    0.0443346     0.541006     0.386889     0.201314      0.38086    -0.519588     -1.40605     -1.56084     0.743381    -0.409152     0.218077    -0.816951    -0.123605     0.251612    0.0779796      0.37819    -0.503805    -0.668809    -0.621912     0.286135
   -0.967175   -0.0209829    -0.397604     -1.22181    -0.382668       1.3311      1.63017    -0.344959    -0.965609      1.84998     0.343875     -1.29899   -0.0177856       1.8555      0.98853      0.43898      2.50674     0.345466    -0.256428     0.269107      1.80658    -0.565285   -0.0960902     -0.51385      1.82249      1.16831      -1.6873    -0.105891     -1.50494    -0.285538      1.20015     -1.08654
    -0.58992    -0.611004       1.3074      2.42899      1.68814     0.459413     0.316573     0.335382     0.725633    -0.492868     0.160053     -1.88591      1.00486     -2.31955      2.38725     0.964139      1.13081      1.22208     -1.82146    -0.487499    -0.869132    0.0267116    -0.848082   -0.0423947    -0.785793      1.47281     -2.19973     -1.85871      -2.9366     0.157148      2.19682      2.02076
    0.211022    -0.652474    -0.123904     0.125917     0.205442    0.0425771     0.595331    -0.301848     0.173956     0.238904     0.121171    0.0999622     0.532334   -0.0871677     0.365949     0.132382    -0.139762     0.388941     -0.42197    -0.405271     0.230266    -0.527957     0.276738     0.443138   -0.0548931     0.414924     0.486188    -0.431692    0.0832839     -0.83923    -0.140632     0.158348
 -0.00935914    -0.412644      1.10371    -0.400638     0.531248      0.14356    -0.645808    0.0102655     0.744469    0.0883746   -0.0597186   -0.0979477    -0.258488     0.825781    -0.863204    -0.741301     0.117524     -0.80882     0.389099    -0.479684    -0.105189     0.233739    0.0977627    -0.280223    0.0781931     0.721731     -0.18634    -0.262445      0.32868    -0.547558  -0.00677624    -0.691847
   0.0465943     0.544661     0.803928     0.151667    -0.163002     -0.10504     0.176078    -0.436906    -0.295817    -0.282302     0.689189     0.179587     0.461089     0.802402     0.161547    -0.374787    -0.392518   -0.0861159     0.367579     0.724765   -0.0519563    -0.334744    -0.604039   -0.0510586     0.340543    -0.168977    -0.145848     0.272516     0.869575      0.22086   -0.0430149     0.337146
    0.272696     0.839543   -0.0879082      1.09169    -0.352486    0.0434682     0.467099     0.680764    -0.989784    -0.111739     -1.14205     -0.33348   -0.0794936     -1.26916    0.0243434     0.288536     -1.10779     0.353123    -0.830242    -0.355266    -0.335949    -0.446399    -0.124421     -0.73006    -0.884535     -0.14993    -0.427716   -0.0830966    -0.720961     0.573373     -0.83099     0.866578
   0.0616427 -0.000870217     0.777936    -0.791035     0.206369    -0.681207     0.106975     -1.57648     -1.30625     0.441174      1.01713     0.564472     0.235002     0.181187     -1.43707    -0.360498   0.00389067    -0.175364    -0.300998      1.09107     0.696475    -0.457686     -0.49927     0.118779     0.169268    -0.469657     0.839568     0.606838    0.0492705     0.365287     0.413233    -0.462135
    0.811508    -0.531779    -0.202148      1.22917     -1.02334    -0.353432     0.534007     0.455942    -0.663536    -0.891902    -0.339616     -1.13002     0.114743      -2.4933       1.8222    -0.121576   -0.0482937     -1.17731     0.350336      1.22116     -1.03943     0.532701    -0.309673      1.17166   -0.0451692     0.155255     -1.59003    -0.506403    -0.994502     0.297277      0.31419     0.307361
   -0.564921    -0.225791    -0.527954   -0.0302518    -0.300994      0.42928    -0.901343     0.229752    -0.220937     -0.40583    0.0724937    -0.846926    -0.111261     0.582442     0.565895    -0.467215     0.522503      1.17821    0.0699217   -0.0409436   -0.0788373  -0.00708538   -0.0364699    -0.609563    -0.467895     0.149286    -0.299537    -0.404632      1.02609     -1.20041     0.418986   -0.0528721
  -0.0289195    -0.138713    -0.241523      -0.8065   -0.0389805    -0.299884   -0.0253824     0.251017     -1.11755      0.10176      1.13605     0.302974    -0.815872     0.863291     0.130684    -0.423108    -0.573315     0.707702    -0.135603     -0.10135     0.447644    -0.159365    -0.269587     0.182488      -1.1419    -0.778372     0.165388     -0.89146    -0.250896   -0.0837768    -0.220182      0.42224
   -0.467494     -0.17464      1.49411     0.521537    -0.815139    0.0724758     -1.02269     0.468188      0.96253     0.771005     0.487606     0.346525    -0.127337        1.192    -0.289207    0.0698625     0.083769      1.42464     0.624972    -0.936066     -0.36859     0.446562    0.0302559     -1.00572     -1.01628     0.245272    -0.115139     0.552891    -0.461216     0.186108    -0.567237     -1.71735
     0.58427    -0.179116    -0.264013     0.141666  -0.00638112     0.557088     0.108615    -0.299756    0.0987616     0.557069     0.650636     -0.29025     0.386934    -0.183831     0.239324     0.195524    -0.103969     0.399703    -0.395204    -0.404024    -0.173776     0.132172    -0.538119    0.0623097    0.0567276    -0.103318    -0.363981    0.0538914    0.0474824     0.354742    0.0104357     0.252315
   -0.414405    -0.804235     0.128983      1.11122    -0.450711      0.35315    -0.557306    -0.959154      2.19759     -1.63064    -0.574371     0.956568   -0.0330991    -0.162746    -0.937393    -0.236092     0.346725      1.12917     0.438174     0.942498    -0.952557     0.765952      0.89921    -0.117134    -0.105238    -0.609152     0.391491    -0.309185    0.0786759     0.421353    -0.178125    -0.525557
   0.0529992     0.342909    -0.846818    -0.779109     0.899847    -0.497723     0.665381     0.133716     0.596648     0.732877    -0.186769     0.656461    -0.266494     0.603939    -0.490128    -0.454693     0.610953    -0.492789     0.904159    -0.129861      0.15548     0.847674     0.113278    -0.865767      0.45952   -0.0207999     0.633049    -0.417008    -0.601315   -0.0852616     0.965381    -0.426334
   -0.230072     0.152492    -0.591483     0.233776    -0.224103   -0.0906059    -0.192622     0.851554    -0.270566   -0.0795964    -0.336277     0.234807     -1.02772    -0.317885     0.638941     0.609315    -0.846987      1.23706     0.165017      -0.6191    -0.225895     0.462898    -0.634013     -0.89136    -0.972461    -0.101406    -0.352924      -0.5725    -0.380196      1.15302    0.0906906     0.457581
    0.202063     -0.47148    -0.122781    0.0812891    -0.283906    -0.444729    -0.317491    -0.363876     0.375263    -0.459311    -0.427284     0.599317    -0.686731     0.971145     0.238184    -0.116236     0.145884    0.0323427     0.145142    -0.126798     -0.11647   -0.0285708     0.386021    0.0221443   -0.0274435     0.423272   -0.0783368    -0.170014     0.399408    -0.170498     0.112718   -0.0813946
   -0.510816     0.110408 -0.000620893      -1.1253   -0.0102124    -0.380103    0.0742658    -0.544747    -0.195124    -0.128164     0.466528     0.185683     -0.56101    -0.415264     0.177301    -0.415096     0.472938    0.0999012     0.109447     0.871494  -0.00231636     -0.41265    -0.696219     -0.64721   -0.0260016     -0.20632    -0.442616    -0.355816    0.0343007    -0.274322     0.147955    -0.659736
    -0.16037    -0.379196    -0.319545      0.13114     0.204906     0.982302    -0.991824      1.02765     0.246486      1.30094     0.273881   -0.0325374    -0.621859      1.22598    0.0992102    -0.128921      1.35746     0.897125    -0.704803    -0.691089   -0.0522021      0.48053      1.53487    -0.270754     0.442941     0.101377     0.227901     0.660935     0.650129     -0.33421     0.285437   0.00401562
    0.872773    -0.529841    -0.354184      1.00525    -0.452137    -0.295203    -0.349488   0.00181939    -0.652505    -0.793866    -0.145456      0.62116    -0.127241     0.572429     -0.60856    -0.257481     0.110177      0.37271    0.0982549     0.175051     0.413991    0.0324737   -0.0532747    -0.699795     0.214148     0.622468     0.274583     0.208849    -0.169006    -0.609988     0.549689     0.560631
   -0.495072    -0.276615     0.169299     0.879631     -0.30783    -0.530557     0.650259      0.13423    -0.334555    -0.244282    -0.423187    -0.437695     0.800847    -0.528274     0.181506     0.335978     0.125199    -0.122867     -1.43873     0.226387    -0.613613     -1.10793     0.351081    -0.819854    -0.552835    -0.185784     0.847859    0.0708176    -0.774098      1.40697    -0.345734    -0.464621
   -0.396242      1.09721    -0.879587     0.816958    -0.833852     0.577024     -2.39129     -1.08747     -1.12346    -0.649879    0.0410283   -0.0464946     -1.63178    -0.669806    -0.143883      1.26799     0.186992      2.19981     0.886816    -0.193832     0.624209    0.0492853     -1.14714     -1.09686     -1.91391     -1.21287     0.100838    -0.582099     -1.63927     0.301843     0.529061    0.0519721
    -2.26231    -0.175271    -0.213058     0.261361     0.943195     -2.00852     0.357893     -1.86674     0.831712     0.499906    -0.177545     -1.47476    -0.744064     0.816525      -0.1145    0.0188591      1.31485     0.217641    -0.874511      1.17119      1.45039    -0.173933     -2.34958      0.32082    -0.271862     0.128773     0.153854       0.4408      1.07604    -0.198495     -2.90164      1.46359
   -0.919336     -1.00881     0.625456     0.614591    -0.195346    0.0697056     0.499138     -1.35144    -0.192503    -0.964896   -0.0388594    -0.460491     -1.37983    -0.956283    -0.452641      0.52077       1.4296     0.498491     -0.55043      1.16308      1.20258     0.801436      -1.2868     -1.25228    -0.914924     0.806124     0.842953    0.0292108      1.66216    -0.735334    -0.132398    -0.458065
     1.34578    -0.195956    -0.577468    -0.235902     0.348426    -0.740996      1.29977    -0.614073    -0.811536  0.000265963     0.591863     0.113488     0.752072    -0.420622     -1.09269     0.277578     0.133483     0.325017    -0.579529     0.260305    -0.187447   0.00398565    -0.462218    0.0535503     0.166186    -0.726931     0.995937     0.392413     0.238622      1.31433   -0.0677507    -0.161607
     1.09251    -0.750498    -0.578971    -0.475718    -0.137487    -0.281257   -0.0829957     0.445628    -0.124822     -0.35193     -0.35668     0.839934   -0.0113811      1.14103      1.11685     0.035434    0.0878548    -0.217333      0.86397    -0.443335      1.09174      0.40967    0.0238869    -0.332388    -0.829991      1.01962    -0.069005    -0.870345     0.414738    -0.803473     0.112628    -0.651086
   -0.686545    -0.300486     0.146426       -1.531    -0.702621    -0.531495    -0.276065      0.36808     0.262315     -0.52769      1.07721      0.24627    -0.605454      1.89197    -0.621214     -1.10618    0.0160752      1.21323     0.526899     0.748108     0.096802    -0.195333    -0.246081     0.884789   -0.0155563    -0.476092    -0.696847    -0.368927   -0.0432874     -0.94804    -0.172717      1.62662
   -0.807848      0.79569    -0.930639    -0.229558     0.563126   -0.0285099    -0.569159     0.273145     0.233029    -0.269185     0.379028     0.408582     0.420036    -0.858756    -0.371121     -1.11687    -0.786388    0.0892836    -0.477286     -0.70053     0.691501     0.127572    -0.463399    -0.704979     0.327017    -0.387492     0.373918     0.138782    -0.157731     0.546957     0.472357     0.329662
    0.442565     0.551633     -0.49722    -0.314123    -0.330294    -0.523932     0.275955     0.210527    -0.320465     0.655636    -0.254683    -0.197627     0.942714    -0.106249     0.304292  -0.00188428    -0.498272      0.05446    -0.082691   0.00450752    -0.207431     0.231413     0.256498     0.464932     0.375231     0.360409     0.524873     0.488444   -0.0291872    0.0913518    -0.047801     -0.17342
   -0.139507    0.0939916      0.11025    0.0158682    -0.247528     0.229825    -0.012902  -0.00178568     0.625715    -0.180026    -0.226974   -0.0541765    -0.595652    -0.192502    -0.469092    0.0239365    -0.049362     0.190829    -0.575592     -1.05761    -0.190678    -0.243262      0.03377     0.171113    -0.519657    -0.248789    -0.327978    -0.474091     0.553987   -0.0719084     0.476832      -1.0878
   -0.240588   -0.0616066     0.559625   0.00225816     0.124416    -0.149194    -0.808275    -0.252401    0.0207419   -0.0879762     0.590013     0.468721    -0.202218     0.731748    -0.462581    -0.397067   -0.0666857    0.0211634     0.502151    -0.641378    -0.380222     0.547756   -0.0767177    -0.130726     0.329443    -0.364394     0.424983    -0.578218   -0.0487549    -0.103798     0.599721  -0.00129334
    0.294055    -0.656635    -0.999336    -0.100372     0.386887   -0.0386206     0.694898   -0.0187605     0.348595    -0.168979    -0.462716     0.489625    -0.120392   -0.0231473     0.144881    -0.589824     0.667107    -0.979193     0.222669     0.355961     0.359006   -0.0657456     0.159644    -0.283823     0.183101     0.182172      0.29175    -0.731009    -0.728665     0.421591      0.28176    -0.906674
     1.15621    -0.963117     -2.63906     -1.84175     -1.54104    -0.808237     0.420262      1.12198     0.775078     0.113499    -0.427422      1.22831     0.801331   -0.0294277     -1.55816     0.671186      1.18584    -0.788454      1.28191   -0.0983401     0.311373     0.182467      1.99371     -1.94291    -0.457261      -1.2534      1.08785      -1.0461     -1.53801     0.168887      1.12252     -1.11015
    0.117363    -0.561496    -0.408716     0.135025     0.194496     0.377777     0.495849   0.00616084    -0.319166     0.159324    -0.384422    -0.294048     0.309081      0.24543     -0.15944    -0.127995     0.522924    -0.432157    -0.284121     0.181179    -0.244477    -0.388872     0.801383    0.0384505     0.316298     0.577638   -0.0333818     0.512432     0.185463    0.0444497    -0.219651    -0.145995
    -1.11296     0.663896     0.115009     0.258409     -1.09448     -1.05242    -0.960691    0.0593931    -0.533001     0.827993     -1.05464    -0.194618     0.387722     0.470154    -0.863625     0.581874     0.730376     -1.17659     0.425533      1.25193      1.36387      1.03125     0.808637    -0.472539     0.156991    0.0250695     0.205832    -0.687114     -1.24585      -2.0884     0.551767    -0.726207
     1.30465    -0.211338      0.23298     0.971948     0.341012     0.282127    -0.350527     0.188898     0.161107    -0.252568    -0.972695    -0.534407    -0.206494     0.535149     0.734202   -0.0301147     0.787395     -0.18401     0.764772   -0.0550759     -1.00455     0.188045     0.497063     0.160098      1.01005     -1.07394    -0.121257     0.858843     0.102401     0.371499    0.0289613     0.910195
     0.20112      0.15862     0.248462      0.02561     -0.22375      0.06565     0.166416     0.409174     0.243631    -0.690417    -0.406417    -0.384626     0.396409     0.302334    -0.274639   0.00587754   -0.0830766    0.0037925    -0.166919    -0.553859    -0.326158    0.0859343  -0.00458418     0.251495    -0.106483    -0.342999     0.644495    0.0652903    0.0491636     0.322704    -0.159831    -0.685421
    -1.94414     0.175532    -0.533508     0.410744    -0.382601    -0.102148     0.920574    -0.119181      1.14707      0.12602     0.569137    -0.915816    -0.917281     0.277223     0.240479     -0.56583     0.192971     0.101819     0.517558    -0.270867     0.223883     0.448645     -1.07946     0.206126    -0.275475    -0.058594     -1.00068     -0.71237    -0.705554     -1.08916   -0.0167597    -0.489776
     0.23716      0.70045     -1.58514     0.902441     0.600463    -0.322091     0.839546     0.126346     0.140913    -0.439669   -0.0254045     0.183009     -0.44125    -0.738134    -0.489715    -0.827555     -1.09337    0.0629179    -0.248279     0.893467     0.571053     0.724678     -0.12873      1.06436      1.06032    -0.774234     0.358685     0.338368     0.379854     0.698585     0.992914   -0.0374306
  0.00751399    -0.686714    -0.197768    -0.202103     0.260311    0.0726058     0.159746      0.18322     0.141009    -0.358037     0.304569     0.305332     0.387885    0.0860994    -0.515055     0.169169    -0.448638      0.32379     0.212842    -0.315876     0.449208     0.144076     0.322333     0.196783   -0.0158429    -0.165727    0.0797182     0.276245    -0.200924     0.345341    -0.121104     0.248376
   -0.213997    0.0720529     0.283053     0.315226     0.595058     -0.86007      1.11919    -0.373582     0.318286    -0.779235    -0.864182     0.671435    -0.815888    0.0755397    -0.894511     0.556367   -0.0305497    -0.731081    -0.149243     0.325253     0.610391   -0.0985511    -0.466495     -1.18684    -0.767141    0.0285139    -0.706697    -0.803055    -0.127383    -0.303967    -0.398369       -1.485
   0.0915617     0.218055    -0.494687    -0.889948    -0.498924    -0.934692     -0.43092     0.275044     0.709672     0.163345   -0.0283954     0.156359      0.17005    -0.826527     0.248261    -0.392827      0.32532     0.524428    -0.178943     0.812407    -0.638162    -0.631733     0.817652     0.066742    -0.284023     -1.55503      1.23077    -0.299515    -0.698589      1.07592    0.0558359     0.627129
   -0.540353    -0.468367    -0.174308    -0.774244      1.76276      1.13218     0.807196    0.0821746     0.314303     0.862999       1.8993      1.04453     0.538794     0.761419     -1.90222    -0.935667     0.236074      -1.1591    -0.236189      -1.8529     0.511158     0.106156     0.813389    -0.164956     -0.38701    -0.456128    -0.197927      1.07706     -1.27368     0.186757     -0.75498   0.00624317
   -0.246855    -0.563919    -0.093859     0.483651     0.464202    -0.160658    0.0318072      -0.3436   -0.0714123    0.0930979     0.347148     -1.12337    -0.607758     0.340831     0.426133     0.499725    -0.318895    -0.834649     0.163235     -1.00481    -0.255413     0.016727    -0.764901     0.498463    -0.539367   -0.0138742    -0.322481   -0.0920491     0.251495     0.672107      0.11001    -0.573125
    -1.47702      1.04431     0.552504     0.308438     -0.29058    -0.257503      2.08307     0.120172      1.10998      0.44072    0.0401829     -1.07037      1.57092     -1.08477    0.0778328      1.28525      -1.7484     0.698435    -0.561855      1.44809      0.38901     -1.37463     0.971299    -0.226566    -0.854251    -0.139719    -0.970462     0.361873      0.58712       1.3533     -1.74441    -0.406308
    0.403864    0.0688529     0.285793     -0.61366    -0.206831    0.0608305     0.363413  -0.00221907     0.175305    -0.104187     0.122454     0.286679     -0.31583     0.223605     0.156358   -0.0241096     0.217208     0.318654     0.184799   -0.0285805    0.0712964     0.758012    0.0920124     0.248081   -0.0888672    -0.151029   0.00209583    -0.500765    -0.232882     0.357903     0.404134    -0.132676
    0.475472    0.0445318    -0.615365    -0.333568   -0.0219845     0.156044     0.564376     0.187909     0.490972    -0.563414    -0.846335    -0.360194     -1.00928     0.809908   -0.0196118     0.739487     0.420912     0.457866     0.701263     0.617798    -0.806048     0.237924     0.471483     0.405898    -0.304418     -1.00738    -0.314264    -0.624121     0.137146    -0.186794    0.0517399   -0.0687728
    0.504477     -1.37743     0.614297    -0.439767    -0.407654    -0.056829     0.505843    -0.845039      -1.0138    -0.169632     0.282096     -0.10714    -0.244044     0.896048     -1.61583    -0.203566    -0.162632      1.14236     -0.61347     0.516372     0.742271    -0.797915    -0.189041    -0.143084    -0.692665     0.940896      1.43388     0.778919      1.12189   -0.0740099      -0.2184    0.0430463
  -0.0187579     0.170277     0.574389    -0.136778     0.143835     0.121228    -0.452855   -0.0257774     0.110888    -0.267664   -0.0945833    -0.178755    -0.758844   -0.0966694    0.0719174   -0.0937227      0.40782    0.0116643    -0.190917    -0.590718   -0.0341878   -0.0634042     0.371595      0.44701    -0.123125    -0.345414   -0.0453028     0.291216     0.515063     0.125883    0.0880604   -0.0893357
   -0.126329     0.495378   -0.0839811    0.0352557   -0.0954171     0.595355     0.339646    0.0913107     0.427243     0.247701    -0.133977   -0.0233703    -0.271598    -0.109478    -0.400605   -0.0285344     0.279713     0.230854    0.0295285     0.180455      0.36464     0.232014     0.491493    -0.394765    -0.270439     0.242887     0.170943     0.216498     0.111336     0.397994    -0.231975    -0.258496
   -0.580533     0.321454    -0.628903     0.552833      1.93135     -0.90758    -0.288407    -0.689545     -0.36879     0.419734      1.12024   -0.0693536    0.0399765    -0.455448      1.49739     -1.03496     0.782625     0.207269    -0.727142    -0.695745    -0.385212     0.489915    -0.923477       1.1847     0.665358     -1.12136    -0.390956    0.0458979     -1.17867      1.40673    -0.221912      1.20981
   -0.476285    -0.253696     -1.51034     0.545372      0.19242     0.438721   -0.0481648     0.466479      -1.0667   -0.0546625    -0.276051   -0.0936653    -0.833152     0.882692     0.191257    -0.085765     0.290086     0.399654    -0.281912     0.623548     0.426256     0.379661     0.708881    -0.491123    -0.520616     0.434551     -1.30074    0.0777995    0.0461262    -0.118199     0.735217    -0.251936
   -0.254618    -0.208512     0.242891    0.0147351     0.811696      0.69547     -1.82296    -0.120459      1.05318    0.0257256    -0.114063     0.585452    -0.868939     0.792975     -1.04636    -0.551737    -0.483216    -0.477044      1.32614     0.753119    -0.670144     0.235427    -0.272633    -0.338314     0.677636     0.889178    -0.132888     0.979123    -0.110286     0.114714     0.180731    -0.744825
     1.20406     0.885772    -0.684009    -0.206681     0.931203      -1.0909     -1.07065    -0.956436       0.7164      0.76534     0.296167   -0.0207637    -0.922305      0.51208    -0.455919     0.388252      1.02661     -1.22318     -1.90647    -0.353219      1.70744     0.224991    -0.903881     0.087904     0.364757     0.163771     -1.25135     0.756123       1.5344  -0.00672259    -0.859942     0.753539
  -0.0926058      1.16322     0.345449     0.334675    -0.654858    0.0245147    -0.332173    -0.368074     0.988317     0.240373     0.960731     0.938796    -0.226426     0.314602     0.911965     0.769489    -0.441538     0.142669     0.583664     -0.67809   0.00815677    0.0312088    -0.643031   0.00531405     0.124413    -0.731361     0.702714    -0.464755     0.278938     0.211632     0.426944     0.276751
  -0.0332335     0.681808      0.89706    -0.165791    -0.390177     0.505674     0.504339    -0.816706     0.243774   -0.0177151    0.0279534   -0.0160974     0.766439    -0.277071     -1.61812     0.884873    -0.999636      1.07176     -1.26783    -0.124568    -0.194736    -0.103448     0.690732    -0.155004    -0.241976    -0.905946      1.12758     0.602252      0.77696     0.801176     -1.39374    -0.109876
   -0.319025     0.665289     0.609337    -0.511641    -0.664445     -0.88983     0.239314    -0.311485      1.91406     0.518151       1.0271     0.102158     0.176656   -0.0487203     0.437653    -0.576769    -0.125634     -1.75842     0.594952     -2.15164    -0.519315     0.733744     0.306563     0.889545      2.28701     0.348114    -0.904154      0.67858      1.74259    -0.182426     0.603004     0.606393
   -0.499599    -0.183454      0.56139    -0.133688     0.281847     0.376217    -0.298521    -0.106056    -0.573231     -0.70976     -0.48833    -0.247694     0.456175     0.363822      0.23329    -0.292463     0.160676  -0.00904964      -0.1277     0.158297   -0.0454056     0.045572    0.0639572   -0.0756932     0.267993     0.227766     0.198679   -0.0889722     0.153911    -0.021158    0.0131946    -0.357863
     -1.0473     0.532599     0.418829     -0.18183    -0.322134     0.612786    -0.304879     0.247001    0.0295594      0.15558     -1.01898      1.21337    0.0846845     0.246248     0.470606   -0.0864172    -0.905246    -0.355885     0.458348    -0.274676    -0.435926     0.461522      1.11792     0.316194    -0.042483     -1.37324       0.5989    -0.624384    -0.162549   -0.0695242     0.356693     0.377868
   -0.879478     0.789975     0.642746     0.249483    -0.166552    -0.412529    -0.274497     -0.43645     0.195985     0.789131    -0.292386     0.326643    -0.241987    -0.220205     0.417362   -0.0179176     0.467326    -0.546396     0.162176    -0.269257     -0.18652     0.139343     -0.19634    -0.256695    -0.273351     -0.55587     0.351234    -0.254814    -0.363066    -0.187291   -0.0952574    0.0100795
   -0.467397      0.17287    -0.217815    -0.346812   -0.0514881  -0.00963631    -0.326267    0.0446705     0.258636     0.304575    -0.163456     0.189664    -0.566395     0.189014    -0.605928    -0.085094   -0.0287646    -0.145078     0.411806   -0.0831091    0.0647503     0.197448     0.168756    -0.216167    0.0818666     0.181222   -0.0552946    -0.403919    -0.133699     0.220528    -0.213043    -0.198997
   -0.591421      0.31094    -0.201102    -0.563113    -0.088494    0.0524698   -0.0167666     0.449273    -0.277416    -0.536627     0.555091     0.442056     0.496714  -0.00908174     0.357234     0.508735   0.00588568     0.743948    -0.381933      0.13361     0.433367     0.430504    0.0935783     0.443885     0.423897    -0.987884   -0.0926448     0.365817    -0.644691      1.01329   -0.0592048     0.541897
   -0.780496    0.0254943    -0.683511      0.51784     0.542735     0.285623     0.172786      1.42001    -0.445497     -1.37996     -1.97744    -0.372886  -0.00570825     0.917028    -0.296824     -2.17666    0.0589906       0.4899     0.928481   -0.0597715     0.555387     0.230353     0.612941    0.0144834     0.104736      1.25813     0.773269    -0.534973     0.460618    -0.924094      1.01862     -1.44345
   -0.576072    -0.485051     0.220732    -0.145736    -0.658262     0.592032     0.443345     0.343143    -0.360506    -0.013452     0.362051    -0.547308      0.51806    -0.606096    0.0510547     0.855507    -0.571994    -0.460501      0.33206     0.476312    -0.198487     0.460992     0.655048      1.14251    -0.130692     -0.13283     0.388695     0.485785    -0.265825    -0.330941    -0.174501     0.408405
    -1.29174      0.44056   -0.0495454     0.470139     0.536421    -0.716706    -0.339349    -0.895927     -0.39139     0.557049     0.474599    -0.469957     0.108694    -0.617677     0.885849    -0.918645    -0.242547    -0.183176     -0.43138     0.245865    -0.259316     0.133728      -0.9297    -0.210749     0.317776     0.931917    0.0903754    -0.272976    -0.895668    -0.321488    -0.348404   -0.0745218
    0.226276    -0.726047    -0.408071     0.344649   -0.0327125    -0.484727     0.137299    -0.143338    -0.396062    -0.211116     0.147792    -0.281193     0.153514     0.633515    -0.193653    -0.234172    -0.623456     0.211672     -0.34631    0.0124608     0.325532    -0.566761     0.286169     0.764351     0.558266   0.00391838    -0.555845     0.319616    0.0873672     0.257689    -0.453652   -0.0593117
    0.534483    -0.115961     0.497195     0.628416     0.899512     0.613318     0.172906    -0.507496     0.750379    -0.337797     -0.63241     0.122023     -1.55331     0.596214     0.176805     0.265366     0.737127     0.165244     0.270009     0.278628    -0.104852     0.411575     0.206982  -0.00788486    0.0171429    -0.537171    -0.606087     0.569948    -0.280447     0.169872     -0.28923     0.596142
   -0.784657    -0.160544     -0.10048    -0.488175    -0.450139     0.669157     0.283457       0.6776      0.27044     0.366443    -0.513669   -0.0259877    -0.280764    -0.151351     0.167934     0.283867     -0.38411    -0.228138     0.871766    -0.033699    -0.292517    0.0711114     0.277749     0.394588    -0.568759    -0.206507    -0.366923    -0.178129    -0.083836      -0.3004     -0.37487    -0.726411
    -0.23817    -0.147256    -0.399445    -0.225393     0.607055     0.851676     0.726962     -0.27891    -0.195826     0.453361     0.534136    -0.698218    0.0300112     0.479962      0.67769     0.871597      0.82889     0.854222     -0.59857     0.330061     0.320301    -0.557039    -0.971872     0.559495     0.334099      0.87187    -0.922688    -0.110493    -0.644024    -0.280308    -0.180322    -0.618142
   -0.738326     0.263946    -0.109916     0.712855     0.762533     0.329345     0.539758    -0.845447    -0.446752      1.24014      1.50991     -1.17985     0.764337    -0.888105      1.19015    -0.310143     0.264123     0.531315     -1.43764    -0.400202    -0.234839     0.207545     -1.36203     0.923295    0.0397424     -1.01626   -0.0977156     0.524304     -0.72982       1.7721     -1.07112      1.35072
   0.0895409    -0.457844    0.0879241     0.167366     0.333731   -0.0866951    0.0322928   -0.0659222     -0.38845     0.167456    -0.127311     0.087064     0.429172     0.139213     0.566688    -0.297965     0.248442    0.0469965    -0.114334     0.589836    -0.851117     0.137085     0.277078     0.239782     0.417917     -0.65686     0.394105    -0.231442    -0.419259     0.236575    0.0534207   0.00144333
 0.000459398    -0.177515      0.28665     -0.29895     0.261887    -0.277724    -0.116593    0.0362011    -0.310122     0.441479     0.277999     0.195327   -0.0389521    -0.317623    -0.535745    -0.079102     0.129283     0.037717     0.482925    -0.179243      1.06643     0.428638    0.0352545     0.560154   -0.0563372    -0.290936   -0.0495136  -0.00797085    -0.217972    -0.539616     0.173211   -0.0592891
    0.919387    -0.618071     -1.48103     0.141784    -0.037597   0.00185575      1.59277     0.463658     -1.34049     0.786578     0.564473     -1.08115    -0.873623     -1.40515     0.820748    -0.934913    -0.161983    -0.869151    -0.481311      1.19433     0.783942     0.784776     0.225185      1.07324     0.136814    -0.277595     -1.00011    -0.375383    -0.332564     0.141139     0.252765     0.985919
   -0.486476    -0.100839    -0.402801     0.245959    -0.255998     0.159681    -0.117732     0.772276       1.0439     0.603902     0.672043    0.0333953     0.435521     0.220092   -0.0856717     0.501488    -0.445818     0.584537     0.291786    -0.455205    -0.223286     0.438035      0.39465     0.356715   -0.0788884     -1.08054   -0.0734153     -0.21025    -0.684917   0.00479527    -0.896517     0.213608
   -0.907929     0.390531     0.573462     0.816699    -0.520073     0.272538    0.0853399    -0.141973     -1.09665      -0.5016    -0.061981   -0.0865206     0.343023     0.377787     0.851986     -1.12747     -0.72102    -0.185694     0.562726   0.00531028    -0.595235     -0.91212     0.541871     0.777312     0.255801     -0.34795    -0.312528     0.164249     0.183853   -0.0961681     0.611388      1.02895
   -0.230526     0.150823    -0.343898    -0.563131    -0.338695    -0.324109     0.418647    -0.163905    -0.344542     0.330128     0.737429     0.264771     0.314961    -0.366519     0.148323    -0.300692    -0.381652     0.702307    -0.596874     0.466962     0.296525    -0.151878     0.027721     -0.19441    -0.177946     0.361557    -0.332118     0.450443     0.259212     0.237952    -0.402272     0.531883
    -1.53638    -0.835818     0.226807     0.555541     0.109759     0.722922     0.909208    0.0153955     0.299586    -0.216246    -0.217697    -0.885603     0.254805     0.449131      1.43765    -0.115762    -0.783148    -0.541244      2.13298     -2.28546    -0.585714     0.989471     -1.12241     -1.06923     -2.53877     0.929959   -0.0520703     -1.17626     -1.38713    -0.994583      1.34943       -1.917
   -0.949542    -0.523094      2.68216    -0.442521    -0.854923      1.91186     -0.66882    -0.364026     -1.58038    -0.119398   -0.0506498     0.205781     -1.44105     0.603089     0.207271    -0.628131     0.263838      1.67069    0.0733712    -0.677275     0.637464     0.359369    0.0733634      1.19236    -0.971958     0.202551     -1.85023     0.552554      2.03523     -2.01805    -0.358451     -0.74433
   -0.354256      0.29322   -0.0614346       0.5726    0.0628584    -0.353543    -0.070659    -0.244022    0.0515711      0.52369   -0.0532065   -0.0464304     0.439335     0.055091    0.0979202   -0.0427607  -0.00723442    0.0587945     0.026995    -0.219399     0.450968     0.165161    -0.310775     0.243846    -0.175002    -0.269396    0.0132326     0.192707    -0.296138    0.0119328    -0.165806     0.160498
     1.05315   -0.0766069     0.131905     0.396891    -0.293305     0.180688     0.576516     0.196383    -0.448513    -0.229171    -0.273647    -0.209536   0.00327677    -0.526232     0.740685     0.669532    -0.560657     0.481117     0.184165     0.502067    -0.437424    0.0928735    0.0925813    0.0107945   -0.0073007     0.187503     0.243127    -0.285821     0.170438     0.205733     0.314576     -0.17433
   0.0163137     0.142755     0.204932     0.220402     0.240413    -0.321536     -0.15807   0.00638739    -0.336869     0.405749    -0.128539    -0.253545     0.314018   -0.0102888      0.13607    -0.155217    0.0329097   -0.0774002    -0.298851   -0.0890701    0.0461712    -0.377422     0.223946     0.026406     0.039508    -0.148043 -0.000568696    0.0346379   -0.0887021    0.0475719   -0.0906823   -0.0482051
   -0.217554    -0.823477     -1.47718      -2.1914     0.188018     0.417363     0.719888     0.246329   -0.0672537    -0.289737     0.118884    -0.815504     0.076765       1.2586      -1.4869      1.26643    -0.261052    -0.140908     0.359057      1.13546     0.737966    -0.246844     0.965135     0.549149     -1.69793     0.465835     0.919791    -0.758833    -0.419122     -2.94483    -0.550172     -1.06172
   -0.474682    -0.238265     0.611919      1.01542     0.891287     0.559466    -0.316951     -1.14324     -1.19534     0.699053     0.863929     -1.04122    -0.197103      1.04855     0.428983     0.545726     0.590418    -0.260834    -0.897391    -0.403812     0.357649    0.0436613     -1.73776     0.364476    0.0557394      1.05601     0.500874     0.122595    -0.768801     -1.07112    -0.105696     0.134844
     1.02744    -0.151211    -0.149713     0.202699     0.230444     0.314999     0.186907     0.299047    -0.170987     0.636253     0.329977    -0.240109    -0.357777    -0.705157     0.343702     0.231323   0.00762514    -0.795582     -1.04356     0.380686     0.224846    -0.222103      0.50165    0.0752706     0.647814     0.853611    -0.504799     -0.38149     0.161057    -0.301158   -0.0216671     0.134889
    -2.18008      3.83886      1.71862     0.672473    -0.332496     -1.49294      1.21908    -0.424307     -2.74683    -0.356694      1.79074     0.503203    -0.315864     -1.48524      1.78975     -2.47218    -0.739205    -0.246108     -3.36067     -1.35135     0.197928     -1.50126     0.417038     -3.45138      3.63942      -4.3961      -1.0789      3.10058     -1.25727      2.79244     0.603551    -0.296345
    -0.37787    -0.576293     0.186081     0.398686    0.0855738    -0.171934     0.464687     0.216746    0.0601156     -0.62878    -0.770418   -0.0602028  -0.00417814     0.477198    -0.826526    -0.826576     0.106698   -0.0300764     0.839747    -0.285671    0.0617112     0.975959     0.847682    -0.173657    0.0221106     0.264367     0.101003    -0.181656    -0.415503   -0.0602812    0.0924897    -0.771426
    0.596961     -1.12212      1.06543     -1.47572       1.1282     0.554667    -0.518091     -0.85056    -0.463964     -1.19574     -0.27755     0.772644   -0.0446868     0.854559     -0.96708     -1.36771    -0.199885   -0.0484207    -0.852339    -0.262079    0.0924678     -1.32899    -0.214623    -0.429081    0.0609669     0.316343     0.503475     0.204402     0.780387     0.297319     -0.46515     0.270699
    0.332297    -0.519437   -0.0188805    -0.257064    0.0924932    -0.245324    -0.155756     0.272139   -0.0761829      0.38021     0.366739     0.384454     0.702042    -0.373145     0.135793     0.102285    0.0712251    -0.135369     -0.16762    -0.365725    -0.308817    -0.294688   -0.0675726     0.371858     0.208194    0.0485185     0.111163     0.142321     0.461825     0.120466      0.29641    0.0793596
  -0.0656351    -0.145604     0.349095     0.363413     0.313815    -0.258433    -0.444375     0.107404   -0.0327898    -0.151848     0.221016     0.425677     0.583731    0.0717609     0.503291    -0.115973    -0.116946    0.0132491    -0.352969     0.231981     0.217548     0.200074     0.314876   -0.0736835     0.633509    -0.134174    -0.118384     0.283619      0.93081    -0.017921    -0.134684     0.756069
    -0.22062     0.226101     0.433125     0.408164     0.467243    -0.369022     0.620599     0.525968    -0.714064    -0.343986    -0.884642    0.0705506     0.434276    -0.441763     0.389065     0.315163     0.121367    0.0515556     0.757641     0.365887    -0.538881     -1.62101     -0.80789    -0.889437    -0.453688     -1.01917     0.196642    -0.284569    -0.317413     0.920168    -0.457305    -0.162698
    0.175176     0.248427   -0.0559404    -0.149916     0.438476    -0.258277     0.555129     0.385072    -0.157917    -0.237439    -0.491503    -0.243463    -0.316627    -0.231658   -0.0557827     0.427694     0.224653    -0.300671     0.371122     0.577152    -0.396743   -0.0519459     0.352145    -0.175485     0.628756      0.13364     0.287545    -0.675267    -0.379527    0.0626581     0.134674    -0.268738
     0.24835     0.194451   -0.0800819     0.614748      0.26389     0.482231    0.0179452     -0.13445   -0.0237269     0.130689  -0.00476205    -0.381888    -0.227562     0.136308    -0.385964     0.235779     0.173833    -0.113544   -0.0796023    -0.113325   -0.0870012   -0.0543715    -0.236692     0.378133   -0.0689663     0.111022    -0.202861     0.467938     0.212326     0.463477   0.00221074    -0.122081
    -1.13792     0.648696    -0.309957   -0.0126118     0.381903    0.0604658    0.0554264    -0.374597    -0.106244    -0.055938     0.073514    -0.539481     0.382015     -0.32428    0.0268934    -0.110568   -0.0622172    -0.342646   -0.0579435    -0.290753    -0.370785  -0.00738238     -0.21951     0.309591     0.084134    -0.335581      0.30399   -0.0224161    -0.693408     0.364682    -0.276131        0.225
   -0.264383   -0.0810705   -0.0167043    -0.486613    -0.229256     0.116734    0.0704806     0.272346   0.00682412    -0.174111      0.01459     0.211658    -0.144082     0.012859     0.267695    -0.408364    0.0988511    -0.208764    -0.222744     0.163453    0.0482419     0.170124    0.0516897   -0.0826557    -0.116395     0.126774    0.0695221   -0.0454057     0.414547      0.11725    0.0549648   -0.0295643
    0.242092     0.533757    0.0408588   -0.0725091     -0.79856    0.0291121   0.00606725     0.468968    -0.589239      1.35505      1.27955    -0.564455    -0.677371     -1.52908      1.27282    -0.581937    -0.976064    -0.202311     0.570442   -0.0917753   -0.0130265     0.247499    -0.203709     0.145411    -0.369654      1.25631     -1.02263     0.683859     0.476948      0.71828    -0.219642    -0.645332
   -0.231856       0.8697    -0.232082       0.5028     0.214309     -1.05914      1.03148     0.400334    0.0180197     -1.34897     -1.23674      0.22822     -0.26514    -0.131193     -1.78613    -0.786806     0.427392    -0.646588      1.34882    0.0662489     0.273541       0.1937     0.144611    -0.305418     0.743445     0.419385     0.193618   -0.0230011    -0.506499     -0.84306     0.359743    -0.732905
    -1.24849     0.529274      1.41737     0.705622    -0.506039     0.892503    0.0899712     -0.56607      1.05893    0.0590286    -0.459527      1.25145     0.364352    -0.607099      -1.3278      1.15475    -0.566512    -0.159178    -0.858078   -0.0721862    -0.528146    -0.339588     0.108744     0.868567     0.916435     -1.01359    -0.191712     0.567822    -0.206774      1.04927     -1.09033     0.511246
   -0.811871    -0.369438     0.186988     0.103356    -0.258427     0.462619     0.559528     -1.21629     0.770582    -0.773513     0.642551     0.972535   -0.0352667     -0.90012    -0.705508    -0.944834    -0.283958    -0.086489    -0.331126     0.521814    -0.117732      1.10539     0.853608     0.661635      0.53636     -1.15588      0.17275    -0.760342    -0.162765     0.198039    -0.479211    -0.257367
     1.92022    -0.754606    -0.847284     0.244569      1.45158     -0.10539     0.744734     0.140408      -0.5773     0.311916     -1.78232     -2.22953    -0.149751      1.03324     0.620939     0.837041      1.80038     -0.90661     0.307203      1.16847    -0.531373      1.15565     0.427347     0.957434      0.20625     -1.36365     0.686914      0.30313    -0.759352      2.19815    -0.218735      1.21632
   -0.147331     0.426152    -0.519348    -0.796601   -0.0709199    -0.815351     0.218918    -0.417196    -0.706623    -0.702177     0.649657    -0.163784     0.690957    -0.152593      1.18862     0.176221    -0.329477    0.0940338      1.20594    -0.438463    -0.915205    -0.412179      -0.4662    -0.345369     -1.22712    -0.722548     0.551038    -0.108071     0.127122     0.287672     0.304066     -0.59652
    -1.54872    -0.449569    -0.550001     -0.78106      1.19335    -0.914821    0.0584229     -1.00012      2.03594    -0.603426      1.23719     0.141865    -0.972061    -0.704522     0.305762    -0.281807       0.0403     0.225009       0.6001    -0.473021     0.393428    0.0757467     -1.11928     -1.28263    -0.487449     -0.36445     0.662967     -0.85024    -0.982266     -1.05951    -0.486865    -0.486762
    -1.21366      1.35004     0.193507     0.200546    -0.180984     0.497249     0.134237    -0.251493     0.130509    -0.237852      -0.1759    0.0209303    -0.217118    -0.178783      0.39054    -0.188984    -0.295499   -0.0706923    -0.548575     0.254667    -0.330446    0.0675082    -0.474668    -0.115186    -0.432043    -0.131317     0.119129     0.295031     0.615897   -0.0223676     0.424939     0.430836
    -2.65544     0.745814    0.0828993      1.04299    -0.771565     0.699474     0.292534     0.979816   -0.0677049     0.899758     0.399884  -0.00724661     0.746064    -0.787443     0.456904    -0.382795     -0.83277     0.628937     0.913489     0.938326     0.428509     0.493757   -0.0507782    -0.458253   -0.0805908    -0.922635    -0.874947    0.0218919     -1.99515     0.715736     -0.37988    -0.596936
    0.470645     0.171267     0.186691    -0.593093     0.747791     0.417982     -1.30306    -0.814305    -0.667835    -0.372196    -0.280914     0.167019     0.021865     0.441663     0.817884     0.843116     0.287731    -0.261118    -0.114938     -0.15691     0.250639    -0.663933    -0.991676      1.27878   0.00771916     0.762322   -0.0780217     0.104973     0.314026    -0.507797    -0.194439     0.507967
  -0.0272059    -0.361524    0.0620819    -0.123346   -0.0151614    -0.330654   0.00256329    0.0665351    -0.156386     0.231427    -0.136344     0.353833    -0.385792    0.0674774     0.610916   -0.0261556   -0.0363456     0.400234    0.0167696     0.367431     -0.14493    -0.146108    0.0883514    -0.154799    -0.396221    -0.210539     0.105116    0.0526392    -0.133128   -0.0853912    0.0857279   0.00981721
     1.34982    0.0248197     -2.69477     -1.35343      1.10854      -1.8362     0.654303      1.44078     -3.33201    -0.578453     0.351947     0.312672    -0.103935     -1.11457     0.742444    0.0903804    -0.200221      1.19169    -0.460961      1.28052    -0.189192    -0.115273    -0.210012     0.402749     0.526486      1.88522     0.429289     -1.14325     0.212901    -0.706622      1.27515    -0.955935
    0.880982     0.531151     -1.41723     -1.39404     0.483452     -1.23278    -0.464764      1.15356      2.13054    -0.570018    0.0558808     0.266205     0.726942      0.15149     0.546614     0.126023    -0.669612     -1.39397     0.495164     -1.55011    -0.453895     0.381319      0.53699    -0.612867     0.697677     -1.28374    0.0747504    -0.839514    -0.964646     0.499539      0.83996     0.332531
   -0.422035     0.263834    -0.967736     0.823609   -0.0375526   0.00709732   -0.0703078 -9.90023e-05     0.867478     0.613879      1.05628    0.0830477     -1.15369    -0.233095     0.303795    -0.270251     0.159607    0.0951593     0.781685     -1.11884     -0.54205     0.560762    -0.670021     0.341412    -0.245685     0.292805    -0.294964    -0.115885     0.524052     0.836117    -0.295916     0.701167
   -0.133753    -0.859097    0.0494425    -0.988473     0.104902    -0.523743     0.654256     -0.31598    -0.480767     0.215181     0.640671    -0.589993     0.185752   -0.0211985    -0.190373   -0.0506675     0.913295      0.71364    -0.335888     0.451945       1.0718    -0.410943    -0.449072    -0.169331     -1.34154     0.203202    -0.166695     0.618554     0.669999    -0.430697     -1.29724    0.0345698
  -0.0236219    0.0883195    -0.246422       0.2087   -0.0383328     0.632143     0.220554     0.409477    -0.120213      0.23611      0.30638   -0.0222326    -0.600197    -0.570892     -0.31028   -0.0794881    -0.296553     0.190632    0.0030912    0.0839927     0.198431     0.443804   -0.0750424    0.0845711     -0.45268     0.246758    -0.230063   -0.0919366    -0.334717    -0.135613     0.285315    -0.146112
     -1.7858      1.78757      1.28073     0.216552    -0.306612    -0.604628    -0.496375     0.401458        1.547      1.03023      1.08037     0.999201     0.406726  -0.00896074    -0.622811     0.672688     0.898731     0.890601     0.464372    -0.165413    -0.469753      1.01138    0.0134135     -1.45046     0.983694    -0.730865      1.15749     0.274825     -1.15184     0.231672     0.857086    -0.503981
     0.73638     0.147277      -0.5381    -0.137013    -0.849216    -0.472119     0.282442      1.03985    -0.847858     -1.38535     0.718929     -1.11665     0.590253    -0.973853     0.188399     0.576513    -0.296617     0.460865    -0.836675      1.07207     0.160916    -0.709038    -0.586111     0.667311    -0.589949     0.564164     0.255138     0.689057      1.37253     0.396641     -0.39072     0.356956
   -0.714951     -1.02931     0.841332    -0.170675     0.298904     0.635205     0.835585    -0.166438    -0.210122    -0.229266     0.602995    -0.438825    -0.264088    -0.438065     0.181158      0.66324     0.383675     0.171364     0.170334   0.00787023     0.730416    -0.200644    -0.114471    0.0544403    -0.385031    -0.159234    0.0142585    -0.043578     0.398091     0.132652    -0.289071    -0.175137
   -0.216481    0.0738394     0.617457    -0.336335     0.536187    0.0328159    -0.708516     0.180174    -0.337795    -0.827879     0.107502     -1.01057    -0.977872     -0.42442     0.145979    -0.479449    -0.938798    -0.184827     0.508954   -0.0720301    -0.874465     0.463045    -0.304378    -0.600492    -0.150089    -0.601355      -0.4936   -0.0355516     0.805741   0.00527608     0.388171    -0.535623
     1.57918     -1.32329    -0.299073     0.601572     0.123654    -0.162501     -0.31413      0.83919     0.331193     0.627813     -1.39858     0.785432     0.356505      2.48037    -0.558804      1.09122    -0.947778     -0.82188      1.07019     -0.14857    -0.790471      1.09903      1.22731      0.49965      2.42033    -0.891216     0.707939    -0.378239     0.836298      1.11786    0.0522894    -0.539181
   -0.655861     0.626647     0.860223     -1.17682     0.500437       1.2624     -1.74037    -0.584608     -1.13998     0.687111      1.27049    -0.916115     0.478582      0.55011    -0.469091    -0.684363   -0.0179548     0.163332    -0.968957     -2.54012     0.130635    0.0437606    -0.560309     0.565669     -1.99124     0.780564   -0.0585739      1.76331     0.851015      0.26857    -0.203207    -0.115968
    0.529709     -1.24174     0.527894    -0.237544     0.680339    -0.273778    -0.552316     0.077792  -0.00279165     0.214163     0.340919     -0.23327     0.417663     0.314654   -0.0334348     -0.15318     0.140007    -0.340375    -0.041276     0.338787    -0.215235    -0.695688    0.0324985     0.216622     0.301979     0.167871    -0.891005     0.772595    0.0647576    -0.319861    -0.331489    -0.247689
   -0.307989   -0.0548854    -0.144668    -0.153787    -0.111981     0.114838    -0.405556     0.575075     0.195888  -0.00947219     0.140798     0.284698     0.689512    -0.214701    0.0800019     0.724391    -0.636236      0.61036     0.261573     -0.80905    -0.719842     -0.61245    -0.751093    -0.140026     0.172437    -0.457758  -0.00093728  -0.00216744   -0.0863695     0.806377    -0.139284    0.0616885
    -1.04035   -0.0987554      2.29109    0.0140816    -0.736203     -1.32733     -0.57908    -0.819469      1.65422    -0.202561    0.0165834     0.988304      -1.7614    -0.413629     0.327671      0.67882    -0.212864      1.53187     0.151001     0.886526    -0.902498     -0.61385    -0.282563     0.762271     -1.02415     -0.77331     -0.23719     0.244004    -0.460467     0.876912     -1.47455      1.30565
    0.265629    -0.637642     0.152807     0.563277     0.553089     0.319361      0.16927    -0.438896    -0.113926     0.220525    -0.665758    -0.900926     -0.70028     0.878849     0.221165    -0.492505      0.61135    -0.389823     0.973439     0.627745    0.0474365     0.954383   -0.0590688    0.0165453    -0.919593  -0.00340454    -0.123605    -0.517829     -0.16014     0.151532    0.0157577    -0.311421
   -0.540559     0.219861    -0.469608    -0.312705     0.157179     0.121819    -0.861498     0.813895     0.308982   0.00734423     0.249449    -0.452539     0.947597    -0.267658     0.634465    -0.557864     0.417208    -0.354349   -0.0817645    -0.474147     0.550612    -0.639798     0.603346    -0.774135     0.477769      1.15022     0.229524     0.628152     0.231146    -0.863561      0.20549  0.000781646
    0.243857    -0.937676    -0.485115     -1.09241    0.0821298     0.358652    -0.857759      1.11577    -0.813861    -0.213139    -0.391177    -0.809576    -0.906831      0.88373     0.454975    -0.712883     0.854094     0.519361     0.642299     0.296128     0.439914     0.403846    -0.439422       0.6406   0.00551223      1.13592    -0.914295     0.390853     0.694637     -1.01076    -0.283829     0.718824
    0.266487     0.402152    -0.505246   -0.0276113     0.273549    -0.267524      0.97667     0.259104     0.703033     0.657903     0.899436     0.362629      1.29977      -0.2493     0.278969    -0.709085    -0.488821    -0.466727     0.480358    -0.160866    -0.971011    -0.449544     0.459432     0.670488     0.404883   -0.0945615     0.617282    -0.520548     -1.43498     0.373645    -0.171727    -0.692024
   -0.903381    -0.160524    0.0462603    -0.922563     0.597524     0.660682    -0.484611    -0.107108     0.103084     0.262095     0.312069    -0.144435     0.515924  -0.00789601      1.01582    -0.270688    -0.420181    -0.542923   -0.0968381     0.568571    -0.798428    0.0898484     0.299613     0.355489     0.540222    0.0665464     0.250644    -0.374748    0.0716703     0.390811    -0.509661    -0.284882
   -0.514761     -0.63238     -0.37341     -1.77458      1.97613    -0.303663      2.42709      1.73348      1.80947    -0.720389      1.93187     -1.81611     0.469309     0.509947       1.1451     -2.53231    -0.778381     0.454929      1.50077      -1.3806     -1.31501      1.91832     -1.20645     0.214168     0.579144     -3.27691     0.487932     0.407454      2.50267     -1.52666     0.329347    -0.124791
    0.585337    -0.529161     0.714748     0.208037    -0.270372      0.22829     0.833377    0.0242974    -0.211498    -0.314932     0.782416     0.124909    -0.168419    -0.112084    -0.493332    -0.545305   0.00164504     0.147468     0.308626    -0.861292    -0.931564     0.466441      1.17302     0.399307     0.382489     0.375069      1.16162    0.0797334    -0.118361     0.657272     0.845572    -0.216498
    0.449922     0.137268      1.08737     -1.00458     0.638497    -0.702535     0.149844     -1.32837     0.500094    -0.739215    -0.243461     0.535834    -0.952383     0.334193     -1.62587   -0.0125872      1.42374   -0.0209303    0.0209574     0.873196     0.275506     0.938996    -0.778969    -0.241815    -0.721241     0.520614     0.765418     0.600933     0.424202     0.179232    -0.162996    -0.193388
     0.76805    -0.562248    -0.526464    -0.112181    -0.454652    -0.351642    -0.320235      0.37969    -0.968112     -1.61361     -1.30061   -0.0233436    -0.663407     -0.23668     0.750729     -1.21084    -0.725847      1.18191   -0.0684361     0.670742    -0.317126    0.0815627     0.552535      2.03571     0.243908    -0.645656    -0.673411      0.50814    -0.209758    -0.102772      1.26852      1.23096
