    0.333931    -0.107074     0.477152     0.160986     0.145608     0.545018    -0.827139    -0.126839     0.603126     0.304657    0.0161272     0.460047    -0.203348     0.789524    0.0678574    -0.342536     -0.22099    -0.544898   -0.0530616    -0.491739    -0.347586    -0.137195    0.0304953    -0.121977     0.541717    -0.647764    -0.440678    -0.415707     0.647989   -0.0194594      0.26451    0.0260079
   -0.447572    -0.612867    -0.197596    -0.321912   -0.0491393      0.51311     0.230443     0.281934     0.304796    0.0619366     0.371573     0.122488     -0.33384    -0.101813   -0.0170068     0.534411     0.270651    -0.077209    -0.432105     0.323829        0.247     0.213546     0.366955     0.368146   -0.0780219     -0.50859    0.0154154     0.194167    0.0945232    -0.637635     0.337786      0.13258
   -0.243367    -0.357778     0.618577    -0.213796    -0.342077      0.40657    -0.308717     0.315605      -0.7147    -0.129616    -0.455427     0.295814    -0.257597     0.152723    -0.109988     0.117855    -0.329276    -0.069931    0.0854677     0.162074     -0.03798    -0.213187    0.0699952      0.33919     0.199235      -1.4906     0.611995    0.0145552    -0.452447    -0.317009   -0.0562174     -0.57154
   -0.205344     0.791044     0.651867   -0.0547585   -0.0753665     0.299223    -0.117148     0.187159     0.326705    -0.219605     0.691296    -0.299346     0.403297    -0.228673     0.648822    -0.305482   -0.0136054    -0.733555    -0.313679    -0.145457    -0.229975     0.499415     -0.17939     0.666857    0.0902132     0.300448    -0.183646     0.134924     0.233984    -0.190503    0.0290165    -0.408966
   -0.382122    0.0589313     0.428876    -0.326828     0.337546     0.459084     0.304437    0.0322483     0.554741    0.0723345     0.288631    0.0553093    -0.448486     0.472603   -0.0838713    0.0180891     0.119787    -0.462516     0.257383    -0.678237    -0.269296     0.756951      0.25883  -0.00199345    -0.161344    -0.496849     0.074237     0.302443    -0.677814    0.0709089     0.455099    -0.685564
    -0.13314   -0.0893843     -0.09762    -0.499266    -0.417001     0.125516     0.460903    0.0624743     0.282553    0.0850854     0.413214      0.52218    -0.273708    -0.110687    -0.175644    -0.222145  -0.00181016   -0.0434918    0.0939243     0.073538   -0.0641721   -0.0150377     0.150111    0.0217454      -0.1174    -0.160767    -0.157509    0.0778829   -0.0112467    0.0169878   -0.0314941     0.145369
    -0.11363     0.147909    -0.230863     0.168706    0.0310719     0.434115    -0.195807     0.337547    -0.130918    -0.155865     0.342543     0.248086     0.231016     0.308178     0.246298    -0.139159    -0.203507     0.337381    0.0406253    -0.615747    -0.231243    -0.455665     0.461729   -0.0461414     0.124056    -0.611534   -0.0167183     0.382881   -0.0346942     0.464428   -0.0786963   -0.0378345
    0.181943     0.199864       0.5428   -0.0062056    -0.721698    0.0071752     0.427599     0.514857    -0.778586   -0.0971321     0.742243    -0.288866     0.306434     0.152387      0.37019   -0.0714554    -0.274787    -0.330611    -0.212023    -0.116906    -0.108161    -0.155975    -0.228212     0.329661    -0.301128    0.0640223     -0.12551    -0.360337    -0.230803    -0.219755     0.273615    -0.217643
    0.226323    -0.211554      0.52882     0.466507    0.0966199    0.0775153    -0.142372     0.275858    -0.219772    -0.119905    -0.163663    -0.387908   -0.0550987    0.0384885     0.245883   -0.0451069   -0.0529377   -0.0551874    -0.313059    0.0565805     0.248814     0.202218    -0.241654    0.0693998    0.0123195    -0.194729     0.105176   -0.0504467     0.081863    -0.277089   -0.0402717    -0.268802
    0.305306    -0.301713      0.21192     0.383162    -0.129955     0.362415    -0.209863    -0.282926     0.267532     0.192506     0.118141     0.472638    -0.106024     0.319464    -0.428921    -0.211256     0.063882     0.412248    -0.237492     0.207364    0.0512635    -0.209543   -0.0460345    0.0860661   -0.0595853    -0.595747   -0.0524673     0.305644    -0.374429    -0.250015     0.265635    0.0698627
      0.3843    -0.574325    -0.262726    -0.325434    0.0827167    -0.614967    -0.742719     0.633888     0.234778    -0.587873     0.738165     -1.00574    -0.153924     0.235878     0.762591    -0.455092     0.379467    -0.746518    -0.268177    -0.109291   -0.0510741    -0.180371    -0.160391    -0.367641    -0.210189   -0.0767253    -0.417087     0.696754     0.780989     -0.55688     0.851437    -0.621022
   -0.191273     0.418884    -0.021334    -0.442493     0.053229    0.0795598   -0.0481898     0.262014    -0.249512    -0.832974     0.298101     0.345075    -0.365639    -0.416285    -0.126201    -0.234104    0.0903395    -0.543472    -0.116132     0.355883    -0.311506      0.30266     0.239236    -0.328937     0.572046    -0.044598   0.00225835    -0.583813   -0.0995782     -0.86324     0.569594    -0.118142
   0.0928847    -0.411391     0.297275    -0.346316    0.0518206     0.175559    -0.095407   -0.0393248    0.0872879    -0.240229     -0.07836     0.328406     0.292204     0.220389    -0.104772   -0.0706377    -0.173753    -0.287174     0.851347     0.233616    -0.308286     0.212652     0.242726   -0.0634851    -0.140741    -0.619597     0.233199     0.103066     0.158608   -0.0821495    -0.111952   -0.0308112
    0.609741   -0.0573137    -0.305161    -0.216496     0.200003    -0.472191     0.395926     0.277022     0.383876     0.133386     0.205408   -0.0686844    -0.329455     0.209142     0.312457     0.419712    -0.413692    -0.160785    -0.431165     0.223421     0.580678    0.0982949   -0.0502409    -0.186845    0.0447972    -0.270335     0.005954     0.266295     0.564595   -0.0602453    -0.347728     0.142002
    0.122852      0.32665      0.11834    0.0302323    0.0309559     -0.12824    -0.310637     0.300974     -0.36444     0.209891    -0.298621     0.349899     0.703159     0.646779     0.616439      1.21368    -0.727097     0.109855    -0.831759    -0.391679    -0.419675    -0.184048      0.72907     0.604677     0.177103    -0.645498     0.024229     0.618582     0.222591     0.236122   -0.0144628   -0.0728963
   -0.172891    -0.164656     0.291719    -0.108051   -0.0987853    -0.117379   -0.0826354    -0.179655    -0.122456     0.475789     0.170943     0.345906    -0.106213    -0.119954     0.129802    -0.148435     0.299182   -0.0652688    -0.243932     0.214669    -0.124397     0.297259     0.162514     0.650845    0.0982211    0.0275057     0.187979     0.378284    -0.236082    -0.384005     0.136931     0.126254
   -0.490381    -0.337972     0.585056     0.856583     0.504955    -0.188222    0.0374867    -0.231066    -0.320348     0.188178     0.937196    -0.326044     0.302175    -0.918706     0.386201    -0.748201    -0.412446     0.395556    -0.294909     0.359235     0.771906    -0.407769    -0.701677     0.393106    -0.114141   -0.0284962   0.00419839     -0.18979    -0.654996   -0.0568455    -0.158284     0.126294
    0.162756      0.38767     0.266539   -0.0351679    -0.158277     0.253701     0.238239     0.298488     0.199586     0.107497   0.00197287    -0.107684     0.221359     0.388338     0.426182    -0.121463    -0.184098    -0.327659    0.0738207    -0.728709    0.0821617     0.299133    0.0209098    0.0907831   -0.0405716     0.312004     0.399555     0.171846     0.330155    -0.152246    0.0841538      0.07184
   -0.470925    -0.123607   -0.0405565    -0.300601    -0.626894    0.0332133    -0.288433     0.243891    -0.378419    -0.258404    -0.049592   -0.0180422     -0.30611    -0.334843    -0.104981   -0.0676713    -0.138208    -0.164902   -0.0360365     0.361404    -0.103841    -0.286428     0.117887     0.125694    -0.673503     0.247961    -0.304013     0.275808     0.172886    -0.809079   -0.0409075    -0.190739
    -0.60585    -0.149693     -0.07353    -0.171794     0.185513    0.0932095    -0.488015    -0.276707     0.413852    0.0138202    0.0171535    -0.458292    -0.400042     0.229363     -0.14757   -0.0977503     0.518416    -0.211363     0.420771     0.410849     0.665943      0.18181    -0.320715    -0.136125    0.0443253     0.419752    0.0822638    -0.473027    0.0800875    -0.589872   0.00944802    -0.422227
   -0.202975    0.0424101    0.0752865    -0.104554   -0.0718895     0.110907    -0.331888    -0.213774     0.410578   -0.0579738       0.3818    -0.390599   -0.0536167      0.31103     0.283649   -0.0534594    -0.071834    -0.365309     0.129771     0.078838     0.334607    -0.204778    -0.416065    0.0236834     0.214118    -0.266358    -0.291795    -0.263003     0.254897    -0.732295    -0.298876    -0.302026
   -0.270952     0.360523    0.0989441    -0.458777    -0.118895    -0.267557   -0.0318942    -0.310633    -0.610503    -0.128091     0.336772    0.0407282    -0.410291     0.346844     0.159124    -0.167997    -0.548875     -0.31304     -0.78745   -0.0269755     0.853092   -0.0399107    -0.848158   -0.0289877     0.309554    -0.326991     -0.05123      0.38974     0.136198    -0.324221     0.293652     0.182514
    0.568303    0.0429908    -0.150339    -0.118167    -0.155972    -0.495061     0.219848   -0.0720825   -0.0961074     -0.15587     -0.19314   -0.0944976    -0.532694    0.0048556     0.156404    0.0139469   -0.0441174    -0.441335      -0.2562    -0.142287    -0.203942     0.189349    -0.669064    -0.118298     0.185052     -0.31166     0.391699    0.0762957     0.143256    -0.355066     0.275753   -0.0609253
   0.0213678    -0.473141      0.76881    -0.115213   -0.0100507     0.255111    -0.717849    -0.135786      1.12088    -0.488568     0.240185    -0.506226   -0.0894458     0.346783    -0.555709     -0.55295    -0.166402    -0.629901   0.00827865   -0.0040566   -0.0181262     -0.41907    -0.159495    -0.679106     0.242147     0.257301    0.0343588   -0.0864723    -0.188889    -0.575029     0.520913   -0.0260335
    0.105167     0.139652     0.424581     0.517758    -0.173739     0.111828      0.47522     0.164692    0.0930078    -0.170857      0.49283    -0.327606   -0.0226343    -0.912761      0.38414    -0.119269    -0.778203    -0.449108    -0.741124   -0.0742188     -0.17865    -0.203461     0.342693   -0.0437397     0.481649    -0.522853      0.30667     0.132972     0.322897     0.591008    -0.544107    -0.321979
  -0.0677676     0.496726     0.492172     0.189805     0.144869    -0.370589    0.0783992    0.0204639     0.188494     0.242683    -0.261079   -0.0932102     0.100689     0.120755  0.000499384   -0.0744662    -0.363407   -0.0651024    -0.199234    0.0861351    -0.119027    0.0931669    -0.220475   0.00360067     0.313478     -0.26055     0.308048     0.418357     -0.14825     0.238894    0.0952354     0.482238
    0.205669    -0.747951     0.206775   0.00891529     0.412468    -0.197759     0.284594     -0.30217    -0.074988     0.461463     0.287667     0.245761    -0.592492     0.467231     0.118823   -0.0224332     -0.39445    0.0533446    -0.632058    -0.104704     0.549842     0.150361   -0.0297731    -0.250759    -0.192976   -0.0778574      0.73665    0.0348918     0.168433     0.306623    -0.250049    -0.167611
    0.791548    -0.494278    0.0686136    -0.231526     0.263645    -0.104572    0.0789631      0.35894    -0.713026    -0.422995     0.067035    -0.219238     0.437097     0.196159     0.329223   -0.0966191     -0.34437    0.0920105    -0.273651     0.548223   -0.0556055    -0.142731    -0.233012     0.273921       0.1266     0.191003   -0.0453579     0.352224     0.363819    -0.258405    -0.313744     0.283061
  -0.0574872    -0.278695     0.311394    -0.699224     -0.45077     0.119929    0.0532967    -0.535445    -0.356371    0.0877764     0.313297    -0.218789    0.0448665   -0.0763246     0.187393     0.144694    -0.581832    -0.290876    -0.177719  -0.00129234    -0.340528    -0.116322    -0.495876     0.245138    -0.376467    -0.323986      0.60427    -0.116052    0.0567402    -0.407304     0.642261      0.02896
     0.60736     0.109342    -0.662254     0.489664    -0.108626    -0.273056    0.0530371     0.336305    -0.315566    -0.354435    -0.390431    0.0695913      1.10754   -0.0625657    -0.419652    -0.138616    -0.156597    -0.896647     -1.02106     -0.37674    -0.137937     0.318757     0.586437    -0.271931    0.0544014    -0.955875    -0.100159   -0.0727269   -0.0194149     0.381462      0.29371    -0.301559
   -0.106606    0.0559822     0.626549     -0.57658    -0.569262    -0.270314    -0.559101     0.402714    0.0274295    -0.646632   0.00276377    -0.380859    -0.501264     0.775049    0.0472368    -0.114989    -0.229008   -0.0245236    -0.627434    0.0864177    -0.112217     0.278505    -0.485507    -0.290933    -0.475882     0.176868    -0.770766    -0.101104      1.01098     -0.87254  -0.00885123     0.146088
   -0.373121   -0.0471253     0.836621     0.414419     0.294988     0.143654    -0.134052    0.0118098    -0.707259    -0.159591     0.169284    0.0523752     0.080754     0.187772      0.29719    -0.111893    0.0785397     0.480421    -0.471973     0.033115     0.326345    -0.158997    -0.355343    0.0414966    -0.140859   0.00536711  -0.00483212     0.224694  -0.00926994    -0.331853    -0.615303     0.477359
    0.921105    -0.685275     0.163188     0.626383     0.361439    -0.438912     0.178614    0.0113242    -0.401208    -0.541216    -0.162382      -0.4529    -0.640219    -0.298007     0.136048    -0.499769    -0.188351    0.0123378    -0.691986     0.352498     0.499268    -0.602603    -0.150391    -0.151933   -0.0589057    -0.849729     0.262006     0.318212     0.301017    -0.229817   -0.0880106     0.258524
    0.171003     0.101533    -0.242077      0.25453    0.0447538   -0.0112076     0.446174    -0.460041    -0.226563   -0.0805193    -0.157908    -0.560629    -0.202803     0.209772     0.147606    -0.111635     0.160301     0.127006    -0.363743     0.520241   0.00713385   -0.0680118    -0.551564     0.598535     0.262279     0.333927      0.18655   -0.0811262      0.11242    -0.108858     0.280017    0.0193258
   -0.273379    -0.185913    -0.145978   -0.0999224     0.336108     0.138999   -0.0108222    -0.431708      0.45965     0.157497     0.212238    0.0931298    -0.672411    0.0677749    0.0657945    0.0724963    -0.625608    -0.374957     0.125041    -0.819675   -0.0390452    0.0029731    -0.264265     0.103181    -0.530361    -0.258678     0.426898     0.162847     0.214342    -0.401916    -0.393472      0.11425
    0.255283    -0.481481    -0.154895    -0.411383     -0.46034    -0.111012     0.495127     0.548497     0.135469     0.289141   -0.0104761    -0.159882     0.415796    -0.327434     0.107727    -0.179793    -0.201045   -0.0491895  -0.00939609    -0.237175     0.037545    -0.183968       0.1306    -0.336169    -0.228909     0.108997    -0.474359    -0.238939    0.0815233    -0.567694    -0.239153    -0.595937
   -0.249447     0.435165    -0.153152     -0.13206    -0.292972    -0.158695     0.439511   -0.0631853     0.609377    -0.607545     0.231366     0.488734    -0.291944     -0.29389      0.26155    0.0978025    -0.550377   -0.0863063      0.11799     0.108543    -0.587649     0.325729      0.30082    0.0543197      0.14424    -0.724715      0.87555    -0.270051    -0.309993     0.308308     0.590206    -0.333019
    0.305694     0.313824     0.131681    0.0593794    -0.350375     0.105859   -0.0335943     0.463698    0.0173057  -0.00707223     0.320577     0.763877     0.324924    -0.331487    0.0197009     0.378439     0.063607    -0.504282    -0.268273    -0.296484     -0.26012    0.0594824    -0.162259  -0.00245837    -0.199954    -0.857027     0.677774    0.0703711    -0.100734     0.418703     0.220294     0.367945
   0.0196838    -0.209791     0.199012     0.132379    -0.286271     0.149363     0.164926    -0.117814    0.0925671    0.0785698      0.12462     0.205926    -0.210625    -0.303079    -0.191288     0.119149    -0.597235    -0.384649    -0.113244     0.144594    -0.248872    -0.457495   -0.0561808    -0.150087     0.141795   -0.0983612    -0.309001    -0.329422    0.0400343    -0.271579     0.435941    -0.130693
    0.165831    -0.170581      0.50613    0.0758386     0.359878     0.217025     0.530829     0.363517    -0.369298   -0.0928798     0.194466    -0.391002     0.577015     0.312046      0.33446     0.401373    -0.308512   0.00763368    -0.542414    -0.254834  -0.00840362   -0.0351541    -0.222281     0.297721      0.20446    -0.110484    -0.352916    -0.267871   -0.0163429    -0.268227    -0.477983    -0.229591
    0.198496     0.140818    0.0130477    -0.548117    -0.230344    -0.204422     0.426727    -0.353577    -0.390569   -0.0288714    -0.214312     0.260005    -0.498193     0.228455    0.0507676     0.126336    -0.222387     0.087633   -0.0660759     0.346179     0.011949     0.510672   -0.0222896    0.0898292     0.066684    -0.451542   -0.0614066     0.233051     0.201324     0.377699    -0.147333    0.0150461
  -0.0846763    -0.152915    -0.179941     0.551785    0.0855341   -0.0581681    0.0306087     0.155418   -0.0903186     -0.22286    -0.369107    -0.055486    -0.227423   -0.0267313     0.143284      0.12657    0.0760504     -0.15492    -0.381876    -0.547402    -0.288928     0.277439    -0.163423     0.298873     0.115815     -1.02377     0.130378      0.23784    -0.136062     0.177955     0.293441     0.200499
    0.055695    -0.415802     0.612166    -0.213961    -0.196573     0.476212    -0.276869   -0.0553386   -0.0425826    -0.272178    -0.134791    -0.152513    -0.171951     0.144689     0.547994   -0.0265644   -0.0632811     0.495525    -0.192644    0.0485504      0.61546    -0.444093   -0.0836338    0.0196025    -0.232813     0.429739    -0.436608     0.207987    -0.283674    -0.563142   -0.0750129     0.242015
  -0.0654481      0.72294    -0.143493     0.147231    -0.848646    -0.228841     0.184625     0.219699     0.330679    -0.413887     0.536424    -0.441141     0.359475     0.125279    -0.153977    0.0695975    -0.639109     0.176843    -0.181114    -0.273836     0.217861    -0.315173     0.462023   -0.0174546     0.465234    -0.192334    -0.242306     0.290741     0.942257     0.229028     0.101228   -0.0151773
    0.434378    -0.575759    0.0268877     0.556911     0.281794   -0.0549044   -0.0454429    -0.094613     0.148925     0.320318     0.711054    -0.223012   -0.0815451     0.206458     0.414987     0.193937    0.0144676    -0.222377     -0.92519    -0.204257    -0.324266    -0.250085    -0.399858    0.0533444    -0.283692    -0.770186     -0.37532     0.215972    -0.178705   -0.0274031    -0.760852      0.26051
  -0.0155195     0.095409     0.716973   -0.0115776   0.00702452    -0.783222     0.245681     0.129102    -0.110344    -0.397423     0.289405    -0.110909     -0.28522     0.271338     0.368579     -0.22702    -0.344623    -0.421499    -0.281597     -0.58998    -0.183152    -0.510565    -0.251433     0.134492     0.136243     0.277383    -0.799186   -0.0409851     0.584159    -0.541395    -0.472827     0.103416
    0.571633     0.184272    -0.598545     0.474898     0.155152    -0.338777  -0.00483263   -0.0210143    -0.374054   0.00656066     -0.13192    0.0420801     -0.51555   -0.0589686    -0.254435    -0.479653    -0.074415     0.328667     0.117881  -0.00487278     0.280098    -0.186694    -0.752033   -0.0725685    -0.282326    0.0629907    0.0393987     0.205763     0.318391        0.122   0.00237479    0.0562543
    0.491613    -0.529718     0.486891      0.27529     0.206486     0.101759     0.117112    0.0571151     0.589271    -0.296291     0.194839   -0.0309727     -0.20869    -0.132741  -0.00484434     0.482476     0.368953    -0.562602     0.346999    0.0664349    -0.762138     0.122529   -0.0262702    -0.147636     0.221436    -0.248259   -0.0368862     0.225013    -0.397147     0.272746    0.0824104    -0.129794
    0.119169    -0.197651     0.229194    0.0239339    -0.102126    -0.304592    -0.428506     -0.17769      1.00911    -0.013265   -0.0174483     0.142917     0.155628    0.0996818     0.399452     0.497346      0.42006    -0.302357     0.199704    -0.734839   -0.0530077      0.51308     0.560924    -0.226847     0.415595     -1.02085    0.0612836    0.0977363    -0.398209     0.392975    0.0135601     0.128647
    0.527297    -0.208349   -0.0341047     0.045673    -0.075095    -0.257366    0.0942612    0.0565076    0.0985161    -0.361425    -0.116298    -0.433816   -0.0169326    -0.210712    -0.175276    0.0872078   -0.0627739   -0.0307955     0.184412     0.169526    -0.339594      0.22001    0.0472154   -0.0356413    -0.110244     0.338609     0.311066    0.0506824    -0.176116    -0.046481      0.35988    0.0278717
   -0.311418     -0.30737     0.268755     0.125796     -0.60343     0.151275     0.153977    0.0741461     0.155126    0.0949244     0.443597    -0.155109   -0.0174818  -0.00695131  -0.00116052     0.252252    -0.646179     0.138447    -0.409477   -0.0991567   -0.0607013    -0.836482   -0.0992988     0.311889     0.275815     -1.10524     0.373515     0.348895    -0.482688     0.667359    -0.493295     0.368184
    0.117777   -0.0383769      1.21868    -0.307884     0.207165     0.715665    -0.446402     -0.10046    -0.287366    -0.134634      0.61298    -0.111555    -0.553689    0.0360226    -0.283999    -0.109001   -0.0888843    -0.168414     0.340662    -0.314767    -0.344393     0.371981    -0.709357     0.220773  -0.00922859    -0.173408     0.140259     0.548732     0.421489    -0.815513     0.359648    -0.261079
   -0.194606   -0.0924572     0.920473   -0.0707766     0.335315     0.243887    -0.087005    -0.173187   -0.0725465    -0.371962     0.330653     0.203726    -0.146297    0.0891462    0.0876668    -0.106534    0.0304505    -0.600123    -0.576284   -0.0197212     0.371976    -0.316194    -0.154525    -0.081461     0.307767    -0.148086    0.0356687     0.174346     0.177901     -0.57081    -0.202115    -0.274784
   0.0605894    -0.544524    0.0798758      0.10601    -0.130396   -0.0700624    -0.221157     0.303326    -0.420502    -0.576573    0.0200668    -0.186984    -0.346058    0.0713568    -0.219244    -0.458769    0.0589257     0.145938    -0.367903    -0.286569   -0.0859397    0.0287565    -0.105992    -0.256999     0.533077    -0.148446    0.0301663    -0.569178   -0.0728072    -0.157905     0.343085   -0.0655316
  -0.0647416       0.2479   -0.0266529    -0.318776    -0.023803    -0.120645     0.483949    -0.339326     0.494099    -0.564089     0.453509     0.572972    -0.235278    -0.363953    -0.321234     0.615153    -0.430096    -0.318131   -0.0507194   0.00461305   -0.0381049     0.175991   -0.0360249     0.204802     0.580203    -0.677479    -0.187114     -0.31634     0.189579     0.338202    0.0731306   -0.0361141
    0.544339    -0.515511    -0.264046    -0.475641    -0.394073    -0.194836    -0.143293    -0.287048     0.225936    -0.533829     0.745029     0.348456   -0.0833945    -0.293284   -0.0452156     0.795582    0.0990786    0.0917277    -0.209661     0.317957     0.715417    -0.083099    -0.265176    -0.479398     0.326496    0.0449902     0.578578    0.0493512    -0.173516    -0.378125     0.607475    -0.243958
   -0.588482    -0.206982    -0.284464    -0.383073     0.233953      0.34793    0.0111576     0.082844     0.698301    -0.110546     0.206168     0.155226   -0.0109188    0.0108973     0.514967    -0.191738   -0.0174618    -0.696846    -0.225154    -0.345044   -0.0797388     0.192208     0.306157      0.36661     0.698754    -0.899597     0.797298    0.0803097    -0.129768    -0.285829    -0.373698    -0.207533
  0.00618178      0.25269     0.155981    0.0470074      0.22124    -0.109017    0.0702057      0.36416     0.227871    0.0444723     0.366013    -0.231577     0.409228    -0.736436     0.378276    -0.834054  -0.00457096    -0.227643   -0.0928928     0.117732    -0.211678    -0.183666   -0.0740894    -0.133712      0.50278    -0.795651     0.295223    -0.110095    -0.122897     0.815629    0.0586859    -0.019863
   -0.152416    -0.188915     0.789612      0.26337     0.204155     0.246327    -0.340881     0.066366    -0.423641     0.793613     0.742385    -0.188065   -0.0104762   -0.0704675   -0.0478721     0.147587     0.472001    0.0970096    -0.593206    0.0386763   -0.0860372     -0.13302    0.0885541     0.245718      0.36216     0.516653    -0.297873     0.358544   -0.0515331    -0.462404    -0.902037    -0.121155
   -0.201539     -0.10084     0.666024     0.357945    -0.344986     0.243059    -0.354957    -0.255329   -0.0513704    -0.341167    0.0907603     0.270417      -0.2729    -0.739217      0.30073     0.218965    -0.281333     -0.25217    -0.247185   -0.0775308      0.13537   -0.0538616    -0.107145    -0.261888     0.306786    0.0205724    -0.573855     0.214445     0.435712     0.157648   -0.0790841   -0.0184624
-3.42605e-06    -0.184647     0.562839     0.495459    0.0100998      0.53672     0.421607    -0.198613    -0.735436    -0.267736     0.407797    -0.811678     0.274978   -0.0219554     0.573933     0.300314   -0.0478416   -0.0832662    -0.797389     0.203491    0.0343231   -0.0803143   -0.0137598     0.470408     0.183286    -0.620004     0.574938     0.537424     0.219691  -0.00315293     0.529562    -0.206016
   -0.613824     0.520986    -0.040172   -0.0604469   -0.0365182     0.112184     0.229614    0.0186598    -0.051527    -0.354785     0.037328     -0.44587    0.0201797    -0.243251   -0.0404367    -0.392968    -0.256789    -0.313077    -0.276042     0.344047    -0.454543    0.0649582    0.0268487     0.283506     0.674995    -0.118297    -0.318928     0.744734    -0.405601     0.117325    0.0282369    -0.504739
    0.123058    -0.161368     0.108601    -0.104676    -0.269282    0.0614036   -0.0018942      0.38144    -0.265663    -0.310843    -0.204541     0.113458    -0.139643      0.27839    -0.147653     0.387316    0.0483166    -0.574502   -0.0201341     0.197493     0.288895     0.159817   -0.0753272   -0.0414691    -0.356849    -0.576555    0.0919561   0.00236937     0.393675    -0.468281    -0.158421     0.132651
   0.0204805     0.206309    -0.193599     0.328623     0.275999    0.0312439    0.0349026     0.284124     0.233599     0.397203    0.0846761    -0.269024    -0.165885     0.512937    -0.045855   -0.0476726     0.197694   -0.0742438    0.0722655    -0.158982    -0.317191    -0.172546     -0.34604     0.413177     0.192055    -0.160329     0.139119     0.102128    -0.131903     0.207062   -0.0102426     -0.15011
  -0.0836377    -0.265706     0.603501     0.421408   -0.0902427     0.213946    -0.143161    0.0471549    -0.291368   -0.0789169     0.181798    -0.232504    -0.161167    -0.106806      0.51857     0.122618    -0.196116     0.139543    -0.609069    -0.218694     0.247307    -0.457221    -0.239565      0.26407    0.0919033    -0.259712    -0.331379     0.228157   -0.0660176     0.608942    -0.657194     0.400542
     0.10444     0.171911   0.00357505    -0.338956    -0.151663    0.0866103     0.227772   -0.0337396    -0.220827    -0.322941     0.179309     0.487176   -0.0687877    -0.602519    -0.145083     -0.41436    -0.291211     -0.59229     0.198034    0.0966255     0.164049    0.0147529     0.151308    0.0334563     0.316782   -0.0827534    -0.111144    -0.134517   -0.0839705   -0.0348467   -0.0926689     0.084357
    0.225539   -0.0897428     0.235821    0.0246173     0.189677     -0.01168     0.584524    0.0539499       0.2201    -0.180528    -0.171975     0.161941    -0.129884     0.604416    -0.253116    -0.294679    -0.332574    -0.338814     -0.16023    0.0360205     0.028386    -0.253032   -0.0109446    0.0580524     0.291464    -0.301563    -0.429131    0.0730417    -0.369618    -0.247035    -0.249583     0.155588
    0.157045     -0.30289    -0.174622      0.12594     0.234551   -0.0928373     0.194226    -0.196898    0.0253653     0.143893   -0.0182834    -0.112005    -0.206974    0.0901187     0.125864    -0.279732    -0.192327   -0.0256358    0.0573753    0.0861398    -0.671392     -0.27108     0.130388     0.166623     0.310726    0.0716174     0.292596    -0.416358    -0.109171      0.17596    -0.255316     0.332463
   0.0136491    -0.123919     -0.29131    -0.140719    0.0298477     0.288158     0.411939     0.289911  -0.00426829     0.293754      0.40712    -0.184749     0.322868    0.0421202    -0.293409  -0.00175612  -0.00474281    -0.286705    -0.255661    -0.455182     0.204784      0.47206    0.0908985      0.22216      0.31877    -0.592044     0.272073     0.305614    -0.235911     0.250951    -0.200503     0.251354
   -0.616789    -0.329398    -0.292886     0.723107    0.0455342    -0.560151    -0.267123     0.159173     0.443212    -0.035067     0.755371   -0.0993417    0.0159842   -0.0391346    -0.128487   -0.0760096    -0.239575    -0.161369     -0.29423    -0.623297     0.227632   -0.0557025    -0.465844     0.180528    -0.329986    -0.796575    -0.153858     0.429631    -0.378526     0.418852    -0.742021     0.935385
    0.312541    -0.458863    -0.264397    -0.088128    -0.142461    -0.154283    0.0544179    0.0501093     0.178595    -0.159615   -0.0831602    -0.353232     0.205002     0.299938     0.475272     0.299065     0.167502    -0.175818    -0.206322     0.105465     0.256169     0.247963    0.0735425  -0.00307197    -0.831173    -0.160275    -0.154722     0.366588     0.058175    -0.127983     -1.00706    0.0678297
   -0.367218     0.153949    -0.319452     0.452197      0.41554      0.14863    -0.092973   -0.0511406     0.172112    -0.190627    -0.284741    -0.370086    -0.107649  -0.00251566      -0.2523    0.0734156    0.0620446    -0.192879    -0.107697    0.0868393   -0.0320568    -0.128827     -0.12548     0.144626     0.203673   -0.0800562    -0.200027     0.224872    -0.178625    -0.204281     0.344335     0.272454
    0.216876   -0.0157079    -0.580234    -0.285813    -0.010991     0.270423     0.125852      0.30805     0.148042    -0.250606     0.225367    0.0642673   -0.0204454     0.278735     0.390963     0.629411     0.448573    -0.201888    -0.036963   -0.0167563    -0.361405     0.530555   -0.0700503    -0.258463   -0.0548641    -0.632636     0.466174     0.284109   0.00578187     0.281138     0.109109      0.38719
    0.328347    0.0810142    0.0598056     0.184818    -0.512339   -0.0667386    -0.289349     0.297498    -0.528771    0.0459033      0.33179   -0.0554497    -0.107221    -0.341776     0.882867    -0.476912    -0.520607     0.219575   -0.0240753    0.0848023     0.149957    -0.357395    0.0487302      0.13436    -0.238634     0.309507    -0.438829     0.222188     0.438491    -0.218121     0.076107     0.313906
    0.529028    -0.192825     0.158492   -0.0122903    0.0246504    0.0339853     0.468564     0.159286     0.288152    -0.013989    0.0280862     -0.24211     0.055587     0.333219    -0.019844     0.629632    -0.126317      0.15404  -0.00411795     0.169184   -0.0457884     0.121029    0.0879264    0.0471171     0.124004    -0.599758     0.184612   -0.0673394    -0.183336     0.274011    -0.797212    -0.175274
    0.151951   -0.0489601   -0.0447347    -0.154467     0.393923     0.288577     -0.20916    -0.372488     0.239523     0.360442     0.160224     0.329677    0.0171108     0.318882   -0.0584078     0.107934    -0.278264    -0.372044    -0.124188    -0.494017    -0.242469   -0.0631116     -0.24116     0.235324    -0.334342   -0.0507962    0.0916722    -0.290899     0.207852    -0.299432   -0.0261485    -0.117332
    0.380271   -0.0250873   -0.0730903    -0.358732     -0.44899    -0.128918   -0.0347142    0.0838518    0.0428742    -0.490452    -0.397224     0.253902    -0.501431   0.00980297    -0.363092     0.905079    -0.241372      -0.1093    -0.564024     0.639127    -0.743833     0.076361     0.380257    -0.347939       0.4465    -0.572002    -0.153648    -0.391812    -0.583644    -0.531554     0.415021     0.120829
   -0.287937    -0.186503     0.616742    0.0409614    -0.300286     0.181804   -0.0959495    -0.257182    0.0478699     0.598422     0.362199    -0.168709    -0.150289    -0.328706    -0.543843    -0.427298     -0.53094      1.11064     0.267573     0.145893    -0.102853    -0.472288    0.0236732     0.265329    -0.779015     0.437389    -0.410422     -0.16416     -0.47584    -0.422964     -0.40945     0.105847
  -0.0226208     0.308009     0.142785     0.365862     0.511034   -0.0624899    -0.550806    -0.392265   -0.0446302     0.312048     0.754379    -0.637321    -0.393468  -0.00402746     0.229637    -0.228768     0.135771    -0.525656    -0.298048   -0.0895902    -0.111209  -0.00623019    -0.963168    0.0456577    -0.162349    -0.335373    0.0107665    -0.386598     0.156793    -0.029353     0.253194    0.0184956
    0.196455    -0.434372     0.308514     0.176697   -0.0525512     0.125641    -0.363807   -0.0162313    -0.469609    -0.133861     0.290487    -0.666475    0.0468092    -0.358037     0.186037     0.186557   -0.0271337    -0.126164     0.328989     0.400262      -0.0773    0.0516366   -0.0695414    -0.214891    0.0274266    -0.231377     0.226737     0.698568    -0.328921    0.0393952     0.108556    -0.148412
    0.345053    -0.216288   0.00658574    -0.332248     0.522543    -0.247913    -0.557312    -0.155534    -0.268345    -0.159417  -0.00125103   0.00818131   -0.0227422    0.0416937     0.118556   -0.0142486   -0.0811659    -0.115118    -0.380292    -0.251163     -0.11922     -0.68474    -0.231024    -0.584438     0.293527     0.401528    -0.344682     0.199643     0.336685     0.263243   -0.0750479   -0.0409463
      0.4968     0.452104    0.0118574    -0.130626   -0.0886004   -0.0785344    0.0799394    -0.147118    -0.397266    0.0954424     0.169715     0.647915    -0.741247    -0.409478     0.560788    -0.304338    -0.578046    -0.558029       -0.306   -0.0293415   -0.0642234    -0.238071    0.0148512     0.175731     0.120383    -0.298939    -0.182029    0.0203034     0.582853    -0.664676    -0.260591    0.0782412
   0.0334258     0.282359    -0.395204    0.0155825   -0.0870362    -0.366098    0.0479373    -0.134532   -0.0278415    0.0767423     0.448733    -0.194432    -0.285967    -0.591481    0.0363676     0.176999    0.0926296   -0.0931223    -0.457842    0.0584054    -0.128751    -0.253967    -0.447117    0.0613528    -0.174645    -0.623959    -0.613287     0.172802    0.0600782     0.629295    -0.574263     0.538311
    0.218147     -0.25719    -0.151303     0.132316     0.497588    0.0833347      0.50365    -0.196891     0.256565    -0.294222     0.443597     0.436487   -0.0502061     0.408157     0.187391   -0.0107933     0.387863      0.10963    -0.333275    0.0736295     0.293102     0.339582     0.102096   -0.0226208    -0.060004    -0.288925     0.357562     0.252969     0.089339     0.131193    -0.676424     0.708474
    0.690385    0.0212295     0.334679    -0.628926    0.0794717    -0.253581     0.497396    0.0850209    0.0149977    -0.718217    -0.164388   -0.0831024    -0.204281      0.31835     0.321568    -0.301018   -0.0922323    -0.434668   -0.0779126     0.572066    -0.329513    -0.555046    -0.251175    -0.123878     0.519766    -0.974543   -0.0876734   -0.0827243    0.0359904   -0.0288614    -0.360674     0.552934
    0.356855    -0.130789    -0.351874    0.0653112    -0.162087    -0.668896      0.13348     0.233437     0.112243      0.45528    -0.345532    -0.141007  -0.00177895     0.207381    0.0622384   0.00413525     0.438767    -0.314531    -0.162063    0.0851329     0.283526    -0.110179     0.214781   -0.0178919     0.406044    0.0967548     0.102327   -0.0276303    -0.290541   -0.0874332    0.0237376    -0.170573
   -0.170832    -0.116888    0.0492615    -0.174035    -0.154575     0.204147     0.451613    0.0411123    -0.381713    0.0101285     0.199849    -0.121439     0.107117     0.135482    0.0152362    -0.198776   -0.0200901   -0.0424619    -0.575869     -0.20387     0.402048     0.455247    0.0940963   -0.0515839    -0.358664     0.405751     0.136881     0.361211     0.449744    0.0367431    -0.172171    -0.341306
   0.0763472     0.264648     0.356656    -0.549236     0.126279   -0.0441764    -0.101421    0.0667836     0.058489      -0.3328     0.964927    -0.187492    0.0262178     0.210131     0.754673    -0.656565    -0.169369   -0.0447104    -0.447209     -0.30123    -0.652322     0.504039    -0.132499     0.101634     0.245405    -0.308904      0.27606     0.294024     0.155702     0.331251   -0.0584904    0.0159992
    -0.55785     0.504376    -0.266963    -0.176352     0.345227   -0.0946884     0.327615    -0.603384     0.231218    -0.146986    -0.811558     0.587704    -0.570162     0.454623    -0.306802    -0.113635     0.333127    -0.153421   -0.0798835     0.158722   -0.0692817    -0.150653    -0.145631    -0.292681      -0.2501     0.411033     0.346369    -0.576428     0.161613    -0.734539    -0.203589  -0.00955795
   -0.270952     0.579841   -0.0442552    -0.321881    -0.355776   0.00641082     0.182524     0.268146    -0.386382    -0.518499     0.113499   -0.0550904    -0.321935    0.0400692     0.246702    -0.112742    -0.645115     0.106866     -0.11631    -0.159984    -0.103418    -0.597217   -0.0867848     0.323022    -0.120032    -0.194167    0.0363279    0.0327038   -0.0577759    -0.184201    0.0624967   -0.0360256
   0.0996948     0.176227    -0.280615     0.569266      0.21242    -0.190521    -0.255457     0.232891     0.104838      -0.3049    -0.500158    -0.453858     -0.13358  9.36185e-05    0.0608706    -0.178042   -0.0832001     0.336602     0.153723    -0.869324     0.527181    -0.342465    -0.169096    -0.293793      0.34663     0.312301     0.304228    -0.238274  1.32318e-05   0.00543837     0.365072     -0.11459
   -0.576775    -0.303744     0.181064    -0.287645   -0.0288699   -0.0590839     -0.02314    -0.307548     0.361036    -0.128875    -0.250586      0.50093    -0.123306     0.116019    -0.274352     0.260395     0.527665    -0.486733     0.339985    -0.280491     0.286938     0.386135    0.0533032    -0.354198    -0.015979     0.382462     0.392467   -0.0693866    -0.298089    -0.273825     0.215129    -0.738889
  -0.0396459     0.248133   0.00503336  -0.00632099    0.0453726   -0.0753106     0.207696     0.104516     0.007511     0.221801     0.205798    -0.448384    0.0953471   0.00193094    -0.108958     0.597943    -0.332598    -0.200239    -0.612143    -0.158257     0.043301    -0.494408    -0.188351     0.452234     0.171251     0.286689    0.0800305     0.416083     0.186231     0.100486    -0.362264     0.328778
   -0.423418   -0.0247262   -0.0217215     0.393608     0.306533    -0.390204    -0.604045    -0.499595    -0.461927     0.323105     0.857684    -0.354474     0.402465    -0.425273     0.531214    -0.242369    0.0397073    0.0454304     -1.05714     0.371118     0.409059    -0.184937    -0.789365    0.0543806     0.453657    -0.151022    0.0758939      0.52321    -0.333682     0.716727     0.018857      0.56408
    0.201166   -0.0178554      0.10118     -0.14736    -0.309025   -0.0868523   0.00643528    -0.270021    -0.104258    -0.176151     0.559111    -0.029868    -0.288675   -0.0744128    0.0695698    -0.537842     -0.11198    -0.190037    -0.282967     0.150056    -0.380636  -0.00785041   -0.0825789     0.100407     0.286869    -0.460964      0.18103    -0.125065   -0.0655629   -0.0410027   -0.0471291  -0.00830395
    0.225893     0.174597    -0.347527    -0.436119   -0.0136441   0.00959508     0.705112     0.259144    -0.311016     0.390101     0.110277    -0.265534     0.190888     0.323861    0.0745365     0.325624   -0.0684596    -0.012495     0.164781     0.303621     0.153513   -0.0113293    -0.224676      0.30714    -0.126167     0.579536     0.712273     0.251067     0.329796    -0.323672     0.103117     -0.24462
    0.348447    0.0276256     0.867146     0.404381   -0.0858652    0.0734542    -0.253627    -0.312355   -0.0623006     -0.57201       0.1555    0.0439875    -0.202954    0.0719207    -0.570148     0.211972   -0.0127311      0.17111     -1.23054    -0.127466       0.9081   0.00466767   -0.0339265    -0.114843      0.53201    -0.592273    -0.352557     0.470415     0.396551     0.094074    -0.216346     0.172419
     0.18104     0.123746    -0.135149    -0.156677  -0.00418497     0.118117     0.597672    -0.365238     0.303822     0.110935     0.450083     0.299253    -0.315507     0.216818    -0.252178    -0.304696   -0.0277438    -0.156026     -0.17593    -0.390004   -0.0456537    0.0499459    -0.208214   -0.0547945    -0.179601    -0.586517    0.0108835     0.156624    -0.109632    -0.403383    -0.263075     0.232934
     0.22115     0.113479    -0.252348     0.296627    -0.283029     0.183279     -0.13362     0.566726     -0.10943    -0.352355    -0.326208    -0.118305     0.104329    -0.349483     -0.24173    -0.299075    -0.424439     0.218448     0.262304    -0.191228     0.183004    -0.272479    0.0533263     0.402793     0.592287     0.109028     0.175858       0.2582   -0.0655958    -0.168528    0.0176904     0.156341
  0.00272801      0.18773     -0.21679    -0.471462    -0.459809    -0.141567    -0.186677     0.342371    -0.675511    -0.445459     0.407755     0.177412     0.497933     0.160842     0.853161     0.226814    -0.218774    -0.284262      0.16488    -0.410435     0.290951   0.00931648     -0.11982    -0.259933    -0.333452     -0.41796     0.408562    -0.346421     0.272666    -0.186258    -0.230957    -0.397215
   -0.109846      0.32458     -0.52708    -0.232107   -0.0234367     0.281395    -0.252183     0.055254    -0.237896     0.196382    0.0239459  -0.00791143    -0.134246   -0.0758586    -0.307274   -0.0159056     0.208323     0.165075     -0.22987   -0.0517081    -0.363644    0.0610257     0.147441     0.347952     0.136793    -0.276022     0.236337     0.181198     0.141969    -0.262698   0.00952329   -0.0774674
   -0.263889     0.217589   -0.0833031    -0.251494    -0.204759    -0.122483    0.0896844     0.220904     0.298611    0.0329655     0.282237     0.175098     0.250005     0.288285     0.128333     0.364841      0.23157   -0.0484949   -0.0401959    -0.125645    -0.171756     0.609082    -0.256461     0.249165     -0.16879     -0.43981     0.323281     0.293298    -0.424199     0.470528    0.0187473    -0.354545
    0.434101    -0.252853     0.226983   -0.0893154  -0.00262394     0.189977     0.450725   -0.0637066   -0.0583267    -0.466354     0.935391    -0.112497    0.0764149    -0.557543     0.214234    -0.464673     0.133489    -0.276954    -0.817543    -0.259682    -0.647353     0.182546     0.145647     0.321835     0.430573    -0.348037     0.340441     0.355074    0.0876347    -0.062022     0.431301      0.52765
   -0.124673     0.100228    -0.108417    0.0641603    -0.263444    -0.101554     0.396321     0.207721    -0.549168   -0.0303428     0.436272   -0.0433828    -0.189021     0.171218    -0.234941    -0.427946    -0.465568    -0.182297   -0.0904058     0.118754    0.0874496     0.329019    0.0719316     0.103113     0.131777      0.13886    -0.150635    -0.112935    -0.452931      0.34174    -0.103454    -0.456432
    0.171502    -0.299647     0.747668     0.389076     0.520531    0.0791898    -0.116685    -0.376765   -0.0198882     0.115593     0.339573    -0.212763     0.343206     0.544423     0.461855    -0.349862    -0.643493    -0.347916    -0.286663   -0.0250932    -0.290616    -0.589569    -0.633756     0.448779    0.0123336    -0.219685     0.222472     0.233221     0.670199     0.629234    -0.174309    -0.231671
    0.147282     -0.18615    0.0191034     0.164688     -0.35204     0.340127     0.590801    -0.104071     0.186321     0.246708      0.48936     0.234561    -0.028004    -0.121848     0.436024      0.26027    -0.261846    -0.107738    -0.378695     0.158296     0.550786     0.230722   0.00666067     0.121855      1.00237    -0.744392     0.119756     0.337917   -0.0214411     0.102935    -0.234693   -0.0817349
   -0.101057    -0.109559      0.68158     0.240034    -0.226554    -0.171505     0.651324    -0.103988    -0.449789    -0.810015     0.606302    -0.219551    -0.787971    -0.385817     0.337095    -0.385629    0.0226528    -0.314259    -0.596165     0.224984    -0.577805    -0.135426    -0.400202    0.0717927     0.246811      -0.2166    -0.316617    0.0740534    0.0837057    -0.147352    -0.227628     0.109172
   -0.189808     0.171673     0.114625     0.206709     0.207271    0.0124489    -0.423476    0.0226705    0.0150087     0.138619   -0.0371397    -0.464667    -0.340867   0.00234716     0.556572     0.108971    -0.105704    -0.174837    -0.754838     0.183016     0.230302    -0.528449     0.252647    0.0648861     -0.52341    -0.065421    -0.142621    0.0932106    -0.291489   -0.0245741    -0.318542   -0.0549576
    0.587649    -0.200672   0.00270625     0.396976    -0.224603     0.544517    -0.117854  -0.00333186     0.109082    -0.273646     0.288535    -0.304146    -0.532114    -0.167795     -0.15901     0.228713     0.436772      0.36075    -0.388584     0.469452   -0.0248881     0.430894     0.020645    -0.147811   -0.0596295     0.426225    -0.376541     0.964316      0.59793    -0.394701    -0.388529     0.119555
    0.364043    0.0282961    0.0916107    -0.245188    0.0155378    -0.789458      0.21877    -0.570291     0.435391    -0.687241     0.603877     0.245278   -0.0048832     -0.18094     0.401798   -0.0459953      0.58055     0.230856     -1.00765    -0.487867    0.0212494     0.445252     0.664495    -0.284076     0.517461    -0.129678     0.736574     0.307236     0.572595     0.345013      0.24152    -0.438125
    0.214521    0.0944176     -0.14093    -0.484894    -0.836294     -0.43861    -0.170072    -0.129113   -0.0701832    -0.558464    -0.239051    -0.225708   -0.0944742   -0.0906044    -0.603018   -0.0996467  -0.00130289     0.717518    0.0643997     0.558948    -0.457072    -0.122281    -0.758614    -0.465504     0.112681   -0.0867137     0.548146     0.284039    0.0806677     0.159461    -0.269549    0.0422733
   0.0300276     -0.11696     0.252952    -0.200535    -0.230045   -0.0312159     0.985987   -0.0611759   0.00645563    -0.322108     0.614115    0.0978196    0.0372879    -0.293766    -0.223298    -0.397812   -0.0678822    0.0543606   -0.0791339  -0.00349544    -0.379396     0.325068    -0.398452     0.390586    -0.334216     0.719615   0.00118401   -0.0984809     0.504313    -0.854835     0.286752    -0.218263
    0.217894     0.483102    -0.825915      0.22983      0.37937       0.1941   -0.0104737     0.105689     0.848746    -0.121867    -0.618389     0.134804     0.140407    -0.509872    -0.698976 -0.000746956    -0.834394   -0.0294655     0.313015    0.0597988    -0.140508     0.405417     0.247708    -0.100034     0.240489     0.102073     0.404746      -0.3852    -0.136542     0.109652     0.325763    -0.333761
   -0.321824      0.24282    0.0714809    -0.446404   -0.0746542   0.00027518    -0.169196    0.0574232    -0.187367    0.0690328    -0.224589      0.02675     0.365775    -0.133464      0.35139    -0.087527    -0.160077     -0.30731     0.171174     0.116952     0.200466    0.0587558    -0.168992     0.356526     0.703109    -0.646385     -0.29901    0.0611775     0.163606    -0.038515     -0.51897     -0.28796
   -0.175386     0.014727     0.215504     0.111758    -0.298524    -0.398794     0.368632    0.0246648    -0.150274    -0.218469     0.167598     -0.54133     0.557012   -0.0608073     -0.32276    -0.303033    -0.136769     -0.41913    -0.401031    -0.212941     0.646204    -0.085509    -0.300889    -0.254196     0.511926    -0.381318     0.546882   -0.0402106    0.0273729    -0.693854   0.00502203    -0.327044
   -0.488328   -0.0652918     0.373227     0.159647     0.518329    -0.111642     0.865409     0.120979    -0.457866    -0.149763     0.328262    0.0741169     0.052406    -0.202497     0.457674   -0.0596605     0.124083     0.151866    -0.263239    -0.148355     0.235052      0.26875    -0.159507    0.0504622    -0.153962     -1.18828     0.937102     0.149861    -0.251981     0.163216     0.429883    0.0459059
     0.18778     -0.35472     0.102994    -0.463579    0.0699597     0.279435    0.0927919     0.876749    -0.477477    0.0913366   -0.0945541   -0.0433118     0.173506    -0.394795     0.158915     0.565933    -0.513039     0.042591    -0.198181   -0.0611631   -0.0791629    -0.345083     0.175308     0.198081    -0.172898     0.358467     0.292045     0.214987     0.295773    -0.267143   -0.0716933    -0.420626
  -0.0107656   -0.0832308     0.569146   -0.0800374    0.0293242     0.261705    -0.069127    -0.320708     0.506391   -0.0738938     0.156517     0.277093     -0.15918   -0.0682945   -0.0764123     0.221969     0.191224    0.0939726    0.0157342    -0.233033    -0.127444     0.338345    -0.338162    -0.207487     0.049744     0.140113    -0.260597     0.325261    0.0687693     0.451084    0.0684374    -0.067822
    0.236593     0.028747     0.242763   -0.0804018    -0.457291    -0.143889     0.163813     0.287527    -0.105072    -0.731618    -0.407749     0.319428    -0.393312     0.184927    -0.295307     -0.13944    -0.649512   -0.0949465     -0.30061    0.0833539    -0.129965  -0.00483658     0.282801     0.227766     0.118434    -0.882038     0.977162     0.193279  -0.00885402    -0.305232    0.0405901   -0.0368912
     0.13781    0.0305533   -0.0435056    0.0588817     0.269588     0.404927   -0.0854811    -0.037174     0.251434     0.175074    0.0629442     0.273028    -0.174273     0.194887  -0.00877156   0.00203201    -0.260973   -0.0823102   -0.0587145    -0.334786    -0.411405      0.36946     0.147849     0.202984    0.0129339    -0.323755   -0.0305328     0.280151    -0.310005     0.335607    0.0360604   -0.0235823
   -0.275448     0.135317     0.439736     -0.35268    0.0205371     0.304996    -0.260086     0.177096    -0.156199    -0.414808    -0.133171    0.0752807    0.0459134    0.0707463   -0.0416362    -0.239555    -0.568671   0.00985253     0.122687    -0.124675     0.145953   0.00994417     0.336637     0.129311    0.0637796  -0.00120174    0.0771885     0.150091   0.00255954    -0.223481     0.592261    -0.224031
  -0.0736074     0.141804     0.578779   0.00600183    0.0241535     0.163903    -0.617169    -0.188308     0.642323    0.0365859    -0.161392      0.42076     0.119362    0.0188449    0.0283333     0.332281     -0.14291    -0.214688     0.324498     0.264748    0.0463237   -0.0551891     0.290138      0.02375    0.0952206     0.118367    -0.171416     0.260774     0.277873    -0.513132    -0.248891  -0.00414183
   0.0142056    -0.472643      0.66143     0.186709    -0.205074    -0.226883   -0.0772431    -0.180957    -0.246698     0.150839   -0.0862541    -0.118628    -0.713759     0.277907     0.154763     0.484362    -0.102496     0.129337     0.181545     0.819652    -0.054383    -0.293909      0.10315     0.623872     0.104287   0.00795136     0.186967     0.338883   0.00207525    -0.207649    -0.427653     0.600375
   0.0813533     0.467478     0.639217    -0.239667     0.758707     0.134867     0.264106    -0.122294    -0.586863     0.116846     0.030341    0.0123885    0.0138592   -0.0795823    -0.633466    -0.190924    -0.472557     0.575689    -0.466778    -0.185907    0.0620397     0.414384  -0.00873512     0.202756     0.101542    -0.382251    0.0238919     0.429568    0.0462315    -0.454137   -0.0583172     0.232596
    0.116853    -0.917824     0.486553    0.0439961     -0.57615     0.343885   -0.0693379     0.317547    -0.464045     -1.07847     0.272837     -0.18649    -0.900836     0.265313      0.39972    -0.757201   -0.0858902    -0.915669    -0.356853     0.208282     0.205393    0.0839867    -0.615347   -0.0292364     0.686739     -0.97607     0.662043     0.208764     0.169993     -1.33781     0.316094    -0.684291
   -0.660357      0.66531     0.297925    -0.263171     0.105818   -0.0548883    -0.488794    0.0383967    -0.180976   -0.0459411    -0.203257   -0.0117685    -0.378419    -0.294601      0.41719     0.436449    -0.469408    -0.144347    -0.347109       0.1364    -0.465601    -0.407897    0.0530408     0.228693    0.0469231    -0.384414    -0.157075      0.18979    -0.156476    -0.126603      0.12105     0.224493
  -0.0426817    -0.521882     -0.12211     0.139098    0.0808956     0.127976     0.207951    0.0907555    -0.031167   -0.0754612     0.872823     0.379028    -0.147701      0.22446   -0.0217845    -0.257032   -0.0703174    -0.230555    -0.662424    -0.182958    -0.189749    -0.142025    0.0571302   -0.0545998     0.202898    -0.488961     0.398392     0.034862     -0.26654   -0.0893502     -0.11592  -0.00526398
    0.146147    -0.758625     0.525807    0.0592141   -0.0530659     0.203874     0.178182     0.158144     0.105602     0.302192   -0.0395665     0.132904     0.301167    -0.168861    0.0597827    -0.632524    -0.363758    -0.241356    -0.121304   -0.0609549     0.133167    -0.199724   -0.0784743     0.341364     0.406876     0.186471   -0.0438199    0.0372582   -0.0619554    -0.289586    0.0121654   -0.0623953
