  -0.539413    0.120784   -0.212123    0.514383  -0.0604412    -0.25836    0.135412   -0.334907   -0.227932   -0.114112   0.0778137    -0.59748   -0.213564   -0.295149    -0.24603    0.292637   -0.264681   -0.185907   -0.625436   0.0271504    0.172907    0.637708    0.349666   -0.110875   0.0135771    0.104825  -0.0815104    0.315261   -0.984545   -0.213826   -0.576711  -0.0224881
  -0.037894   -0.124461   0.0513233    0.588669    0.214631   0.0526669   -0.307643   0.0726989    0.163558     0.31724    0.794095   0.0641904    0.680072    0.369878    0.207199   -0.350855    0.058966    0.551668     0.31301    0.011333   -0.207409    0.825629    0.517252  -0.0619722   0.0216592   -0.110435    0.219079     0.20431   -0.321166    0.157132   -0.388948    0.141533
  -0.488343    0.193264   0.0405622    0.141358    0.420616    0.267687   -0.450843    0.497349   0.0762275   -0.066866   -0.302465    0.221246     -0.1233    0.128704   -0.693389   -0.128863    0.164978    -0.43415  -0.0354881   -0.338703    0.288517    0.267418    0.293881   -0.108578    0.378607    0.316484    0.128319     0.25623 -0.00171907   -0.400032   -0.183135    0.645293
   0.225218   0.0987497   -0.133364   -0.181144    0.277433    0.238559    0.224461    0.581834   0.0716592   0.0313023   -0.270419    0.117109   -0.672324   -0.102695    0.824271   -0.692669    0.103696   -0.404781    0.303125    0.346772  -0.0231087   -0.916552    0.233212    0.545905   -0.226865   -0.372481   -0.413858   -0.298647    0.524192  0.00385022    0.370569    0.506719
   0.615256  -0.0277661   0.0512767    0.155427  -0.0247042    0.251723   -0.282232  -0.0578603    0.200518    0.191805   -0.277659    0.138676   -0.381433 -0.00336003    0.410473   -0.255319   -0.424207   -0.411656    0.183464   -0.249776   -0.382263    0.283478    0.588783  -0.0322364   -0.192476   -0.699669    0.253149   -0.302061   0.0826523   -0.251221  0.00787138   -0.333975
  0.0816952   -0.219091    -0.37215   -0.213001     0.46193    0.576629   -0.154656    0.771542     0.18641   -0.289995  -0.0614917   -0.294609   -0.103782    0.506602   -0.197486  -0.0519598    -0.37126    0.110167    0.015465  0.00679485     0.56078   0.0573324  -0.0879615    0.270306    0.235384   0.0496926    0.289578    0.126801    0.218925    0.411831    0.168889     0.18705
   0.056936    -0.30237   -0.176938   -0.252256   -0.312686   -0.403283    0.507106    0.143152      0.1539   -0.314314   -0.246874    0.161931    0.392962    0.466413    0.899367    -0.15209    0.392787   -0.577508  -0.0709086 -0.00194672    0.279526   -0.064812    -0.72659   -0.575467    0.383638    0.094458   -0.807389    0.645619  -0.0364247    0.111704    0.342102    0.515481
   0.192675   -0.701752   -0.666613    0.126356    0.476448   -0.100973   0.0173913     0.19514   -0.915133    0.972909   -0.429111    0.247619    0.341913    -1.00133  -0.0607758    0.376455    0.208929   -0.263874   -0.497765   -0.172581      0.5142   -0.169726   -0.204275   -0.197745  0.00728418     0.19254     0.03957    0.211599   -0.505059   -0.526462   -0.286648   -0.406939
  -0.268132   0.0835702    0.154737   0.0779686   -0.135394   -0.104045     0.22063    0.138341   -0.524564   -0.315601    0.221141   -0.254683  -0.0513078    0.289875   -0.360626   -0.260864    0.153668   -0.417037  -0.0215768   0.0666985    0.328238   0.0758103   -0.382264    0.279736    0.304712   0.0547283    -0.47113     0.27025    0.351466    -0.16659    0.020896   -0.278032
  -0.323713   -0.207704    0.100137   -0.335999    0.389127   -0.277301    -0.21468   -0.598158   -0.146132    0.361921   -0.342021  -0.0398752    0.254908    0.417677    0.685437    0.617196   -0.786557    0.397327   -0.308849   -0.674125   0.0831177    0.165737   -0.376905   -0.459745     0.19593    0.649788   -0.630303    0.404025   -0.104336   -0.246411    0.587271   -0.360355
 -0.0133164    0.132723   -0.251328    -0.36335    -0.21535  -0.0293767    0.456646   -0.434224    0.563183   -0.188538    0.229048   0.0532709   -0.507098   -0.305317   -0.211429    0.351501    0.243076   -0.802175    0.475571  -0.0271655    -0.71917   -0.541591    0.174065  -0.0808841    0.306311   -0.743627  -0.0245903   -0.161675  -0.0675497   -0.125826 -0.00569133   -0.260632
  -0.402026    0.166311    0.164953   -0.284746    0.139228    0.181942   0.0659392    0.726949   -0.281854   -0.253003    0.204095     0.15391    0.264028   -0.297843    0.628399   -0.336892   -0.248793   -0.322112   -0.384588   0.0972663    0.353411    -0.79187   -0.287927   -0.130351   -0.349459  -0.0280512   -0.208192  0.00638799   -0.317777   -0.285676   -0.290766  0.00995286
  0.0533563   0.0362093  -0.0419696    0.197861   -0.147299    0.321588    0.243531    0.971043   0.0500774   -0.137247   -0.155172    0.230304    0.279967  -0.0691264    0.707925   -0.675339    0.471009    -0.17728   -0.535794   0.0961133    0.429166   -0.169931  -0.0382946   -0.108384   -0.467439   -0.020842    0.146772    0.144096  -0.0380278      0.1782   -0.417179   -0.290198
  -0.285833   0.0956374   -0.272651   0.0570898    0.446031   0.0821624  -0.0343774    -0.30158  0.00511958    0.022763    -0.23626   -0.219947    -0.39801  -0.0106183   -0.486026    0.394399   -0.437382    0.273529   0.0342945   -0.526891   -0.147785  -0.0051055    0.232861   -0.282034   -0.181975  -0.0495405   0.0298005   0.0758669   -0.125437   -0.152723    0.287635  -0.0841799
   0.428617    -0.11929    0.402539    0.370005    0.162503   0.0504963    0.234457    0.273384   -0.255609     1.15371    0.432329    0.767585   -0.145011     0.15216     0.25511   -0.309576    0.290275   -0.144267  -0.0731657      0.1644   -0.497079   -0.277427    0.146617    0.799038   -0.148568   -0.543772  0.00192537   -0.222754    0.381456   -0.590035    -0.14887   -0.080071
   0.114243    0.141086    0.318314   0.0720094   -0.112938   -0.225167    0.101971   -0.152564   -0.326555     0.10085   -0.223483   -0.260797   -0.542562   -0.265196   -0.722817    0.380082   -0.645011   -0.615276     0.34624    0.109781   -0.114006   0.0378973    0.277211    0.430991    0.235325   -0.061062   0.0284541   -0.316819    0.376036    0.055162    0.474964   -0.182331
 -0.0137789   -0.843919     1.04628   -0.281025   -0.587756   -0.286512   -0.591445    0.160961    0.106058    0.188325   -0.547076   -0.357281    0.266587    0.246842    0.258142   -0.267248   -0.523911  -0.0834234    0.226435    0.678687   -0.870348    0.276332    0.559601     1.03623   -0.354187     -1.1419     0.52569    -0.38829    0.895613    0.475088   -0.236943  0.00797155
  -0.360921    0.349565   -0.106563    0.724411     0.39572    -1.28574    0.175516  -0.0542575   -0.342689     0.56368    0.185521    0.253578     0.23021    0.402859    0.239736   -0.101175      0.3679     1.00537   -0.171393   -0.730149    0.223195    0.089517   -0.179664    0.226707     1.07814  -0.0865964   -0.533442    0.472735    0.309401  -0.0883922   -0.199914     0.18412
  -0.376592    0.380389    0.607232    0.436315   -0.146392   -0.768035     0.25803   -0.445689  -0.0819147    0.285119   0.0542299   -0.146906    -0.37024   -0.361708   -0.662085    0.191198    0.020353    0.165277     0.29376  -0.0231563   0.0711699   -0.306312    -0.15789    0.127988    0.510133    0.166051   -0.290261    0.346498     0.36219    0.712229    0.467969    0.283929
  -0.408143  -0.0784785   -0.722713    0.454414   -0.250491   -0.288325   -0.404663    0.132965   -0.143744   -0.154864    0.316565    -0.35322   -0.174282    0.450281  -0.0347657  -0.0999469  -0.0501753    0.440579   -0.335404   0.0863597   0.0206312   -0.148448   -0.203677    0.185841   -0.341655    0.737115   -0.302652    0.373489   -0.623576   -0.274086   -0.154146    0.467975
  -0.259961  -0.0333305    0.244711  -0.0679954   -0.707869    -0.26049   0.0187743  -0.0774676    0.573383   -0.126893    -0.15172   -0.310738    0.483247    0.270002   -0.676392    0.318505    0.560609   -0.129098     0.57282 0.000152502    0.132542    0.938943    0.452612    0.131505    0.452958   -0.391524    -0.22415   -0.440121    0.453842    0.399593   -0.320815   -0.170763
   0.432664   -0.346267    0.419908    0.345926  -0.0467753 -0.00722809    0.149861  -0.0803973  -0.0903221     0.60984  -0.0818156    0.607131    0.314268   0.0342812    0.798048    -0.40359   -0.443831    0.670357   0.0523877  -0.0994679   -0.239766   0.0744949   -0.302094    0.182555   -0.156755   -0.412042    0.159056    0.183207   0.0307435   -0.161428    0.557524   -0.249673
    0.21692    0.188051    0.140633   -0.598197    0.392658  -0.0785218   -0.137609   0.0782786   -0.339557     0.31466   -0.379145   -0.506032    0.190362    0.048492    -0.47604    0.621406    0.218132    -0.41754    0.244166   -0.309074    0.268697    0.195439   0.0557947  -0.0626417     0.30728   -0.232097   -0.322077   -0.349797  -0.0112416   -0.173897     0.25135  -0.0101302
   0.256338    0.172649   -0.438207    0.598969   -0.238238  -0.0711998    0.371606   -0.409018    0.107346    0.312595   -0.293216    0.631187    -0.29545    -0.33624    0.300186   -0.321001    0.249319   -0.317379   -0.232495  -0.0605427    0.361448   -0.238103   -0.107235   -0.425155  -0.0968759    0.284573   -0.147619   0.0477821   -0.132243   -0.600337    0.153989    0.576241
 -0.0121201   -0.392572     0.33023   -0.309666     0.48332   -0.264908   -0.620042   0.0311702    0.268155    0.232434   -0.260206   -0.329872   -0.185934    0.646994    0.214249    0.145585   -0.671698  -0.0407521  -0.0169277   -0.252467   -0.481551    0.446658    0.362715    0.130533    0.129926 -0.00632277    0.164266    -0.12105    0.201199   -0.387167  0.00282112   0.0883727
   0.456009    0.408641   -0.306492    0.200121   -0.150702   -0.234963     0.26656    0.140361  -0.0664692   -0.154943  -0.0560233   -0.272323   -0.409509    0.116019    0.147684   -0.239101   -0.169526     -0.4603    0.397747    0.454036   -0.112759   0.0490545    0.435604     0.44571   -0.487066    0.322923   -0.152554    -0.54175   0.0259279    0.335445   -0.422998  -0.0242428
   0.169563   0.0673157   -0.116273     1.06659    0.841735   0.0813937  -0.0769232    0.106073  -0.0530187    0.140516    0.662627   0.0918751  -0.0720283   -0.131079   -0.533071   0.0446873   0.0462087    0.486883    0.364855   -0.411328   -0.275895   0.0102683    0.195311    0.159706    0.764738    0.501765    0.441959    0.734044   0.0702781     -0.3238    0.189857    0.789209
 -0.0109776   0.0608619    -0.35807  -0.0213636    0.179606    0.191782  -0.0764972   -0.161783    0.635795    -0.50795    0.237538     -0.2791     0.28246  -0.0917242   -0.883918    0.150403     0.26828    -0.42702    0.306507   0.0812061    0.383556   -0.130468    0.104446  -0.0355018   -0.266436    0.122871    0.684305  -0.0251238    0.478669    0.367719   -0.260029    0.112212
  -0.148117  -0.0812341    0.292324   -0.237431    0.709219   -0.315193   -0.118063     0.28546   -0.423143    0.137295   -0.078987  -0.0101167    0.214019   -0.336096   -0.144427   -0.155264    -0.37881   -0.180271   -0.543795    0.122973  -0.0194686   -0.756313    0.351515    0.702311    0.333017   -0.194765   -0.286818   0.0941056    0.646652    0.241726    0.589946    0.136893
   0.355384   -0.100582   -0.308925    0.284421    0.478476    0.104433   -0.534847    0.722313    0.168806    0.358614   -0.504531   -0.229685    0.216442    0.518584    0.197253   0.0380731   -0.996902    0.551859   -0.405995   -0.293431   -0.197592    0.336868    0.638505    0.369675  -0.0517787  0.00980052   0.0787066   -0.314399    0.113754    0.210667  0.00860816     0.11859
   -0.23974   -0.616307    0.618379   -0.351745    0.803484  -0.0150445     -0.2102   -0.238856   0.0352564     0.64335  -0.0473601   0.0754539    0.071794   -0.341713 -0.00717488     0.45613   -0.170696    0.305258    0.217179   -0.910154   -0.634334   -0.693263    0.304324  -0.0949926     0.29263   -0.284921   -0.207854    0.322857     0.45427   -0.477219    0.483578   -0.251809
   0.200908   -0.133787   -0.303782    0.283711   -0.235089   0.0583931    0.216727   -0.170828   -0.150385    0.230099    0.813619   0.0722361    0.192136   -0.132982  -0.0378329    -0.13494    0.191396   -0.346284    0.510438  0.00164686    0.369424    0.280375    0.149891    0.385625   -0.248375  -0.0186871  -0.0415053    0.291821  -0.0924048    0.237485  -0.0946019  -0.0918037
