   0.545117    0.206828    0.840533   0.0543583    0.152717   -0.645801   -0.414913   0.0333297   -0.475788   -0.245648    0.834093    0.234024    0.908702    0.204499   -0.102887  -0.0738361   -0.305164    0.260517    -0.34693     0.51323    0.826757    0.289881   -0.145757   -0.825414    -1.00686    -0.11444    0.649785   -0.491469   -0.523938     1.38866    0.362034  -0.0232236
   -1.27877    0.231066   -0.466003   -0.141039   -0.533071    0.618909    0.584065   -0.210569   -0.719708   0.0577126      0.2354   -0.163967   -0.442103    -0.28151   -0.161906    0.180556   -0.554674   -0.319952  -0.0949021   -0.156993    0.442925   -0.193565     0.05472    0.365946    -0.28048    0.217491    0.386645    0.238606   -0.100912    -1.39421  -0.0977086   -0.352599
  -0.063205     0.97713   -0.630098   -0.280649    -0.34802    0.176563   -0.674109    0.835616   -0.370049    0.139639    0.536986    -0.55838    0.548727    0.228556   -0.339285   -0.120768   -0.538464     0.44521   -0.279502    0.140504    0.613753    0.340048  -0.0641335   -0.276935  -0.0115565    0.131823     1.00773    0.263062   0.0156164    -0.39524   -0.464701   -0.367202
   0.229358  -0.0844586   -0.801454   -0.609292   -0.396799   0.0640053   -0.039972  -0.0529097    0.852487     1.08427    -1.02045    0.453008    0.645424    0.720371   -0.275175    0.645838   -0.974507    0.983106    0.102977   -0.258292   -0.147607    0.515357   -0.712763    -1.13232   -0.662349   0.0450977    0.077444   -0.463589    0.585891   -0.791882    0.903876    0.189034
   0.147791 -0.00710583    0.170687   0.0855606   -0.274476   -0.216082    0.211525   -0.360037    0.594386    0.595932    0.154599   -0.121125   -0.179552  -0.0156895    0.190793  -0.0548141   0.0146658   -0.373299   -0.381972    0.175573  -0.0751178    0.315661    0.677996   -0.269604    0.108019    0.171068  -0.0158369   -0.115675 -0.00811926    0.419506    0.214451    0.395975
  -0.139804    0.228447    -1.05474     -1.1083    0.951829   -0.441753    0.197981     1.21903   -0.917663   -0.283678    0.700403   -0.553907    0.275357    0.197154   -0.787707   -0.513174   -0.176314    -1.15449   -0.346384   0.0745464      1.4798   -0.801756    0.357379    0.153662    0.570686    0.119686    0.603752   -0.304101    0.626659    -1.02558   -0.500972   -0.725906
  -0.387559    0.383188     1.00519  -0.0961067   -0.410288     1.19152    0.193106    0.869678    -1.32718   -0.113528    0.716101   -0.669687   -0.420556   -0.329277    -0.47532  -0.0740664   -0.518611   -0.229662    0.393385    0.631919    0.880198  -0.0821016    0.327284  -0.0132007    0.579477    0.919613    0.706761   -0.299913   0.0526805    0.301788  -0.0860938   -0.389267
   -0.62454    0.796068   -0.579066   -0.236488    -0.86328    0.344174   -0.664329   -0.310747    0.484631    0.021735      1.8835    0.306407     0.54442   -0.614931     -0.5941     0.68337     -2.0283    -0.10447    -1.94449   0.0421871     1.54874   -0.446707    0.700089   -0.461094    0.126663    0.244653    0.669472    -0.16115    0.784649    0.206922   -0.316447    0.156964
   0.939399    -1.09083   -0.312047  -0.0522238   -0.891836   -0.393547 -0.00245416   -0.894326     0.18957    0.755781   -0.639105    0.558702   -0.105674   -0.972942     1.07904    0.492703     1.20802     0.21133     1.49872   -0.464521   -0.750543     0.35507   -0.388252    -1.34621    -0.47492    0.210316    -2.07191    0.184791    -1.21676   -0.324715   -0.346578    0.978295
  -0.713133     -0.3381     0.56769    0.809018   -0.498796    0.840607   -0.382957   0.0164608    0.478049     0.50444    -0.38503   0.0398356    0.168313   -0.483656   0.0431213   0.0934643   -0.662533   -0.288025    0.137828    0.772871   -0.497633    0.810635    0.463761   -0.124457   -0.150095  -0.0314304    0.153984   -0.744834  -0.0591277   0.0355719     1.14136    0.399895
  -0.323212     1.18868   -0.921904      0.2487   -0.200974    -0.38736     0.22154   -0.313307    0.270442    0.923161    -0.10771  -0.0641939   -0.409862    0.124851   -0.311908   -0.077603    -1.52542   -0.568259    -1.18127   -0.630483    0.464757    0.049729 -0.00588838   0.0567792   -0.169095  -0.0300592   0.0990134    0.362622    0.392068    -1.27308   -0.408171    0.161537
    0.37148   -0.189241   0.0975664    0.399009    0.142663    0.433211   -0.640088    -1.28316   -0.940699     1.21639   0.0797242   -0.742246   -0.264363   -0.540332      0.4957     0.38897    0.116521    0.785892     0.40995  0.00872243    -1.31386    0.172867    0.226071     -1.1195   -0.873893   -0.261907    -1.05346   -0.319071     0.06733   -0.103106    0.313972    0.596876
  -0.268016    0.270099    0.656882   -0.523996   -0.205974  -0.0851771    0.430324    0.568718    0.488256   -0.764261    0.508561     1.07043     0.51272   -0.304627   -0.426765     1.14706    0.259168   -0.716054   -0.811423   0.0112693   -0.329012   -0.398919     0.15589    0.189219   -0.670666    0.461115   -0.174469   -0.128311   -0.654431   -0.283939    -0.95858   0.0628566
  0.0597071    0.428482    0.911083   -0.279941   0.0760321    0.270631     1.12835    0.724847    -0.21562    0.165693  -0.0294937    0.514429    0.658185   -0.828836   0.0579731     0.96949  -0.0112604    0.983178   -0.315738   -0.329056   -0.618185  -0.0694361    0.317091   0.0315427   -0.138962   -0.136218   -0.161522   -0.141829 -0.00414832    -1.15256   -0.450798    0.175566
   0.589666   0.0458152     1.57328    0.118493   0.0924511     1.27317   0.0961895   -0.244176   0.0764542   -0.130883   -0.521046   -0.697511   -0.308436   -0.350988    0.212647  -0.0975602     2.03936    0.204361     1.21295    0.545856   -0.659885    0.409097  -0.0134679    0.401841  0.00827639    0.485041   -0.746136     -0.6198    0.654559      1.5723    0.876346     0.12377
  0.0203646   -0.590362   -0.301619   -0.564951    0.358486   -0.731297  0.00920641    0.113509     1.22606    -1.14902   -0.666707    0.531318   -0.407073    -1.09654  -0.0924097    -1.25592    0.109859    -1.18826   -0.309113     1.39966     1.02334    0.609229  -0.0607819     1.25544     1.05533    0.149207    0.254192    0.820776    0.254471    0.434985  -0.0869128    -0.16929
  0.0722345   -0.193563    0.653293    0.458757    0.360307  -0.0171404  -0.0319827    0.471716   -0.730291   -0.773595     1.21253   -0.686818    0.232136    0.620133    0.365088    0.191176   0.0272115   0.0869039    0.601922     1.19267    0.872747    0.338039    0.227559   -0.430301   -0.670198   -0.718152    0.436559   -0.821184   -0.584569    0.593427     1.10447   -0.381638
   0.174444   -0.529281    0.850105    0.409236  -0.0175773    0.295473   -0.504128   -0.131219  -0.0560058    0.414149   -0.400275    0.267214   0.0500924   0.0300731    0.699287   -0.169478   -0.498369    0.684523    0.456357   -0.562599    0.538538    0.432483    0.439031   0.0470528   -0.467835    0.953247   -0.195796   -0.172234    0.933089    0.953201     1.08177     0.57567
   0.214906    0.322909    0.406481    0.142683     1.09386   -0.255104   -0.295651  -0.0561426   -0.296037    -0.77506    0.826095    0.862096    0.633881    -0.20164   -0.139225   0.0618955    0.535922   -0.459752     -0.2495    0.984474    0.449887    0.690577     0.22619    0.301041    0.139298  -0.0202134     1.00145   -0.616036    0.382237     1.65458   -0.466015   -0.186116
  -0.457192  -0.0516373   -0.243952    0.156695   -0.356583   -0.281098    -1.07653   -0.393659  -0.0125681    0.681255    0.664942    0.139951   -0.627476   -0.339333   0.0762895    0.698207     -1.0667   -0.194597    -0.79075    -1.26379    0.761521    0.707588    0.220644    0.169409   -0.836169     0.22269    0.156814   -0.051815   -0.736086    -1.15699   -0.053124    0.303487
    -1.4418    0.359621    -1.48722   -0.450121  -0.0831308   -0.755153   -0.431082    -1.02456    0.679729   -0.262056   -0.112325   0.0920199   -0.714583  -0.0781184    0.651626     1.00618    -1.43498    -1.18713   -0.457882    -1.17225   -0.224726    0.862701   -0.898523   -0.251685   -0.280456   0.0197528    0.791538   -0.573072   -0.516924    -1.78061   -0.304587   -0.124678
  -0.142887   -0.119498   -0.219907   0.0931481    0.682852     0.26178  0.00453895    0.327192     0.76649   -0.424904   0.0278323     0.17879    0.406787   -0.569553    0.287237    0.131386    0.355413   -0.854309   -0.553455   -0.376107   -0.120755   -0.343153     0.64281   0.0808748    0.536109    0.605204   -0.267607    0.100448    0.535621   -0.401618    -1.25221   -0.710176
  0.0654804    0.812473   -0.024968    0.742652    0.278689   0.0925991   -0.227068  -0.0706655    0.232652    0.385212   -0.103473  -0.0388634  -0.0318255    -0.21118  -0.0329186    0.209562   -0.769068    0.245598   0.0803802   -0.164396      0.1203    0.408021  -0.0333449   -0.195863   -0.422017   -0.393012    0.120257   -0.308837   -0.342895    -0.19629    0.182285   -0.102741
-0.00161593    0.605084    0.464074   -0.351672   -0.418935    -0.36374    0.565365   -0.194187   -0.832754    0.241751   -0.146592    0.213107   -0.507272   -0.325868   -0.339303   -0.673778   -0.382471    0.194608    -0.27526   -0.539619    0.432405    0.138261    0.337379   -0.177105   -0.231978   -0.212497    0.806225   -0.424716   -0.497319    -0.13669   -0.402209   -0.492249
  0.0962773 -0.00126529    0.458663     0.56912    0.290202   -0.103027    0.216793    0.073137   0.0993872   0.0408234    0.182036   -0.137191  -0.0197646    -0.22666   -0.301414   -0.321001   -0.261681  -0.0267197   -0.462519    0.444404     1.05386   -0.100624   -0.172797    0.777184   0.0687821   -0.208845    0.175986   0.0265514    0.430292    0.301632   -0.405543    -0.36155
  0.0359522   -0.622607   -0.567536   -0.175158    0.370164   -0.541697   -0.528109    -0.23324     0.46446    0.266756   -0.683825    0.008614     0.25985   -0.429322    -0.28115   0.0850995    0.140547   -0.522388   -0.471224  -0.0563524   -0.962091   0.0683258    0.699199   0.0240164   0.0677079   -0.640951   0.0263878    0.357552   0.0118684    0.227871      -1.032     0.36867
  -0.680554   0.0771808    -0.73036   -0.302016   -0.137111   -0.931971   -0.102991   -0.586226    0.566843   -0.513486    0.055351   0.0961878   -0.230728   0.0196703    0.687626   -0.433079    -1.13633   -0.578145     -1.5367   -0.330439    0.142142    -1.01328    -0.71169    0.547747   -0.300478   -0.564566   0.0836976    0.470353   -0.118642   -0.147966    -1.31318    0.113618
   0.845013    -1.01561    0.285564    0.201476   -0.535335    0.535469   -0.839454   -0.233592    0.247008    0.106811   -0.461973   -0.317089    0.223125    -0.34631    0.237937    0.991447    0.566096    0.818163    0.615448   -0.437948   -0.829567   -0.262836   0.0654259   -0.736377  -0.0891912    0.697329    -1.30786   -0.718315   -0.739536     0.32163    0.312302    0.848762
   -0.20013     0.34806  -0.0902379    -0.33747   -0.300559   -0.117636   -0.338011    0.130092    0.101244   -0.083515   -0.375869   -0.136616    0.298761    0.119336   -0.236748    0.202583  -0.0292252   -0.320906   0.0347477     0.24073    0.157439  -0.0273923     0.19417   -0.192733    0.335826 -0.00811555   0.0542322    0.259245   -0.455832  -0.0138417   -0.368647   -0.198755
   0.645564    0.407837    0.207087   0.0139596   -0.844448   -0.132216   -0.510206    -0.16265   -0.516233    0.280348     0.38997   -0.279553   -0.252461    0.327657    0.135409    0.745423   0.0610735    0.279742     1.73955    -0.70691    -0.86858    0.406102    0.173907    -2.10053    -1.75159   -0.692494   0.0157553   -0.502636     -1.4922    -1.68406   -0.208154   -0.127906
  -0.395743  -0.0877117     1.75958    0.671703  -0.0161831    0.575201    0.646523    0.218612    0.765829    -1.66398    0.505377   0.0624201    0.540942  -0.0828401    0.915217    0.664554    0.409494  -0.0635182    0.230179   -0.511335     0.12592    0.903137    0.774832    0.911812   -0.869136     1.15066    0.351178   -0.185944   -0.420516  -0.0435125   -0.611522    0.150434
   0.421023   -0.615841   -0.300548    0.171675     0.15236   -0.464342   -0.416367    -1.07362     1.44322    -0.44232    -1.18264    0.245802    -1.11125  -0.0290752     1.80981   -0.617119    0.450424   0.0798079    0.928112    -0.28304    -1.30267    0.687973   -0.114613   -0.266256   0.0240593   -0.128353   -0.102775    0.264464    -1.05163    0.600301  -0.0128575  -0.0458018
