-0.0793396
  -0.71319
 -0.546845
  -1.15153
   1.03805
 -0.840626
 -0.294659
-0.0720246
  0.569838
  -1.17868
 -0.287291
 -0.270458
  0.451667
  -1.09695
 -0.434061
  0.136336
  0.143458
 -0.384418
 0.0170285
 -0.597303
   1.01928
 -0.569827
  -0.30618
  0.920991
 -0.764488
  0.596589
  0.539141
  -1.24463
  0.317645
 -0.278527
 -0.603255
  0.483245
 -0.761476
 -0.115333
 -0.375519
 -0.254731
 -0.499428
 -0.189422
 -0.820448
 -0.114158
 -0.723566
  0.386158
 -0.198649
 -0.595243
  0.105288
 -0.133123
  -1.48611
  0.592088
 -0.309614
  -0.79961
  0.313265
 -0.504954
  -1.13328
 -0.114355
 -0.856158
 -0.885246
  0.499434
 -0.714026
 -0.047655
 -0.429673
-0.0429949
  -0.92679
  -1.27278
  0.797716
 0.0940277
 -0.977529
 -0.546146
 -0.792413
 -0.956802
 -0.883444
  0.804215
0.00756517
  0.303158
  0.727211
   0.38802
   0.86122
  0.011179
 -0.427106
  0.181543
-0.0549224
 0.0847268
 -0.310809
  0.331569
  -1.29561
 -0.682703
 0.0865493
 -0.442441
 0.0997345
 -0.319648
   0.54939
   0.87976
  -0.28855
 -0.162103
  -1.17303
  0.396426
  0.291297
 -0.114949
    0.2197
 -0.722628
  0.269437
 0.0312443
  0.342507
  0.031537
 -0.737464
 -0.336472
  0.235193
 -0.428316
 -0.236595
  0.573321
 -0.152428
-0.0602088
  -1.80175
  0.401311
  0.125356
 -0.970839
  0.165873
   0.21289
 -0.354705
 -0.136821
 -0.164789
 -0.815139
 -0.854698
  -1.18466
  -1.04901
    -0.524
  0.381669
  0.571275
  0.360422
