    0.162938    -0.110211    -0.163847    -0.146804   -0.0935427     0.343205    -0.116982   -0.0154487    -0.532254     0.418778    0.0102735    0.0732231     0.907072     0.265807     0.229017    -0.594656     0.380062     0.645948     0.416453      0.18102    -0.337735     0.459466   -0.0071099    -0.233157    0.0665788     -0.24949     0.257175   -0.0801731    -0.242645   -0.0585047     0.609113    0.0752114
   -0.118919     0.352986     0.347222     0.235633    -0.201308     0.236831    -0.197899      0.26594    -0.289216    -0.307594     0.127464    0.0231128     -0.26699   -0.0664978   -0.0489822 -0.000808553   -0.0721489     0.125895    -0.182526    -0.028217     -0.10935   -0.0968775     0.297184    -0.148651   -0.0774342     0.218263     0.458436    -0.230494    -0.242471     0.211378     0.249863    -0.243809
  -0.0467647    -0.118431    -0.246904    -0.227408     0.150426    -0.106725    0.0500325     0.105835    0.0560005     -0.50834   -0.0382421     0.677925     0.109148    -0.116794    0.0253241    -0.228113    -0.393431    0.0782335   -0.0976569    -0.167538    -0.399583       0.3222    -0.142724    -0.504666    0.0961987   -0.0678444     0.151029    -0.182092    -0.329305    -0.104639     -0.20677     -0.45978
   -0.207179     0.072002      0.22805   -0.0559503   -0.0309336     0.161472     0.111689    -0.092498    0.0602137     0.687276     0.198312    -0.123167    0.0521089    0.0501997    0.0339124   -0.0189127   -0.0766002     0.188897    -0.100746  -0.00496264    0.0427608     0.183626     0.135913    -0.458284    -0.103217     0.124218    -0.339887    -0.152062    -0.162063     0.108318    -0.040782    -0.230034
    0.190795     0.100848     -0.24721    0.0347007   -0.0662713    -0.278134    -0.168531     0.235335    -0.279373    0.0679672    -0.169445    0.0964179    -0.239245     0.292655     0.168413     0.217925    -0.342258     0.159676     0.353388    0.0712871    -0.293403    0.0225655      0.21884   -0.0454675   -0.0969941    0.0819627    -0.135235    -0.105339     0.154239   -0.0576384   -0.0408739      0.22072
  -0.0727569   -0.0690642   -0.0156326   -0.0351183   0.00911079    -0.197591    0.0818716     0.169545    -0.572692     0.158854    0.0996014    0.0987232     0.393946   0.00481156    -0.168997   0.00520524    -0.119747     0.144181     0.158386     0.290625    0.0931669     0.151784    -0.209418    -0.299807    0.0289548    -0.129655   -0.0846513     0.150755    -0.628783    -0.193061     0.397745     0.030421
   -0.238946     0.106406   -0.0309625   -0.0114538     0.111407     0.257398    0.0938452     0.237581   -0.0803582     0.138032     0.160676    -0.297709     0.191779     0.116138    0.0518477    -0.217657     0.158116    -0.149925     0.677179     0.189453     0.146514   -0.0601185      0.25351   -0.0418944    0.0423624    -0.250028   -0.0159271   -0.0819229     0.130659    0.0435758    0.0209076     0.071928
    0.338114    -0.107277     0.292703     0.156769     0.735125     0.172228    -0.374459    -0.551828    0.0600065     0.500194    -0.350049    -0.267871    -0.141225    0.0489618     0.792236   -0.0734119     0.116595     0.730778     0.629193    0.0704763    -0.108495    0.0211957   -0.0315246     0.152856    -0.176484    -0.349244    -0.112781    0.0395821     0.176958   -0.0734252     0.240275     0.315144
   0.0947962    0.0452325     0.128567   -0.0809691   0.00458025    -0.101664    0.0394357    -0.676861     0.231741     0.261742    -0.354392    0.0810632     0.111199      0.34366   -0.0403662    -0.220241   -0.0429121     0.269213    -0.312569  -0.00367689        0.128     0.234376    -0.218369     0.247348    0.0988087    -0.214057    -0.167665    -0.284652    -0.315048      0.45411     0.269768     0.112788
   0.0012131    -0.380605   -0.0345431    -0.209874     0.198654    0.0852624    -0.106566    0.0695205     0.250816    -0.498555      0.21912    -0.358704    0.0195531   -0.0430548    -0.147784     0.335317    -0.188695     0.112621     0.267495   -0.0869538    -0.250474    -0.330695     0.367762     0.399011     0.362356     0.101913    -0.101694    -0.161724     0.678065      0.45287   0.00823947    -0.177835
   -0.368532   -0.0546589     0.394563     0.182367     0.148717     0.413411   -0.0152956     0.378578     -0.33691   -0.0973678    -0.144735   -0.0296469   -0.0418662     0.214386      0.20248    0.0312784   -0.0933796     0.573195     -0.35211    -0.141138   -0.0768003     0.451207    -0.119039    0.0372971    -0.111706     -0.34189    0.0640954    -0.147756     0.227284     0.246441    -0.111486    -0.149595
  -0.0269385   -0.0481999    -0.113521     0.166158   -0.0861838     0.497174     0.148641     0.399469    -0.105158     0.574734   -0.0817093    0.0184255    -0.301788    -0.190314     0.330731    -0.524022     0.265865     0.217775     0.180294    0.0611492   -0.0581737    0.0494545     0.163538   -0.0804291     0.190467     -0.06857    -0.202191    -0.284061    -0.110664      0.40518     0.152616    -0.172808
    0.117909      0.17469     -0.18807     0.102472    0.0790737    -0.621998    -0.145705    -0.101713    -0.226718    0.0494017    -0.241527    0.0244831    -0.134041     0.225019     0.317177     0.155754    -0.205179      0.14982    -0.282786    -0.189538    -0.141932     0.165488     -0.10369    -0.159542    -0.285436    -0.235222     0.216208     0.163241    -0.397017     0.193063     0.245256    -0.117387
    0.282432   -0.0891827   -0.0619626    -0.210054   -0.0622668    -0.381288    0.0739193    0.0538075    0.0138346   -0.0683406     0.211936    -0.288006     0.231662    -0.274342     -0.39155  -0.00468562     0.329548   0.00264512   -0.0735976    -0.046958    0.0612938     0.275736    -0.358108     0.164922   -0.0669629    -0.256823    -0.167894     0.291328   -0.0287724     0.147061   -0.0933651    -0.310877
   0.0375224     0.197061     0.056234   -0.0949576    0.0266913     0.173582    0.0774619     0.026651    -0.033416     0.384797  -0.00109506    0.0863798   -0.0414944    -0.233422    -0.319274   -0.0112531    0.0757448    0.0307266    -0.254363    0.0495865    -0.174701     0.139292     0.039393     0.220634    -0.325731   -0.0126718   -0.0783172    -0.276342    0.0566589  -0.00368637      0.10015     0.179692
  -0.0239043     0.138516   -0.0219312    -0.332151   -0.0273327    -0.436721    -0.195881     0.132324     0.191953     0.272203    -0.107887     0.126888    -0.175041     0.298474      0.16294   -0.0626184     0.304711   -0.0938602    0.0888678    -0.142282    -0.303449     0.244807     0.202496    -0.293237   -0.0430027    0.0939003    0.0387846     0.185855    -0.153517     0.110057     0.229529    -0.283424
  -0.0615027    0.0693553    -0.178599   -0.0479433   -0.0615049    0.0593303    0.0828003    -0.134597    -0.263505     0.293454    -0.164152    0.0988686     0.118377     0.126284    -0.188498     0.080234    -0.100273   -0.0311663    0.0871501       0.2006   -0.0506126    -0.454612    0.0951958     0.166951    -0.112468     0.125383     0.108895     -0.15905     0.152914    0.0364364     0.311305   0.00249484
    0.209813  -0.00658658     0.337112   -0.0800809     0.427911     0.284878    -0.103158     0.136078    -0.338321     0.151618     0.162104     0.183814     -0.21929   -0.0213555    -0.136192    0.0981032     0.232951    -0.355683     0.305783     0.322499    -0.183017    0.0612481   0.00810664    -0.471221     0.318245   -0.0074327   -0.0868756    -0.194587    -0.119543    -0.369643     0.224131     0.260605
    0.211755    -0.154399    0.0801117     0.102299     0.173415    -0.022457     0.142537    -0.114992    -0.442056   -0.0758934      -0.2629    -0.202277    0.0586763     -0.13003     0.286535    -0.111414     0.282995      0.26786     0.298246     0.140796    0.0604042   -0.0683056   -0.0498917     0.236049  -0.00916424    -0.126393    0.0788061    0.0371348     0.115013     0.409903    -0.111858     0.289962
   0.0635404     0.116867   -0.0187467    -0.129812    0.0899565    -0.239986   -0.0333887     0.375946    -0.204599     0.439258     0.091396    -0.028194    0.0279602    -0.144462     0.124344    -0.252741    0.0920017    -0.117916     0.105016   -0.0125028     0.154359    0.0455054     0.081496   -0.0753498    -0.230258    -0.107409    -0.057761 -0.000659332     -0.18778    0.0475144     0.152041      0.11992
   0.0985592    0.0131687     0.241266    -0.135723     0.311479     0.380402     0.263835     0.179271    0.0318295    -0.111787     0.224166    -0.120568    0.0187127    0.0487101    -0.272044   -0.0907348     0.330226    0.0728818     0.154749    -0.191016    0.0451611    0.0700341     0.439558    -0.218813     0.284081   -0.0659699     0.394532    0.0443524   -0.0927353   -0.0596466    -0.128037    -0.215979
   -0.077311     0.209657     0.168104    -0.288312    0.0423587     0.142515    0.0257422    0.0917028   -0.0690348     0.202479    -0.314915     0.119312    -0.153378    0.0101699     0.368499    0.0021339      0.15268      0.17614    0.0993234     0.165925    -0.554776     0.145602     0.383967    0.0648927    -0.177022     0.191364   0.00677199   -0.0314187    -0.371651    -0.124756     0.368845    -0.253983
    0.107025     -0.32138     0.211315     0.277555     0.515763     0.158627   0.00498341    -0.383369    -0.175505    0.0265095    -0.242812    -0.223895    -0.184415    0.0773914   -0.0277143     0.100684      0.28772     0.440602     0.526471    -0.216765   -0.0973639     0.176856     0.193225    -0.121246     0.198818    0.0479612      -0.1942     0.166432   0.00737924    -0.245253    -0.358853    -0.234437
   -0.172416    0.0413937     0.120987   -0.0115833   -0.0487579    0.0368215    0.0257657     -0.27761    -0.168793     0.455463     0.136998    0.0317921    -0.162085    0.0566649  -0.00867521    -0.303105      0.21665      0.07294     0.192487     0.328299    -0.210194   0.00521948    0.0921567   -0.0472468     0.513449   -0.0293447    0.0480301   -0.0858199     0.361858     0.324265     0.434721    -0.226642
    -0.16195    -0.175212    -0.176784     0.160217     0.127068    -0.154545     0.305133    -0.240868    -0.176845    -0.188216    -0.336898    -0.462078   -0.0722196     -0.47149    -0.359365     0.383861     0.151492     0.114423     0.225382     0.236823     0.172002     0.111158    0.0309616     0.408409    -0.019649     -0.23923     0.314781    -0.350563    -0.210664   -0.0971356    -0.388208      0.21873
   -0.210169    -0.251529     0.409754   -0.0588521     0.126447     0.189006   -0.0438448     0.263252   -0.0282963   -0.0274924   -0.0314631     0.196667   -0.0788556    -0.276099     0.257888    -0.190232     0.291461     -0.11198    0.0895473     0.233049      0.35428  -0.00759503    -0.114365   -0.0456729    -0.281166   -0.0446164    -0.192156    0.0908802   -0.0611954     0.210888    -0.277459    -0.458863
   0.0782366    -0.160391    -0.391022    0.0972742   -0.0605323     0.267096     0.154311    -0.524476    -0.216736     0.117427    0.0262699   -0.0928415    -0.110794    -0.121955   -0.0922062     0.186642   -0.0190306     0.499077   -0.0196803    -0.220109    0.0680821   -0.0376656    0.0668639     0.186036    -0.293083     -0.41419    -0.186196    -0.436461    -0.141438    -0.455768     0.273557     0.160473
    0.385929      0.23247   -0.0884435   -0.0397903   -0.0193182    -0.135716    -0.145216    -0.123242    -0.356017     0.219787     0.176647    -0.805704     0.041872     0.466427   -0.0149557     0.505962    0.0605738     0.153679    0.0257838   -0.0490322   0.00480888     -0.17008     0.133152   -0.0773973     -0.24624    0.0923336     0.260963    0.0776357    -0.324768    -0.416659    -0.188837     0.268392
    0.028449     0.289463    0.0795908       0.3506   -0.0583516    0.0756989      0.11146     0.265459     0.219853     0.128709    0.0398773    -0.164764    -0.189205    0.0330703    -0.088733     0.157305     -0.15002     0.394782     0.106142   -0.0857781    -0.297528    0.0498124     0.248167    -0.214028    -0.199349    -0.280631    -0.468445    -0.280779     -0.34975     0.176593     0.108108     0.380147
  -0.0368158    -0.099506     0.252753  -0.00798919    -0.606949  -0.00316919     0.366771      0.13772     -0.32507     0.294577   -0.0281173    -0.422867     0.271962    -0.124301    -0.191861     0.286773     0.116346     0.224578     0.218884   -0.0118794     0.125324      0.27542     0.260772    0.0504581    -0.243673     0.122905    -0.130523    -0.181309    -0.406216    -0.259328   -0.0537144   -0.0606276
   -0.129286    0.0249173     0.240249     0.302022    -0.355582   -0.0298956    0.0430906    -0.298201    -0.235052     0.470017     0.320063    -0.594975   -0.0577462     0.251581    0.0886648     0.027184   -0.0809616     0.378314     0.212854    -0.242678    -0.522325    -0.012869   -0.0407934    -0.446528    -0.482764    -0.211032    -0.284581    -0.307452    -0.193576    0.0899769     0.348455    -0.134635
   0.0775597     0.194693   -0.0521133     0.269135     0.138103    0.0394986    0.0477002     0.194702    -0.201686     0.208236   -0.0386426    -0.120892     0.089181   -0.0176444   -0.0134495   -0.0985017    -0.286135     0.355101     0.268789     0.316112     0.187331     0.158847     0.217008   -0.0592545  -0.00282743   -0.0566822    0.0138258    -0.300578   0.00550872    0.0990012    0.0159177   -0.0644981
   0.0137982       0.6379   -0.0214275     0.244572   -0.0560476    -0.421715    0.0610387     -0.16981     -0.53823     0.638024     0.243124   -0.0745992     0.264723     0.126208    -0.171967    -0.104092    -0.125768     0.369762   -0.0104025     0.683064    -0.105419     0.113339    -0.215573    -0.246696    -0.329921    -0.164243   -0.0123112   -0.0687471    -0.146683    -0.270111     0.687076     0.578985
    0.144605     0.137614    -0.406278     -0.18945     0.384101     0.231201     0.132771    -0.258441    -0.239193     0.069295    -0.211188    -0.418383    -0.390274   -0.0270105   -0.0349411     -0.21883     0.218864     0.345722     0.169045     0.245687    -0.354704   -0.0183134    0.0928749    -0.251493  -0.00690326    -0.197609      0.56489   -0.0373556    -0.203702     0.145615     0.506887     0.309138
   -0.198796   -0.0510596   -0.0278705    0.0663826     0.149238    -0.156846     0.170816       0.0173   -0.0671871    0.0675244   -0.0306939   -0.0800966    0.0396648    -0.168959   -0.0200005     0.050444    -0.437395     0.171745    -0.542175     0.259283     0.151031    -0.106571    -0.251161     0.349221 -0.000612189    -0.150499    -0.239403     0.123352     0.120948     0.135382   -0.0345785    -0.511674
  -0.0339562    0.0288471     0.316021    0.0819973    0.0371286     0.268338     0.129334     0.219254   -0.0919494     -0.21183     0.234445    0.0008066     0.327912    -0.092447    -0.167987    0.0831792     0.318028    -0.294943    -0.035326    -0.215682    0.0976457     -0.04549     0.157387   -0.0874481     0.225493   -0.0356051    0.0240941   -0.0339654     0.136445     0.330947    -0.234742    -0.316353
   0.0768174     0.193728    0.0588299    -0.473229   -0.0369401    -0.423648   -0.0997301     0.308011    -0.179317      0.23134   -0.0226634     0.497255   0.00568703   -0.0945321    0.0817463    -0.189745    0.0186394     0.128323    -0.159843   -0.0757324   -0.0305727     0.282358    -0.255231    -0.196888   -0.0210838     0.213689    0.0230644    0.0468466     -0.14202    -0.272212    -0.134231     0.150029
  -0.0650849     0.203839      0.19794   -0.0278024    0.0584751    -0.296366     0.266401    -0.218375   0.00198858     -0.22655     0.233756     0.217529   -0.0524838    0.0772805   0.00604898    0.0619315     0.543142     0.239629    -0.152641    -0.237604    -0.188349    -0.153321    -0.285107     0.344179   -0.0324368    -0.132428    -0.170626      -0.1591    -0.133897   -0.0145271     0.042061    0.0533949
   -0.111231    0.0131991    -0.158798    -0.180587    -0.370854    -0.569295    -0.512672    0.0464325    -0.176746     0.142642     0.162261     0.324992    -0.155458    -0.330198     0.253008     0.348461    0.0743171    -0.111487    -0.223268     0.276307     0.142608   -0.0881563    -0.351035    -0.377974  -0.00224599    -0.016498     0.329728   -0.0603549    0.0426021    -0.142494   -0.0109242    -0.240722
   -0.121837    -0.110213     0.627719     0.102537     0.549461     0.144188    0.0149492    -0.142508     0.372174     0.114922   -0.0282704     0.150377    -0.124982   -0.0280929     0.431394    0.0986109   -0.0946587       0.1084    0.0162828    -0.155215    -0.212863     0.235428    0.0119434     0.116708    -0.214134    -0.337283    -0.577178     0.329884    -0.194996     -0.16671     0.241001   -0.0214418
  -0.0377784    0.0333801      0.47011    -0.022897    -0.021188    -0.209465      -0.2911   -0.0155103     0.108025     0.385135     0.258089   -0.0917573    -0.102654     -0.25073    -0.348753    -0.288116     0.251137     -0.21375     -0.33028    0.0410828    0.0138396   0.00136833     0.396642   -0.0483084     -0.17841     0.273834    0.0790772     0.121621     0.135373     0.194076   -0.0962786    -0.313808
   0.0882947      0.12476    -0.424468    -0.226995    -0.112079    -0.183189    -0.432824   -0.0225867    -0.398136     0.266307    -0.215025     0.215626    -0.129667    -0.329042   -0.0797853   -0.0442695     0.234824    0.0709182     0.444376    0.0801043      0.20284   -0.0367776    -0.330262    -0.451985    -0.378511    -0.143047    -0.336434    0.0344193     0.325932     0.344814     0.212594     0.346526
   -0.109669   -0.0744586     0.143677  -0.00439802    0.0226259     0.176596    -0.110603     0.337962    -0.217207   -0.0588929    0.0279959    0.0282041    0.0610732     -0.32542    -0.195256     0.315355     0.237645     0.114634   -0.0745135   -0.0195349   -0.0668096    0.0170781    0.0754489   0.00723592    0.0272193      0.15077   0.00760949     0.197052    -0.142003     0.066685    -0.128923     -0.25368
     -0.1309    0.0869193    -0.335924   -0.0435998     0.245997     0.151734   -0.0745458     0.123254    0.0096322    -0.143448    -0.233983   0.00471235   -0.0763144    -0.207603    0.0892361    -0.256581    -0.365966     -0.29459     0.184093   -0.0999936    -0.334363   -0.0878484    0.0714115     0.174023     -0.13215     0.106372    0.0277435      0.19276   -0.0400422    -0.245155     0.134728   -0.0302134
  -0.0493752    -0.163346    -0.133911    -0.356166    -0.174563    -0.349069     0.399894   -0.0731521     0.151361     0.143826     0.118989    -0.319608    -0.152747     0.177186    -0.116741     0.126289    -0.160354     0.254666   -0.0669414    -0.282245    -0.213009     0.222856    -0.369004    0.0349546     0.116658     -0.24683    -0.250663     0.239322     0.223899    -0.610921    -0.249386     0.215043
  -0.0936302    -0.014565    0.0337693    -0.102907    -0.126654   -0.0367817    -0.218348   -0.0204667    -0.157346   -0.0581185   -0.0830006   -0.0827882    0.0224862     0.152398     0.157511    -0.371357    0.0233596     0.289067     0.507939    0.0639362   -0.0147692    0.0640931    0.0253774   -0.0137666   -0.0388527     0.211101    -0.214056    -0.112892    -0.388411     0.141972     0.275549    -0.284799
   -0.149125     0.154958    0.0382352     0.178524    0.0248717    0.0695201    0.0839963     0.480328    -0.303349     0.264148     0.172905    -0.520766    -0.225638   0.00913302    -0.301591    0.0103951    -0.224753    -0.125602    0.0119508    0.0257409  -0.00272746     0.306279     0.473672     0.164115    0.0504991     0.245244     0.185643    -0.119834     0.165237    -0.126878    -0.473612    0.0906853
    0.023522    -0.149871    0.0759786    0.0818778     0.183625   0.00376783     0.107266     0.140368     0.280083   -0.0456817     0.126995     0.153491   -0.0906657    0.0899227   -0.0076719   -0.0825293     -0.61578    0.0147447   -0.0355911     0.441422     0.302718     0.108294     0.233746   -0.0483389   -0.0816211     0.340159   -0.0324973   -0.0893185    -0.085623     0.402661     0.200833     0.198947
   -0.108998     0.232051     0.569867     0.481706      0.01389    0.0417563   -0.0718874    -0.402771     -0.19312    0.0166317    -0.285376    -0.553423    -0.454884    -0.189233     0.210708    -0.272212    0.0698171     0.323115     0.186136     0.108198     0.190843    0.0891002    0.0663439     0.158995    -0.264465    -0.374456    -0.427324   -0.0689144    0.0450864     0.125673    -0.179745  -0.00873391
  -0.0811988     0.137338    0.0368637     0.248471    -0.179839     0.118035    -0.154516    -0.221427    0.0419337       0.2404    -0.235355    -0.223809    -0.281955     0.191913     0.270384   -0.0779771    0.0474886    -0.163555     0.114245    -0.114427    0.0338344     0.198843   -0.0255614     0.217222    -0.110074     0.232301    -0.107835    -0.230386   -0.0312215    0.0807848    0.0499226    0.0945625
    0.256914     0.117845  -0.00180101     0.660459    -0.325542    -0.155619    -0.391556    -0.713609     0.161092     0.334986     0.224748      -0.4175    -0.262713      0.20159    -0.456957      1.00667  -0.00773901     0.102103    -0.361212     -0.66069    -0.367073     0.275175     0.411718    -0.133364    -0.740674    -0.437653     0.305052     0.139897    -0.226527    -0.601198    -0.603711     0.185194
  -0.0982132    0.0465687      0.18451    -0.525244   0.00540243     0.169376    -0.239758    -0.110239     0.136815    -0.148305    0.0739783     0.121347   -0.0956706    -0.125421   -0.0674981     0.273926   -0.0846706     0.320465    0.0431129     0.175594    -0.472679     0.112425       0.2303    0.0445569   0.00389292    -0.221814     -0.32508    -0.466579     0.181461   -0.0994101     0.157637    -0.243888
  -0.0986352   -0.0482241      0.34933   0.00514419     0.339854     0.155451     0.291047   -0.0687035     0.197959     0.450789     0.135626    -0.141962   -0.0982513    -0.125888   -0.0120798   -0.0622644     0.448223     0.189793     0.538522    0.0214009   -0.0933872    -0.197611     0.232085     0.158329    0.0769092    -0.168249    -0.312803     -0.10103     0.243715   -0.0577122     0.145286      0.04703
   0.0579361     0.253445   -0.0891181     0.347304     0.139463     0.306352   -0.0062136   -0.0668277    -0.391319     0.234551     0.324542    0.0485945     0.100267   0.00409266     0.122268    -0.263682    -0.185482     0.130138     0.127287    0.0626338    0.0056143    -0.271448     0.181493     0.335018   -0.0690872    -0.598615     -0.48102    -0.195698      0.26497     0.544723     0.205009   -0.0419961
   -0.119221   -0.0782443     0.325506     -0.10274    0.0406641     0.260019    0.0385446     0.150271   -0.0359269   -0.0208616     0.117326    -0.176321    -0.499151    -0.210709    -0.527911    0.0227506     0.314731    -0.326659      0.34137     0.297041    -0.154095  -0.00711749     0.118233    -0.102191    -0.169021     0.157057     0.106669   -0.0886864  -0.00506953     0.230195   -0.0301201     -0.22083
   0.0787067      0.28765    -0.040597  -0.00607936     0.342984   0.00787121    0.0749912   -0.0677465    -0.330594     0.359378     0.105566   -0.0572665   -0.0734384     0.175123    -0.293167   -0.0259774    0.0955638     0.356102   -0.0634068    0.0860135    -0.293357    0.0961121     -0.12031    -0.249257     0.232119   0.00787658    -0.248403  -0.00146187    0.0888235    -0.143635    -0.220324   -0.0399395
   -0.173595    -0.268734    0.0958446   -0.0540938    0.0960486    0.0109525    -0.259268   -0.0866163    -0.485845     0.317035     0.144653    0.0707782     0.185285   -0.0691541  -0.00544958      0.10008     -0.41644    0.0550417     0.147602    0.0655348     0.164531     0.143377   -0.0391048    -0.386186     -0.12841    -0.115686   -0.0162288    0.0910128    -0.257239    -0.725522    0.0320239    -0.117814
 -0.00164692   -0.0965169   -0.0380874    0.0549612     0.306589   -0.0482637     0.032485    -0.178814    0.0749241      0.20611    -0.109938   -0.0831031     -0.16822     0.218969     0.214772    -0.415993     -0.27439      0.18125     0.136853  -0.00014785     0.317433     0.105973    0.0253429    0.0739478    0.0945016    -0.154365    -0.287789    -0.233128    0.0313252     0.169044     0.357988     -0.12994
  -0.0671418    0.0588986    -0.204649   0.00353424     0.318332     0.201072    0.0943206     0.271543     0.105825     0.268056    -0.121123    -0.152592    -0.100635     0.207455    0.0550196     -0.45051     0.325426   -0.0579159    0.0406318     0.188568    -0.245452   -0.0185932     0.119405   -0.0336746    -0.191128     0.124949     0.273394    0.0528691    -0.493403    0.0839105     0.446412    -0.266716
  -0.0380085     0.207473    0.0121576   -0.0209365   -0.0296517     -0.10707    0.0327554    -0.372113     0.126714     0.473215     0.127314    -0.447669    -0.217814      0.18158    0.0392587     0.418243   -0.0665681     0.440462    -0.322898   -0.0296598    -0.304351     0.266907     -0.10797   0.00548117    -0.277487     0.123444    -0.381278   -0.0110376    -0.143894    0.0957989     0.090896    -0.099154
   0.0795488    -0.137903     0.180797       0.1009    0.0562366     0.015064    -0.383571    -0.157812    -0.358088    -0.411923     -0.11514     0.291571    0.0205144    -0.420677     0.113253    0.0442705     0.027925    -0.215665     0.234557     0.144919    0.0851585    0.0440549    -0.234636     0.100099    0.0799772     0.225457    0.0550294    0.0466105     0.059069     0.397511   -0.0414242     0.142074
   0.0771003    -0.139344    -0.153591    -0.132288   -0.0085191     0.207216    -0.222857     0.287446    -0.156161     0.392608     0.153072     -0.78896    -0.623165    -0.149183    0.0284822     0.131711    -0.135888      1.14408  -0.00640354     0.024543    -0.180984     0.322883  -0.00485218   -0.0310807     0.407828    -0.297667    -0.332948     0.137802   -0.0456769    -0.480476     0.283838     0.335203
   -0.161295     0.228752    -0.127059   -0.0476498      0.19656    0.0536503    0.0601219     0.154777    -0.212315     0.469374     -0.21648     0.433993    -0.300489     -0.45617    -0.295462   -0.0593298    -0.204726    -0.148768     0.329102     0.088707    -0.067608     0.170351     0.329284    -0.314092     0.269804    -0.151999    -0.292278     0.643241   -0.0388251   -0.0705293    0.0477716    -0.233482
   -0.115352    0.0399415     0.149103    0.0710751   -0.0591864     0.333093   -0.0724394      0.47131    0.0530505     0.402405    -0.262913    0.0520859    -0.127682  -0.00723138   -0.0335961     0.196997     0.374171    0.0886453    0.0221666   0.00901527     -0.40934    0.0127046   0.00699442   0.00446427   -0.0402526    0.0562093    -0.141906    0.0544993   -0.0461412    -0.271895    -0.348225     0.179231
   0.0645273    0.0528471    -0.152003   -0.0572334     0.090791     0.141712    0.0580079    -0.134062    -0.637937    -0.189323     0.123224    -0.112806   -0.0432448    -0.223962    0.0176114     0.465405    -0.266961     0.381258     0.371898    -0.191007    -0.207036     0.182433   -0.0338929      0.23522    0.0308283   -0.0940108   0.00870401    0.0625932    -0.240548   -0.0585717    0.0699716     0.309566
   -0.410335     0.158974   -0.0346792     0.283145   -0.0187919    -0.169246     0.150659     0.328949    0.0960705     0.333914    -0.110036    -0.144349    -0.301375     0.125146    0.0446416    -0.012351     0.152292    -0.268267     0.201141    0.0504298    -0.101652   -0.0322256   -0.0495018    -0.251905    -0.125204   -0.0871694   -0.0125888    -0.194683     0.185633     -0.44529     0.128996    -0.419785
    -0.18163    -0.141976   0.00369145     0.173034     0.261214  -0.00530954    0.0565529     0.114322    -0.274409    -0.211084    -0.141787   -0.0113233    0.0301972    -0.162191     0.170959    0.0966427    -0.350677    -0.146166     0.101111    -0.138755     0.141236     0.551372      0.14106    -0.179915    -0.085421    0.0840465     0.198273    -0.234632    0.0293217   -0.0966896    -0.155878     -0.11696
   -0.107796   0.00395248     0.139485   -0.0495657     0.201798     0.149171     0.211549      0.28645    -0.299946      0.14691     0.118794    -0.127023    -0.427561     0.144419     -0.11189     -0.24143     0.302856    0.0663623     0.279617     0.185764    -0.138129      -0.1165  -0.00570526    -0.306371     0.340456   -0.0993283    0.0692312    -0.263949     0.309438     0.300568     0.212562     -0.31363
   -0.160246     0.317652     0.058639     0.220376    -0.247486     0.247774    0.0115281    -0.327826    -0.035205   -0.0842351    0.0899987    -0.397342    0.0449958    -0.198251    -0.115072    -0.141592    -0.203442     0.390984    -0.172463    0.0105722     0.203508    -0.189297    0.0892113     0.416002    -0.192014    0.0876034    0.0588582   -0.0514387     0.181514    -0.143573   -0.0369925      0.25065
    0.456656    -0.095142    -0.087443    0.0826845   -0.0700107    0.0361981    -0.376197    -0.136467   -0.0458876     0.599816    -0.171281    0.0111826    -0.189153     0.264338     0.547858   -0.0860901     0.120187     0.487959     0.434453  -0.00870116     -0.34556    0.0483673   -0.0387451    -0.573099    -0.120603    -0.167305  -0.00614675     0.368143    -0.350524   -0.0482332     0.594945    -0.305017
   -0.430913    0.0897001    -0.497088   -0.0276675  -0.00632596    -0.379212  -0.00255557     0.157812    -0.311318     0.156203    -0.159186   -0.0681789    0.0767802    0.0686231     0.141259   -0.0642484    -0.252453    -0.216875    -0.121512     0.120089   0.00315316    0.0912105   -0.0173632    0.0408722    -0.165168      0.13874   -0.0194815    -0.159382     0.128361    -0.182686  -0.00736717   -0.0204893
   -0.256336    -0.206955    -0.425547    0.0593021     0.447658    0.0184099   -0.0474844    0.0146112    0.0467599   -0.0385219    -0.321567    0.0401293   -0.0563549    -0.338195    -0.219006    -0.244233    0.0280767   -0.0601001    0.0102566    0.0410457   -0.0641338    -0.289136    -0.290912     0.205903     0.210538    0.0149352    0.0970304   -0.0105784    0.0243401   -0.0674514     0.160402     0.055998
  0.00308738    -0.132409     0.341284   -0.0554517    -0.182938   0.00160056   -0.0926302     -0.15537     0.234208   -0.0997416   -0.0822203      0.13443    0.0242882    0.0479833    0.0276159     0.112977     0.200761     0.348679    -0.193614   0.00309218     0.105896   0.00822693    -0.107321    -0.132922      0.11147     0.250427   -0.0589291    -0.463689    -0.341648    -0.186402  -0.00945589     0.282869
    -0.13484     0.157876    -0.190848    0.0552439    -0.343338    -0.155659   -0.0111283    0.0809449    -0.140482     0.209862    -0.245678    -0.403236      0.18709   -0.0612588    -0.130872     0.161055     -0.17842  -0.00302986     0.560557     0.230028    -0.126845     0.373203     0.236703    -0.145278   -0.0717919     0.222894    -0.142039    -0.668451      0.28209    -0.102715    0.0903961     0.464637
   -0.399877     0.395677    -0.103362     0.163185    -0.189054     0.172092    -0.124084     0.162179     0.068609    -0.304917      0.20876    0.0468637   -0.0986881   -0.0264736     -0.20938    -0.172998    0.0356919     -0.61029    -0.197529    -0.185355     0.150259    0.0613126   -0.0280229      0.34343     0.278613     0.206806     0.354464     -0.13189     0.432271    0.0388611     -0.31631    -0.151685
    0.218487    -0.288832    -0.147736    0.0754083      0.14507     0.150028    -0.216818    -0.230125     0.159639    -0.153536    -0.293005     0.230379     0.183886    0.0707847     0.164937    -0.167125    -0.303463    -0.152889   -0.0963823     -0.15793     0.234659     0.112366   -0.0226936     0.185278    0.0851581    -0.165747     0.226308     -0.10429     0.300263    0.0764228    0.0502471     0.345688
    0.177331    -0.313032    -0.332306   -0.0898832    -0.154338   -0.0774261     0.052044    -0.194793     0.440754    -0.146455   -0.0982014    0.0740061    -0.233066    -0.295422     0.414265     0.173102     0.136845     -0.39884     0.312212   0.00670565    -0.339453 -0.000991993     -0.37532    -0.140385   -0.0504991   0.00600855   -0.0164958   -0.0641564   -0.0777835    -0.200443   -0.0110369   0.00424887
   -0.166724    -0.355728     0.401764   0.00568751    -0.172073    -0.139557    0.0593946    -0.174524     0.247321     0.350949    -0.191236   -0.0576725    -0.260288    0.0770519    -0.079036     0.176654     0.181013    -0.249824     0.178221   -0.0606024    -0.138168     0.187916    0.0600914   0.00287295    0.0731116     0.155855     0.136607     -0.20502    -0.105777    -0.416691    -0.149509    -0.285628
   -0.281979     0.326544    -0.456273    0.0253647     0.271662    -0.107842      0.09095     0.473185    -0.193444     0.804546     0.224561    -0.369261    0.0668097    -0.350682    -0.379358  -0.00242676     0.211563     0.346211    -0.136459     0.339162     0.502213   -0.0664885     0.721443    -0.307056   -0.0232367    -0.261234     0.136124    0.0992448    0.0249607     0.443044    -0.208157   -0.0406897
    0.213463   -0.0405953    0.0620044    -0.201996    -0.135083    0.0442818    -0.121763    -0.140091    -0.145387    -0.435225   -0.0549511     0.185512      0.14912     0.184662    -0.139345    -0.062358    -0.138017   0.00508446     0.175735    -0.189656    -0.303983    -0.351569    -0.184227    -0.247157    -0.212543      0.10882    -0.144814    -0.168305     0.129788    -0.212257    -0.274913    -0.100805
    0.053996     0.113653   -0.0962866     0.298252     0.045367     0.201152     0.269055   -0.0830721    -0.089459    -0.072121    0.0399647      -0.2688     0.243867    0.0938198      0.10616     0.240093   -0.0969251    -0.183949    -0.305663      0.23408   -0.0736083    0.0505004   -0.0901458    0.0439922     0.213605    -0.270455     0.321165     -0.21621       0.5328     0.244385    0.0976182     0.225613
   -0.382556     0.318943    -0.281182    0.0442145    -0.242376   -0.0606059   -0.0930183    -0.455968    -0.107809   -0.0472157   -0.0314423    -0.289769    0.0939531  0.000933808     0.234396    -0.209805    -0.224851     0.204056   -0.0231037   -0.0183039    0.0454561     0.159003    0.0437141   -0.0663546   -0.0857563    0.0454425   -0.0130315   -0.0944725    -0.165554    -0.551911     0.167589     0.345992
    0.193643   -0.0478595    -0.232076   -0.0538872    -0.128568   -0.0353964   -0.0233074    -0.291505    -0.481429     0.100508    -0.157756     0.224839    -0.110946     -0.14744    0.0785146    -0.157949     0.492924   -0.0327667      0.18654    -0.294593   -0.0248509    0.0274896    -0.390024    -0.177118  -0.00356366    -0.358057    0.0176516     0.140121    -0.474003     0.124495     0.425786     0.182604
   -0.221985   -0.0213541    0.0878682    -0.217209   -0.0682782    0.0601139   -0.0292423     0.453321    -0.211648    -0.269067     0.159167    0.0808329     0.203104  -0.00771598    -0.241771     0.163659     0.212953    -0.104244     0.380791     0.130944      0.21718     0.173776      0.32472    -0.333629      0.12349    -0.232302    -0.121757    -0.199183   -0.0569157    -0.142288   -0.0480581    0.0927534
    0.237797   -0.0167706    0.0405852    -0.012583    -0.395988  -0.00774183    -0.239417     0.401076    -0.165344     0.146597    0.0171057   -0.0973937   -0.0459223   -0.0320203    -0.177326    -0.118909     0.311808    -0.228375     0.311593    -0.130721     0.159086     0.103311    -0.277702     -0.35133   -0.0844614    -0.150773   -0.0113142     0.121639   -0.0474042   -0.0964705    0.0931378     0.157488
    0.118148    -0.242594     0.388446    0.0381035     0.233929    0.0117025    0.0980614    0.0929328    -0.277552      -0.3444     0.113324    -0.479315     0.184768    0.0631698    -0.341376    0.0397132    -0.465494     0.152243    0.0576678      0.17547     0.123908    0.0158457     0.503383     0.244271   -0.0633665     0.431626    -0.128265    -0.248472    -0.405395    0.0101423     0.116679     0.510084
    0.221015   0.00868516    -0.223721     0.259853     0.286541   -0.0890251    -0.360671    -0.262248    -0.372533     0.327517     0.156075    -0.169694    -0.135178        0.164     0.214052    -0.251557   -0.0876842     0.321397     0.252048     0.157834     0.154247   -0.0886902     0.394139    -0.404317    -0.192198     -0.23413     0.138777     0.361939    -0.265968     0.272538     0.293396     0.163713
    0.077323      0.15638    -0.363273    0.0867325    0.0744556    -0.139478    -0.079218     0.241397   -0.0695724   -0.0118017     0.016368    -0.114818    -0.309285     0.185356     0.222414    -0.191083   -0.0230992    -0.111603     0.424667    -0.177834     0.340725     -0.25637    -0.244527    -0.151656    -0.382617    -0.143882    0.0533314     0.197808   -0.0741163    -0.402089   -0.0298985    0.0631331
  -0.0630746     0.210365    -0.205825     0.324147     0.313457     0.328543     0.460903    -0.251916    -0.221406     0.248144    0.0602049     0.019911   -0.0601894    0.0943488     0.194417    -0.502108     0.283476     0.444023    0.0286207    0.0357558    0.0923853    -0.111237     0.147883     0.295571     0.397099    0.0330421    -0.135964    -0.351446    0.0805305     0.484023     0.305949   -0.0265036
    0.163177   -0.0225877    0.0821897   0.00308685   -0.0683609     0.149276   -0.0351964   -0.0456373   -0.0245633  0.000451986    -0.217671   -0.0117449     0.221912     0.277575    -0.150521   -0.0881442    -0.493863   -0.0762819    0.0766889    -0.232844    -0.185851   -0.0554901     0.176809     0.479169    0.0403724    -0.248004   0.00775331    -0.167237    -0.201299   0.00843803    -0.232263     0.301873
    0.345337    -0.201841   -0.0884939    0.0520221    -0.016577    -0.237755    -0.149032    -0.451659    -0.304819    -0.393061    -0.286694     -0.30592    -0.424219     0.134057     0.044087    -0.111996   -0.0302047     0.311431     0.128027      0.17739    0.0655226   -0.0826977     -0.14756  -0.00691147    -0.121198  -0.00732981       0.0995     0.141192   -0.0754364    0.0983195      0.07187     0.113134
    0.150616    -0.382582   -0.0144897     0.355534     0.153401     0.140325  0.000873547     0.025303   -0.0706718      -0.1451    -0.340619    -0.243183   -0.0568926    -0.175817    0.0311624   -0.0154069     0.060446  -0.00318805     0.237096    -0.324242    -0.298554     0.124987     0.138187     0.326433     0.285732     -0.21544    0.0694595   -0.0950752     0.207114     0.411361   -0.0700283    -0.221744
   0.0636276    0.0819473     0.381506  -0.00862533      0.38804     0.152565     0.318445    -0.364093    -0.392694     0.275093   0.00212103    -0.367738    -0.220866     0.173073    -0.238519     0.380245    -0.217929     0.494443     0.149056     -0.36695  -0.00765552   -0.0238823  -0.00331536    -0.348666    -0.477433    -0.151677   -0.0671696    -0.200011    -0.254704    -0.845054    -0.035251    0.0427113
    0.400461    -0.507929     0.317119     0.199415  -0.00651174     0.178746    0.0118557    0.0400452    -0.165865     0.225657    -0.258175   -0.0363366      0.19938    -0.375065      0.14287     0.395825    0.0193861     0.456333   -0.0582215   -0.0628492    0.0641044   -0.0118842     0.230395   -0.0324641    -0.354465     0.201998     0.082279   0.00570336    -0.151674     0.430634    -0.131599     0.152476
   -0.250966     0.279249   -0.0586018     0.138674    -0.147202   0.00487614     -0.14615    -0.160221     0.246433    0.0512104     0.399866    -0.137125    -0.080265    -0.193082     0.148339    0.0797306    -0.449361    -0.250013     0.332117     0.242943     0.291314     0.273811   -0.0289397     0.175444    0.0158272    0.0811658     0.393127     0.178899    0.0960508    0.0635532    -0.249338    0.0133379
    0.319522     0.182553     -0.15834   -0.0277022     0.207134     0.325095    -0.040088    0.0534444    -0.279817     0.130959    0.0177131    -0.255229    -0.204811     0.144823      0.14223    0.0208462   -0.0113623    0.0346761     0.277726    0.0840964   -0.0862023    -0.274547    0.0861785    -0.332945    0.0970479    -0.142239    -0.182635    0.0204631     0.152392    0.0413813  -0.00828438     0.294525
   0.0884835 -0.000817637   0.00279699   -0.0281707    0.0127741     0.168196    -0.038358    -0.270834    -0.182786     0.193782     0.173409    -0.300476   -0.0108035    0.0227383     0.274646    -0.208016    0.0577337    -0.103694     -0.22765     0.303056   0.00438374       0.1719    -0.125247     0.445672     0.165306    0.0190889   -0.0547644    -0.267856    0.0420209     0.170509    -0.191622   -0.0771032
   -0.221641    -0.186506    -0.195334    -0.294775    -0.139009   0.00549787    -0.134784     0.204923     0.139072     0.342947     0.173618     0.102665     0.317097   -0.0627533     0.317257    0.0499365    -0.352484     0.242291   -0.0676833     0.226553    -0.182675     0.141348    -0.203636    -0.147145    0.0952371    -0.100519    0.0374481     0.207271    -0.191935    -0.176815     0.320713    -0.227296
   -0.403526    -0.140608    -0.106829     0.268623    -0.113939     0.292316    -0.278814     0.427219     -0.72562     0.297827     0.463511    -0.291801    -0.498313    -0.204429      0.16301    -0.226338    -0.384887     0.253395   -0.0499166     0.272042     0.037056   -0.0854859     0.347872    -0.617947     0.216528     0.195771      0.10324     0.234711   0.00791812   -0.0296759    0.0969173   0.00683252
  -0.0339403     0.313518   -0.0337696    0.0111152   -0.0674131     0.153696     0.360876    -0.448324    -0.431371    -0.228642   0.00723396    -0.330267   -0.0388202    0.0752079    -0.148152    -0.149264   -0.0613074    -0.137164     0.158806    -0.177905     0.196212    -0.245113     0.129454     0.131624    -0.306993    -0.220868     0.178997    -0.199291  -0.00542682    -0.178206     0.282114    -0.296575
   -0.188632     0.109711    0.0725896     0.193072     0.102908    -0.142866    0.0551501   -0.0735851    -0.230021     0.458437     0.315351    -0.349382    -0.115614     0.396383    -0.390303     0.078899     0.192935    0.0538136    0.0696474    -0.129913    -0.262859   -0.0111584     -0.10791    -0.140423     0.263014   -0.0545454   -0.0579165    0.0261725   -0.0488182     0.156748     0.118506    -0.340885
    0.340469    0.0170905    -0.158586     0.180473   -0.0679728    0.0623886   -0.0162829    -0.294121    0.0116421     -0.02119    -0.383955     0.362424     0.263534    -0.140271     0.149041    -0.410794     0.226926     0.413927    0.0147363    0.0795916    -0.197345   -0.0962838   -0.0363032    -0.150913     0.194329   -0.0685474    0.0369674     0.212818    -0.228111     0.276764      0.35577     0.116324
   -0.168494     0.206826    -0.322378     0.111329    0.0433902     -0.37609    -0.125978    -0.158077     0.279181   0.00457557    -0.121924    -0.105818   -0.0472304    -0.126954   -0.0643398    -0.256832    -0.617516    0.0210648    -0.434618    -0.106875     0.073323   -0.0682302   -0.0406418     0.108612    -0.152112    -0.207453   -0.0601081     0.207649    -0.150197     0.146739   -0.0301437    -0.192822
  -0.0810735    0.0210444     0.299503    0.0572965    0.0504103    0.0960829    0.0418599    -0.215324    -0.399273     -0.27725   -0.0134473    -0.265061    -0.270684   -0.0181715    0.0456202     0.134391    -0.270029    0.0911634    0.0745298     0.100407     0.337121  -0.00575327     0.389697    0.0999564    -0.228996    -0.127026   -0.0245393    -0.445743   0.00613536     0.114863    -0.118488     0.135877
    0.174326    -0.157045 -0.000348502     0.344516     0.558832      0.47282     0.116935   -0.0660877    -0.148647     0.672254  -0.00479596   -0.0412686     0.254375    -0.236048    0.0476662    -0.004266     0.555156     0.484441     0.205558   -0.0673786     0.120255    -0.176912    0.0678227     -0.26367     0.203393    0.0682182    -0.146502     0.393299     0.326596     0.335979    -0.190949    -0.106562
   0.0472333    0.0086711    -0.270065    -0.109628   -0.0840091   -0.0341268    -0.138609    -0.121316    -0.281975    0.0737141     0.088633    0.0787453    -0.134369   -0.0418993     0.367125    -0.187407     0.189457   0.00134529   -0.0368112    -0.346916     0.268242   -0.0158197    -0.110678    0.0621564    -0.203964    -0.010055    -0.247638  -0.00760536       0.1893     0.145742     0.266202     -0.15011
   0.0231403     0.030279    0.0736831    -0.207067    0.0758307     0.194319      0.29384     0.209699    -0.418495     0.164469    0.0410099      0.11796    0.0385012    -0.286312    0.0769939      0.24867     0.485157     0.177652    0.0725986     0.343617   -0.0251619      0.12101     0.173074   -0.0731334     0.165341     0.214461     0.253749    -0.173031    -0.276452   -0.0184512   -0.0989228     -0.05369
   0.0909435    -0.217718     0.160123     -0.33104    0.0877947     0.349285      0.22377    -0.278473    -0.306726    -0.147668   -0.0181168    -0.270469     0.406508     0.124203    -0.181017     0.264176     0.235926     0.345404     0.429439     0.127545    -0.487109     0.136879     0.154878    -0.114097     -0.14638    0.0192581     0.116398    -0.200039   -0.0486742    0.0552114   -0.0909243     0.336509
    0.192223      0.15848    0.0426943     0.102302    0.0365117    0.0660403   -0.0865518    0.0342814    -0.315053   -0.0673509     0.161871    -0.168167    -0.166085     0.229563     0.292659     -0.27263   -0.0427402    0.0292454   -0.0977858   -0.0818767   -0.0711159   -0.0568565   -0.0885465    -0.137297    0.0714955      0.18869   -0.0343579     0.396853    -0.340048    -0.129963    -0.135975     0.480319
   -0.159819     0.190267     0.263372     0.226604    -0.220304   -0.0231084      0.21139    0.0448824    -0.228969     0.063764    -0.287812    -0.288817    0.0041063    -0.193588    0.0210727     0.127922     0.348314   -0.0109566    -0.190179    -0.101535  -0.00205134   0.00119988   -0.0247149    0.0460863     0.243584     -0.15792    -0.317663     0.180686    0.0104968   -0.0345616   -0.0767345    -0.112057
     0.02103     0.117009      0.37729     0.301532     0.117214     0.273151     0.241606    -0.343888   -0.0953146     0.609191     0.336245   -0.0482765    -0.201795   -0.0816754    -0.354141     0.168711    -0.629807   -0.0172415     0.128449     0.164173     0.562848     0.463839     0.185466     0.118034   -0.0564194     0.192375   -0.0590697    0.0441167   -0.0401446    0.0626782     0.150972      0.26028
   -0.127152      0.29754    -0.374701    -0.077061     0.218126    -0.247904    0.0782486   -0.0550048    -0.163618     0.610406    -0.115587    0.0988557     0.283553    0.0507226     0.117233     0.178034   0.00219103    -0.167951    -0.289963   -0.0792476  -0.00123616     0.169566    -0.299216     -0.10538    0.0160703  -0.00427076   -0.0955628     0.100964     0.524059    0.0747537     0.367443     0.139862
    -0.27235     0.058094   -0.0990842     0.253485    -0.158871    -0.320515    -0.237899   -0.0972457     0.130359   -0.0951356    -0.170363     0.191007      0.30816   -0.0321747      0.82732   -0.0155974    0.0695738    -0.143116     -0.11624   -0.0568818     0.189791   -0.0421205    -0.035431     0.346774    0.0326465    -0.127109     0.291825    0.0833472     0.393932     0.298949     0.237914    0.0901432
   0.0155677    -0.114034   -0.0830662     0.325145      0.22309    -0.125799    -0.206652     0.219943    -0.268531    0.0121566   -0.0579018    -0.500972  -0.00308255    -0.189034    -0.466656     -0.21914     0.435911    0.0378156      0.29808    -0.221455    -0.257391   -0.0640564    -0.226763    0.0179323     0.362269    -0.310126    0.0190047     0.287286     0.108335     0.349472    -0.157223    0.0764739
    0.154744     0.236983   -0.0910661    -0.411229    0.0963149    -0.237612   -0.0378634   -0.0037683  -0.00686543     0.266377     -0.12004    -0.131297    0.0913439    -0.182545    -0.421176    -0.231766   0.00294768    -0.107661     0.141963    -0.212199    -0.119836    -0.180388    -0.154875     0.240004    -0.184923     0.432337   -0.0890973    -0.180618    0.0934404    -0.226872     0.169377    -0.251774
   -0.148773     0.275008    -0.056283     -0.13866  -0.00923883    0.0280306   -0.0742652   -0.0743577    -0.204917     0.110163     0.129155    -0.190143    0.0165852     0.110058     0.110401     0.068571    -0.193527     0.379105     0.235919    0.0930296     0.132031     0.301148     0.188445    -0.186747    0.0926513    0.0663191    0.0400293    -0.156557   -0.0753516    -0.310472     0.546989    -0.167454
   -0.246082     0.168532     0.118816    0.0463675     0.242414    0.0136079   -0.0211828     0.373211    0.0893914     0.408473     0.321408   -0.0323373    -0.412547    -0.234244    -0.315401    0.0886658     0.170807    -0.230443     0.107026     0.463512     0.410342    0.0771782     0.258644    -0.131904    0.0641372     0.326479     0.276415    -0.359636     0.079175   -0.0443971    -0.302227   0.00374679
    0.306246     -0.22568     0.244059    0.0150613    0.0852701    -0.175574    -0.104739    -0.166607     0.316713     0.164466   -0.0586343    -0.152423     0.133737    -0.453916     0.469088   -0.0258858     0.208279   -0.0356373    0.0850407    0.0325348     -0.14734     0.139851    0.0322908    -0.433351    0.0851726     0.138791    -0.344396     0.185887    -0.194651     0.494387    -0.205542     0.354726
   -0.294208     0.246642    -0.302643     0.401248    -0.362336    -0.265324    -0.266487     0.118667     -0.21269     0.368316   -0.0842632    -0.152208    -0.111676    -0.152526    -0.137606    0.0605176     0.121051     0.107829    -0.222573   -0.0037766     0.111348     0.168336   0.00753805    -0.242553    0.0790302    -0.543439   0.00250522     0.182339    -0.208086     0.118036   -0.0591019    0.0897741
   -0.606914      0.18152    -0.115469     0.324777     0.281624     0.707076    -0.398413     0.255847    -0.262895     0.204599     0.266432    -0.236601    -0.399854   -0.0223196    -0.412165    0.0280136    -0.317997    -0.344353    -0.301529    0.0455804       0.2416     0.235659     0.505752    0.0672732    0.0208609    -0.194929     0.104705    -0.382838     0.222202    -0.154645    -0.131237   0.00395218
    0.206018    -0.313825     0.215319     0.212163      0.29664   -0.0140012    0.0923514    -0.057538    -0.146419    -0.104283     0.277627    -0.143659  -0.00628876    -0.111049    -0.162639   -0.0237429    -0.186594   -0.0297281     0.161946   -0.0568706     0.219857      0.23622    0.0356379     0.514944   -0.0148521     0.150634    -0.112098   -0.0165199     0.160179     0.164167    -0.387404     0.301513
  -0.0162991   -0.0286989    -0.174293   -0.0948179    0.0136239    -0.747375    -0.143538     0.116915    -0.120161     0.502521        0.107     -0.24596  0.000416591     0.301109      0.69804     0.181525    -0.438526      0.31015    -0.372558    -0.314004    -0.194994     0.467866    0.0768304    -0.354393    -0.444269    0.0505727   -0.0485855   -0.0335197   0.00739144    -0.977673     0.237678    0.0364378
   -0.177337     0.212088    -0.310328    -0.130026     0.565864    0.0910994    0.0928918       0.2781    -0.322587     0.354048   -0.0625065    -0.411333    -0.208666    0.0653258      -0.1933     0.288643    0.0959789   -0.0201892     0.169289      0.15852    0.0621647    -0.227746    -0.307885    0.0273867     -0.01564     0.358641     0.333004    0.0103866   -0.0387286     -0.20671    0.0330597     0.268779
   -0.329659  -0.00794947    -0.157585     0.103747     -0.14377   -0.0496228     0.109035    -0.559385    -0.301492     0.324769     0.021858    0.0507698   0.00562091   -0.0181045     0.335629    0.0576424   -0.0332099     0.225101   -0.0645156      -0.2565    0.0140052    -0.153557    -0.614075   0.00378062    0.0481886     -0.22136    -0.372396   -0.0883154  -0.00434287   -0.0226501     0.353017    0.0854334
    0.290185    -0.232107    -0.107257     0.110835    -0.314591    -0.197275    0.0517288     0.157645     0.121446     -0.23587    -0.236097   -0.0423633     0.113931    -0.085943   -0.0412227    0.0442159     -0.15357     0.293099    -0.155591     0.161269    -0.260024    0.0464983    0.0152702    -0.266116   -0.0636442    -0.188967    -0.237593   -0.0534192     0.142947     0.169077    0.0649352     0.155728
    0.189497     0.204143   -0.0598148     0.406912    -0.454464   -0.0846591   -0.0245265    -0.316467     0.326476    -0.154619     0.212292    -0.368422    -0.831211      0.30814    -0.513659     0.156281    0.0853739    -0.100814   -0.0521826    -0.289576   -0.0644291     0.125087    -0.192844   -0.0899114    -0.332233   -0.0638792     0.255167    -0.197967    -0.170606     -0.17572   -0.0576293    -0.110936
    0.224614    -0.353108   -0.0682947     0.199398     0.187336     0.130678     -0.21885     0.312995     0.170992     0.021736  -0.00420629     -0.11572      0.17956    0.0952701     0.216262   -0.0232526     0.107637     0.122632     0.388627     0.159416     0.172068   -0.0273727    -0.272194    0.0801154    -0.186388    0.0760912      0.24264    -0.217121    0.0250872   -0.0528321    0.0677246     0.131082
   -0.275178   0.00627008    0.0514564     0.483564    -0.145731     0.306143    -0.520706    -0.497268    -0.261924    0.0177659   -0.0327968    0.0667541    -0.163034   -0.0473448     0.252893    0.0615271   0.00135928    -0.137947   -0.0424099     0.199435     0.299742    0.0107497    -0.476309    -0.228338     0.023363    -0.731019    -0.269926    -0.086399     0.310094     0.145687   -0.0659895     0.297002
