 -0.369727
 -0.636055
-0.0757737
 -0.249915
 -0.382247
 -0.725812
 -0.168149
 -0.465908
 -0.387092
 -0.364793
  -0.13713
  -0.21504
 -0.216027
 -0.737267
 -0.239333
  -0.66206
 -0.460265
-0.0470157
  -1.02803
 -0.422289
 -0.876458
 -0.758262
 -0.642262
 -0.528556
 -0.729394
 -0.899038
 -0.979473
 -0.313283
 -0.623091
 -0.464003
 -0.705937
  -0.67576
   -1.1086
 -0.592572
  -1.10485
 -0.590199
 -0.411385
 -0.245701
 -0.619632
 -0.588328
 -0.826202
  -0.58289
 -0.346059
  -0.68943
 -0.486049
 0.0330778
 -0.528265
  -0.47618
 -0.394441
 -0.480597
 -0.403492
 -0.839384
 -0.281036
  0.318047
 -0.514077
 -0.299164
 -0.105099
 -0.684804
 -0.313785
 -0.442539
 -0.568762
 -0.481145
 -0.837146
 -0.807816
 -0.806997
 -0.732088
-0.0595216
 -0.237332
 -0.336949
 -0.348071
 -0.275499
 -0.317279
 -0.285779
  0.380397
 -0.790911
 -0.589456
  -1.20009
 -0.603918
-0.0626436
  0.120399
 -0.368679
 -0.545831
 -0.442368
 -0.506582
  -0.51084
 -0.491671
 -0.253056
   -0.6382
 -0.831214
 -0.445163
  -1.30947
 -0.368789
 -0.399851
 -0.895012
 -0.565412
 -0.389864
 -0.162538
 -0.665184
 -0.708298
 -0.178757
 -0.835823
-0.0801064
 -0.493438
  -0.51001
 -0.344459
 -0.310108
 -0.565517
 -0.207963
 -0.498445
 -0.710694
 -0.285938
  -0.50637
-0.0932288
 -0.236577
 -0.166431
 -0.650211
 -0.721856
 0.0114489
 -0.766215
 -0.345656
 -0.515627
 -0.878624
 -0.710158
 -0.471189
 -0.158574
  -0.59999
 -0.552698
 -0.398647
