  -0.306828
 -0.0655681
-0.00909753
   0.207921
  -0.200149
  -0.297269
  -0.414918
   0.130518
-0.00971377
  -0.347493
  -0.537162
 -0.0126225
   0.265073
   0.591629
  -0.350655
   0.145278
   0.157311
   0.373293
 -0.0741265
    0.38636
  -0.411945
  -0.164817
  -0.401975
   0.350585
 -0.0546734
   0.360621
  -0.209266
   0.320182
  -0.350358
  -0.207082
-0.00324646
 -0.0925749
  -0.289371
  -0.381379
  0.0835633
   0.282344
   -0.45651
   0.187931
  -0.131388
  0.0150068
  -0.568937
  -0.192818
   0.524992
  -0.120936
  0.0272423
   0.119414
    0.39659
  -0.045771
    -0.5219
   0.157509
   0.728217
  -0.286769
  -0.584457
  -0.254911
 -0.0722875
 -0.0786237
 -0.0311724
  -0.220046
  -0.225731
  -0.236737
   0.041046
 -0.0649338
   0.189428
  -0.411245
  -0.163178
    0.13483
  -0.223974
  0.0839556
   0.132122
   0.230249
  -0.165727
  -0.363904
  0.0793176
  -0.269231
  0.0933828
  -0.541321
 -0.0876352
   0.132282
   0.634405
  -0.635852
 -0.0411864
  -0.279223
   0.336335
  -0.223873
   0.275673
  0.0680684
 -0.0840432
  -0.144621
  0.0800133
   0.202124
   0.172726
  -0.421591
  -0.267376
   0.114675
   0.153966
   0.530424
  -0.236898
  0.0341294
  -0.117741
   0.361733
 -0.0121426
  -0.210618
    0.41252
 0.00546186
  0.0555095
  0.0837036
  0.0312967
   0.330116
  -0.156544
 -0.0457606
  -0.531968
  -0.143167
  -0.200401
  -0.282896
   0.885618
   0.139433
 -0.0245355
  0.0150052
    0.09885
  0.0853298
   0.156999
  0.0376825
  -0.336837
  -0.127601
 -0.0817629
   0.450355
   -0.29049
   0.151715
