 -1.0261
 -1.4831
-1.58417
-1.66749
 -1.3941
-1.91113
-1.38745
-1.32212
-1.44144
 -1.6261
-2.03175
-1.33916
-1.02582
-1.66499
-1.97554
-1.33779
-1.40749
 -1.3248
-2.19429
-1.24436
-1.75969
-1.71544
-1.36783
-1.61509
 -1.3668
-1.30213
-1.71572
-1.46087
-1.53168
-1.61014
-1.64638
-1.35192
-1.65081
-1.32946
 -1.9869
-1.37233
-1.48091
-1.15256
  -1.566
-1.59064
 -1.7138
-1.20291
-1.29439
-1.71744
-1.36265
-1.54176
 -1.6571
-1.57284
 -1.6785
-1.32289
-1.25859
-1.84778
-1.35005
-1.90339
 -1.5545
-1.53191
 -1.1377
 -1.6053
-1.37449
-1.14244
-1.55344
-1.26034
-1.67126
-1.76454
-2.02105
-1.40577
-1.79256
-1.88068
-1.63145
-1.50697
-1.27223
-1.45401
-1.32151
 -1.5633
-1.66905
-1.34302
-2.11701
-1.43188
 -1.2778
 -1.2609
-1.62458
-1.71474
-1.24656
-2.54183
-1.16562
-1.57242
-1.40778
-1.64478
 -1.7213
-1.73392
-1.75978
-1.43208
-1.48473
-1.87639
-1.39556
-1.54691
-1.27806
-1.84776
-1.86394
-1.49523
-1.67029
 -1.3931
-1.28467
-1.56988
-1.15446
-1.26817
-1.61034
 -1.0172
-1.69478
-1.68705
-1.44577
-1.54784
-1.41162
 -1.3987
-1.15183
-1.91313
-1.39154
-1.30334
-1.75446
-2.33082
-1.66587
-1.67271
-1.61678
-1.41967
-1.57762
-1.29693
-1.57804
-1.33737
