   0.114612
  -0.285519
   0.303384
   -0.13347
   0.306748
   0.448188
   0.105125
  -0.344926
   0.047414
   0.130304
   0.433904
 -0.0604576
  -0.343473
  -0.661332
   0.259698
   0.510875
   0.106673
   0.172036
  -0.728833
  -0.600277
   0.556048
   0.339455
   0.442173
  -0.110865
  0.0462429
   0.276028
   0.282487
   0.193427
   0.249265
 -0.0312038
 -0.0335644
    0.22481
   0.564926
     0.3312
  -0.305747
  0.0119714
   0.322665
  -0.198638
   0.413324
   0.450461
   0.446319
   0.297867
  -0.350391
  -0.183263
   -0.44777
  -0.620367
   -0.62355
  -0.198133
   0.236665
  -0.629721
  -0.558853
   0.403149
  -0.225312
   0.237698
   0.194774
   0.358438
 -0.0194972
   0.350879
   0.125819
    0.48476
  -0.528438
  -0.144347
   0.745895
    0.40869
    1.05476
   0.704047
  -0.179961
    0.22121
   0.254844
   0.360625
  -0.129291
   0.131273
 -0.0617186
   0.725281
    1.03121
  -0.200949
   0.295854
 -0.0681388
  -0.290028
   0.662445
  0.0471207
   0.115045
-0.00116895
   -1.93604
  -0.987181
   0.263681
    0.23681
  -0.424595
  -0.302478
  -0.446811
   0.944052
  -0.176233
  -0.796135
   0.085797
  -0.231275
  -0.379913
 -0.0222835
 -0.0336458
  -0.238598
 -0.0192007
   0.682951
   0.323764
  -0.669721
  -0.230417
   0.259671
 -0.0367934
  -0.333707
   0.115887
  -0.081098
   0.419202
   0.413451
   0.376993
   0.222563
   0.366017
  -0.162846
  -0.204128
   0.518145
   0.178617
  -0.965347
   0.271511
  -0.396362
  -0.247199
   0.449405
   0.223829
    0.16309
   0.242696
   0.205772
  -0.333198
