  -1.70817
 -0.533789
 -0.847615
 -0.659175
 -0.402454
  -1.17796
 -0.100093
   -1.0652
  -0.48549
 -0.342858
  -1.14858
 -0.631109
  -1.04708
 -0.541918
  0.640346
  -0.56739
   1.13831
 -0.410959
 -0.737253
 -0.700502
 -0.944184
 -0.940147
 -0.553694
 -0.269753
  -0.16288
 -0.510424
 -0.704562
 -0.852139
  -1.01984
 -0.282006
  -1.56071
 -0.610118
 -0.994462
 -0.838546
  0.231201
 -0.475996
-0.0863902
 -0.628378
 -0.174154
  -0.43841
 -0.706179
 0.0133701
  0.503728
   1.11329
  0.212011
 -0.738611
  0.375625
 -0.193976
 -0.514617
   1.47702
 -0.460467
 -0.588385
 -0.670772
  -1.69872
 -0.666839
  -1.08622
 -0.629339
 -0.853856
  -1.51701
 -0.641379
 -0.372284
 -0.976141
 -0.499988
  0.144251
 -0.925095
 0.0682295
  0.268275
  -1.31681
  0.451387
  -1.35469
  0.941947
   1.79315
 -0.541268
 -0.535076
   1.41218
 -0.318236
  0.965787
-0.0316963
 -0.638559
  -1.16362
  -0.49218
  -0.52378
  -1.06812
  -1.13359
 -0.302459
 -0.266586
  -1.32049
 -0.251867
  -1.13701
  0.278747
 -0.982663
 -0.160751
 -0.355937
  0.185774
 -0.106953
 -0.951261
 -0.498558
 -0.908279
0.00329319
 -0.505498
  -1.54248
 -0.467855
   1.12962
 -0.657276
  -1.06117
 -0.575786
 -0.445967
 -0.720845
   1.36065
 -0.850776
   0.27115
 -0.207751
 -0.727604
 -0.788193
    4.5462
  -0.80561
  0.429552
 -0.622741
 -0.266403
 0.0927479
  -1.40915
  -1.01309
  0.372137
 -0.179296
 -0.996602
  0.583298
 -0.488701
  -1.17062
